3 3 0.003959 0.002917 0.070877 0.920224 0.002024
3 3 0.004057 0.002472 0.050342 0.941350 0.001780
3 3 0.003056 0.001612 0.035252 0.958906 0.001175
3 3 0.002534 0.001223 0.028132 0.967214 0.000897
3 3 0.002491 0.001243 0.029813 0.965547 0.000906
3 3 0.003027 0.001715 0.040171 0.953855 0.001232
3 3 0.004317 0.002261 0.038705 0.953035 0.001682
3 3 0.003790 0.002039 0.039260 0.953419 0.001492
3 3 0.003912 0.001980 0.036376 0.956306 0.001427
3 3 0.008084 0.004591 0.070829 0.913840 0.002656
3 3 0.005988 0.003864 0.066576 0.920914 0.002657
3 3 0.004521 0.002848 0.055324 0.935256 0.002050
3 3 0.003182 0.001844 0.042552 0.951099 0.001323
3 3 0.002412 0.001320 0.035119 0.960206 0.000943
3 3 0.001875 0.000936 0.027301 0.969216 0.000672
3 3 0.002099 0.001040 0.027843 0.968267 0.000751
3 3 0.001985 0.000979 0.027112 0.969218 0.000706
3 3 0.002375 0.001333 0.036591 0.958754 0.000947
3 3 0.003031 0.001791 0.043479 0.950422 0.001277
3 3 0.003405 0.002094 0.048535 0.944475 0.001491
3 3 0.002722 0.001557 0.039562 0.955049 0.001110
3 3 0.002594 0.001526 0.041110 0.953690 0.001080
3 3 0.003143 0.001653 0.035385 0.958611 0.001208
3 3 0.005570 0.002891 0.047143 0.942493 0.001903
3 3 0.007561 0.003362 0.048385 0.938839 0.001853
3 3 0.006516 0.002809 0.042346 0.946737 0.001592
3 3 0.005072 0.002558 0.041429 0.949172 0.001768
3 3 0.004313 0.002314 0.040496 0.951163 0.001714
3 3 0.004132 0.002442 0.047838 0.943817 0.001771
3 3 0.003700 0.002112 0.043371 0.949284 0.001533
3 3 0.002804 0.001749 0.046966 0.947253 0.001229
3 3 0.001857 0.000981 0.030265 0.966202 0.000696
3 3 0.002706 0.001470 0.035873 0.958893 0.001058
3 3 0.002973 0.001539 0.033747 0.960617 0.001124
3 3 0.004064 0.002354 0.045880 0.945989 0.001712
3 3 0.003520 0.001855 0.037431 0.955857 0.001338
3 3 0.003336 0.001697 0.035572 0.958205 0.001190
3 3 0.003374 0.001776 0.036213 0.957334 0.001302
3 3 0.002304 0.001085 0.026048 0.969768 0.000796
3 3 0.002463 0.001166 0.026868 0.968646 0.000857
3 3 0.001918 0.000809 0.019950 0.976723 0.000600
3 3 0.002632 0.001098 0.021630 0.973809 0.000831
3 3 0.002655 0.001076 0.020505 0.974946 0.000819
3 3 0.002507 0.001079 0.022578 0.973027 0.000809
3 3 0.003361 0.001499 0.026484 0.967522 0.001134
3 3 0.003496 0.001574 0.027287 0.966452 0.001192
3 3 0.004205 0.001783 0.025814 0.966819 0.001379
3 3 0.004341 0.001828 0.026123 0.966309 0.001398
3 3 0.003249 0.001240 0.019505 0.975040 0.000965
3 3 0.003170 0.001306 0.022395 0.972127 0.001001
3 3 0.002964 0.001495 0.032099 0.962346 0.001097
3 3 0.003414 0.002075 0.047534 0.945497 0.001481
3 3 0.004573 0.003119 0.064295 0.925799 0.002214
3 3 0.005125 0.003133 0.054409 0.935048 0.002285
3 3 0.004553 0.002708 0.049864 0.940904 0.001972
3 3 0.003235 0.001801 0.039708 0.953952 0.001303
3 3 0.003541 0.002147 0.051264 0.941616 0.001432
3 3 0.004404 0.002766 0.064623 0.926533 0.001673
3 3 0.003666 0.002364 0.054188 0.938107 0.001675
3 3 0.004298 0.002990 0.065438 0.925166 0.002107
2 3 0.069956 0.090435 0.623430 0.194800 0.021379
2 3 0.188412 0.162677 0.528697 0.094446 0.025768
0 0 0.632288 0.179040 0.128627 0.018243 0.041802
0 0 0.561601 0.208401 0.160255 0.016513 0.053230
0 0 0.472250 0.262883 0.211894 0.007423 0.045550
2 2 0.268441 0.323357 0.338171 0.008040 0.061991
2 1 0.147854 0.297478 0.498264 0.012018 0.044386
2 2 0.155683 0.302623 0.488106 0.010323 0.043265
2 1 0.251647 0.332101 0.348128 0.006146 0.061978
2 1 0.185375 0.312788 0.442296 0.009099 0.050442
2 1 0.159068 0.313081 0.470263 0.010960 0.046627
2 1 0.107310 0.232686 0.606396 0.017402 0.036207
2 2 0.095575 0.214027 0.649515 0.013709 0.027173
2 2 0.088550 0.194917 0.682310 0.012851 0.021372
2 2 0.149539 0.258348 0.551734 0.007593 0.032786
2 1 0.251819 0.339721 0.356802 0.003988 0.047669
2 2 0.214505 0.364045 0.369861 0.003340 0.048249
1 2 0.197604 0.383993 0.367932 0.002226 0.048245
2 2 0.134758 0.296628 0.525703 0.007440 0.035471
2 2 0.129211 0.276869 0.543275 0.011471 0.039174
2 2 0.097757 0.232373 0.628988 0.010966 0.029915
2 2 0.065759 0.191644 0.709444 0.009021 0.024133
2 1 0.058712 0.178565 0.736053 0.007190 0.019479
2 2 0.050547 0.130204 0.792346 0.013448 0.013454
2 2 0.038031 0.101339 0.830257 0.018714 0.011659
2 2 0.036594 0.102673 0.821376 0.024186 0.015170
2 2 0.065884 0.200734 0.694071 0.009781 0.029529
2 2 0.090307 0.258109 0.610413 0.006709 0.034462
2 1 0.108217 0.295371 0.552462 0.005575 0.038376
2 1 0.173920 0.350602 0.413225 0.004204 0.058049
1 2 0.168476 0.401042 0.315197 0.001641 0.113644
1 2 0.201498 0.396963 0.290393 0.001273 0.109873
1 1 0.156540 0.402066 0.304182 0.001523 0.135689
1 2 0.131775 0.411010 0.290172 0.001127 0.165917
1 2 0.140910 0.408943 0.282033 0.001065 0.167049
1 1 0.164695 0.400110 0.268720 0.001057 0.165418
1 2 0.160497 0.429564 0.305614 0.000818 0.103506
2 2 0.099359 0.414753 0.422578 0.001260 0.062050
1 2 0.112453 0.413530 0.398840 0.001556 0.073620
2 2 0.125693 0.383150 0.427842 0.002006 0.061309
1 1 0.237651 0.383563 0.281762 0.001320 0.095704
1 1 0.309472 0.366430 0.229893 0.000731 0.093474
1 1 0.289841 0.371063 0.231824 0.000769 0.106503
1 1 0.216957 0.396752 0.256054 0.000838 0.129400
1 2 0.146557 0.399623 0.330206 0.002044 0.121570
1 2 0.112638 0.405795 0.349278 0.002174 0.130116
1 2 0.086417 0.407387 0.383923 0.002579 0.119694
1 2 0.082915 0.446473 0.374590 0.001014 0.095008
1 2 0.096866 0.449454 0.373607 0.000903 0.079170
1 1 0.134229 0.424196 0.351968 0.001008 0.088599
1 1 0.180650 0.394414 0.312893 0.001786 0.110258
1 1 0.238403 0.364073 0.285487 0.002214 0.109824
1 1 0.252301 0.350003 0.254463 0.002089 0.141143
0 1 0.614603 0.202820 0.110386 0.000974 0.071217
0 0 0.727988 0.150930 0.078626 0.002169 0.040288
0 0 0.715506 0.151101 0.085503 0.004557 0.043333
0 0 0.761066 0.120726 0.064077 0.005715 0.048415
0 0 0.538023 0.240831 0.173048 0.004838 0.043261
0 0 0.362170 0.295981 0.257679 0.005249 0.078921
0 0 0.436379 0.271708 0.205344 0.003286 0.083284
2 0 0.249347 0.239239 0.431157 0.021050 0.059207
0 0 0.494332 0.233171 0.169152 0.005329 0.098016
0 0 0.537197 0.211185 0.141373 0.004373 0.105872
0 0 0.510155 0.207572 0.148886 0.007730 0.125657
0 0 0.553871 0.198242 0.125388 0.003450 0.119048
0 0 0.521517 0.196675 0.138990 0.008494 0.134324
0 0 0.564804 0.174100 0.111864 0.006335 0.142897
0 0 0.602647 0.165202 0.091796 0.002264 0.138090
0 0 0.609242 0.157571 0.082377 0.001523 0.149287
0 0 0.654016 0.134684 0.062926 0.001008 0.147366
0 0 0.640473 0.153342 0.075534 0.001063 0.129588
0 0 0.652518 0.165713 0.075529 0.000538 0.105702
0 0 0.529968 0.234157 0.135514 0.001110 0.099250
0 0 0.474935 0.264016 0.153183 0.001013 0.106853
0 0 0.378787 0.274766 0.138360 0.000780 0.207307
0 0 0.299361 0.284204 0.151654 0.001086 0.263695
0 0 0.362871 0.220872 0.094202 0.000597 0.321458
4 0 0.344428 0.172935 0.064038 0.000440 0.418158
4 0 0.374781 0.161508 0.063462 0.000642 0.399608
0 0 0.462957 0.156713 0.074367 0.001545 0.304418
0 0 0.540289 0.141261 0.061419 0.001013 0.256017
0 0 0.577063 0.114640 0.040581 0.000458 0.267257
0 0 0.563498 0.173741 0.074289 0.000597 0.187875
0 0 0.466460 0.160105 0.062990 0.000596 0.309850
0 0 0.378826 0.188093 0.075755 0.000581 0.356746
4 0 0.356799 0.197870 0.077068 0.000463 0.367800
0 0 0.408249 0.208152 0.078436 0.000345 0.304818
0 0 0.469871 0.265506 0.106176 0.000221 0.158226
0 0 0.420952 0.274590 0.111867 0.000265 0.192326
0 0 0.413818 0.273259 0.125420 0.000470 0.187033
0 0 0.514816 0.157154 0.062804 0.000603 0.264623
0 0 0.519836 0.199858 0.087634 0.000584 0.192088
0 0 0.576163 0.225387 0.125207 0.000721 0.072523
0 0 0.550292 0.220915 0.143329 0.002935 0.082529
0 0 0.475056 0.234192 0.188634 0.012165 0.089953
0 0 0.577017 0.201331 0.138173 0.007377 0.076103
0 0 0.562846 0.228295 0.141439 0.001768 0.065652
0 0 0.680985 0.170003 0.079653 0.000527 0.068832
0 0 0.658475 0.185083 0.092825 0.000700 0.062918
0 0 0.628406 0.197840 0.109910 0.001319 0.062525
0 0 0.593613 0.211358 0.123424 0.001507 0.070098
0 0 0.634730 0.189717 0.102592 0.001223 0.071738
0 0 0.634520 0.194811 0.101709 0.000805 0.068154
0 0 0.654210 0.197131 0.094901 0.000376 0.053383
0 0 0.671198 0.185875 0.090744 0.000544 0.051639
0 0 0.672358 0.179085 0.090277 0.000841 0.057440
0 0 0.663440 0.176717 0.091112 0.001075 0.067657
0 0 0.738886 0.142232 0.063464 0.000663 0.054754
0 0 0.810347 0.093763 0.037361 0.000950 0.057580
0 0 0.752583 0.093223 0.049931 0.013974 0.090288
0 0 0.660084 0.096708 0.061734 0.047525 0.133948
0 0 0.684574 0.094224 0.052122 0.015311 0.153768
0 0 0.451088 0.157061 0.091023 0.005189 0.295639
4 0 0.364405 0.163231 0.072015 0.001126 0.399223
4 0 0.246961 0.115624 0.040066 0.000477 0.596872
4 0 0.254077 0.094357 0.031650 0.000503 0.619413
4 0 0.278147 0.106209 0.037312 0.000580 0.577752
4 0 0.331288 0.135862 0.053374 0.000802 0.478674
0 0 0.488173 0.134481 0.052844 0.000736 0.323766
0 0 0.611334 0.135173 0.061740 0.001102 0.190651
0 0 0.519844 0.177482 0.057196 0.000170 0.245309
0 0 0.512975 0.207638 0.076832 0.000248 0.202307
0 0 0.492442 0.200429 0.079373 0.000394 0.227363
0 0 0.404899 0.247998 0.115833 0.000675 0.230595
0 0 0.356277 0.288544 0.127883 0.000408 0.226889
0 0 0.429218 0.265348 0.123032 0.000507 0.181894
0 0 0.564927 0.223533 0.134132 0.001450 0.075958
0 0 0.636390 0.176151 0.109659 0.005734 0.072066
0 0 0.764756 0.122370 0.060806 0.003006 0.049062
0 0 0.765503 0.128141 0.057950 0.001080 0.047325
0 0 0.692951 0.162921 0.075997 0.000597 0.067533
0 0 0.651121 0.177079 0.084986 0.000540 0.086274
0 0 0.676784 0.150148 0.069274 0.000687 0.103107
0 0 0.679722 0.144287 0.064575 0.000592 0.110824
0 0 0.594580 0.182994 0.098168 0.001242 0.123015
0 0 0.642472 0.164552 0.081170 0.000868 0.110939
0 0 0.617134 0.182002 0.098607 0.001378 0.100879
0 0 0.662758 0.156126 0.080635 0.001667 0.098814
0 0 0.681825 0.137114 0.069746 0.002301 0.109014
0 0 0.676532 0.128244 0.063172 0.002063 0.129990
0 0 0.516448 0.179364 0.075936 0.000628 0.227624
0 0 0.630476 0.178474 0.075613 0.000370 0.115066
0 0 0.673435 0.168496 0.076733 0.000413 0.080923
0 0 0.483331 0.273435 0.182817 0.001308 0.059109
0 0 0.659796 0.178574 0.102430 0.002700 0.056499
0 0 0.713159 0.140105 0.075573 0.003909 0.067255
0 0 0.671233 0.155624 0.087524 0.003760 0.081859
0 0 0.660687 0.148691 0.079296 0.002609 0.108716
0 0 0.572978 0.207357 0.128360 0.002598 0.088707
0 0 0.602339 0.191757 0.118430 0.003656 0.083818
0 0 0.514303 0.228082 0.120141 0.000945 0.136530
0 0 0.503519 0.256618 0.128674 0.000532 0.110657
0 0 0.585688 0.218616 0.104583 0.000436 0.090676
0 0 0.700371 0.154888 0.066092 0.000316 0.078333
0 0 0.662366 0.193740 0.088508 0.000252 0.055134
0 0 0.655059 0.177156 0.085981 0.000603 0.081201
0 0 0.723738 0.126396 0.054869 0.000748 0.094250
0 0 0.759671 0.098487 0.037345 0.000486 0.104012
0 0 0.696872 0.117911 0.043274 0.000328 0.141615
0 0 0.699538 0.101683 0.033558 0.000251 0.164970
0 0 0.686986 0.130961 0.049981 0.000339 0.131733
0 0 0.663687 0.153247 0.065990 0.000478 0.116598
0 0 0.466302 0.179598 0.068517 0.000427 0.285155
4 0 0.307791 0.159157 0.059070 0.000494 0.473488
4 0 0.211344 0.113646 0.046506 0.001056 0.627448
4 0 0.141201 0.074387 0.026216 0.000607 0.757589
4 0 0.224441 0.159701 0.063380 0.000635 0.551843
4 0 0.392255 0.157356 0.052120 0.000282 0.397986
0 0 0.483764 0.167188 0.054838 0.000221 0.293988
0 0 0.544613 0.171985 0.054185 0.000150 0.229068
0 0 0.588074 0.180055 0.060942 0.000165 0.170765
0 0 0.593376 0.169094 0.057805 0.000193 0.179533
0 0 0.695236 0.124238 0.046062 0.000314 0.134150
0 0 0.654994 0.146293 0.064064 0.000617 0.134032
0 0 0.578645 0.167221 0.076297 0.000824 0.177012
0 0 0.464160 0.176010 0.081961 0.001164 0.276705
4 0 0.371517 0.173904 0.072557 0.000780 0.381243
4 0 0.290964 0.127811 0.044530 0.000462 0.536233
4 0 0.243478 0.083623 0.025111 0.000318 0.647471
4 0 0.215072 0.055560 0.014950 0.000251 0.714167
0 0 0.438693 0.167676 0.083462 0.001817 0.308351
4 0 0.344066 0.119796 0.046283 0.000855 0.488999
4 0 0.280172 0.079957 0.026987 0.000631 0.612254
0 0 0.445192 0.106505 0.038693 0.000698 0.408911
4 0 0.340511 0.098957 0.034825 0.000657 0.525050
4 0 0.289971 0.110980 0.040357 0.000667 0.558025
4 0 0.300088 0.106503 0.038890 0.000717 0.553801
4 0 0.308978 0.137166 0.052279 0.000676 0.500901
4 0 0.295388 0.139693 0.051028 0.000531 0.513360
4 0 0.281501 0.162844 0.058628 0.000407 0.496619
4 0 0.259856 0.149885 0.051953 0.000364 0.537942
4 0 0.246257 0.154646 0.056447 0.000448 0.542202
4 0 0.274278 0.165895 0.064360 0.000574 0.494894
4 0 0.261411 0.169954 0.067606 0.000624 0.500405
4 0 0.345973 0.167072 0.059798 0.000389 0.426768
4 0 0.356594 0.142771 0.046231 0.000288 0.454116
0 0 0.433714 0.166045 0.057645 0.000319 0.342277
0 0 0.453667 0.145978 0.046170 0.000235 0.353950
0 0 0.411143 0.164129 0.055341 0.000287 0.369099
0 0 0.459075 0.161537 0.053595 0.000257 0.325535
0 0 0.530729 0.135982 0.044794 0.000280 0.288214
0 0 0.619744 0.147459 0.071513 0.001185 0.160098
0 0 0.679127 0.117368 0.055190 0.001754 0.146561
0 0 0.696534 0.094616 0.042558 0.002287 0.164006
0 0 0.769900 0.075831 0.029893 0.001536 0.122839
0 0 0.794798 0.064059 0.020329 0.000340 0.120474
0 0 0.762041 0.075392 0.025607 0.000402 0.136558
0 0 0.772912 0.075638 0.024546 0.000249 0.126656
0 0 0.791125 0.077806 0.024265 0.000164 0.106640
0 0 0.757486 0.108294 0.037741 0.000194 0.096284
0 0 0.789669 0.097557 0.032627 0.000161 0.079986
0 0 0.818113 0.084348 0.026948 0.000168 0.070424
0 0 0.789709 0.099183 0.035422 0.000284 0.075402
0 0 0.754902 0.118881 0.049597 0.000659 0.075961
0 0 0.734920 0.123986 0.055058 0.001002 0.085034
0 0 0.706481 0.126598 0.057803 0.001147 0.107970
0 0 0.662632 0.149603 0.070704 0.000837 0.116224
0 0 0.659417 0.138442 0.061127 0.000707 0.140306
0 0 0.474080 0.152611 0.060105 0.000636 0.312568
4 0 0.294870 0.112438 0.043417 0.000893 0.548382
4 0 0.403478 0.122885 0.045105 0.000638 0.427895
0 0 0.439392 0.138901 0.051737 0.000574 0.369395
0 0 0.579347 0.118937 0.042870 0.000473 0.258372
0 0 0.682272 0.110354 0.036034 0.000227 0.171114
0 0 0.695424 0.112338 0.044450 0.000521 0.147267
0 0 0.851665 0.072122 0.022834 0.000249 0.053131
0 0 0.907235 0.043604 0.013678 0.000965 0.034519
0 0 0.944897 0.027429 0.007673 0.001098 0.018903
0 0 0.970234 0.012248 0.002553 0.000583 0.014381
0 0 0.935928 0.022275 0.006192 0.002016 0.033588
0 0 0.913829 0.029847 0.009219 0.002498 0.044607
0 0 0.915557 0.032476 0.010517 0.003032 0.038419
0 0 0.893718 0.033374 0.010861 0.003036 0.059011
0 0 0.929604 0.022368 0.005426 0.000565 0.042036
0 0 0.894408 0.049819 0.016756 0.001281 0.037736
0 0 0.852019 0.077922 0.031109 0.001680 0.037270
0 0 0.691533 0.157432 0.094340 0.006511 0.050184
0 0 0.665596 0.158502 0.097256 0.007679 0.070967
0 0 0.528262 0.211267 0.138486 0.003478 0.118508
0 0 0.578735 0.195740 0.105725 0.001152 0.118648
0 0 0.567238 0.131900 0.048956 0.000485 0.251421
0 0 0.653325 0.123997 0.052610 0.000755 0.169312
0 0 0.562528 0.173541 0.095418 0.001914 0.166599
0 0 0.518840 0.209282 0.114190 0.001398 0.156291
0 0 0.475441 0.231887 0.156884 0.003070 0.132718
0 0 0.449678 0.259466 0.176067 0.002311 0.112479
0 0 0.416087 0.304029 0.151472 0.000450 0.127962
1 0 0.297666 0.340404 0.154818 0.000324 0.206788
1 0 0.302050 0.353428 0.185554 0.000506 0.158462
0 0 0.436440 0.276220 0.163425 0.001164 0.122750
0 0 0.498152 0.228739 0.155955 0.003316 0.113838
0 0 0.533023 0.189719 0.114171 0.002715 0.160372
0 0 0.507091 0.214307 0.107608 0.000959 0.170035
4 0 0.354280 0.211508 0.079168 0.000343 0.354701
4 0 0.294340 0.214486 0.078321 0.000302 0.412551
4 0 0.288070 0.186545 0.063285 0.000255 0.461845
4 0 0.325092 0.148589 0.047160 0.000247 0.478911
4 0 0.335205 0.102806 0.033979 0.000459 0.527551
0 0 0.529425 0.131606 0.052429 0.000754 0.285786
0 0 0.549605 0.110546 0.052135 0.003580 0.284135
0 0 0.721469 0.112278 0.056920 0.004548 0.104785
0 0 0.568530 0.185264 0.138740 0.020728 0.086738
0 0 0.560341 0.163585 0.139819 0.047938 0.088317
0 0 0.415828 0.150245 0.187177 0.136763 0.109987
0 0 0.444780 0.170124 0.205421 0.084493 0.095182
0 0 0.484346 0.193781 0.153264 0.020525 0.148083
0 0 0.505453 0.171840 0.095829 0.003067 0.223810
0 0 0.401819 0.145869 0.067258 0.001597 0.383457
0 0 0.440238 0.151542 0.074285 0.001966 0.331969
0 0 0.429264 0.163322 0.078320 0.001602 0.327492
0 0 0.611611 0.155939 0.074438 0.001015 0.156997
0 0 0.637324 0.149955 0.068246 0.000774 0.143700
0 0 0.544087 0.116382 0.043855 0.000659 0.295017
0 0 0.454576 0.129752 0.052246 0.000910 0.362517
0 0 0.607279 0.133866 0.062608 0.001276 0.194972
0 0 0.749092 0.089426 0.040341 0.003217 0.117924
0 0 0.740019 0.109091 0.061962 0.014450 0.074479
0 0 0.691991 0.108606 0.070088 0.040898 0.088416
0 0 0.717041 0.113991 0.065523 0.013571 0.089873
4 0 0.343240 0.175641 0.108287 0.005346 0.367486
4 0 0.269694 0.177504 0.080569 0.001141 0.471092
4 0 0.287654 0.147238 0.049179 0.000317 0.515611
4 0 0.268938 0.144440 0.044789 0.000219 0.541614
4 0 0.359214 0.199210 0.079871 0.000527 0.361178
0 0 0.393855 0.191798 0.090549 0.001200 0.322598
0 0 0.384190 0.210401 0.130099 0.003661 0.271648
0 0 0.427797 0.202465 0.121520 0.003173 0.245045
0 0 0.498519 0.186127 0.085950 0.000929 0.228475
0 0 0.420692 0.207888 0.088499 0.000610 0.282311
0 0 0.450787 0.171720 0.056664 0.000231 0.320598
0 0 0.527605 0.161456 0.055886 0.000277 0.254776
0 0 0.490220 0.155783 0.057305 0.000429 0.296263
0 0 0.538367 0.126650 0.037785 0.000186 0.297012
0 0 0.507317 0.168833 0.054979 0.000201 0.268669
0 0 0.394957 0.233818 0.089582 0.000308 0.281336
0 0 0.365929 0.239234 0.094452 0.000354 0.300031
0 0 0.615238 0.132277 0.061416 0.001220 0.189848
0 0 0.646757 0.167079 0.085574 0.001185 0.099405
0 0 0.914014 0.046113 0.015182 0.001225 0.023466
0 0 0.966920 0.016023 0.004354 0.003161 0.009543
0 0 0.975741 0.008851 0.002172 0.005657 0.007579
0 0 0.953112 0.020122 0.006782 0.012112 0.007872
0 0 0.804607 0.088632 0.048509 0.019822 0.038431
0 0 0.626182 0.155545 0.099140 0.010491 0.108642
0 0 0.471940 0.215638 0.151828 0.006804 0.153790
4 0 0.257883 0.215450 0.146910 0.006011 0.373746
0 0 0.328566 0.251113 0.148403 0.002221 0.269697
0 0 0.331710 0.297460 0.171857 0.001273 0.197700
0 0 0.414598 0.192197 0.076322 0.000504 0.316379
0 0 0.536767 0.121342 0.048584 0.000853 0.292454
0 0 0.588709 0.082596 0.036095 0.003099 0.289502
0 0 0.671990 0.079146 0.035565 0.004083 0.209217
0 0 0.684558 0.076068 0.037099 0.008665 0.193610
0 0 0.676791 0.096994 0.053625 0.013680 0.158910
0 0 0.682775 0.101955 0.053101 0.006958 0.155212
0 0 0.690862 0.108585 0.043090 0.000705 0.156759
0 0 0.553320 0.145959 0.061571 0.000802 0.238348
0 0 0.709186 0.094760 0.036767 0.000590 0.158698
0 0 0.642089 0.125528 0.059103 0.001278 0.172002
0 0 0.660864 0.123838 0.062091 0.002568 0.150639
0 0 0.637052 0.122597 0.067728 0.006001 0.166621
0 0 0.716705 0.101543 0.048521 0.003495 0.129736
0 0 0.518229 0.166068 0.081353 0.001445 0.232905
0 0 0.392518 0.164154 0.057765 0.000360 0.385203
0 0 0.500303 0.152023 0.051378 0.000287 0.296008
0 0 0.624923 0.152025 0.048655 0.000151 0.174247
0 0 0.598216 0.193853 0.076587 0.000266 0.131079
0 0 0.580185 0.196456 0.080054 0.000329 0.142976
0 0 0.592224 0.192880 0.087057 0.000508 0.127331
0 0 0.626249 0.172368 0.063747 0.000226 0.137410
0 0 0.802562 0.084431 0.035575 0.002211 0.075221
0 0 0.581681 0.168757 0.098649 0.003125 0.147788
0 0 0.432283 0.180333 0.081683 0.001034 0.304666
4 0 0.346837 0.174587 0.070040 0.000646 0.407890
0 0 0.394412 0.162588 0.056423 0.000340 0.386237
0 0 0.436827 0.187368 0.062762 0.000222 0.312821
0 0 0.549863 0.177939 0.048172 0.000066 0.223959
0 0 0.628712 0.177292 0.040955 0.000022 0.153019
0 0 0.648859 0.172747 0.038804 0.000018 0.139572
0 0 0.651057 0.175807 0.044060 0.000029 0.129046
0 0 0.717656 0.141635 0.039871 0.000053 0.100785
0 0 0.768938 0.114413 0.035740 0.000090 0.080819
0 0 0.756666 0.115488 0.036352 0.000104 0.091391
0 0 0.777144 0.115193 0.034322 0.000064 0.073277
0 0 0.778341 0.114686 0.032854 0.000053 0.074065
0 0 0.782219 0.117893 0.032885 0.000041 0.066961
0 0 0.779142 0.123858 0.034020 0.000034 0.062947
0 0 0.789501 0.108072 0.027893 0.000033 0.074501
0 0 0.809282 0.099138 0.028924 0.000057 0.062599
0 0 0.763026 0.127853 0.045985 0.000131 0.063004
0 0 0.779187 0.117041 0.040094 0.000112 0.063566
0 0 0.747962 0.132221 0.044642 0.000109 0.075066
0 0 0.793704 0.115586 0.039998 0.000129 0.050583
0 0 0.835106 0.101357 0.035374 0.000202 0.027961
0 0 0.761175 0.123526 0.060993 0.002751 0.051555
0 1 0.743026 0.136932 0.068685 0.002211 0.049145
0 1 0.398247 0.275031 0.223860 0.004914 0.097948
1 1 0.162160 0.360355 0.308222 0.003908 0.165355
4 1 0.055368 0.297765 0.255305 0.004725 0.386837
2 1 0.025767 0.208114 0.541668 0.014377 0.210074
