0 0 0.911567 0.021499 0.014537 0.001232 0.051164
0 0 0.927800 0.019264 0.009601 0.000168 0.043168
4 0 0.241943 0.249012 0.086279 0.000173 0.422593
2 1 0.040088 0.249724 0.489733 0.000748 0.219707
2 1 0.036660 0.200569 0.638560 0.001020 0.123191
4 1 0.020030 0.285397 0.184724 0.000631 0.509218
1 1 0.006240 0.396583 0.394049 0.001854 0.201274
4 1 0.120982 0.217080 0.127901 0.000108 0.533930
4 1 0.023201 0.289941 0.125895 0.000125 0.560838
4 1 0.006208 0.169483 0.101746 0.000771 0.721793
4 1 0.040040 0.121927 0.101046 0.000474 0.736514
4 1 0.034412 0.132364 0.067497 0.000269 0.765458
1 1 0.034095 0.396873 0.237187 0.000045 0.331800
4 1 0.029185 0.297234 0.253013 0.000018 0.420550
4 4 0.169189 0.120523 0.060605 0.000467 0.649217
4 4 0.107577 0.061023 0.035910 0.001560 0.793930
4 4 0.070099 0.233437 0.086687 0.000034 0.609743
4 4 0.046084 0.184791 0.079940 0.000089 0.689096
4 4 0.112569 0.257323 0.096261 0.000125 0.533722
4 4 0.052393 0.288518 0.101958 0.000023 0.557108
4 1 0.012290 0.246498 0.134236 0.001547 0.605430
4 1 0.015749 0.180679 0.102740 0.001378 0.699454
4 1 0.015942 0.144819 0.219857 0.000515 0.618867
1 1 0.012601 0.457022 0.197253 0.000893 0.332231
4 1 0.013787 0.254808 0.120268 0.000211 0.610926
4 1 0.007948 0.247428 0.124726 0.000258 0.619639
4 1 0.007478 0.265028 0.147987 0.001612 0.577895
4 1 0.013204 0.072472 0.057271 0.001984 0.855070
4 1 0.004892 0.322251 0.334885 0.000314 0.337658
4 1 0.008634 0.224647 0.282651 0.000264 0.483804
2 1 0.010591 0.261522 0.503185 0.000858 0.223843
2 1 0.003324 0.178011 0.721825 0.007064 0.089776
2 2 0.006218 0.301909 0.444145 0.067040 0.180688
2 2 0.004150 0.092765 0.830074 0.036508 0.036504
2 2 0.000800 0.063971 0.626650 0.265473 0.043107
2 2 0.029519 0.155194 0.430800 0.044978 0.339509
2 2 0.006294 0.069894 0.627515 0.283431 0.012866
2 2 0.005841 0.059343 0.637970 0.290113 0.006733
2 2 0.001034 0.009734 0.629776 0.359317 0.000139
2 3 0.079713 0.062911 0.638340 0.218380 0.000655
3 3 0.008137 0.040141 0.221488 0.729473 0.000761
2 3 0.031364 0.025617 0.483384 0.459392 0.000242
3 3 0.000263 0.002514 0.371734 0.625470 0.000019
2 3 0.003454 0.019789 0.566400 0.410264 0.000093
2 3 0.213508 0.108799 0.473888 0.198584 0.005221
2 3 0.066276 0.172743 0.549146 0.191986 0.019850
3 3 0.000367 0.004624 0.087939 0.906460 0.000611
3 3 0.008825 0.031210 0.142903 0.813863 0.003199
3 3 0.012978 0.039473 0.132139 0.807427 0.007983
3 3 0.006668 0.021428 0.107101 0.862945 0.001858
3 3 0.034014 0.031409 0.128536 0.803650 0.002392
3 3 0.034425 0.049265 0.394604 0.520087 0.001618
3 3 0.001318 0.011035 0.187119 0.798807 0.001721
3 3 0.005704 0.025148 0.201211 0.765423 0.002514
2 3 0.016554 0.116436 0.592054 0.269340 0.005617
2 3 0.000987 0.019681 0.659516 0.319603 0.000213
3 3 0.002155 0.026809 0.168457 0.797594 0.004984
3 3 0.110677 0.045952 0.152902 0.687684 0.002784
3 3 0.000169 0.000945 0.066452 0.932417 0.000018
3 3 0.000307 0.002901 0.083860 0.912640 0.000292
3 3 0.147483 0.031351 0.218065 0.590067 0.013035
3 3 0.004287 0.011117 0.040978 0.935962 0.007655
3 3 0.000163 0.000606 0.021104 0.977994 0.000134
3 3 0.001105 0.002540 0.047614 0.947936 0.000805
3 3 0.000452 0.001816 0.041428 0.955885 0.000418
3 3 0.011187 0.018287 0.042762 0.916754 0.011009
3 3 0.043838 0.038209 0.183753 0.730525 0.003675
3 3 0.001384 0.021582 0.191224 0.784775 0.001035
3 3 0.357260 0.054545 0.158375 0.387717 0.042103
2 3 0.025295 0.114046 0.379191 0.366019 0.115448
3 3 0.004226 0.007972 0.042543 0.941184 0.004075
3 3 0.003979 0.007919 0.043627 0.938428 0.006047
3 3 0.128659 0.037836 0.049682 0.707985 0.075837
3 3 0.043603 0.094097 0.208627 0.629178 0.024495
3 3 0.000886 0.001625 0.008379 0.988912 0.000198
3 3 0.009078 0.005720 0.047830 0.934491 0.002881
3 3 0.001101 0.003237 0.048493 0.946842 0.000327
3 3 0.029784 0.007231 0.068123 0.894631 0.000231
3 3 0.006986 0.014354 0.140036 0.834735 0.003888
3 3 0.000179 0.000772 0.028787 0.970060 0.000202
3 3 0.001163 0.011945 0.128807 0.855535 0.002550
3 3 0.014602 0.008203 0.070350 0.905759 0.001088
3 3 0.002078 0.012255 0.184729 0.797954 0.002985
3 3 0.003990 0.006149 0.050761 0.936784 0.002316
3 3 0.000801 0.002217 0.038816 0.957542 0.000624
3 3 0.000166 0.001342 0.119257 0.879193 0.000042
3 3 0.003344 0.017834 0.261400 0.715264 0.002158
3 3 0.002444 0.016979 0.167909 0.803610 0.009058
3 3 0.000514 0.010476 0.051708 0.936428 0.000875
3 3 0.003529 0.013675 0.040198 0.938801 0.003798
3 3 0.000890 0.005039 0.031858 0.960734 0.001479
3 3 0.024888 0.022555 0.156287 0.789401 0.006868
3 3 0.012442 0.004565 0.040246 0.941012 0.001734
3 3 0.003278 0.002836 0.009646 0.983992 0.000248
3 3 0.006918 0.006083 0.120893 0.865802 0.000304
3 3 0.000577 0.003668 0.079100 0.916399 0.000256
2 3 0.039086 0.033240 0.503644 0.423220 0.000809
3 3 0.027850 0.013955 0.077521 0.877537 0.003137
3 3 0.000549 0.008016 0.077648 0.912548 0.001239
3 3 0.002921 0.018720 0.423252 0.554574 0.000533
2 3 0.001205 0.009471 0.566097 0.422584 0.000643
3 3 0.000198 0.000188 0.020235 0.979372 0.000007
3 3 0.000241 0.002581 0.040885 0.956032 0.000262
3 3 0.002662 0.001809 0.010775 0.984675 0.000079
3 3 0.001366 0.001528 0.009753 0.987007 0.000347
3 3 0.007838 0.008455 0.064880 0.917991 0.000836
3 3 0.000144 0.001360 0.032774 0.965675 0.000047
3 3 0.000257 0.001468 0.020092 0.978110 0.000073
3 3 0.005143 0.001366 0.013210 0.980105 0.000176
3 3 0.034690 0.021295 0.097853 0.842852 0.003310
3 3 0.063974 0.012103 0.030118 0.889427 0.004378
3 3 0.012585 0.009797 0.041893 0.933045 0.002680
3 3 0.003657 0.018802 0.156257 0.818895 0.002389
3 3 0.001540 0.005244 0.062715 0.930379 0.000123
3 3 0.004359 0.002743 0.024317 0.968152 0.000429
3 3 0.001049 0.005374 0.035206 0.957767 0.000604
3 3 0.008917 0.023653 0.077680 0.885609 0.004140
3 3 0.000764 0.007394 0.064261 0.927034 0.000546
3 3 0.038983 0.012238 0.037117 0.909954 0.001709
3 3 0.013425 0.012693 0.051460 0.919690 0.002732
3 3 0.000476 0.001451 0.043729 0.953426 0.000918
3 3 0.004329 0.003644 0.057606 0.933204 0.001218
3 3 0.000181 0.001534 0.068016 0.930152 0.000117
3 3 0.005848 0.015990 0.141514 0.835407 0.001241
3 3 0.000346 0.004457 0.165997 0.828747 0.000453
3 3 0.000124 0.000172 0.009551 0.990151 0.000004
3 3 0.189235 0.017127 0.101401 0.688733 0.003504
3 3 0.002855 0.002160 0.062338 0.930458 0.002189
3 3 0.002037 0.003741 0.076358 0.917682 0.000182
3 3 0.031398 0.011377 0.035640 0.909490 0.012094
3 3 0.000839 0.002237 0.014609 0.981717 0.000598
3 3 0.000038 0.000660 0.027609 0.971643 0.000048
3 3 0.036387 0.020658 0.168675 0.767622 0.006659
3 3 0.004189 0.002852 0.018720 0.972925 0.001313
3 3 0.001709 0.001111 0.003990 0.993057 0.000133
3 3 0.001314 0.001370 0.011115 0.985891 0.000311
3 3 0.000526 0.001379 0.161888 0.836094 0.000112
3 3 0.000159 0.001120 0.037840 0.960813 0.000069
3 3 0.042265 0.012517 0.018481 0.918614 0.008124
3 3 0.000459 0.001036 0.015403 0.982904 0.000197
3 3 0.019192 0.018578 0.053198 0.894245 0.014788
3 3 0.011505 0.005351 0.027295 0.954700 0.001149
3 3 0.002985 0.018719 0.098542 0.877744 0.002009
3 3 0.000605 0.001018 0.016505 0.981591 0.000282
3 3 0.007156 0.008087 0.010251 0.972316 0.002189
3 3 0.053105 0.030381 0.037465 0.844199 0.034850
3 3 0.004859 0.007808 0.036125 0.945615 0.005594
3 3 0.001814 0.007595 0.047419 0.937685 0.005486
3 3 0.000179 0.001341 0.042213 0.956105 0.000162
3 3 0.000343 0.001986 0.045114 0.951836 0.000722
3 3 0.000593 0.008486 0.145141 0.844768 0.001012
3 3 0.001690 0.004985 0.022631 0.968691 0.002004
3 3 0.010403 0.040745 0.277251 0.671180 0.000421
0 3 0.423229 0.055794 0.216465 0.299718 0.004793
3 3 0.091329 0.022574 0.265327 0.618823 0.001947
2 3 0.122542 0.062247 0.481419 0.329911 0.003882
3 3 0.000283 0.002070 0.068118 0.929267 0.000261
3 3 0.022606 0.029312 0.383801 0.558426 0.005855
2 2 0.000827 0.040804 0.742474 0.201660 0.014235
2 1 0.002645 0.083976 0.857487 0.038507 0.017384
2 1 0.019525 0.408074 0.524044 0.014743 0.033615
1 1 0.029957 0.595129 0.341988 0.001352 0.031574
2 1 0.014416 0.102418 0.478087 0.044184 0.360895
2 2 0.001651 0.082399 0.741599 0.123940 0.050411
4 2 0.023587 0.080827 0.320485 0.100280 0.474821
2 2 0.040473 0.171345 0.519984 0.004075 0.264123
2 2 0.018911 0.219212 0.643041 0.025023 0.093813
3 2 0.000569 0.021438 0.432462 0.541236 0.004295
2 2 0.001117 0.045762 0.641025 0.286310 0.025786
2 2 0.002636 0.033767 0.516293 0.382789 0.064515
2 2 0.003547 0.101517 0.474540 0.031912 0.388484
4 2 0.004229 0.229834 0.278375 0.005948 0.481614
2 2 0.006047 0.163096 0.548115 0.178911 0.103831
1 2 0.012402 0.386109 0.323358 0.006684 0.271447
1 2 0.002880 0.609070 0.368704 0.001690 0.017655
1 2 0.002744 0.665785 0.287929 0.002876 0.040666
2 2 0.008313 0.128498 0.830293 0.025744 0.007150
2 2 0.015110 0.228144 0.700614 0.048366 0.007766
1 2 0.156647 0.477861 0.133868 0.000082 0.231541
1 2 0.032222 0.666063 0.196515 0.000409 0.104790
0 2 0.546863 0.309715 0.119342 0.000754 0.023325
1 2 0.288362 0.596057 0.111167 0.000285 0.004129
2 2 0.035815 0.174950 0.768527 0.015788 0.004921
2 2 0.020584 0.234026 0.732974 0.011243 0.001174
1 2 0.372723 0.397982 0.114522 0.000688 0.114085
0 1 0.608441 0.247174 0.132356 0.000143 0.011886
2 1 0.009363 0.104807 0.786536 0.078185 0.021110
2 1 0.025666 0.426578 0.499404 0.008982 0.039371
2 1 0.045361 0.263057 0.662543 0.001296 0.027742
2 1 0.022989 0.193278 0.774612 0.007095 0.002026
1 1 0.168873 0.567300 0.230836 0.001205 0.031785
2 1 0.247634 0.340920 0.352707 0.000901 0.057838
2 1 0.065099 0.126671 0.796925 0.002076 0.009229
2 1 0.010851 0.193598 0.756681 0.020265 0.018605
2 1 0.004138 0.190255 0.777455 0.015883 0.012269
2 2 0.008403 0.212370 0.649561 0.007366 0.122300
2 2 0.015659 0.249299 0.569614 0.108090 0.057338
2 2 0.006078 0.085733 0.874643 0.022474 0.011073
2 2 0.015265 0.166984 0.782723 0.008971 0.026057
2 2 0.013297 0.097356 0.864117 0.008927 0.016303
2 2 0.006429 0.167601 0.711655 0.037036 0.077279
2 2 0.001110 0.038180 0.811915 0.145492 0.003302
2 2 0.002025 0.156479 0.505672 0.264200 0.071624
2 2 0.001190 0.069397 0.797719 0.095218 0.036477
2 2 0.004245 0.158988 0.532990 0.273300 0.030478
2 2 0.003309 0.177395 0.587918 0.086324 0.145054
2 2 0.000697 0.025605 0.936786 0.033057 0.003856
2 2 0.035587 0.266706 0.555155 0.058998 0.083553
2 2 0.036636 0.149990 0.714670 0.018774 0.079930
2 2 0.002999 0.095656 0.802517 0.076380 0.022448
2 2 0.034511 0.121419 0.650113 0.049281 0.144675
2 2 0.007591 0.195291 0.669914 0.099936 0.027267
2 2 0.001154 0.015704 0.801691 0.158880 0.022571
2 2 0.019343 0.068805 0.664118 0.167664 0.080070
2 2 0.000619 0.029881 0.673515 0.294580 0.001405
3 3 0.000337 0.036825 0.453449 0.502334 0.007055
2 3 0.000514 0.073961 0.524722 0.385699 0.015104
2 3 0.002994 0.072529 0.513167 0.268049 0.143261
1 3 0.078280 0.451613 0.315298 0.003228 0.151582
1 2 0.035056 0.459677 0.341014 0.027934 0.136319
0 2 0.979815 0.007858 0.003725 0.000041 0.008561
0 0 0.900442 0.036806 0.019296 0.001009 0.042447
1 0 0.064654 0.503345 0.179591 0.000992 0.251418
2 0 0.082685 0.380191 0.499446 0.003643 0.034035
2 1 0.037188 0.236204 0.649553 0.048942 0.028113
2 1 0.008417 0.160360 0.801716 0.021051 0.008456
1 1 0.088563 0.469587 0.357572 0.000912 0.083366
1 1 0.197089 0.520137 0.257631 0.001152 0.023990
2 0 0.108607 0.302734 0.565576 0.002392 0.020691
0 0 0.410829 0.407760 0.127753 0.000548 0.053110
2 0 0.098796 0.377236 0.468946 0.003915 0.051107
2 1 0.009753 0.176086 0.807109 0.001269 0.005783
1 1 0.004818 0.439402 0.406135 0.005682 0.143963
2 1 0.000852 0.220681 0.753882 0.003134 0.021451
2 1 0.011907 0.285253 0.694547 0.001390 0.006903
2 2 0.000708 0.142921 0.852154 0.002037 0.002180
2 2 0.001928 0.153377 0.818852 0.008138 0.017705
2 2 0.001919 0.326530 0.605218 0.003247 0.063086
2 2 0.011132 0.318478 0.560944 0.056928 0.052518
2 2 0.050279 0.244451 0.420563 0.241419 0.043288
2 2 0.000254 0.024317 0.702918 0.271401 0.001110
2 2 0.015231 0.156749 0.694642 0.096639 0.036739
2 2 0.033152 0.257904 0.680905 0.007765 0.020274
2 2 0.028828 0.299125 0.584152 0.003680 0.084216
2 2 0.003835 0.027061 0.772094 0.194905 0.002104
2 2 0.024983 0.143153 0.795345 0.022121 0.014398
2 2 0.008744 0.074311 0.876153 0.033968 0.006824
2 2 0.014079 0.073012 0.885705 0.017391 0.009814
2 2 0.022031 0.177775 0.588882 0.170251 0.041061
2 2 0.005885 0.093564 0.595977 0.278435 0.026138
3 2 0.000407 0.003923 0.397265 0.597490 0.000915
2 2 0.000593 0.014042 0.599829 0.384768 0.000769
2 2 0.008769 0.072535 0.792865 0.116114 0.009716
2 2 0.007806 0.102343 0.863435 0.017799 0.008617
2 2 0.032586 0.117476 0.833270 0.007322 0.009346
1 2 0.208529 0.538330 0.217826 0.012292 0.023023
2 2 0.029130 0.400025 0.520884 0.033580 0.016380
2 2 0.002897 0.197049 0.746673 0.048840 0.004541
2 2 0.021847 0.298500 0.649682 0.017400 0.012572
2 2 0.011647 0.173742 0.729461 0.069695 0.015454
2 2 0.006729 0.084972 0.805772 0.100268 0.002258
2 2 0.000726 0.068095 0.761908 0.164990 0.004281
2 2 0.001382 0.088759 0.782390 0.106098 0.021371
2 2 0.007988 0.166693 0.767605 0.039060 0.018654
2 2 0.002335 0.266432 0.669429 0.016921 0.044884
2 2 0.002557 0.266697 0.582708 0.079354 0.068684
2 2 0.000260 0.020777 0.664115 0.307368 0.007479
2 2 0.000486 0.062815 0.778866 0.122642 0.035191
2 2 0.017417 0.170597 0.532549 0.052125 0.227312
2 2 0.026691 0.368857 0.475630 0.026315 0.102507
0 2 0.946691 0.027546 0.012907 0.000033 0.012823
0 0 0.900180 0.022536 0.018352 0.004058 0.054873
0 0 0.690094 0.164763 0.086923 0.006452 0.051768
0 0 0.708473 0.177776 0.076085 0.014578 0.023087
1 0 0.105712 0.625944 0.187216 0.004440 0.076688
1 1 0.073589 0.612647 0.201824 0.001488 0.110452
1 1 0.003932 0.424279 0.406787 0.010756 0.154246
2 2 0.005545 0.412065 0.439380 0.001055 0.141956
2 2 0.002546 0.174582 0.452321 0.010787 0.359765
4 2 0.006496 0.174091 0.164191 0.000977 0.654245
1 2 0.009689 0.482979 0.293324 0.005252 0.208755
4 4 0.025714 0.283669 0.240157 0.009799 0.440661
4 4 0.018920 0.136411 0.095053 0.018272 0.731343
4 4 0.023638 0.053605 0.038937 0.003254 0.880566
4 4 0.009967 0.199630 0.126204 0.005768 0.658430
4 4 0.045977 0.303717 0.143207 0.002361 0.504739
4 4 0.010178 0.231428 0.145963 0.010137 0.602295
1 4 0.011003 0.580052 0.236041 0.003007 0.169897
1 4 0.072388 0.394085 0.169229 0.004398 0.359899
1 4 0.001745 0.554859 0.291096 0.030349 0.121950
4 4 0.064853 0.263719 0.128539 0.001729 0.541159
1 1 0.019774 0.553710 0.251002 0.013872 0.161642
2 1 0.001416 0.401333 0.431523 0.029064 0.136664
2 1 0.001642 0.192515 0.604470 0.032040 0.169333
1 1 0.001102 0.544953 0.334073 0.033975 0.085897
2 1 0.001521 0.243860 0.586228 0.017144 0.151247
2 1 0.002718 0.332387 0.379293 0.017513 0.268089
2 1 0.001099 0.349380 0.559356 0.016137 0.074028
1 1 0.004103 0.426886 0.258108 0.017674 0.293229
1 1 0.001254 0.575389 0.289081 0.010812 0.123463
2 0 0.012839 0.078307 0.551849 0.260634 0.096371
2 0 0.123103 0.305533 0.399676 0.002468 0.169219
0 0 0.940167 0.038493 0.016886 0.000384 0.004070
0 0 0.989001 0.007952 0.001968 0.000003 0.001076
0 0 0.690804 0.223449 0.055969 0.000630 0.029147
1 0 0.268914 0.509197 0.190548 0.005992 0.025349
2 0 0.007714 0.262161 0.688219 0.031939 0.009967
2 0 0.028478 0.323388 0.622501 0.009356 0.016278
2 0 0.002201 0.069743 0.920787 0.006006 0.001263
2 0 0.171655 0.122602 0.693007 0.004711 0.008024
2 0 0.026715 0.254401 0.687181 0.003472 0.028231
2 0 0.009630 0.091694 0.889966 0.006547 0.002163
2 0 0.065392 0.324705 0.601031 0.002010 0.006862
1 0 0.233354 0.430062 0.329828 0.003575 0.003181
2 0 0.014132 0.163200 0.803497 0.001316 0.017854
2 0 0.020032 0.085463 0.887066 0.005583 0.001856
2 0 0.004182 0.052814 0.918629 0.022696 0.001680
1 0 0.289580 0.310017 0.200760 0.192448 0.007195
0 0 0.941828 0.044010 0.012939 0.000027 0.001195
0 0 0.840104 0.011662 0.011968 0.136148 0.000118
0 0 0.944868 0.000239 0.000331 0.054561 0.000000
3 0 0.017591 0.001075 0.001770 0.979559 0.000005
2 0 0.005827 0.205499 0.748356 0.028565 0.011752
2 0 0.022838 0.086315 0.859393 0.013869 0.017585
2 1 0.005006 0.187724 0.790821 0.013393 0.003056
2 1 0.022400 0.261449 0.657066 0.013649 0.045436
2 1 0.045401 0.346001 0.473188 0.031166 0.104243
2 1 0.022363 0.101223 0.677856 0.192646 0.005912
2 1 0.003000 0.073108 0.824182 0.076855 0.022855
2 2 0.013632 0.079746 0.887748 0.016509 0.002365
2 2 0.001010 0.097399 0.888413 0.008515 0.004662
2 2 0.000263 0.013489 0.908787 0.076788 0.000673
2 2 0.040724 0.296992 0.555139 0.065534 0.041611
2 2 0.027544 0.213724 0.717912 0.010001 0.030819
2 2 0.028059 0.125887 0.782342 0.057216 0.006496
3 2 0.022587 0.038405 0.415399 0.519240 0.004369
2 2 0.006294 0.155789 0.659680 0.130824 0.047413
2 2 0.008012 0.123540 0.614539 0.248664 0.005245
2 3 0.001269 0.081510 0.560637 0.345124 0.011460
2 3 0.000720 0.029275 0.747868 0.220161 0.001976
2 3 0.001023 0.116171 0.837243 0.037360 0.008202
2 3 0.006366 0.170245 0.659356 0.049091 0.114943
2 3 0.001139 0.019444 0.635732 0.342386 0.001300
2 3 0.000893 0.048195 0.757639 0.189842 0.003430
2 3 0.001396 0.032412 0.509980 0.451583 0.004630
3 3 0.000116 0.009825 0.192042 0.797610 0.000407
2 3 0.004549 0.057875 0.740191 0.195802 0.001583
2 3 0.003440 0.099085 0.621238 0.265947 0.010290
3 3 0.000160 0.004577 0.235762 0.759330 0.000170
3 3 0.001229 0.003319 0.133283 0.861262 0.000907
2 3 0.015193 0.098689 0.531130 0.319562 0.035426
3 3 0.004365 0.058465 0.213151 0.718892 0.005126
3 3 0.000255 0.002056 0.021048 0.976466 0.000176
3 3 0.003541 0.003772 0.025613 0.966586 0.000488
3 3 0.003485 0.005187 0.053653 0.933505 0.004170
3 3 0.000016 0.000189 0.028554 0.971208 0.000032
3 3 0.031119 0.044619 0.227195 0.660877 0.036191
2 3 0.008601 0.018191 0.501664 0.466694 0.004851
3 3 0.000645 0.001739 0.033317 0.964177 0.000121
3 3 0.001513 0.001225 0.029137 0.967390 0.000735
3 3 0.000095 0.008460 0.226782 0.763778 0.000885
3 3 0.001613 0.012889 0.221916 0.762887 0.000696
3 3 0.006055 0.010162 0.030215 0.947226 0.006342
3 3 0.009488 0.025213 0.081989 0.865250 0.018060
3 3 0.008488 0.009176 0.069782 0.906005 0.006550
3 3 0.000649 0.000671 0.008057 0.990498 0.000124
3 3 0.022993 0.017273 0.068338 0.884400 0.006997
3 3 0.001062 0.003000 0.061291 0.934273 0.000374
3 3 0.004601 0.011424 0.085646 0.895261 0.003068
3 3 0.131201 0.028647 0.065955 0.720497 0.053700
3 3 0.000170 0.001578 0.036125 0.962010 0.000116
3 3 0.001200 0.013346 0.142052 0.841298 0.002103
3 3 0.018295 0.012150 0.061177 0.891904 0.016474
3 3 0.004446 0.004537 0.045684 0.944510 0.000823
3 3 0.000127 0.001551 0.039379 0.958772 0.000172
3 3 0.001253 0.007877 0.084630 0.904292 0.001950
3 3 0.040932 0.020708 0.095424 0.836308 0.006629
3 3 0.004466 0.006180 0.055412 0.930247 0.003695
3 3 0.001018 0.003893 0.030597 0.963075 0.001417
3 3 0.002567 0.012323 0.099577 0.881985 0.003548
3 3 0.000526 0.001653 0.046432 0.951072 0.000317
3 3 0.000158 0.000300 0.007708 0.991819 0.000015
3 3 0.002176 0.008785 0.115874 0.871497 0.001669
3 3 0.004233 0.002826 0.014954 0.976974 0.001012
3 3 0.000440 0.001715 0.019579 0.978091 0.000175
3 3 0.019715 0.007677 0.017393 0.953442 0.001773
3 3 0.000253 0.000906 0.031431 0.967291 0.000119
3 3 0.012682 0.008302 0.030967 0.941549 0.006500
3 3 0.015699 0.009796 0.076410 0.882369 0.015726
3 3 0.010505 0.044054 0.080060 0.837744 0.027637
3 3 0.004430 0.020407 0.210345 0.762360 0.002459
3 3 0.000253 0.006651 0.092223 0.900406 0.000468
3 3 0.001833 0.008816 0.041034 0.947455 0.000862
3 3 0.006932 0.004769 0.012839 0.973789 0.001670
3 3 0.001063 0.001266 0.022057 0.975122 0.000491
3 3 0.016555 0.001554 0.024659 0.956594 0.000637
3 3 0.000775 0.001433 0.042200 0.955324 0.000268
3 3 0.014204 0.003936 0.032353 0.946953 0.002554
3 3 0.003008 0.011346 0.084821 0.897701 0.003124
3 3 0.005942 0.028939 0.230901 0.722646 0.011573
3 3 0.001381 0.001371 0.026778 0.969734 0.000737
3 3 0.130702 0.023167 0.066045 0.763375 0.016711
3 3 0.000537 0.006313 0.133934 0.858675 0.000540
3 3 0.000339 0.002303 0.035772 0.961482 0.000104
3 3 0.031345 0.019085 0.055363 0.866158 0.028049
3 3 0.002243 0.001775 0.013412 0.982304 0.000265
3 3 0.038892 0.012270 0.051629 0.895688 0.001522
3 3 0.003046 0.001966 0.011243 0.983279 0.000467
3 3 0.001548 0.000732 0.011411 0.986092 0.000216
3 3 0.014243 0.010290 0.044682 0.928093 0.002692
3 3 0.006779 0.002307 0.028751 0.961625 0.000538
3 3 0.000047 0.000164 0.004842 0.994933 0.000014
3 3 0.020408 0.010290 0.029551 0.937185 0.002565
3 3 0.028267 0.019030 0.033442 0.911150 0.008110
3 3 0.024286 0.054076 0.366297 0.545765 0.009577
3 3 0.002084 0.004587 0.065160 0.925572 0.002596
3 3 0.001227 0.002264 0.015683 0.980126 0.000700
3 3 0.002312 0.000445 0.006372 0.990774 0.000097
3 3 0.001772 0.001276 0.014468 0.982045 0.000439
3 3 0.006679 0.004599 0.010275 0.977113 0.001334
3 3 0.000204 0.000247 0.010205 0.989295 0.000050
3 3 0.000261 0.000456 0.010685 0.988530 0.000068
3 3 0.000270 0.000286 0.006075 0.993330 0.000039
3 3 0.003640 0.001536 0.003512 0.991123 0.000188
3 3 0.000085 0.000614 0.012000 0.987216 0.000084
3 3 0.000155 0.001497 0.103815 0.894106 0.000426
2 3 0.000723 0.014071 0.984526 0.000365 0.000315
0 0 0.978163 0.001554 0.020162 0.000007 0.000114
1 0 0.050804 0.484293 0.416420 0.009853 0.038629
2 0 0.134238 0.138301 0.337912 0.195799 0.193750
2 0 0.006539 0.113514 0.668568 0.134571 0.076808
2 2 0.000682 0.051139 0.734535 0.192674 0.020970
2 2 0.002434 0.070003 0.781143 0.115975 0.030445
4 2 0.030470 0.058270 0.367131 0.006681 0.537448
4 2 0.023864 0.215249 0.121081 0.003802 0.636003
1 2 0.005173 0.361254 0.270897 0.014104 0.348572
4 2 0.019580 0.189551 0.290731 0.122177 0.377960
4 2 0.007907 0.295832 0.179762 0.011586 0.504914
2 2 0.004346 0.193096 0.563689 0.079999 0.158870
1 4 0.005584 0.397961 0.232217 0.021723 0.342515
2 4 0.001871 0.380049 0.413008 0.024188 0.180885
1 4 0.004259 0.448705 0.257788 0.028157 0.261092
1 4 0.003166 0.392277 0.291499 0.009907 0.303150
1 4 0.008817 0.367958 0.305197 0.077529 0.240500
4 4 0.017163 0.161413 0.358944 0.083650 0.378830
2 4 0.004910 0.274960 0.392895 0.099759 0.227475
1 4 0.010003 0.379018 0.246891 0.029365 0.334722
2 4 0.002057 0.197749 0.548699 0.209165 0.042330
4 4 0.063948 0.117520 0.087111 0.024203 0.707218
4 4 0.030307 0.140009 0.081834 0.002267 0.745583
4 4 0.005904 0.370874 0.217312 0.014986 0.390924
1 4 0.023108 0.453646 0.213721 0.009471 0.300055
1 4 0.007419 0.369731 0.223885 0.041547 0.357419
1 4 0.005821 0.381722 0.223493 0.017780 0.371184
1 4 0.004845 0.430383 0.247853 0.027487 0.289432
4 4 0.008877 0.280195 0.172935 0.013630 0.524364
4 4 0.021204 0.173049 0.098530 0.001817 0.705400
4 4 0.053270 0.223175 0.087431 0.000045 0.636079
1 4 0.002527 0.462993 0.323796 0.037074 0.173610
1 4 0.003884 0.454554 0.255043 0.019454 0.267065
4 4 0.005107 0.227801 0.326618 0.022637 0.417836
4 4 0.006385 0.191414 0.258571 0.013595 0.530036
2 4 0.002733 0.265504 0.531342 0.094032 0.106389
2 4 0.003237 0.144128 0.503772 0.097849 0.251015
4 2 0.028739 0.215805 0.134516 0.028046 0.592895
4 1 0.020339 0.118276 0.115158 0.013444 0.732783
1 1 0.005471 0.501589 0.266719 0.040283 0.185937
1 2 0.004805 0.504726 0.252795 0.008460 0.229214
2 2 0.001361 0.348164 0.536986 0.025029 0.088460
2 2 0.001762 0.213084 0.619766 0.141840 0.023548
2 2 0.007171 0.416398 0.554032 0.001117 0.021281
1 0 0.083901 0.564152 0.313261 0.000908 0.037778
0 0 0.870668 0.055930 0.025926 0.001203 0.046273
2 0 0.069408 0.269566 0.538298 0.008045 0.114683
4 0 0.123047 0.194260 0.217566 0.009932 0.455196
0 0 0.611342 0.052598 0.027134 0.000698 0.308227
2 0 0.026421 0.247068 0.627042 0.007023 0.092446
1 0 0.250968 0.451220 0.225494 0.001037 0.071282
1 0 0.014745 0.609694 0.337632 0.000320 0.037609
1 0 0.012190 0.485797 0.463189 0.006892 0.031932
1 0 0.043539 0.411156 0.227859 0.001138 0.316308
1 0 0.020095 0.454969 0.414554 0.000439 0.109943
2 0 0.039112 0.274315 0.628870 0.019981 0.037722
2 0 0.041784 0.155423 0.716131 0.023127 0.063535
2 0 0.000657 0.118150 0.873078 0.003591 0.004525
2 0 0.004142 0.139760 0.832353 0.003523 0.020222
2 1 0.004127 0.084780 0.854488 0.017791 0.038814
2 1 0.006122 0.150157 0.734139 0.014135 0.095447
2 2 0.008294 0.269776 0.668553 0.009199 0.044178
2 2 0.009779 0.372225 0.552010 0.008201 0.057785
1 2 0.026301 0.484944 0.468997 0.000719 0.019039
2 2 0.009727 0.159265 0.813271 0.003948 0.013790
2 2 0.006068 0.051753 0.806834 0.128877 0.006468
2 2 0.005342 0.255893 0.696199 0.032761 0.009805
2 2 0.002570 0.090833 0.762134 0.101027 0.043437
2 2 0.001980 0.098124 0.728094 0.151570 0.020233
2 2 0.004541 0.247814 0.723635 0.006706 0.017305
2 2 0.019699 0.327663 0.621722 0.002920 0.027996
2 2 0.010214 0.190349 0.781448 0.008874 0.009114
2 2 0.002590 0.165822 0.787663 0.013142 0.030783
2 2 0.001003 0.072042 0.756502 0.152632 0.017821
2 2 0.000352 0.041128 0.926964 0.026503 0.005054
2 2 0.004258 0.174762 0.474826 0.281191 0.064964
2 2 0.000216 0.107631 0.767449 0.122226 0.002478
2 2 0.000393 0.032759 0.813408 0.152107 0.001333
2 2 0.000608 0.148868 0.831527 0.016832 0.002165
2 2 0.005670 0.125806 0.821256 0.035105 0.012163
2 2 0.012658 0.218589 0.587229 0.143546 0.037979
2 2 0.003301 0.156975 0.646920 0.159379 0.033425
2 2 0.001312 0.100901 0.675590 0.207968 0.014230
2 2 0.006581 0.150222 0.716870 0.078078 0.048249
2 2 0.003473 0.130387 0.439676 0.413834 0.012629
2 2 0.000887 0.040424 0.640704 0.316754 0.001231
2 3 0.002199 0.164836 0.805331 0.019295 0.008339
0 2 0.504668 0.283611 0.139910 0.015959 0.055852
0 0 0.549332 0.230538 0.201091 0.008991 0.010047
2 0 0.021324 0.177338 0.714835 0.069089 0.017414
2 0 0.014353 0.130854 0.701407 0.146081 0.007305
2 0 0.126896 0.232109 0.566709 0.042107 0.032178
2 0 0.041489 0.256509 0.530145 0.143207 0.028651
2 1 0.012433 0.056970 0.762395 0.165659 0.002542
2 1 0.023270 0.187937 0.730564 0.004718 0.053511
1 1 0.105691 0.454556 0.373752 0.007024 0.058978
2 1 0.005195 0.098204 0.800093 0.083700 0.012808
1 1 0.024887 0.410306 0.248472 0.023354 0.292981
2 1 0.012656 0.126034 0.687083 0.148142 0.026085
2 1 0.023006 0.104153 0.595319 0.270207 0.007315
2 1 0.009841 0.036694 0.702394 0.247318 0.003753
2 1 0.022777 0.199339 0.682198 0.078919 0.016768
2 1 0.006915 0.279087 0.662911 0.017958 0.033130
2 2 0.022753 0.235839 0.636787 0.082804 0.021817
2 2 0.006067 0.095979 0.840659 0.052736 0.004560
2 2 0.051819 0.175871 0.540795 0.182264 0.049251
2 2 0.011571 0.202023 0.752246 0.018978 0.015181
1 2 0.059285 0.416271 0.382111 0.057333 0.085001
2 2 0.003639 0.089075 0.885320 0.019269 0.002697
2 2 0.003396 0.166976 0.679242 0.141739 0.008647
2 2 0.003672 0.146415 0.804078 0.033377 0.012457
2 2 0.016594 0.327409 0.625124 0.011407 0.019466
2 2 0.112682 0.109166 0.586660 0.176924 0.014569
2 2 0.048500 0.298978 0.613932 0.003553 0.035037
2 2 0.038938 0.156208 0.757589 0.002247 0.045019
2 2 0.011314 0.228691 0.641813 0.082511 0.035672
2 2 0.010731 0.122172 0.834321 0.004331 0.028445
2 2 0.078021 0.264616 0.593535 0.039727 0.024102
2 2 0.129389 0.132113 0.662671 0.062553 0.013274
2 2 0.034807 0.068498 0.640505 0.251557 0.004633
2 0 0.118074 0.199785 0.498843 0.162095 0.021202
1 0 0.088448 0.522669 0.347408 0.005731 0.035745
2 0 0.113803 0.380484 0.414158 0.047861 0.043694
2 0 0.019804 0.185691 0.769447 0.019566 0.005492
2 1 0.012181 0.102922 0.727706 0.154371 0.002820
2 1 0.031134 0.185726 0.699474 0.044961 0.038705
2 1 0.008730 0.137665 0.814843 0.026143 0.012619
2 1 0.022078 0.094303 0.831938 0.049729 0.001953
2 1 0.019735 0.106637 0.828930 0.041058 0.003639
2 1 0.013916 0.273144 0.703170 0.000773 0.008996
2 0 0.034909 0.202318 0.731857 0.018299 0.012617
0 0 0.852505 0.111743 0.020276 0.000022 0.015454
2 0 0.051650 0.294931 0.630296 0.011768 0.011355
4 0 0.077937 0.116167 0.374476 0.039586 0.391835
1 0 0.013985 0.434533 0.380710 0.005423 0.165350
2 0 0.007614 0.401972 0.469570 0.031890 0.088954
2 0 0.001022 0.037856 0.503275 0.434633 0.023213
2 2 0.007724 0.123460 0.765270 0.021150 0.082397
2 2 0.000408 0.084883 0.758499 0.125530 0.030680
2 2 0.000778 0.126309 0.748377 0.054053 0.070483
2 2 0.000105 0.047785 0.896637 0.022301 0.033172
1 2 0.005667 0.426047 0.258964 0.120921 0.188401
4 2 0.007932 0.331179 0.275938 0.015435 0.369515
1 2 0.007054 0.388952 0.236412 0.086470 0.281112
1 2 0.002661 0.352409 0.331368 0.007923 0.305639
2 2 0.004718 0.386418 0.529224 0.021673 0.057967
1 2 0.120946 0.589205 0.219417 0.002903 0.067529
1 2 0.008904 0.609251 0.282002 0.006629 0.093214
2 2 0.001026 0.214592 0.595376 0.091350 0.097655
2 4 0.002267 0.310959 0.431368 0.021806 0.233599
2 4 0.001969 0.297402 0.415876 0.007842 0.276912
4 4 0.007589 0.139099 0.086413 0.000912 0.765987
4 4 0.025651 0.300886 0.143392 0.001148 0.528923
4 4 0.013346 0.183766 0.120918 0.012193 0.669777
4 4 0.012230 0.248455 0.149414 0.007947 0.581954
4 4 0.009660 0.159583 0.101456 0.002787 0.726513
4 4 0.058129 0.275132 0.122722 0.000893 0.543125
1 4 0.006603 0.540527 0.238512 0.002612 0.211746
1 4 0.004508 0.425987 0.211399 0.001455 0.356651
4 4 0.010744 0.115499 0.075614 0.001865 0.796278
4 4 0.021556 0.050236 0.037599 0.003870 0.886739
1 4 0.095024 0.621699 0.178198 0.000575 0.104505
0 4 0.579859 0.150802 0.038007 0.000006 0.231326
1 4 0.049285 0.599254 0.204933 0.002316 0.144212
4 4 0.009051 0.194986 0.119081 0.002674 0.674209
4 4 0.006764 0.261532 0.156144 0.003952 0.571608
4 4 0.011271 0.083343 0.055886 0.001140 0.848360
1 1 0.020957 0.699197 0.218680 0.000579 0.060588
1 1 0.014324 0.592308 0.229491 0.002371 0.161506
2 0 0.035160 0.240806 0.697145 0.010813 0.016076
1 0 0.234024 0.362699 0.152300 0.001278 0.249700
2 0 0.098482 0.282692 0.451643 0.021716 0.145468
1 1 0.021824 0.509865 0.257920 0.062140 0.148251
0 1 0.777497 0.140556 0.061364 0.008814 0.011769
0 1 0.974958 0.007893 0.007110 0.002031 0.008007
1 1 0.006014 0.614270 0.236849 0.001114 0.141754
1 1 0.012109 0.442960 0.286961 0.048234 0.209736
2 1 0.000667 0.239617 0.715750 0.013147 0.030818
2 2 0.000901 0.291552 0.620344 0.014258 0.072944
2 2 0.002476 0.226180 0.701884 0.026145 0.043315
2 2 0.010523 0.415996 0.512760 0.011945 0.048777
1 2 0.015479 0.482845 0.292090 0.003487 0.206100
2 2 0.006497 0.377672 0.516661 0.003727 0.095443
2 2 0.002225 0.195617 0.704976 0.074216 0.022967
2 2 0.004015 0.068773 0.892427 0.025473 0.009312
2 2 0.007236 0.236911 0.738269 0.007459 0.010125
2 2 0.002241 0.288268 0.691169 0.000915 0.017407
2 2 0.025804 0.180928 0.751687 0.027023 0.014558
2 2 0.004011 0.184610 0.751411 0.043179 0.016790
2 2 0.001582 0.172792 0.795694 0.007395 0.022536
2 2 0.002980 0.240262 0.714963 0.006137 0.035658
2 0 0.011450 0.244544 0.479858 0.023956 0.240193
1 0 0.260538 0.422768 0.133589 0.000066 0.183039
0 0 0.751317 0.075405 0.034500 0.001278 0.137499
4 0 0.045498 0.366161 0.134973 0.000109 0.453259
1 0 0.182126 0.589750 0.157448 0.001785 0.068892
1 0 0.218967 0.495295 0.138967 0.000459 0.146313
1 0 0.192974 0.506813 0.151275 0.001035 0.147903
1 0 0.058579 0.566685 0.223469 0.002899 0.148367
2 1 0.009639 0.280434 0.695386 0.001332 0.013209
2 1 0.016319 0.312894 0.644444 0.006845 0.019499
2 1 0.032732 0.228521 0.601950 0.010176 0.126621
2 2 0.002630 0.233058 0.679514 0.042441 0.042356
2 2 0.004888 0.145726 0.796973 0.034917 0.017496
2 2 0.005482 0.096801 0.857222 0.031970 0.008524
2 2 0.005300 0.201903 0.768524 0.006877 0.017395
2 2 0.002476 0.096606 0.884196 0.006825 0.009897
2 2 0.034498 0.194263 0.732901 0.002800 0.035538
1 0 0.103396 0.664075 0.220396 0.010061 0.002072
0 0 0.939131 0.017314 0.011093 0.000708 0.031754
1 0 0.161685 0.420702 0.388685 0.004079 0.024851
2 0 0.043536 0.250796 0.534984 0.079443 0.091241
2 0 0.068774 0.048343 0.561556 0.318506 0.002821
0 0 0.658448 0.190288 0.055869 0.000024 0.095371
0 0 0.653703 0.199222 0.069846 0.000099 0.077129
1 0 0.177157 0.422438 0.171075 0.001493 0.227837
1 0 0.030890 0.425896 0.173179 0.000722 0.369313
1 0 0.276642 0.492848 0.178957 0.005934 0.045619
1 0 0.145246 0.542546 0.285284 0.001865 0.025059
0 0 0.833226 0.043953 0.018588 0.000247 0.103985
0 0 0.465405 0.059543 0.025369 0.000253 0.449430
1 0 0.088271 0.416147 0.142714 0.000103 0.352765
4 0 0.245363 0.253341 0.104135 0.003012 0.394148
1 0 0.126138 0.631603 0.158425 0.000088 0.083745
1 0 0.006732 0.670122 0.225180 0.000503 0.097463
2 1 0.001944 0.247707 0.509618 0.031507 0.209223
4 1 0.012605 0.330455 0.167856 0.001902 0.487182
4 4 0.014880 0.110787 0.169188 0.003715 0.701429
4 4 0.025730 0.137641 0.085688 0.004645 0.746297
4 4 0.017646 0.160653 0.094881 0.001978 0.724842
4 4 0.025590 0.183622 0.135516 0.028452 0.626820
4 4 0.011788 0.197910 0.127388 0.009402 0.653511
4 4 0.018516 0.104555 0.065746 0.001526 0.809656
4 4 0.136870 0.177684 0.074687 0.000286 0.610473
4 4 0.044650 0.100612 0.055285 0.000559 0.798894
4 4 0.040571 0.028651 0.024025 0.013182 0.893571
4 4 0.040571 0.028651 0.024025 0.013182 0.893571
4 4 0.078188 0.072137 0.041800 0.001161 0.806715
4 4 0.037774 0.090288 0.052470 0.000780 0.818688
4 4 0.118212 0.099280 0.051194 0.000890 0.730424
4 4 0.106534 0.083616 0.044232 0.000687 0.764930
4 4 0.022507 0.050785 0.037721 0.003745 0.885242
4 4 0.110739 0.041389 0.027541 0.004035 0.816297
4 4 0.040571 0.028651 0.024025 0.013182 0.893571
4 4 0.159990 0.046423 0.028175 0.002441 0.762971
4 4 0.028019 0.040173 0.031490 0.006403 0.893914
4 4 0.035791 0.177368 0.100592 0.003839 0.682411
4 4 0.040571 0.028651 0.024025 0.013182 0.893571
4 4 0.039500 0.072334 0.045184 0.001391 0.841590
4 4 0.066490 0.058919 0.037452 0.002236 0.834903
4 4 0.035798 0.052549 0.036882 0.003193 0.871579
4 4 0.023814 0.059735 0.041842 0.002478 0.872131
4 4 0.029521 0.038369 0.030359 0.007084 0.894668
4 4 0.048997 0.030827 0.026657 0.016658 0.876861
4 4 0.116007 0.042155 0.031913 0.008952 0.800973
4 4 0.065572 0.039737 0.028591 0.005454 0.860645
4 4 0.050908 0.031282 0.024938 0.010253 0.882620
4 4 0.026649 0.041965 0.032603 0.005813 0.892969
4 4 0.048629 0.039433 0.029396 0.006017 0.876526
4 4 0.057750 0.032815 0.025426 0.008886 0.875122
4 4 0.027172 0.041263 0.032169 0.006035 0.893360
1 0 0.294036 0.302139 0.114483 0.001095 0.288246
4 0 0.019058 0.177635 0.105121 0.003166 0.695021
4 4 0.065139 0.234570 0.094785 0.000118 0.605388
4 4 0.014401 0.182428 0.092969 0.000225 0.709975
4 4 0.100549 0.322543 0.126755 0.000606 0.449547
4 4 0.226376 0.171578 0.081930 0.000932 0.519184
4 4 0.036167 0.031923 0.026206 0.010518 0.895185
4 4 0.034495 0.033347 0.027140 0.009589 0.895429
4 4 0.093241 0.107017 0.054180 0.000379 0.745184
4 4 0.006632 0.161259 0.242647 0.010962 0.578500
4 4 0.030077 0.037738 0.029960 0.007345 0.894880
4 4 0.012564 0.076902 0.052503 0.001396 0.856635
4 4 0.045995 0.149054 0.080092 0.001325 0.723534
4 4 0.105348 0.261201 0.129426 0.002959 0.501066
1 4 0.060867 0.566753 0.167462 0.000114 0.204805
4 4 0.012539 0.363239 0.188605 0.004522 0.431095
1 4 0.017719 0.528026 0.197767 0.000429 0.256059
1 4 0.015652 0.510424 0.233424 0.002353 0.238147
4 4 0.016781 0.190379 0.119832 0.009175 0.663834
4 4 0.014412 0.069301 0.048413 0.001805 0.866068
4 4 0.013862 0.091426 0.058241 0.000871 0.835601
4 4 0.024541 0.045045 0.034489 0.004961 0.890965
4 4 0.052808 0.033807 0.026210 0.008484 0.878691
4 4 0.011213 0.129927 0.084988 0.002775 0.771097
4 4 0.266458 0.154688 0.227100 0.001873 0.349882
4 4 0.372153 0.057283 0.030754 0.001141 0.538670
4 4 0.017279 0.060130 0.043320 0.002542 0.876729
4 4 0.022932 0.065642 0.048728 0.007535 0.855164
2 1 0.008752 0.166807 0.442674 0.003173 0.378594
1 1 0.011843 0.554859 0.235837 0.004158 0.193302
4 1 0.011808 0.366371 0.193641 0.005923 0.422257
1 1 0.005282 0.398122 0.210709 0.003407 0.382479
1 1 0.041552 0.431623 0.420531 0.004128 0.102165
1 1 0.007215 0.467726 0.393218 0.005252 0.126589
2 1 0.015386 0.370138 0.471240 0.005741 0.137496
1 1 0.019133 0.487339 0.215325 0.004157 0.274046
1 1 0.005830 0.514037 0.267483 0.002366 0.210284
1 1 0.004710 0.653770 0.228671 0.000385 0.112465
2 1 0.004702 0.328620 0.545280 0.003941 0.117456
2 1 0.001663 0.243975 0.689652 0.011501 0.053209
2 1 0.004553 0.289704 0.463552 0.003011 0.239180
2 1 0.004344 0.403108 0.450606 0.012664 0.129279
1 1 0.011401 0.421619 0.410586 0.006850 0.149545
1 1 0.018391 0.429758 0.269450 0.002474 0.279927
2 1 0.002391 0.239155 0.617769 0.012347 0.128339
2 1 0.008682 0.369200 0.539791 0.002692 0.079634
1 1 0.007147 0.407746 0.367373 0.006693 0.211043
2 1 0.004062 0.211030 0.613405 0.071718 0.099785
2 1 0.002223 0.193516 0.747696 0.025098 0.031468
2 1 0.005844 0.303330 0.405353 0.003957 0.281516
2 1 0.000345 0.085677 0.904056 0.001960 0.007962
2 1 0.012791 0.298575 0.675488 0.000443 0.012704
0 0 0.475055 0.133054 0.055024 0.000816 0.336051
4 0 0.072931 0.361557 0.153663 0.002219 0.409630
1 0 0.083832 0.424672 0.175803 0.001665 0.314028
2 0 0.011505 0.305359 0.513832 0.020345 0.148959
2 0 0.011989 0.425046 0.471265 0.037072 0.054627
2 0 0.009869 0.278563 0.601264 0.032002 0.078301
2 0 0.000168 0.092975 0.901636 0.001829 0.003392
2 0 0.062776 0.304668 0.558801 0.005575 0.068179
2 1 0.001590 0.078775 0.857775 0.052816 0.009045
1 0 0.004520 0.632823 0.325380 0.004241 0.033036
1 0 0.011511 0.532840 0.428197 0.000414 0.027037
1 0 0.013598 0.702253 0.221825 0.001825 0.060499
2 1 0.003666 0.236701 0.710880 0.018692 0.030061
2 2 0.005748 0.107301 0.770938 0.031192 0.084821
2 2 0.001390 0.080884 0.598635 0.296543 0.022547
2 2 0.002487 0.222864 0.638404 0.035672 0.100573
2 2 0.002712 0.088140 0.710780 0.173593 0.024774
2 2 0.003790 0.190900 0.631031 0.070125 0.104154
2 2 0.018695 0.341035 0.389543 0.065104 0.185624
2 2 0.013230 0.123111 0.796603 0.038295 0.028762
2 2 0.001111 0.070756 0.907961 0.011056 0.009115
2 2 0.003202 0.251861 0.677835 0.033434 0.033668
2 2 0.002702 0.102778 0.865131 0.008798 0.020592
2 2 0.000624 0.151175 0.799524 0.005044 0.043632
2 2 0.003627 0.290019 0.468051 0.182160 0.056143
2 2 0.022570 0.284544 0.514790 0.013363 0.164733
2 2 0.001325 0.070865 0.896726 0.028772 0.002312
2 2 0.003705 0.102227 0.856255 0.028242 0.009570
2 2 0.018912 0.265522 0.643078 0.030427 0.042062
2 2 0.002859 0.063092 0.869986 0.061080 0.002983
2 3 0.008182 0.077010 0.807739 0.094760 0.012308
2 3 0.000484 0.016832 0.953660 0.028743 0.000281
2 3 0.007785 0.066224 0.757553 0.160736 0.007701
2 3 0.026793 0.303836 0.538508 0.107822 0.023041
2 3 0.002699 0.089329 0.691344 0.208253 0.008375
2 3 0.008361 0.300345 0.597770 0.056364 0.037160
2 3 0.067441 0.338541 0.395061 0.121285 0.077671
3 3 0.009458 0.065832 0.423829 0.490220 0.010661
2 3 0.006033 0.046712 0.760120 0.185661 0.001474
2 3 0.017895 0.057819 0.689057 0.225906 0.009323
2 3 0.035424 0.179140 0.603854 0.164640 0.016942
3 3 0.057011 0.079522 0.328600 0.522916 0.011952
3 3 0.000341 0.011923 0.464678 0.522556 0.000501
2 3 0.001129 0.012177 0.637270 0.348983 0.000441
3 3 0.000221 0.006137 0.166039 0.827181 0.000422
3 3 0.001026 0.011765 0.292470 0.692042 0.002698
2 3 0.007626 0.100574 0.645445 0.233642 0.012714
2 3 0.000823 0.023891 0.554215 0.419919 0.001153
3 3 0.011572 0.050382 0.385993 0.544304 0.007750
3 3 0.001548 0.012791 0.158095 0.826363 0.001203
2 3 0.001840 0.030504 0.768886 0.188379 0.010391
3 3 0.003960 0.071424 0.366190 0.555131 0.003295
3 3 0.005734 0.029515 0.248068 0.697304 0.019379
3 3 0.012377 0.037356 0.216681 0.678097 0.055490
3 3 0.003176 0.006192 0.077778 0.909966 0.002888
3 3 0.001242 0.011719 0.168656 0.816216 0.002167
3 3 0.002228 0.029276 0.145613 0.810462 0.012421
3 3 0.004534 0.052079 0.236747 0.689094 0.017546
3 3 0.000663 0.009484 0.132231 0.853545 0.004077
3 3 0.000464 0.015357 0.298039 0.683292 0.002848
3 3 0.002129 0.005753 0.131235 0.859430 0.001453
2 3 0.029937 0.078676 0.437346 0.423978 0.030063
3 3 0.013435 0.045082 0.292435 0.613417 0.035631
3 3 0.040347 0.054392 0.189356 0.701573 0.014332
3 3 0.013628 0.007584 0.028291 0.944830 0.005668
3 3 0.000863 0.001221 0.018904 0.978665 0.000347
2 3 0.003151 0.043981 0.525820 0.391192 0.035856
3 3 0.007828 0.021302 0.188952 0.764927 0.016992
3 3 0.013019 0.132909 0.305602 0.374117 0.174353
3 3 0.022869 0.017065 0.055493 0.887806 0.016767
3 3 0.000023 0.000672 0.060082 0.939037 0.000186
3 3 0.000652 0.001764 0.062271 0.933834 0.001479
3 3 0.000859 0.012743 0.119032 0.863075 0.004292
3 3 0.044789 0.080984 0.168823 0.609906 0.095498
3 3 0.004000 0.009576 0.120934 0.855490 0.010000
3 3 0.009619 0.018870 0.058589 0.891305 0.021618
3 3 0.017416 0.009759 0.055257 0.904213 0.013356
3 3 0.004427 0.008081 0.045020 0.936781 0.005690
3 3 0.044596 0.063463 0.078526 0.781550 0.031865
3 3 0.000502 0.015150 0.210422 0.770957 0.002969
3 3 0.006962 0.064109 0.183235 0.721806 0.023888
3 3 0.004966 0.012422 0.116014 0.852323 0.014276
3 3 0.042822 0.036034 0.092349 0.738357 0.090439
3 3 0.046119 0.015799 0.072632 0.849611 0.015838
4 3 0.041428 0.113899 0.175087 0.330878 0.338707
3 3 0.023510 0.093327 0.161313 0.651021 0.070829
3 3 0.022455 0.062735 0.282250 0.494424 0.138136
4 3 0.212381 0.124528 0.292139 0.049473 0.321478
2 2 0.005066 0.138722 0.558387 0.240633 0.057193
2 2 0.000741 0.055285 0.487000 0.440825 0.016150
2 2 0.005462 0.342356 0.541027 0.062238 0.048916
1 2 0.008821 0.398222 0.321890 0.112568 0.158499
2 2 0.002149 0.283539 0.540569 0.039622 0.134121
2 2 0.001138 0.040748 0.906971 0.025985 0.025159
2 2 0.001432 0.223501 0.508188 0.217860 0.049019
2 2 0.002012 0.243388 0.544888 0.146774 0.062937
2 2 0.004444 0.125793 0.444608 0.313418 0.111737
2 2 0.009838 0.247327 0.544848 0.098700 0.099287
2 2 0.009997 0.318815 0.439300 0.062995 0.168894
2 2 0.003833 0.267066 0.605640 0.012220 0.111241
4 2 0.014836 0.376701 0.203631 0.014629 0.390202
1 2 0.012102 0.403184 0.236406 0.003763 0.344546
1 2 0.019354 0.438782 0.390486 0.044801 0.106578
2 4 0.005903 0.317539 0.461891 0.052325 0.162342
2 4 0.003436 0.190400 0.456567 0.042226 0.307371
4 4 0.006330 0.362876 0.208091 0.009703 0.413000
1 4 0.059285 0.581377 0.265917 0.000370 0.093051
1 4 0.014760 0.578794 0.227049 0.002222 0.177176
2 4 0.002822 0.316561 0.414225 0.080541 0.185851
4 4 0.011720 0.255063 0.272247 0.024367 0.436603
1 4 0.003195 0.490847 0.307705 0.023549 0.174704
1 4 0.005270 0.444121 0.278156 0.001393 0.271060
4 4 0.012102 0.186201 0.120947 0.009037 0.671713
4 4 0.004540 0.242755 0.138224 0.000806 0.613675
4 4 0.052517 0.140557 0.082498 0.000240 0.724188
4 4 0.076825 0.310819 0.117212 0.000163 0.494980
4 4 0.020753 0.103900 0.076151 0.014109 0.785086
4 4 0.040923 0.166238 0.076107 0.000129 0.716602
1 4 0.041314 0.518962 0.281892 0.002070 0.155763
1 4 0.096062 0.639037 0.169035 0.000109 0.095757
1 1 0.012415 0.516095 0.434437 0.011992 0.025061
2 1 0.000932 0.135899 0.858374 0.003565 0.001229
1 1 0.001947 0.465093 0.461383 0.002566 0.069011
2 1 0.008606 0.244617 0.569109 0.019042 0.158626
1 1 0.010011 0.557502 0.355026 0.007771 0.069690
2 1 0.004819 0.350379 0.540828 0.025343 0.078632
1 1 0.016816 0.476082 0.361592 0.003257 0.142253
2 1 0.003291 0.356528 0.590982 0.010738 0.038462
2 1 0.001116 0.243474 0.739018 0.003517 0.012875
2 1 0.001743 0.400046 0.581502 0.001508 0.015201
2 1 0.006362 0.438343 0.493585 0.011021 0.050690
2 1 0.002491 0.322085 0.599186 0.009368 0.066869
2 1 0.018528 0.298052 0.615513 0.012593 0.055314
2 1 0.018183 0.260319 0.697646 0.009667 0.014184
1 1 0.050137 0.624017 0.270911 0.005529 0.049406
1 0 0.008309 0.755072 0.205323 0.000676 0.030619
2 0 0.000741 0.153403 0.795133 0.043975 0.006749
2 1 0.008803 0.101321 0.846878 0.032346 0.010653
2 1 0.008013 0.393760 0.510439 0.000956 0.086832
2 1 0.009325 0.294341 0.636736 0.004365 0.055232
2 1 0.002806 0.134475 0.819969 0.037405 0.005346
2 1 0.013140 0.125631 0.803829 0.037547 0.019852
2 1 0.005728 0.388405 0.594947 0.000487 0.010433
2 1 0.002908 0.286654 0.605954 0.059796 0.044689
2 1 0.000759 0.103486 0.842517 0.047925 0.005314
2 2 0.050572 0.337718 0.595603 0.006778 0.009330
0 0 0.985789 0.006234 0.002052 0.000003 0.005921
0 0 0.405546 0.159416 0.047760 0.000016 0.387262
4 0 0.013493 0.251382 0.106712 0.000036 0.628376
4 0 0.037602 0.273000 0.100836 0.000023 0.588540
4 0 0.002471 0.212714 0.112914 0.000074 0.671828
4 0 0.001052 0.309163 0.146008 0.000017 0.543760
2 0 0.003625 0.002933 0.689932 0.303505 0.000006
0 0 0.483123 0.130756 0.322874 0.059217 0.004030
1 0 0.036530 0.595447 0.197898 0.000663 0.169463
1 0 0.013557 0.630362 0.199713 0.000127 0.156241
1 0 0.027314 0.443163 0.185451 0.001276 0.342795
1 0 0.009822 0.503992 0.356095 0.005347 0.124744
1 0 0.008862 0.518945 0.224638 0.001750 0.245805
1 0 0.005328 0.421216 0.240351 0.011754 0.321351
2 0 0.010199 0.261941 0.380543 0.014000 0.333317
4 0 0.008233 0.297526 0.181739 0.013829 0.498673
1 0 0.003552 0.432298 0.267824 0.014122 0.282205
4 0 0.006814 0.348796 0.208010 0.017046 0.419334
1 0 0.015804 0.495568 0.223446 0.005308 0.259874
4 0 0.018001 0.058197 0.042222 0.002747 0.878834
4 0 0.013596 0.126401 0.079519 0.001783 0.778701
4 0 0.059314 0.072920 0.043481 0.001234 0.823051
4 0 0.025432 0.043691 0.033664 0.005313 0.891900
4 0 0.024736 0.081943 0.113786 0.002020 0.777516
4 0 0.014376 0.069433 0.048485 0.001797 0.865909
4 0 0.030974 0.043518 0.032932 0.005198 0.887378
4 0 0.046053 0.076731 0.047717 0.001891 0.827609
4 0 0.094709 0.321071 0.147147 0.002860 0.434213
4 0 0.038398 0.030187 0.025056 0.011828 0.894531
4 0 0.215143 0.052222 0.028896 0.001403 0.702335
4 0 0.036471 0.036897 0.028937 0.007487 0.890208
4 0 0.040571 0.028651 0.024025 0.013182 0.893571
4 0 0.127134 0.057921 0.033872 0.001630 0.779444
4 0 0.074584 0.058990 0.036786 0.001979 0.827660
4 0 0.082288 0.037213 0.035137 0.031850 0.813512
4 0 0.040571 0.028651 0.024025 0.013182 0.893571
4 0 0.039693 0.056157 0.038161 0.002652 0.863337
4 0 0.040571 0.028651 0.024025 0.013182 0.893571
4 0 0.040571 0.028651 0.024025 0.013182 0.893571
4 0 0.070088 0.048096 0.032305 0.003362 0.846148
4 0 0.021991 0.051567 0.038630 0.004317 0.883495
4 0 0.040571 0.028651 0.024025 0.013182 0.893571
4 0 0.016821 0.061428 0.044052 0.002416 0.875284
4 0 0.011508 0.082077 0.055227 0.001185 0.850002
4 0 0.040571 0.028651 0.024025 0.013182 0.893571
4 0 0.034290 0.033530 0.027259 0.009478 0.895443
4 0 0.040571 0.028651 0.024025 0.013182 0.893571
4 0 0.108149 0.066775 0.068753 0.002055 0.754268
4 0 0.040571 0.028651 0.024025 0.013182 0.893571
4 0 0.040571 0.028651 0.024025 0.013182 0.893571
4 0 0.040571 0.028651 0.024025 0.013182 0.893571
4 0 0.203562 0.049527 0.028196 0.001695 0.717020
4 0 0.028236 0.039902 0.031322 0.006499 0.894040
4 0 0.040571 0.028651 0.024025 0.013182 0.893571
4 0 0.128409 0.067136 0.037303 0.001109 0.766044
4 0 0.040571 0.028651 0.024025 0.013182 0.893571
4 0 0.083993 0.037798 0.026829 0.005654 0.845727
4 0 0.040342 0.148604 0.071273 0.000184 0.739597
4 0 0.038721 0.382548 0.145655 0.000182 0.432894
4 0 0.077555 0.061890 0.037804 0.001728 0.821022
4 0 0.016146 0.063442 0.045181 0.002236 0.872994
4 0 0.046853 0.146510 0.082411 0.000211 0.724014
2 0 0.029878 0.142938 0.580179 0.020862 0.226143
1 0 0.108212 0.348847 0.326577 0.016064 0.200301
4 0 0.183160 0.048189 0.052058 0.049889 0.666704
4 0 0.064186 0.076977 0.056267 0.043316 0.759253
0 0 0.498455 0.082738 0.074794 0.016473 0.327540
2 0 0.014463 0.228057 0.582602 0.088549 0.086329
3 0 0.069052 0.118379 0.087085 0.692452 0.033031
3 0 0.209822 0.044518 0.248537 0.472952 0.024171
4 0 0.217580 0.102064 0.044542 0.000228 0.635586
4 0 0.047600 0.222566 0.302652 0.010348 0.416834
4 0 0.025074 0.292695 0.170628 0.004851 0.506751
4 0 0.005342 0.298363 0.227628 0.007977 0.460690
4 0 0.017285 0.190598 0.169696 0.001172 0.621248
4 0 0.006499 0.174267 0.147365 0.002300 0.669569
4 0 0.011335 0.094451 0.060574 0.000813 0.832828
4 0 0.023298 0.077537 0.049839 0.001270 0.848057
4 0 0.135627 0.046044 0.028758 0.002783 0.786788
4 0 0.023009 0.055912 0.040160 0.002941 0.877978
4 0 0.033605 0.034154 0.027664 0.009112 0.895465
4 0 0.028084 0.045347 0.034238 0.004874 0.887457
4 0 0.040571 0.028651 0.024025 0.013182 0.893571
4 0 0.040571 0.028651 0.024025 0.013182 0.893571
4 0 0.067505 0.034778 0.026005 0.007417 0.864296
4 0 0.073231 0.035829 0.026293 0.006737 0.857910
4 0 0.087744 0.117829 0.056492 0.000289 0.737646
4 0 0.225342 0.079675 0.040490 0.001295 0.653197
4 0 0.296387 0.053491 0.029078 0.001292 0.619753
4 0 0.111959 0.192374 0.087151 0.000850 0.607666
4 0 0.038792 0.029898 0.024863 0.012068 0.894380
4 0 0.041452 0.054144 0.037070 0.002879 0.864456
1 0 0.201173 0.418990 0.121830 0.000111 0.257895
4 0 0.108028 0.186158 0.086336 0.001031 0.618447
4 0 0.043463 0.306988 0.150519 0.001270 0.497759
4 0 0.044142 0.295280 0.144644 0.001766 0.514168
4 0 0.064563 0.313082 0.129890 0.000375 0.492091
4 0 0.376781 0.121204 0.069779 0.002034 0.430201
1 0 0.034666 0.484042 0.190923 0.001331 0.289038
1 0 0.061566 0.444356 0.177507 0.001268 0.315303
1 0 0.012744 0.410751 0.210157 0.007899 0.358449
4 0 0.033033 0.272445 0.115417 0.000164 0.578942
1 0 0.005777 0.555857 0.300660 0.001680 0.136026
2 0 0.005436 0.123488 0.605678 0.000341 0.265057
4 0 0.285745 0.085374 0.046995 0.001218 0.580668
4 0 0.283368 0.107203 0.063584 0.002229 0.543617
2 0 0.203046 0.252308 0.476965 0.033529 0.034153
1 0 0.071781 0.640240 0.179701 0.000446 0.107832
4 0 0.143193 0.221685 0.140647 0.050727 0.443748
4 0 0.020012 0.177753 0.225192 0.009872 0.567171
2 0 0.056120 0.406668 0.438698 0.025167 0.073347
2 0 0.007711 0.340366 0.517419 0.037608 0.096897
4 0 0.233821 0.229230 0.233927 0.000194 0.302828
2 0 0.106827 0.191465 0.379784 0.000099 0.321825
1 0 0.098183 0.641725 0.171371 0.000524 0.088196
1 0 0.049524 0.538750 0.190198 0.000987 0.220541
1 0 0.004235 0.399121 0.258759 0.014581 0.323305
2 0 0.002652 0.343465 0.381684 0.019852 0.252346
4 0 0.006712 0.282854 0.301200 0.031860 0.377373
4 1 0.012220 0.138402 0.344966 0.009172 0.495240
2 1 0.000418 0.157345 0.729017 0.049794 0.063426
4 1 0.003335 0.181659 0.380191 0.009418 0.425396
1 1 0.106715 0.440728 0.237733 0.027684 0.187140
4 1 0.021412 0.356599 0.192584 0.017609 0.411796
2 1 0.003202 0.260332 0.703637 0.012593 0.020237
2 1 0.005420 0.314940 0.515876 0.015319 0.148445
2 1 0.007678 0.232209 0.437963 0.045653 0.276497
2 1 0.070023 0.296670 0.498328 0.019168 0.115810
