0 0 0.830865 0.007381 0.017433 0.023061 0.121260
0 0 0.560403 0.002768 0.008054 0.039952 0.388823
0 0 0.752992 0.004959 0.004837 0.003038 0.234174
0 0 0.584454 0.008710 0.005198 0.001786 0.399852
0 0 0.639113 0.006811 0.005877 0.003386 0.344814
0 0 0.864494 0.003701 0.002477 0.000771 0.128556
0 0 0.657645 0.003994 0.002278 0.001012 0.335072
0 0 0.743002 0.002925 0.003195 0.003224 0.247655
0 0 0.808120 0.003876 0.004173 0.002901 0.180929
0 0 0.632407 0.006882 0.003384 0.000956 0.356372
0 0 0.947209 0.001942 0.004824 0.005713 0.040312
0 0 0.859380 0.005330 0.010146 0.009368 0.115776
0 0 0.546166 0.003059 0.008002 0.033797 0.408976
0 0 0.618438 0.003051 0.011562 0.065102 0.301847
0 0 0.646169 0.006270 0.012385 0.020612 0.314564
0 0 0.904850 0.003845 0.010020 0.012093 0.069192
0 0 0.917306 0.005964 0.007411 0.002628 0.066691
0 0 0.982923 0.001537 0.003367 0.001685 0.010489
0 0 0.919119 0.004356 0.005055 0.002001 0.069469
0 0 0.755007 0.014275 0.013344 0.004174 0.213200
0 0 0.980048 0.002004 0.002162 0.000471 0.015314
0 0 0.979925 0.002631 0.005079 0.001626 0.010739
0 0 0.976013 0.003151 0.003702 0.000732 0.016402
0 0 0.983870 0.002789 0.003057 0.000432 0.009852
0 0 0.886362 0.011343 0.013199 0.003520 0.085576
2 0 0.332898 0.289101 0.342412 0.002217 0.033372
2 0 0.114551 0.261522 0.586802 0.009693 0.027433
2 0 0.114930 0.211337 0.637218 0.013321 0.023194
2 0 0.189559 0.276290 0.501682 0.006049 0.026420
2 0 0.188955 0.266681 0.497244 0.009669 0.037452
2 0 0.071165 0.216617 0.604270 0.045197 0.062752
2 0 0.082337 0.146306 0.643957 0.090649 0.036752
2 0 0.114377 0.139892 0.697140 0.036198 0.012393
2 0 0.222795 0.227502 0.515329 0.015865 0.018509
2 0 0.196436 0.195202 0.546200 0.039516 0.022646
2 0 0.235228 0.232301 0.446341 0.048849 0.037282
2 0 0.280078 0.143520 0.502673 0.043241 0.030488
0 0 0.402587 0.188680 0.317238 0.032760 0.058734
2 0 0.333963 0.280453 0.335775 0.010772 0.039037
0 0 0.432661 0.276328 0.264143 0.007827 0.019041
2 0 0.295696 0.254621 0.384462 0.024105 0.041117
2 0 0.194812 0.340151 0.404553 0.011093 0.049392
1 0 0.273455 0.411140 0.263575 0.004206 0.047624
2 0 0.274220 0.218623 0.460448 0.017856 0.028853
2 0 0.230625 0.216369 0.496029 0.020592 0.036385
2 0 0.155402 0.257074 0.319656 0.001925 0.265944
0 0 0.324397 0.322031 0.207076 0.000400 0.146096
1 0 0.312022 0.340796 0.200155 0.000222 0.146805
0 0 0.433840 0.276033 0.135690 0.000327 0.154110
2 0 0.375663 0.213451 0.381550 0.000200 0.029136
1 0 0.371841 0.392424 0.209266 0.000021 0.026448
1 0 0.311033 0.417753 0.231791 0.000003 0.039420
0 0 0.399923 0.395446 0.183846 0.000001 0.020784
1 0 0.385603 0.408706 0.179538 0.000001 0.026153
1 0 0.320877 0.414158 0.240213 0.000002 0.024750
2 1 0.071506 0.434245 0.469099 0.000009 0.025140
2 1 0.071172 0.432289 0.475715 0.000014 0.020809
1 1 0.096022 0.516363 0.368671 0.000003 0.018941
1 0 0.184722 0.519027 0.248147 0.000045 0.048060
1 0 0.218310 0.485276 0.274885 0.000058 0.021471
2 1 0.023019 0.351590 0.535413 0.000145 0.089833
2 2 0.014747 0.263335 0.542082 0.000623 0.179214
2 2 0.008319 0.140238 0.724913 0.000834 0.125696
2 2 0.010996 0.141374 0.686693 0.001654 0.159284
2 2 0.012014 0.145751 0.669059 0.000948 0.172228
2 2 0.001706 0.076069 0.897316 0.010869 0.014040
2 2 0.000587 0.009823 0.982806 0.006240 0.000544
2 2 0.000951 0.016864 0.976319 0.003531 0.002335
2 2 0.001429 0.036348 0.952787 0.003572 0.005864
2 2 0.000958 0.020337 0.963403 0.013049 0.002252
2 2 0.002208 0.025266 0.711232 0.258477 0.002817
2 2 0.002531 0.037644 0.671783 0.280786 0.007255
2 2 0.002126 0.015475 0.648884 0.331946 0.001569
2 2 0.001933 0.017401 0.599628 0.378138 0.002900
2 2 0.004070 0.029301 0.508002 0.444068 0.014560
3 3 0.003050 0.005817 0.250015 0.739173 0.001946
3 3 0.005272 0.013156 0.277204 0.694491 0.009877
3 3 0.001835 0.008712 0.161987 0.824450 0.003016
3 3 0.001905 0.005350 0.143113 0.847701 0.001931
3 3 0.001223 0.006687 0.156309 0.833504 0.002277
2 3 0.067830 0.118901 0.672711 0.032370 0.108188
2 0 0.192429 0.242310 0.481900 0.027848 0.055513
2 0 0.232859 0.254280 0.480991 0.010361 0.021509
0 0 0.402605 0.282646 0.287194 0.003805 0.023750
0 0 0.410141 0.303890 0.258969 0.001959 0.025042
2 0 0.174108 0.328714 0.467099 0.000698 0.029380
1 0 0.172783 0.418757 0.378158 0.000207 0.030094
2 1 0.110700 0.373553 0.446600 0.000088 0.069058
1 1 0.022048 0.429458 0.327765 0.000019 0.220711
2 1 0.095018 0.362257 0.466791 0.000572 0.075363
2 2 0.012851 0.267330 0.560227 0.000450 0.159141
2 1 0.015945 0.328762 0.489584 0.000259 0.165450
2 2 0.014091 0.250496 0.558364 0.000232 0.176817
2 2 0.008939 0.124936 0.728196 0.001144 0.136785
2 2 0.008096 0.124703 0.739748 0.000369 0.127084
2 2 0.001878 0.045104 0.909282 0.034690 0.009047
2 2 0.002257 0.033242 0.913345 0.046858 0.004298
2 2 0.000782 0.024301 0.930640 0.042097 0.002179
2 2 0.007090 0.023630 0.861798 0.100523 0.006959
2 2 0.003228 0.022894 0.893712 0.077255 0.002911
3 2 0.003265 0.011730 0.220099 0.761285 0.003620
3 2 0.003461 0.009501 0.261262 0.722988 0.002788
3 2 0.001938 0.006818 0.136561 0.851961 0.002723
3 2 0.002761 0.007664 0.159942 0.825693 0.003941
3 2 0.001904 0.010526 0.220527 0.762824 0.004219
3 2 0.002018 0.009021 0.081111 0.899054 0.008796
3 2 0.001112 0.004303 0.051728 0.937649 0.005208
3 3 0.001268 0.005826 0.071508 0.914289 0.007110
3 3 0.000807 0.003831 0.044810 0.946976 0.003576
3 3 0.000713 0.003678 0.046472 0.946662 0.002476
3 3 0.000630 0.004453 0.042101 0.946841 0.005975
3 3 0.000712 0.002949 0.034054 0.957854 0.004431
3 3 0.000843 0.004982 0.044763 0.941190 0.008222
3 3 0.001005 0.003499 0.039539 0.950611 0.005346
3 3 0.001118 0.003626 0.038312 0.949598 0.007346
3 3 0.000403 0.001326 0.019930 0.976183 0.002158
3 3 0.000786 0.002334 0.029354 0.963238 0.004287
3 3 0.000628 0.002905 0.036518 0.957053 0.002897
3 3 0.000855 0.002161 0.029618 0.963871 0.003495
3 3 0.000948 0.000801 0.014292 0.980497 0.003462
3 3 0.000191 0.000191 0.006647 0.992702 0.000269
3 3 0.000620 0.000778 0.015550 0.981434 0.001618
3 3 0.000470 0.001393 0.023060 0.973504 0.001573
3 3 0.000405 0.000597 0.014038 0.984181 0.000779
3 3 0.000338 0.000552 0.012486 0.985774 0.000851
3 3 0.000377 0.001020 0.018872 0.978583 0.001148
3 3 0.000465 0.001301 0.018895 0.976516 0.002823
3 3 0.000904 0.003277 0.035406 0.954127 0.006286
3 3 0.000514 0.001515 0.023365 0.972538 0.002068
3 3 0.000817 0.000919 0.016955 0.978952 0.002357
3 3 0.000715 0.001191 0.022392 0.974172 0.001530
3 3 0.000583 0.000726 0.015139 0.982163 0.001389
3 3 0.000259 0.000364 0.010749 0.988274 0.000354
3 3 0.000611 0.001029 0.019866 0.977090 0.001403
3 2 0.000306 0.000412 0.014690 0.984423 0.000168
2 2 0.039339 0.210952 0.553919 0.140997 0.054793
2 2 0.030575 0.275720 0.492917 0.109942 0.090845
2 2 0.014695 0.056924 0.500603 0.342086 0.085692
2 2 0.014705 0.108759 0.606719 0.111629 0.158188
2 2 0.013637 0.073070 0.574688 0.207820 0.130785
2 2 0.007351 0.064032 0.704789 0.207256 0.016572
2 2 0.007589 0.026220 0.609539 0.345418 0.011233
2 3 0.003560 0.016455 0.524808 0.450829 0.004348
3 3 0.002787 0.014166 0.482703 0.497162 0.003182
3 3 0.002062 0.010731 0.376113 0.609198 0.001896
3 3 0.002527 0.003405 0.106300 0.884779 0.002989
3 3 0.005910 0.028604 0.224470 0.737316 0.003700
3 3 0.005859 0.006907 0.141421 0.839272 0.006541
3 3 0.003065 0.003546 0.081213 0.908341 0.003835
3 3 0.002083 0.006964 0.088537 0.897121 0.005294
3 3 0.001569 0.002150 0.035060 0.957285 0.003935
3 3 0.000510 0.001367 0.023238 0.973350 0.001536
3 3 0.000521 0.000752 0.015910 0.981655 0.001161
3 3 0.000756 0.001357 0.023915 0.972148 0.001824
3 3 0.000648 0.000987 0.019669 0.977350 0.001347
3 3 0.000833 0.000966 0.016214 0.978651 0.003335
3 3 0.000632 0.000643 0.012587 0.983994 0.002144
3 3 0.000691 0.000718 0.013438 0.982674 0.002479
3 3 0.001086 0.003743 0.038659 0.948893 0.007619
3 3 0.000728 0.001622 0.022936 0.971117 0.003598
3 3 0.000666 0.000797 0.014198 0.981687 0.002652
3 3 0.000668 0.000366 0.008664 0.988498 0.001805
3 3 0.000565 0.000885 0.015711 0.980700 0.002139
3 3 0.000720 0.002047 0.025503 0.967010 0.004721
3 3 0.000391 0.000239 0.006672 0.991775 0.000923
3 3 0.000397 0.000352 0.009317 0.989134 0.000798
3 3 0.000840 0.001805 0.024494 0.968579 0.004282
3 3 0.000681 0.000503 0.012132 0.985436 0.001248
3 3 0.000490 0.000772 0.016624 0.981107 0.001006
3 3 0.000417 0.000572 0.011772 0.985821 0.001418
3 3 0.000441 0.000467 0.010324 0.987419 0.001350
3 3 0.000613 0.000401 0.009053 0.988072 0.001861
3 3 0.000452 0.000429 0.009842 0.987988 0.001289
3 3 0.000455 0.000434 0.009674 0.988000 0.001437
3 3 0.000757 0.000660 0.012813 0.983275 0.002495
3 3 0.000617 0.001007 0.017470 0.978688 0.002217
3 3 0.000676 0.000371 0.009050 0.988312 0.001591
3 3 0.000683 0.000482 0.011204 0.986122 0.001510
3 3 0.000386 0.000349 0.009084 0.989345 0.000836
3 3 0.000557 0.000334 0.008076 0.989467 0.001565
3 3 0.000573 0.000384 0.009664 0.988184 0.001195
3 3 0.000378 0.000266 0.006809 0.991403 0.001145
3 3 0.000603 0.000414 0.009781 0.987713 0.001488
3 3 0.000621 0.000790 0.015704 0.981255 0.001630
3 3 0.000646 0.000338 0.008515 0.989031 0.001471
3 3 0.000593 0.000584 0.011329 0.985165 0.002328
3 3 0.000757 0.001527 0.021169 0.972280 0.004267
3 3 0.000510 0.000391 0.008835 0.988617 0.001648
3 3 0.000924 0.000989 0.014677 0.977641 0.005769
3 3 0.000643 0.000398 0.009497 0.987897 0.001565
3 3 0.000654 0.000628 0.013225 0.983808 0.001684
3 3 0.000584 0.000959 0.017098 0.979364 0.001995
3 3 0.000468 0.000547 0.010738 0.986283 0.001964
3 3 0.000577 0.000787 0.015412 0.981579 0.001645
3 3 0.000455 0.000309 0.007559 0.990299 0.001378
3 3 0.000705 0.001320 0.019039 0.974975 0.003961
3 3 0.000313 0.000303 0.007891 0.990678 0.000814
3 3 0.000642 0.000368 0.009682 0.988174 0.001134
3 3 0.000520 0.000346 0.007909 0.989435 0.001790
3 3 0.001252 0.000417 0.009944 0.985861 0.002526
3 3 0.000406 0.000704 0.013850 0.983680 0.001360
3 3 0.000459 0.001806 0.023255 0.971194 0.003286
3 3 0.000706 0.000523 0.010724 0.985668 0.002378
3 3 0.000317 0.000453 0.010854 0.987597 0.000779
3 3 0.000397 0.000742 0.014572 0.983005 0.001283
3 3 0.000664 0.001137 0.017087 0.977404 0.003708
3 3 0.000521 0.000565 0.011325 0.985692 0.001898
3 3 0.000968 0.000567 0.011390 0.984029 0.003047
3 3 0.000830 0.000529 0.010844 0.985126 0.002670
3 3 0.000573 0.000419 0.009506 0.987835 0.001667
3 3 0.000376 0.000420 0.010817 0.987671 0.000716
3 3 0.000442 0.000379 0.009169 0.988858 0.001152
3 3 0.000504 0.000398 0.009884 0.988112 0.001102
3 3 0.000456 0.000504 0.011246 0.986552 0.001243
3 3 0.000690 0.000383 0.010093 0.987686 0.001148
3 3 0.000437 0.000974 0.016956 0.979909 0.001724
3 3 0.000523 0.001285 0.019627 0.976003 0.002561
3 3 0.000677 0.000797 0.014441 0.981578 0.002507
3 3 0.000595 0.000880 0.015007 0.980894 0.002625
3 3 0.000875 0.004292 0.040296 0.946301 0.008235
3 3 0.000433 0.000295 0.007513 0.990580 0.001178
3 3 0.000403 0.000387 0.009395 0.988775 0.001040
3 3 0.000405 0.000380 0.009297 0.988887 0.001030
3 3 0.000600 0.000442 0.010145 0.987250 0.001563
3 3 0.000497 0.000484 0.010591 0.986934 0.001495
3 3 0.001049 0.000636 0.013850 0.982362 0.002104
3 3 0.000484 0.000769 0.015487 0.981950 0.001309
3 3 0.000293 0.000200 0.006272 0.992686 0.000549
3 3 0.000450 0.000437 0.009925 0.987876 0.001312
3 3 0.000617 0.000778 0.016073 0.981118 0.001413
3 3 0.000429 0.000778 0.016232 0.981544 0.001018
3 3 0.000398 0.000308 0.008657 0.989927 0.000711
3 3 0.000514 0.000396 0.010159 0.987942 0.000989
3 3 0.000420 0.000237 0.007196 0.991443 0.000704
3 3 0.000437 0.000599 0.012731 0.984998 0.001235
3 3 0.000505 0.000944 0.014726 0.980744 0.003081
3 3 0.000578 0.000514 0.011333 0.986033 0.001542
3 3 0.000398 0.000233 0.006882 0.991723 0.000764
3 3 0.000579 0.000584 0.011345 0.985226 0.002266
3 3 0.000375 0.000546 0.011219 0.986490 0.001371
3 3 0.000600 0.000328 0.009372 0.988834 0.000867
3 3 0.000439 0.000266 0.008018 0.990613 0.000665
3 3 0.000364 0.000464 0.010751 0.987453 0.000969
3 3 0.000369 0.000304 0.008187 0.990333 0.000807
3 3 0.000453 0.000516 0.012059 0.985970 0.001003
3 3 0.000461 0.000575 0.012210 0.985410 0.001344
3 3 0.000386 0.000302 0.007646 0.990586 0.001080
3 3 0.000909 0.000612 0.012372 0.983476 0.002630
3 3 0.000598 0.000399 0.008791 0.988193 0.002020
3 3 0.000826 0.000295 0.007563 0.989420 0.001897
3 3 0.016669 0.010314 0.069167 0.790131 0.113718
2 1 0.058762 0.163142 0.459764 0.295233 0.023099
2 2 0.053426 0.141628 0.322531 0.300419 0.181996
3 2 0.055855 0.049431 0.238879 0.414142 0.241693
3 2 0.063164 0.057739 0.297129 0.407184 0.174784
3 2 0.003405 0.024089 0.276768 0.682786 0.012951
2 2 0.010054 0.043423 0.631854 0.281730 0.032940
3 2 0.006910 0.033517 0.369872 0.550813 0.038888
2 2 0.011225 0.092979 0.569513 0.244054 0.082229
2 2 0.006596 0.044182 0.469865 0.452748 0.026609
2 2 0.023466 0.101888 0.497656 0.002902 0.374089
2 2 0.022635 0.119876 0.512978 0.001830 0.342681
4 2 0.029252 0.047963 0.345709 0.018315 0.558760
2 2 0.018848 0.133973 0.565396 0.000998 0.280785
2 2 0.025559 0.149749 0.475085 0.001312 0.348295
4 2 0.041548 0.057159 0.213285 0.007748 0.680260
4 2 0.037819 0.118093 0.316022 0.002006 0.526060
4 2 0.032013 0.083842 0.364938 0.005090 0.514117
4 2 0.048040 0.063009 0.165277 0.004704 0.718969
4 2 0.039043 0.060155 0.236520 0.005326 0.658955
2 2 0.018180 0.099761 0.574331 0.001756 0.305971
2 2 0.021340 0.092739 0.530087 0.003952 0.351882
2 2 0.024372 0.087750 0.485597 0.006550 0.395731
4 2 0.033461 0.102007 0.369688 0.004798 0.490046
2 2 0.023769 0.107056 0.492735 0.002358 0.374082
4 2 0.034798 0.066630 0.278953 0.002378 0.617241
4 2 0.045066 0.034651 0.101088 0.001952 0.817243
4 2 0.029214 0.063722 0.351752 0.003024 0.552288
4 2 0.039139 0.089066 0.252497 0.001056 0.618242
4 2 0.039290 0.059746 0.216325 0.002520 0.682120
4 4 0.071002 0.005150 0.002669 0.001936 0.919243
4 4 0.073062 0.009198 0.005398 0.002191 0.910152
4 2 0.063434 0.035292 0.048745 0.004335 0.848196
4 2 0.055475 0.029664 0.061320 0.006534 0.847008
4 2 0.059483 0.025668 0.042136 0.005547 0.867167
2 2 0.015589 0.097263 0.628815 0.003041 0.255292
2 2 0.014783 0.102982 0.641678 0.002367 0.238189
2 2 0.011822 0.146270 0.670328 0.000489 0.171092
2 2 0.011186 0.145755 0.679151 0.000405 0.163504
2 2 0.007387 0.084696 0.778725 0.001858 0.127334
2 2 0.000720 0.043072 0.948272 0.000549 0.007387
2 2 0.024044 0.237266 0.699775 0.000618 0.038296
2 2 0.000603 0.034823 0.956340 0.000178 0.008056
2 2 0.000356 0.022772 0.973535 0.000087 0.003250
2 2 0.001283 0.052695 0.929778 0.000080 0.016164
2 2 0.000847 0.045882 0.940514 0.000048 0.012708
2 2 0.002155 0.043780 0.939460 0.000192 0.014413
2 2 0.001265 0.068782 0.911929 0.000077 0.017948
2 2 0.000311 0.033403 0.959083 0.000137 0.007066
2 2 0.001642 0.028349 0.965715 0.000148 0.004145
2 1 0.030331 0.353333 0.601174 0.000279 0.014883
2 2 0.001330 0.080210 0.891008 0.000033 0.027420
2 2 0.001189 0.059125 0.913447 0.000035 0.026203
2 2 0.001240 0.060687 0.910870 0.000029 0.027173
2 2 0.001714 0.064546 0.898109 0.000156 0.035475
2 2 0.001240 0.025124 0.961264 0.007930 0.004442
2 2 0.002138 0.023006 0.952709 0.019060 0.003087
2 2 0.001218 0.026423 0.952292 0.016176 0.003891
2 2 0.002306 0.034768 0.936203 0.019803 0.006921
2 2 0.000747 0.033674 0.950376 0.009247 0.005956
2 2 0.001507 0.026155 0.950911 0.017547 0.003880
2 2 0.006193 0.039695 0.895328 0.046065 0.012718
2 2 0.001457 0.034116 0.943133 0.013877 0.007416
2 2 0.001543 0.025748 0.956384 0.012058 0.004267
2 2 0.003351 0.020149 0.938590 0.035157 0.002754
2 2 0.001603 0.033983 0.915044 0.044177 0.005193
2 2 0.001611 0.029934 0.938923 0.024816 0.004716
2 2 0.001752 0.022710 0.926603 0.046505 0.002430
2 2 0.002084 0.034631 0.924783 0.032192 0.006310
2 2 0.003511 0.032711 0.899502 0.058512 0.005764
2 2 0.003366 0.044819 0.871249 0.067803 0.012763
2 2 0.002846 0.063330 0.879348 0.027327 0.027149
2 2 0.009006 0.042670 0.776074 0.147787 0.024462
2 2 0.004071 0.045801 0.795902 0.139948 0.014278
2 2 0.007826 0.027878 0.779077 0.172560 0.012658
2 2 0.024203 0.045363 0.576062 0.301517 0.052855
2 2 0.018236 0.058281 0.675362 0.184127 0.063995
2 2 0.011884 0.036515 0.476580 0.449790 0.025231
2 1 0.069066 0.349809 0.529374 0.025342 0.026409
2 2 0.040319 0.089546 0.724992 0.092970 0.052173
2 2 0.004250 0.037625 0.919801 0.033739 0.004584
2 2 0.003957 0.030009 0.915489 0.044753 0.005792
2 2 0.001899 0.031713 0.934684 0.026262 0.005442
2 2 0.007604 0.024518 0.906234 0.056292 0.005351
2 2 0.005078 0.037055 0.828121 0.121082 0.008663
2 2 0.123611 0.078104 0.676700 0.021881 0.099703
2 1 0.117811 0.145199 0.621729 0.063196 0.052065
0 1 0.406414 0.244377 0.281660 0.006944 0.060604
2 1 0.200449 0.220641 0.461749 0.030714 0.086447
2 2 0.135852 0.198098 0.526683 0.003628 0.135739
2 2 0.000205 0.021681 0.974956 0.000057 0.003100
2 2 0.001090 0.019498 0.974834 0.001754 0.002824
2 2 0.000523 0.031677 0.962189 0.000095 0.005516
2 2 0.000445 0.011736 0.982318 0.004674 0.000828
2 2 0.000682 0.018193 0.978126 0.000700 0.002300
2 2 0.001035 0.019473 0.973342 0.003310 0.002839
2 2 0.002376 0.022552 0.951268 0.020733 0.003072
2 2 0.000506 0.026697 0.964134 0.004467 0.004197
2 2 0.000854 0.017307 0.971066 0.009018 0.001756
2 2 0.003108 0.020965 0.901504 0.071134 0.003289
2 2 0.007425 0.041453 0.807331 0.127698 0.016093
2 2 0.017805 0.031218 0.862210 0.071154 0.017614
2 2 0.007474 0.044151 0.787500 0.142663 0.018212
2 2 0.010555 0.037868 0.765236 0.164954 0.021388
2 2 0.008777 0.024823 0.593915 0.354222 0.018263
3 2 0.008594 0.018410 0.453734 0.502410 0.016853
2 2 0.009634 0.036131 0.477096 0.446137 0.031003
3 2 0.006155 0.018139 0.313017 0.648366 0.014323
3 2 0.003905 0.015094 0.263722 0.711100 0.006180
2 2 0.007836 0.032468 0.515727 0.426335 0.017634
2 2 0.015253 0.035799 0.872837 0.052559 0.023551
0 0 0.413535 0.344332 0.217964 0.001889 0.022280
2 1 0.034523 0.176298 0.758756 0.015513 0.014911
2 2 0.008335 0.068738 0.893780 0.009006 0.020140
2 2 0.010399 0.076569 0.868113 0.012016 0.032903
2 2 0.034756 0.102498 0.599390 0.033838 0.229518
2 0 0.094509 0.349829 0.497909 0.008488 0.049265
2 1 0.020195 0.227568 0.600548 0.003155 0.148534
2 2 0.023959 0.218721 0.549634 0.007816 0.199870
2 2 0.008864 0.112238 0.736927 0.006315 0.135657
2 2 0.000959 0.024243 0.964185 0.006706 0.003907
2 2 0.000394 0.031658 0.958905 0.001475 0.007568
2 2 0.000544 0.033471 0.953466 0.004409 0.008110
2 2 0.001008 0.031169 0.955040 0.004648 0.008136
2 2 0.000412 0.035036 0.953798 0.000990 0.009765
2 2 0.011707 0.059605 0.855011 0.012528 0.061148
2 2 0.016423 0.129819 0.684717 0.013800 0.155241
2 2 0.011869 0.066662 0.818892 0.029961 0.072617
2 2 0.026249 0.108720 0.693666 0.135227 0.036138
2 0 0.211004 0.221546 0.521398 0.007039 0.039013
1 0 0.349086 0.430621 0.174733 0.000004 0.045556
1 1 0.116762 0.547672 0.254135 0.000001 0.081431
1 1 0.027886 0.456441 0.364564 0.000001 0.151108
1 2 0.102293 0.455446 0.347586 0.000004 0.094670
2 2 0.022920 0.284392 0.489770 0.000039 0.202880
2 2 0.005117 0.091137 0.879425 0.000300 0.024020
2 2 0.002552 0.052511 0.929809 0.000495 0.014633
2 2 0.000751 0.027820 0.965583 0.000318 0.005528
2 2 0.000472 0.019766 0.976567 0.000283 0.002912
2 2 0.004692 0.029548 0.961940 0.000323 0.003496
2 2 0.000834 0.032435 0.959659 0.000077 0.006994
2 2 0.004095 0.060913 0.915057 0.009187 0.010747
2 2 0.004118 0.047173 0.934769 0.001001 0.012940
2 2 0.001602 0.021163 0.974628 0.000766 0.001841
2 2 0.001198 0.040656 0.952455 0.000309 0.005382
2 2 0.000604 0.017190 0.977931 0.002634 0.001641
2 2 0.005004 0.044922 0.939194 0.005475 0.005406
2 2 0.000495 0.031310 0.963340 0.000033 0.004821
2 2 0.001007 0.024738 0.969545 0.000138 0.004572
2 2 0.000245 0.018593 0.978766 0.000096 0.002300
2 2 0.000807 0.021621 0.972992 0.000647 0.003934
2 2 0.001158 0.043343 0.943662 0.000158 0.011679
2 2 0.004512 0.086893 0.898406 0.000656 0.009533
2 2 0.001602 0.034219 0.956129 0.002028 0.006022
2 2 0.002027 0.029628 0.958431 0.002445 0.007469
2 2 0.000284 0.026672 0.968775 0.000021 0.004248
2 2 0.000110 0.022062 0.975016 0.000094 0.002718
2 2 0.000371 0.022118 0.973694 0.000060 0.003756
2 2 0.000346 0.032072 0.961400 0.000108 0.006074
2 2 0.000337 0.014308 0.983434 0.000274 0.001647
2 2 0.001387 0.021714 0.958388 0.015878 0.002634
2 2 0.000388 0.018822 0.971737 0.007132 0.001921
2 2 0.001600 0.020828 0.953453 0.022199 0.001920
2 2 0.000339 0.013729 0.982890 0.001785 0.001257
2 2 0.005853 0.027317 0.904587 0.055630 0.006613
2 2 0.002247 0.033186 0.841420 0.116315 0.006833
2 2 0.004362 0.034402 0.852373 0.098032 0.010831
2 2 0.002412 0.022509 0.937184 0.034864 0.003031
2 2 0.004705 0.022502 0.866298 0.102499 0.003996
2 2 0.002550 0.017046 0.672985 0.304564 0.002855
2 2 0.004612 0.033532 0.773309 0.181270 0.007277
2 2 0.005501 0.029909 0.685108 0.268159 0.011323
2 2 0.001979 0.027674 0.900616 0.066297 0.003434
2 2 0.001895 0.023347 0.844218 0.128347 0.002192
2 2 0.002208 0.030362 0.836404 0.126926 0.004101
2 2 0.063005 0.087384 0.710865 0.028912 0.109834
2 2 0.080801 0.058276 0.718979 0.074138 0.067806
2 2 0.076732 0.080473 0.561266 0.064400 0.217129
0 0 0.567434 0.220957 0.191929 0.002333 0.017348
0 0 0.366616 0.266158 0.338210 0.017093 0.011923
1 0 0.158389 0.400650 0.347951 0.001469 0.091540
2 1 0.119660 0.284992 0.399629 0.000772 0.194947
2 1 0.101479 0.255647 0.433407 0.001000 0.208467
2 1 0.159686 0.341273 0.412832 0.000449 0.085760
4 2 0.039590 0.288116 0.288314 0.000218 0.383761
2 2 0.027520 0.309313 0.390553 0.000125 0.272489
2 2 0.013364 0.256328 0.557296 0.000020 0.172993
2 2 0.012208 0.288018 0.542759 0.000006 0.157008
2 2 0.014526 0.196831 0.594637 0.000156 0.193851
2 2 0.009414 0.153729 0.696172 0.000148 0.140537
2 2 0.001473 0.076891 0.908669 0.000010 0.012957
2 2 0.003029 0.105765 0.874970 0.000010 0.016226
2 2 0.003659 0.057231 0.929583 0.000044 0.009484
2 2 0.001294 0.065765 0.920155 0.000001 0.012785
2 2 0.000714 0.030935 0.964623 0.000021 0.003706
2 2 0.013734 0.117071 0.827502 0.000080 0.041613
2 2 0.014906 0.173130 0.750186 0.000025 0.061754
2 0 0.271727 0.337829 0.371217 0.000176 0.019052
0 0 0.563327 0.298931 0.089646 0.000101 0.047995
1 0 0.346332 0.451668 0.184607 0.000077 0.017316
1 0 0.124548 0.585884 0.105112 0.000001 0.184455
1 1 0.097696 0.544214 0.156661 0.000002 0.201427
1 1 0.084530 0.550207 0.190228 0.000002 0.175033
1 1 0.033508 0.642553 0.102583 0.000000 0.221356
1 2 0.041076 0.544632 0.155012 0.000001 0.259279
2 2 0.006839 0.225029 0.721184 0.000016 0.046932
2 2 0.002615 0.118810 0.829918 0.000004 0.048653
2 2 0.011917 0.293347 0.586785 0.000007 0.107943
2 2 0.006951 0.184828 0.730689 0.000013 0.077519
2 2 0.004237 0.161819 0.763170 0.000004 0.070769
2 2 0.001399 0.092694 0.877056 0.000003 0.028850
2 2 0.000908 0.032489 0.958964 0.000006 0.007633
2 2 0.000723 0.055178 0.926709 0.000002 0.017388
2 2 0.001299 0.080693 0.890232 0.000002 0.027773
2 2 0.000847 0.063407 0.916089 0.000001 0.019655
2 2 0.001422 0.055450 0.918137 0.000045 0.024946
2 2 0.001081 0.054185 0.927901 0.000379 0.016454
2 2 0.002860 0.091885 0.883279 0.000364 0.021612
2 2 0.001905 0.075346 0.897685 0.000189 0.024875
2 2 0.001244 0.051311 0.930997 0.000048 0.016400
2 2 0.001221 0.022031 0.970684 0.001994 0.004070
2 2 0.000552 0.019247 0.975588 0.001270 0.003342
2 2 0.000371 0.029010 0.962440 0.000767 0.007414
2 2 0.000722 0.047186 0.935058 0.000152 0.016882
2 2 0.000906 0.036906 0.953625 0.000255 0.008308
2 2 0.003994 0.097637 0.827781 0.000726 0.069863
2 2 0.004733 0.100525 0.812961 0.000867 0.080914
2 2 0.003500 0.076863 0.854005 0.000776 0.064856
2 1 0.105471 0.295792 0.555009 0.005379 0.038349
2 1 0.039786 0.209216 0.719383 0.001141 0.030474
2 2 0.005044 0.087271 0.871347 0.007285 0.029054
2 2 0.010176 0.047904 0.882933 0.040883 0.018104
2 2 0.004744 0.070597 0.896495 0.004372 0.023792
2 2 0.008259 0.094292 0.866672 0.003927 0.026850
2 2 0.005157 0.052010 0.916133 0.002981 0.023719
2 2 0.001161 0.035061 0.955470 0.000036 0.008271
2 2 0.000731 0.045156 0.936713 0.000097 0.017303
2 2 0.000546 0.035847 0.954074 0.000060 0.009475
2 2 0.000515 0.033466 0.958792 0.000082 0.007144
2 2 0.000778 0.022132 0.972428 0.001480 0.003181
2 2 0.001222 0.032268 0.959281 0.000382 0.006847
2 2 0.000710 0.048017 0.938890 0.000276 0.012107
2 2 0.001042 0.017405 0.975310 0.003744 0.002499
2 2 0.000541 0.020990 0.974859 0.000569 0.003040
2 2 0.000473 0.025411 0.968844 0.000212 0.005060
2 2 0.005772 0.024284 0.773346 0.188925 0.007674
2 2 0.002008 0.028752 0.943601 0.020846 0.004794
2 2 0.002291 0.032012 0.935706 0.024039 0.005952
2 2 0.007035 0.023904 0.915590 0.047161 0.006311
2 2 0.001756 0.030965 0.942453 0.019208 0.005618
2 2 0.006153 0.013079 0.599065 0.376414 0.005289
2 2 0.008134 0.030590 0.518871 0.428392 0.014014
3 2 0.003940 0.011278 0.408916 0.572766 0.003100
3 2 0.003600 0.017940 0.442885 0.527892 0.007683
2 2 0.009112 0.017392 0.688804 0.281311 0.003380
2 1 0.107462 0.425409 0.426069 0.001527 0.039534
2 1 0.124309 0.368831 0.476234 0.000233 0.030394
1 1 0.172583 0.475045 0.325025 0.000060 0.027288
2 2 0.016533 0.273698 0.509507 0.000083 0.200178
2 2 0.032638 0.246555 0.541625 0.000155 0.179027
2 2 0.023299 0.087922 0.856626 0.007053 0.025100
2 2 0.004521 0.053459 0.925766 0.000252 0.016003
2 2 0.011966 0.054652 0.918414 0.001265 0.013704
2 2 0.002359 0.077096 0.905011 0.000269 0.015265
2 2 0.003653 0.031425 0.955211 0.003563 0.006148
2 2 0.002176 0.088296 0.885764 0.000173 0.023592
2 2 0.001519 0.072114 0.902360 0.000053 0.023954
2 2 0.003335 0.076935 0.871020 0.000237 0.048473
2 2 0.005382 0.075931 0.898100 0.000286 0.020301
2 2 0.001224 0.073315 0.899414 0.000019 0.026030
2 2 0.000443 0.032084 0.959316 0.000073 0.008083
2 2 0.001479 0.044596 0.940639 0.001566 0.011719
2 2 0.001017 0.052159 0.931942 0.000104 0.014778
2 2 0.001419 0.021975 0.968350 0.004972 0.003285
2 2 0.000779 0.033615 0.957115 0.000399 0.008091
2 2 0.000675 0.029449 0.962970 0.000437 0.006469
2 2 0.000705 0.040212 0.947357 0.001008 0.010718
2 2 0.000900 0.023681 0.970674 0.000866 0.003879
2 2 0.000485 0.017805 0.976779 0.002304 0.002628
2 2 0.000830 0.040929 0.945705 0.000463 0.012073
2 2 0.000953 0.025922 0.955794 0.013581 0.003750
2 2 0.001116 0.026950 0.958060 0.009444 0.004430
2 2 0.001815 0.034295 0.950127 0.004363 0.009400
2 2 0.005123 0.031908 0.903320 0.047997 0.011652
2 2 0.001817 0.038793 0.944004 0.006194 0.009192
2 2 0.006918 0.026415 0.537243 0.421070 0.008354
3 3 0.006914 0.023808 0.460708 0.496627 0.011943
3 3 0.003846 0.014127 0.359265 0.615928 0.006834
3 3 0.005283 0.026144 0.333650 0.621349 0.013573
3 3 0.006096 0.028713 0.450001 0.497074 0.018116
2 3 0.003962 0.030978 0.926138 0.032495 0.006427
2 2 0.002211 0.026897 0.933909 0.033333 0.003650
2 2 0.001279 0.025948 0.942050 0.027539 0.003184
2 2 0.001539 0.022423 0.964428 0.008306 0.003304
2 2 0.001627 0.032632 0.938321 0.021444 0.005976
2 2 0.007402 0.019407 0.521408 0.445795 0.005988
3 2 0.002272 0.011902 0.245032 0.736385 0.004408
3 2 0.002860 0.031719 0.297832 0.649366 0.018224
3 2 0.003525 0.011627 0.312542 0.666765 0.005543
3 2 0.005995 0.015039 0.235039 0.728783 0.015144
4 2 0.053827 0.024455 0.064153 0.025725 0.831839
4 2 0.055915 0.039834 0.082503 0.006922 0.814825
4 2 0.055046 0.047214 0.089228 0.002827 0.805685
4 4 0.082153 0.041247 0.030272 0.006898 0.839431
4 4 0.050614 0.033102 0.102381 0.026813 0.787090
4 4 0.072359 0.013065 0.007462 0.000899 0.906215
4 4 0.081738 0.005642 0.001266 0.000195 0.911158
4 4 0.083517 0.029467 0.011166 0.000312 0.875538
4 4 0.073743 0.003307 0.001003 0.000464 0.921483
4 4 0.075477 0.026287 0.017189 0.001354 0.879694
4 4 0.065959 0.001932 0.000716 0.000586 0.930808
4 4 0.084263 0.005411 0.001137 0.000245 0.908943
4 4 0.060945 0.001459 0.000670 0.000853 0.936073
4 4 0.059095 0.000925 0.000353 0.000457 0.939171
4 4 0.069559 0.005146 0.002975 0.002491 0.919829
4 4 0.056811 0.000922 0.000436 0.000746 0.941085
4 4 0.050890 0.000847 0.000677 0.002418 0.945169
4 4 0.064799 0.002991 0.001699 0.001896 0.928615
4 4 0.057889 0.000963 0.000425 0.000648 0.940075
4 4 0.052505 0.000555 0.000271 0.000646 0.946024
4 4 0.055723 0.001335 0.000928 0.002136 0.939879
4 4 0.070178 0.001385 0.000282 0.000127 0.928028
4 4 0.057180 0.000833 0.000351 0.000548 0.941088
4 4 0.065741 0.001182 0.000305 0.000205 0.932568
4 4 0.064026 0.001393 0.000472 0.000413 0.933696
4 4 0.070791 0.007725 0.005395 0.004579 0.911510
4 4 0.076226 0.012897 0.008567 0.005061 0.897250
4 4 0.069019 0.014189 0.013878 0.007217 0.895697
4 4 0.075348 0.016691 0.011640 0.003596 0.892724
4 4 0.074754 0.028992 0.019347 0.001145 0.875763
4 4 0.049395 0.031322 0.078868 0.003274 0.837141
4 4 0.045431 0.033040 0.100447 0.002951 0.818132
4 4 0.048184 0.084153 0.179013 0.001682 0.686967
4 4 0.045566 0.075184 0.189575 0.002137 0.687538
4 4 0.054582 0.078569 0.134386 0.001907 0.730556
4 4 0.078611 0.022421 0.014354 0.002945 0.881667
4 4 0.063627 0.043994 0.055372 0.002254 0.834753
4 4 0.059003 0.055070 0.083567 0.002104 0.800256
4 4 0.059985 0.063877 0.098748 0.003410 0.773979
4 4 0.047517 0.019566 0.062367 0.010791 0.859760
4 4 0.063777 0.026975 0.027898 0.001084 0.880265
4 4 0.062707 0.023338 0.029101 0.002850 0.882003
4 4 0.067956 0.007002 0.004341 0.001428 0.919273
4 4 0.074316 0.018666 0.009270 0.000377 0.897372
4 4 0.076642 0.020097 0.010617 0.000781 0.891864
4 4 0.051606 0.204516 0.195643 0.000227 0.548008
4 1 0.050073 0.296827 0.212988 0.000240 0.439873
1 1 0.029893 0.414430 0.270545 0.000006 0.285126
2 2 0.015058 0.224152 0.555788 0.000038 0.204964
2 2 0.015594 0.257302 0.531132 0.000033 0.195939
2 2 0.005384 0.096855 0.802643 0.000215 0.094903
2 1 0.017646 0.372768 0.410715 0.000003 0.198869
2 1 0.005264 0.140003 0.767727 0.000026 0.086980
2 2 0.004514 0.131157 0.787382 0.000021 0.076927
2 2 0.003435 0.093368 0.839659 0.000054 0.063485
2 2 0.005495 0.116442 0.785503 0.000097 0.092463
2 2 0.004499 0.084609 0.829547 0.000304 0.081042
2 2 0.005724 0.111427 0.786399 0.000151 0.096298
2 2 0.005281 0.114939 0.790155 0.000090 0.089536
2 2 0.004364 0.088889 0.828053 0.000198 0.078496
2 2 0.005936 0.108909 0.785340 0.000202 0.099613
2 2 0.004914 0.113845 0.796883 0.000071 0.084287
2 2 0.004034 0.107821 0.816471 0.000044 0.071631
2 2 0.004435 0.093888 0.822463 0.000152 0.079062
2 2 0.005406 0.081066 0.813823 0.000503 0.099202
2 2 0.004808 0.098395 0.812387 0.000159 0.084251
2 2 0.003985 0.091826 0.831776 0.000111 0.072302
2 2 0.004443 0.097444 0.819167 0.000122 0.078824
2 2 0.005112 0.097811 0.808007 0.000212 0.088857
2 2 0.006011 0.135427 0.760641 0.000055 0.097866
2 2 0.006342 0.106475 0.781184 0.000304 0.105695
2 2 0.007469 0.108756 0.762150 0.000516 0.121109
2 2 0.006083 0.098431 0.792065 0.000416 0.103004
2 2 0.005749 0.083455 0.809754 0.000905 0.100137
2 2 0.005338 0.080125 0.817545 0.000663 0.096329
2 2 0.000421 0.041902 0.946759 0.000005 0.010914
2 2 0.000510 0.044165 0.942572 0.000015 0.012738
2 2 0.001028 0.135824 0.843093 0.000002 0.020052
2 2 0.000407 0.038914 0.950104 0.000015 0.010560
2 2 0.000454 0.040541 0.947225 0.000005 0.011775
2 2 0.000494 0.036395 0.955816 0.000047 0.007248
2 2 0.000143 0.014916 0.983162 0.000256 0.001523
2 2 0.000262 0.031180 0.961306 0.000043 0.007208
2 2 0.000097 0.014538 0.983720 0.000226 0.001418
2 2 0.000588 0.022076 0.970946 0.001120 0.005271
2 2 0.000090 0.007686 0.991290 0.000363 0.000570
2 2 0.000418 0.039023 0.949788 0.000011 0.010760
2 2 0.000168 0.012191 0.985865 0.000287 0.001488
2 2 0.000269 0.018132 0.978973 0.000190 0.002436
2 2 0.000186 0.017731 0.978722 0.000506 0.002856
2 2 0.000555 0.023904 0.964731 0.007375 0.003435
2 2 0.000832 0.022835 0.960928 0.012564 0.002841
2 2 0.000452 0.016937 0.970400 0.010837 0.001374
2 2 0.000627 0.021434 0.968666 0.006339 0.002933
2 2 0.001199 0.033261 0.934512 0.025514 0.005514
2 2 0.004696 0.049475 0.741555 0.177127 0.027147
2 2 0.003344 0.070692 0.773924 0.119905 0.032135
2 2 0.006468 0.037343 0.558917 0.357253 0.040020
2 2 0.002503 0.070313 0.824371 0.078312 0.024501
2 2 0.003179 0.038907 0.740931 0.204133 0.012851
3 2 0.004523 0.026318 0.329827 0.620879 0.018452
3 2 0.002694 0.015718 0.224748 0.745905 0.010936
3 3 0.002354 0.009937 0.203399 0.779145 0.005166
3 3 0.003442 0.013333 0.263001 0.709969 0.010255
3 3 0.003708 0.045657 0.345511 0.557687 0.047438
3 3 0.004129 0.012392 0.213349 0.759320 0.010810
3 3 0.002698 0.024586 0.247719 0.714064 0.010933
3 3 0.001488 0.004932 0.136404 0.854812 0.002365
3 3 0.001422 0.018199 0.184321 0.788000 0.008058
3 3 0.001493 0.008540 0.132964 0.852647 0.004356
3 3 0.001827 0.007234 0.062471 0.916416 0.012052
3 3 0.002074 0.006563 0.062300 0.913252 0.015811
3 3 0.002985 0.009524 0.072798 0.893088 0.021604
3 3 0.002455 0.009584 0.069171 0.890484 0.028305
3 3 0.002693 0.009497 0.076978 0.882500 0.028331
3 3 0.001494 0.003702 0.069851 0.920089 0.004864
3 3 0.001120 0.002461 0.040179 0.954362 0.001878
3 3 0.000899 0.002369 0.036680 0.958021 0.002031
3 3 0.000970 0.001761 0.030832 0.964627 0.001810
3 3 0.001056 0.003143 0.044368 0.948434 0.003000
3 3 0.001714 0.003725 0.042661 0.944685 0.007215
3 3 0.001206 0.004829 0.044522 0.939334 0.010109
3 3 0.001755 0.004186 0.041416 0.940888 0.011755
3 3 0.000789 0.001639 0.024523 0.970019 0.003029
3 3 0.001237 0.003920 0.040447 0.946306 0.008089
3 3 0.001166 0.003585 0.038342 0.949601 0.007306
3 3 0.000601 0.002030 0.027543 0.966893 0.002933
3 3 0.001297 0.003713 0.044254 0.945773 0.004963
3 3 0.000913 0.001957 0.029757 0.964700 0.002673
3 3 0.001013 0.001953 0.028939 0.964876 0.003221
3 3 0.000546 0.001254 0.021163 0.975221 0.001816
3 3 0.000750 0.001901 0.027837 0.966773 0.002740
3 3 0.001206 0.004163 0.043937 0.943879 0.006815
3 3 0.001097 0.002959 0.037045 0.954422 0.004478
3 3 0.000918 0.001987 0.027386 0.965787 0.003923
3 3 0.000739 0.002593 0.054879 0.940103 0.001686
3 3 0.001374 0.005684 0.074720 0.913099 0.005124
3 3 0.004468 0.025052 0.215569 0.722544 0.032367
3 3 0.005976 0.025524 0.225793 0.703564 0.039144
3 3 0.003688 0.031446 0.249440 0.685956 0.029469
3 3 0.003379 0.023517 0.300761 0.658245 0.014098
3 3 0.003702 0.021472 0.346564 0.616144 0.012118
3 3 0.002837 0.022145 0.265498 0.697957 0.011562
3 3 0.008251 0.013982 0.260522 0.707547 0.009697
3 3 0.002508 0.019970 0.314960 0.654527 0.008035
3 3 0.002377 0.017363 0.160433 0.800409 0.019419
3 3 0.003752 0.016133 0.149903 0.809672 0.020541
3 3 0.002497 0.009043 0.121333 0.855871 0.011255
3 3 0.005941 0.033678 0.260655 0.636021 0.063706
3 3 0.002714 0.022392 0.170232 0.772378 0.032283
3 3 0.001745 0.003929 0.064418 0.927172 0.002737
3 3 0.002475 0.008888 0.181387 0.799731 0.007518
3 3 0.001637 0.011579 0.131430 0.847707 0.007647
3 3 0.001220 0.002905 0.048403 0.945269 0.002202
3 3 0.001143 0.004768 0.066443 0.924643 0.003004
3 3 0.003673 0.008927 0.069115 0.892101 0.026185
3 3 0.002658 0.006673 0.063148 0.913549 0.013972
3 3 0.002714 0.010331 0.104884 0.871246 0.010825
3 2 0.003884 0.005992 0.123879 0.858146 0.008098
3 2 0.010113 0.059448 0.265337 0.640517 0.024585
2 2 0.002431 0.075439 0.867729 0.009419 0.044982
2 2 0.001499 0.056297 0.908782 0.002401 0.031021
2 2 0.001858 0.065706 0.893625 0.001967 0.036844
2 2 0.001420 0.055008 0.912412 0.001258 0.029902
2 2 0.001594 0.056005 0.905008 0.004833 0.032559
2 2 0.007067 0.121423 0.755774 0.006915 0.108821
2 2 0.012800 0.150300 0.655691 0.003285 0.177924
2 1 0.033610 0.166164 0.732134 0.035072 0.033019
2 1 0.062295 0.319765 0.590587 0.011842 0.015512
2 2 0.025136 0.185297 0.678214 0.007520 0.103833
2 2 0.001757 0.091072 0.882173 0.000004 0.024993
2 2 0.002630 0.095729 0.869573 0.000005 0.032063
2 2 0.001930 0.072287 0.901660 0.000078 0.024046
2 2 0.001351 0.099714 0.871245 0.000002 0.027689
2 2 0.001387 0.092676 0.877537 0.000005 0.028394
2 2 0.015957 0.053180 0.851884 0.023049 0.055929
2 1 0.054105 0.244397 0.686130 0.003124 0.012243
2 2 0.017072 0.277119 0.604818 0.001602 0.099389
2 2 0.010438 0.172901 0.669338 0.002880 0.144443
2 2 0.008909 0.087854 0.824743 0.005813 0.072681
2 2 0.001944 0.078470 0.880884 0.000097 0.038605
2 2 0.001495 0.065075 0.901484 0.000028 0.031917
2 2 0.001410 0.070643 0.898076 0.000022 0.029849
2 2 0.001926 0.063810 0.899789 0.000109 0.034367
2 2 0.001305 0.067193 0.903667 0.000044 0.027792
2 2 0.002010 0.051851 0.921130 0.001557 0.023452
2 2 0.002902 0.056479 0.917625 0.001654 0.021339
2 2 0.001804 0.033872 0.951055 0.005354 0.007914
2 2 0.001357 0.037943 0.946387 0.003219 0.011094
2 2 0.001008 0.064544 0.912652 0.000343 0.021453
2 2 0.002867 0.059473 0.894601 0.005443 0.037616
2 2 0.001949 0.071987 0.891845 0.000860 0.033359
2 2 0.001551 0.062234 0.907346 0.002101 0.026768
2 2 0.002580 0.068070 0.885855 0.002480 0.041015
2 2 0.002777 0.087019 0.870699 0.001235 0.038270
2 2 0.004197 0.101720 0.862541 0.002958 0.028584
2 2 0.001650 0.030831 0.954308 0.005304 0.007907
2 2 0.002889 0.051498 0.930048 0.003844 0.011721
2 2 0.001369 0.076081 0.894419 0.000812 0.027318
2 2 0.001202 0.033904 0.955993 0.002095 0.006805
2 2 0.001962 0.050918 0.929183 0.000783 0.017154
2 2 0.003666 0.099969 0.847790 0.000665 0.047910
2 2 0.002484 0.084891 0.879562 0.001112 0.031951
2 2 0.001619 0.049027 0.933663 0.001697 0.013994
2 2 0.003084 0.057983 0.910927 0.002155 0.025851
2 2 0.001032 0.065104 0.911418 0.000771 0.021675
2 2 0.000691 0.038693 0.946775 0.001330 0.012510
2 2 0.002159 0.039978 0.942892 0.003517 0.011454
2 2 0.001557 0.040317 0.931614 0.016668 0.009845
2 2 0.000810 0.053743 0.926979 0.000329 0.018139
2 2 0.001593 0.063117 0.907557 0.003477 0.024256
2 2 0.001913 0.044620 0.932913 0.006555 0.013999
2 2 0.005813 0.048939 0.889999 0.037879 0.017370
2 2 0.002691 0.059129 0.893526 0.029661 0.014994
2 2 0.002414 0.054599 0.902345 0.019856 0.020786
2 2 0.001004 0.066578 0.910819 0.000218 0.021380
2 2 0.001005 0.044053 0.942437 0.000571 0.011935
2 2 0.001020 0.057994 0.918417 0.000120 0.022448
2 2 0.001732 0.063490 0.910111 0.000248 0.024420
2 2 0.001130 0.065890 0.908597 0.000057 0.024325
2 2 0.012469 0.077498 0.568952 0.180947 0.160133
2 2 0.014684 0.092822 0.505047 0.160674 0.226774
2 2 0.019950 0.077215 0.491746 0.151803 0.259286
2 2 0.007387 0.103568 0.641426 0.133297 0.114322
2 2 0.015864 0.098244 0.476816 0.167835 0.241242
1 1 0.205772 0.421655 0.027590 0.000006 0.344977
4 2 0.052994 0.162085 0.170029 0.000206 0.614687
4 2 0.054451 0.323376 0.171685 0.000113 0.450375
4 2 0.054027 0.034662 0.058992 0.001113 0.851206
4 4 0.050517 0.055382 0.113021 0.001271 0.779810
4 4 0.089073 0.021440 0.005210 0.000131 0.884146
4 4 0.090753 0.105552 0.025253 0.000039 0.778402
4 4 0.071729 0.006833 0.002303 0.000141 0.918994
4 4 0.055689 0.006041 0.007437 0.002930 0.927903
4 4 0.072153 0.018204 0.008775 0.000206 0.900662
4 4 0.055225 0.171618 0.140266 0.000066 0.632825
4 4 0.037771 0.232310 0.274531 0.000046 0.455342
4 4 0.041517 0.134582 0.233948 0.000166 0.589787
4 4 0.045436 0.143449 0.200579 0.000122 0.610414
4 4 0.049451 0.381653 0.149469 0.000009 0.419419
4 4 0.083007 0.023378 0.008395 0.000290 0.884930
4 4 0.080519 0.003967 0.000748 0.000115 0.914652
4 4 0.095153 0.027670 0.005341 0.000079 0.871757
4 4 0.077499 0.023886 0.011992 0.000556 0.886066
4 4 0.066980 0.003072 0.001490 0.001331 0.927127
4 4 0.072063 0.002346 0.000621 0.000292 0.924677
4 4 0.061578 0.001520 0.000682 0.000820 0.935399
4 4 0.062635 0.001503 0.000609 0.000646 0.934607
4 4 0.065482 0.003072 0.001683 0.001764 0.927998
4 4 0.090886 0.010767 0.002460 0.000399 0.895488
4 4 0.074339 0.007885 0.003373 0.000695 0.913709
4 4 0.070461 0.002852 0.000992 0.000598 0.925096
4 4 0.061511 0.001167 0.000429 0.000463 0.936430
4 4 0.062239 0.000993 0.000302 0.000278 0.936189
4 4 0.068698 0.001769 0.000490 0.000288 0.928756
4 4 0.078089 0.004681 0.001346 0.000476 0.915408
4 4 0.066422 0.001335 0.000358 0.000236 0.931649
4 4 0.067314 0.000940 0.000178 0.000091 0.931477
4 4 0.068274 0.000866 0.000142 0.000063 0.930655
4 4 0.058718 0.000787 0.000275 0.000346 0.939874
4 4 0.056046 0.000715 0.000298 0.000501 0.942441
4 4 0.059898 0.000754 0.000228 0.000244 0.938875
4 4 0.061896 0.000866 0.000244 0.000220 0.936775
4 4 0.065217 0.000720 0.000132 0.000075 0.933857
4 4 0.072470 0.002895 0.000873 0.000432 0.923330
4 4 0.064220 0.004517 0.003618 0.005001 0.922644
4 4 0.067657 0.008173 0.007433 0.008610 0.908128
4 4 0.072782 0.006413 0.003406 0.002250 0.915149
4 4 0.081719 0.029917 0.012132 0.000309 0.875923
4 4 0.083311 0.039651 0.015562 0.000254 0.861221
2 4 0.021914 0.221022 0.474463 0.000105 0.282497
2 4 0.021421 0.296303 0.424134 0.000016 0.258126
2 4 0.022242 0.323588 0.404008 0.000017 0.250146
2 4 0.021675 0.226850 0.471583 0.000081 0.279812
4 4 0.033959 0.144481 0.335360 0.000340 0.485861
4 4 0.062451 0.154227 0.111405 0.000131 0.671786
4 4 0.045706 0.211763 0.206602 0.000049 0.535880
4 4 0.063756 0.093035 0.078507 0.000210 0.764492
1 4 0.046448 0.490586 0.118741 0.000002 0.344222
4 4 0.049923 0.219220 0.164724 0.000023 0.566111
2 4 0.013787 0.310490 0.505044 0.000006 0.170673
2 4 0.011459 0.231894 0.601394 0.000022 0.155231
2 4 0.012060 0.207028 0.610243 0.000036 0.170633
2 4 0.010404 0.271949 0.578480 0.000005 0.139161
2 4 0.011785 0.222920 0.605304 0.000032 0.159959
4 4 0.044632 0.161277 0.230179 0.000222 0.563690
4 4 0.058650 0.089770 0.089609 0.000159 0.761813
4 4 0.046364 0.179268 0.199145 0.000068 0.575155
4 4 0.047365 0.168323 0.199507 0.000122 0.584682
4 4 0.071397 0.036688 0.023266 0.000312 0.868336
4 4 0.053769 0.029977 0.052973 0.001417 0.861864
2 4 0.030694 0.286493 0.343562 0.000054 0.339196
4 4 0.032708 0.300587 0.314444 0.000040 0.352221
2 4 0.028619 0.187950 0.400499 0.000187 0.382745
2 2 0.027561 0.235466 0.395593 0.000082 0.341297
2 2 0.010113 0.182357 0.661947 0.000066 0.145517
2 2 0.009871 0.163918 0.681199 0.000119 0.144893
2 2 0.010983 0.185073 0.648347 0.000082 0.155515
2 2 0.014501 0.165269 0.618373 0.000401 0.201457
2 2 0.012327 0.100353 0.671036 0.000779 0.215505
4 4 0.086718 0.070858 0.021411 0.000073 0.820940
4 4 0.069058 0.004375 0.001920 0.000679 0.923969
4 4 0.092492 0.006474 0.000924 0.000108 0.900002
4 4 0.078082 0.013323 0.003500 0.000048 0.905046
4 4 0.083704 0.042298 0.012695 0.000060 0.861243
4 1 0.061266 0.199758 0.126241 0.000093 0.612642
4 1 0.039249 0.125053 0.270834 0.000440 0.564424
4 1 0.031023 0.177126 0.369757 0.000192 0.421902
4 2 0.033904 0.188499 0.342270 0.000218 0.435109
4 2 0.035391 0.209521 0.320957 0.000146 0.433984
2 2 0.014826 0.239029 0.555406 0.000046 0.190692
2 2 0.013576 0.117862 0.646910 0.000654 0.220997
2 2 0.016991 0.149505 0.585382 0.000536 0.247586
2 2 0.012080 0.204043 0.618126 0.000062 0.165689
2 2 0.012340 0.173809 0.640754 0.000191 0.172905
2 2 0.022046 0.111309 0.533881 0.004313 0.328450
2 2 0.017948 0.097311 0.591683 0.004071 0.288988
1 1 0.072725 0.428761 0.240682 0.000124 0.257708
2 2 0.019680 0.239206 0.501864 0.000123 0.239127
2 2 0.016934 0.216641 0.550299 0.000143 0.215983
2 2 0.015993 0.144696 0.737238 0.000477 0.101597
2 2 0.003974 0.175131 0.757462 0.000060 0.063372
2 2 0.002549 0.081575 0.866941 0.000208 0.048727
2 2 0.004332 0.116233 0.806040 0.000598 0.072798
2 2 0.002247 0.076434 0.876874 0.000102 0.044342
2 2 0.001274 0.066270 0.904846 0.000017 0.027593
2 2 0.000810 0.049227 0.930708 0.000012 0.019243
2 2 0.000576 0.049288 0.936366 0.000070 0.013700
2 2 0.001212 0.061972 0.910484 0.000055 0.026276
2 2 0.000805 0.068726 0.912546 0.000015 0.017908
2 2 0.000847 0.037127 0.955302 0.000041 0.006683
2 2 0.000775 0.066021 0.915911 0.000030 0.017263
2 2 0.000298 0.036057 0.955689 0.000040 0.007916
2 2 0.000842 0.068049 0.912584 0.000037 0.018488
2 2 0.000558 0.033972 0.958576 0.000118 0.006776
2 2 0.000341 0.038890 0.951876 0.000039 0.008854
2 2 0.001388 0.075701 0.894559 0.000311 0.028040
2 2 0.001278 0.077341 0.899315 0.000204 0.021862
2 2 0.000650 0.036493 0.949471 0.000476 0.012909
2 2 0.000314 0.031174 0.961526 0.000594 0.006392
2 2 0.000806 0.046820 0.934847 0.000798 0.016729
2 2 0.001441 0.059502 0.912969 0.001198 0.024890
2 2 0.001281 0.052663 0.924098 0.005468 0.016489
2 2 0.001173 0.068936 0.904939 0.000830 0.024122
2 2 0.001100 0.058507 0.916328 0.000335 0.023729
2 2 0.000872 0.024282 0.965026 0.006733 0.003088
2 2 0.002163 0.033589 0.951151 0.004572 0.008526
2 2 0.000483 0.024657 0.968497 0.002349 0.004014
2 2 0.000663 0.030596 0.955028 0.007707 0.006006
2 2 0.001111 0.034246 0.951505 0.007258 0.005880
2 2 0.002844 0.044513 0.906498 0.036361 0.009784
2 2 0.001117 0.033524 0.946246 0.012053 0.007061
2 2 0.001074 0.046026 0.940051 0.002432 0.010416
2 2 0.002039 0.048272 0.917410 0.015906 0.016373
2 2 0.000853 0.050291 0.918604 0.015844 0.014407
2 2 0.002851 0.069736 0.801077 0.103167 0.023168
2 2 0.002971 0.056283 0.841529 0.084093 0.015124
2 2 0.002505 0.050916 0.780381 0.155310 0.010888
2 2 0.002904 0.092708 0.774898 0.081700 0.047790
2 3 0.002046 0.043061 0.907284 0.037984 0.009625
2 3 0.005802 0.055543 0.805717 0.110634 0.022304
2 3 0.003937 0.062987 0.787567 0.118983 0.026526
2 3 0.001984 0.073656 0.802438 0.097082 0.024841
2 3 0.002489 0.052670 0.835780 0.094911 0.014150
2 3 0.002250 0.069527 0.730720 0.174284 0.023219
2 3 0.004090 0.072122 0.718122 0.150341 0.055325
2 3 0.002942 0.055900 0.719852 0.204934 0.016371
2 3 0.003967 0.078495 0.708643 0.159537 0.049357
2 3 0.003683 0.045231 0.660881 0.265918 0.024287
2 3 0.003002 0.081158 0.592761 0.276767 0.046312
3 3 0.004571 0.073793 0.415402 0.434579 0.071654
3 3 0.004029 0.028301 0.427933 0.521476 0.018261
3 3 0.004623 0.038700 0.407668 0.512845 0.036164
2 3 0.007494 0.056425 0.534913 0.305605 0.095563
2 3 0.006045 0.045267 0.484190 0.418103 0.046394
2 3 0.007460 0.076052 0.601903 0.179334 0.135250
2 3 0.010051 0.083137 0.590704 0.143093 0.173016
2 3 0.008168 0.099347 0.590672 0.175078 0.126735
2 3 0.009143 0.095151 0.640877 0.106098 0.148731
2 3 0.008556 0.090697 0.582657 0.178714 0.139376
2 3 0.005128 0.082793 0.619663 0.204006 0.088409
2 3 0.006017 0.096771 0.609287 0.193045 0.094879
2 3 0.006737 0.061013 0.516152 0.315652 0.100445
2 3 0.003837 0.090487 0.612433 0.231376 0.061868
2 3 0.005098 0.065846 0.425792 0.416662 0.086602
2 3 0.002617 0.085922 0.704195 0.173517 0.033748
2 3 0.004389 0.049763 0.610793 0.309676 0.025380
2 3 0.004091 0.072421 0.571761 0.281722 0.070005
2 3 0.003522 0.042795 0.500786 0.421375 0.031522
2 3 0.002640 0.090174 0.750608 0.112085 0.044492
3 3 0.003890 0.039960 0.326136 0.594424 0.035590
3 3 0.004906 0.030886 0.350566 0.584215 0.029428
3 3 0.002592 0.029950 0.246121 0.701178 0.020160
3 3 0.005171 0.027424 0.311814 0.618061 0.037530
3 3 0.003025 0.013138 0.161615 0.807516 0.014705
3 3 0.005179 0.029390 0.212993 0.713126 0.039312
3 3 0.003228 0.012559 0.092362 0.866387 0.025463
3 3 0.002641 0.014141 0.118617 0.840929 0.023673
3 3 0.002620 0.009960 0.100553 0.869292 0.017575
3 2 0.005646 0.029406 0.133081 0.746911 0.084955
2 2 0.003677 0.093169 0.803621 0.038064 0.061469
2 2 0.005115 0.097240 0.771211 0.043059 0.083375
2 2 0.004293 0.101793 0.754384 0.071253 0.068277
2 2 0.006445 0.105335 0.688193 0.099974 0.100053
2 2 0.004098 0.093283 0.800247 0.034343 0.068029
2 2 0.019346 0.084778 0.513541 0.071396 0.310939
2 2 0.010692 0.087731 0.688628 0.032405 0.180544
2 2 0.006540 0.085521 0.758505 0.035086 0.114348
2 2 0.017061 0.085541 0.540216 0.078694 0.278488
2 2 0.010336 0.091399 0.652930 0.073357 0.171978
2 1 0.054780 0.236408 0.471955 0.005932 0.230925
2 2 0.016460 0.189856 0.609378 0.000290 0.184016
2 2 0.017099 0.194729 0.568457 0.000817 0.218898
2 2 0.015245 0.120126 0.630350 0.001536 0.232743
2 2 0.010754 0.164242 0.669265 0.000163 0.155576
2 2 0.004449 0.077470 0.850718 0.002043 0.065319
2 2 0.005114 0.091954 0.813683 0.000882 0.088367
2 2 0.005553 0.099934 0.800016 0.001014 0.093483
2 2 0.003604 0.103664 0.828549 0.000172 0.064011
2 2 0.003694 0.078292 0.849221 0.001451 0.067342
2 2 0.003207 0.123190 0.832060 0.000046 0.041497
2 2 0.002965 0.092733 0.849396 0.000168 0.054738
2 2 0.003956 0.100888 0.825005 0.000203 0.069948
2 2 0.002856 0.087353 0.863893 0.000071 0.045828
2 2 0.001939 0.077742 0.881522 0.000073 0.038724
2 2 0.001715 0.104223 0.860889 0.000020 0.033154
2 2 0.001905 0.078324 0.881967 0.000170 0.037634
2 2 0.001621 0.076305 0.888974 0.000057 0.033042
2 2 0.001292 0.065469 0.907489 0.000063 0.025687
2 2 0.001000 0.067945 0.909349 0.000043 0.021663
2 2 0.015137 0.095443 0.633972 0.013936 0.241512
2 2 0.018492 0.102215 0.583184 0.007655 0.288454
2 2 0.024552 0.091665 0.484302 0.012278 0.387203
2 2 0.011016 0.129305 0.695375 0.002853 0.161451
2 2 0.021322 0.127268 0.531785 0.009255 0.310370
2 2 0.023805 0.205774 0.446064 0.000081 0.324276
2 2 0.026703 0.235552 0.407712 0.000090 0.329943
2 2 0.022524 0.220042 0.464832 0.000096 0.292505
2 2 0.027181 0.151734 0.422876 0.000321 0.397888
4 4 0.029080 0.128314 0.386930 0.000350 0.455326
4 4 0.053429 0.038840 0.082220 0.003664 0.821847
4 4 0.081675 0.305934 0.075807 0.000129 0.536455
4 4 0.068885 0.164085 0.085359 0.000078 0.681594
4 4 0.065097 0.048299 0.045217 0.000521 0.840865
4 4 0.056562 0.031192 0.042240 0.000635 0.869370
4 4 0.061098 0.014671 0.017892 0.003031 0.903309
4 4 0.062531 0.091247 0.098268 0.000770 0.747184
4 4 0.063572 0.084446 0.087133 0.000693 0.764157
4 4 0.055535 0.024019 0.043807 0.003522 0.873117
4 4 0.056530 0.050425 0.084149 0.001917 0.806979
4 4 0.068682 0.003781 0.001735 0.001022 0.924781
4 4 0.077172 0.005230 0.001553 0.000382 0.915663
4 4 0.075627 0.003646 0.001036 0.000416 0.919275
4 4 0.074424 0.002450 0.000561 0.000213 0.922352
4 4 0.066604 0.002239 0.000881 0.000717 0.929559
4 4 0.067455 0.001115 0.000239 0.000130 0.931061
4 4 0.092275 0.009465 0.001490 0.000090 0.896680
4 4 0.068456 0.001005 0.000183 0.000085 0.930271
4 4 0.070027 0.001927 0.000513 0.000272 0.927261
4 4 0.071703 0.002085 0.000518 0.000240 0.925454
4 4 0.063532 0.002845 0.001731 0.002176 0.929715
4 4 0.050518 0.001387 0.001649 0.007485 0.938961
4 4 0.071045 0.003264 0.001202 0.000723 0.923765
4 4 0.053780 0.001246 0.000993 0.002843 0.941138
4 4 0.077596 0.008954 0.004266 0.002017 0.907166
4 4 0.060179 0.013199 0.014499 0.001538 0.910585
4 4 0.083302 0.011308 0.004317 0.001334 0.899738
4 4 0.080753 0.062766 0.024716 0.000105 0.831660
4 4 0.071411 0.006719 0.003129 0.000747 0.917994
4 4 0.073258 0.022261 0.013751 0.000755 0.889976
4 4 0.045660 0.175187 0.174366 0.000017 0.604770
4 4 0.037300 0.195660 0.269169 0.000039 0.497833
4 4 0.047147 0.174737 0.185331 0.000050 0.592735
1 4 0.026694 0.518766 0.214687 0.000001 0.239853
4 4 0.029909 0.312612 0.311553 0.000009 0.345916
4 4 0.081797 0.035507 0.015059 0.000325 0.867312
4 4 0.072167 0.024297 0.015264 0.000575 0.887697
4 4 0.093857 0.010095 0.001435 0.000062 0.894551
4 4 0.077621 0.005998 0.002143 0.000875 0.913363
4 4 0.074611 0.002237 0.000463 0.000155 0.922534
4 4 0.070494 0.003323 0.001294 0.000830 0.924059
4 4 0.090764 0.013218 0.003513 0.000617 0.891889
4 4 0.069160 0.019948 0.017817 0.002634 0.890440
4 4 0.092346 0.009985 0.001977 0.000277 0.895415
4 4 0.072828 0.003302 0.001071 0.000542 0.922257
4 4 0.060057 0.000744 0.000219 0.000229 0.938751
4 4 0.066907 0.001510 0.000428 0.000283 0.930872
4 4 0.064462 0.001604 0.000584 0.000519 0.932831
4 4 0.076442 0.000893 0.000080 0.000016 0.922569
4 4 0.082013 0.002319 0.000296 0.000054 0.915317
4 4 0.065664 0.002338 0.001027 0.000943 0.930028
4 4 0.053138 0.000646 0.000332 0.000778 0.945106
4 4 0.057087 0.000906 0.000411 0.000674 0.940922
4 4 0.048675 0.000987 0.001112 0.005715 0.943510
4 4 0.058283 0.001067 0.000491 0.000747 0.939413
4 4 0.057443 0.001326 0.000779 0.001446 0.939005
4 4 0.077860 0.001796 0.000252 0.000060 0.920033
4 4 0.063289 0.000789 0.000183 0.000134 0.935605
4 4 0.072701 0.001287 0.000203 0.000069 0.925740
4 4 0.090203 0.004783 0.000625 0.000078 0.904311
4 4 0.114687 0.016378 0.001349 0.000045 0.867540
4 4 0.091098 0.017215 0.003338 0.000081 0.888269
4 4 0.073694 0.033861 0.019032 0.000292 0.873121
4 4 0.082374 0.060907 0.022920 0.000115 0.833684
4 4 0.069988 0.017031 0.010622 0.000555 0.901803
2 4 0.019159 0.286752 0.462107 0.000021 0.231961
2 2 0.012474 0.161152 0.627695 0.000063 0.198616
2 2 0.012891 0.239064 0.577895 0.000028 0.170123
2 2 0.012316 0.295347 0.534996 0.000005 0.157335
2 2 0.012655 0.264329 0.558531 0.000013 0.164472
2 2 0.021017 0.364457 0.383270 0.000006 0.231249
1 2 0.021811 0.412709 0.338279 0.000003 0.227197
2 2 0.027306 0.233447 0.384712 0.000041 0.354494
1 2 0.019190 0.391154 0.380201 0.000003 0.209452
1 0 0.149314 0.440147 0.041671 0.000007 0.368862
