0 0 0.968928 0.004380 0.000972 0.000001 0.025720
0 0 0.934788 0.008101 0.001183 0.000000 0.055927
0 0 0.893680 0.018277 0.005951 0.000037 0.082056
0 0 0.770110 0.006155 0.001371 0.000018 0.222346
0 0 0.747999 0.004328 0.001066 0.000260 0.246347
0 0 0.983310 0.005289 0.002960 0.000012 0.008429
0 0 0.971833 0.008443 0.013346 0.001259 0.005119
0 0 0.961725 0.009607 0.011620 0.002657 0.014392
0 0 0.954850 0.011549 0.013089 0.002757 0.017755
0 0 0.974168 0.008872 0.004253 0.000636 0.012071
0 0 0.918977 0.008142 0.002237 0.000051 0.070593
0 0 0.864543 0.004539 0.001290 0.000342 0.129286
0 0 0.813417 0.011009 0.003140 0.000260 0.172174
0 0 0.834296 0.008599 0.007121 0.000011 0.149973
0 0 0.969340 0.004546 0.001429 0.000001 0.024685
0 0 0.965007 0.004834 0.002166 0.000028 0.027965
0 0 0.965235 0.008055 0.002169 0.000003 0.024538
0 0 0.942790 0.006874 0.002610 0.000042 0.047684
0 0 0.700795 0.006773 0.011348 0.000137 0.280946
0 0 0.946458 0.007702 0.001284 0.000000 0.044556
0 0 0.703571 0.031452 0.017679 0.000030 0.247267
0 0 0.606127 0.048135 0.002277 0.000000 0.343461
0 0 0.618823 0.019791 0.018226 0.000013 0.343147
0 0 0.837716 0.015311 0.005648 0.000216 0.141109
0 0 0.925226 0.012907 0.005345 0.000196 0.056326
0 0 0.939600 0.006987 0.004175 0.000021 0.049218
0 0 0.940693 0.008232 0.004224 0.000095 0.046756
0 0 0.962981 0.004176 0.001164 0.000198 0.031481
0 0 0.908892 0.008266 0.003700 0.000048 0.079094
0 0 0.924617 0.013156 0.003276 0.000013 0.058937
0 0 0.701907 0.016842 0.004369 0.000119 0.276764
4 0 0.429146 0.035368 0.005569 0.000002 0.529915
0 0 0.609216 0.116268 0.010201 0.000000 0.264315
4 0 0.385547 0.051762 0.023373 0.000000 0.539318
4 0 0.469379 0.042336 0.009662 0.000001 0.478622
0 0 0.706525 0.016857 0.013950 0.001398 0.261269
0 0 0.748068 0.035394 0.015164 0.005791 0.195583
0 0 0.756011 0.052530 0.014871 0.002485 0.174102
0 0 0.844784 0.033752 0.014600 0.000027 0.106837
0 0 0.870968 0.036427 0.013761 0.001033 0.077811
0 0 0.743142 0.025508 0.017271 0.007128 0.206951
0 0 0.469284 0.199074 0.011922 0.000000 0.319720
0 0 0.723898 0.050124 0.065167 0.000241 0.160570
0 0 0.906946 0.020698 0.007376 0.001956 0.063025
0 0 0.854178 0.032176 0.016715 0.000526 0.096405
0 0 0.793848 0.014649 0.004011 0.000001 0.187491
0 0 0.899257 0.011822 0.001547 0.000000 0.087373
0 0 0.668688 0.011429 0.002408 0.000025 0.317450
4 0 0.340040 0.025113 0.003738 0.000002 0.631107
0 0 0.487533 0.027367 0.005074 0.000005 0.480021
0 0 0.449137 0.313936 0.022654 0.000000 0.214273
0 0 0.583782 0.264902 0.011008 0.000000 0.140308
4 0 0.229937 0.255594 0.041981 0.000000 0.472488
4 0 0.331107 0.209912 0.037927 0.000002 0.421052
0 0 0.419909 0.327387 0.026152 0.000000 0.226553
1 0 0.190436 0.595618 0.117318 0.000067 0.096562
1 0 0.356874 0.545291 0.043191 0.000001 0.054643
1 0 0.379940 0.502955 0.040085 0.000000 0.077020
1 0 0.310936 0.441221 0.055212 0.000000 0.192630
1 1 0.325204 0.472964 0.053803 0.000000 0.148028
1 1 0.177210 0.599570 0.127347 0.000110 0.095763
1 0 0.135808 0.597392 0.167973 0.000568 0.098259
1 1 0.146485 0.612457 0.154458 0.000421 0.086179
1 1 0.152952 0.621725 0.146458 0.000356 0.078510
1 1 0.182045 0.626043 0.119946 0.000125 0.071841
4 0 0.141684 0.129848 0.025811 0.000000 0.702657
4 0 0.094446 0.009854 0.002490 0.000262 0.892948
4 0 0.134199 0.023038 0.004112 0.000001 0.838650
4 0 0.418846 0.088840 0.003944 0.000000 0.488371
0 0 0.548201 0.072129 0.001925 0.000000 0.377745
1 0 0.417216 0.441066 0.033132 0.000000 0.108586
1 0 0.301129 0.468852 0.060305 0.000001 0.169713
0 0 0.365400 0.264984 0.114259 0.001034 0.254323
0 0 0.500311 0.331995 0.083744 0.000007 0.083943
0 0 0.422600 0.370194 0.049865 0.000000 0.157341
0 0 0.720931 0.066292 0.009942 0.000000 0.202835
0 0 0.783940 0.031413 0.014260 0.000163 0.170225
0 0 0.936995 0.009371 0.002309 0.000010 0.051315
0 0 0.631619 0.020953 0.005632 0.000272 0.341524
0 0 0.903193 0.018306 0.001566 0.000000 0.076935
0 0 0.781503 0.072530 0.007598 0.000000 0.138368
0 0 0.878300 0.025048 0.013979 0.001221 0.081452
0 0 0.939802 0.014308 0.005943 0.000739 0.039208
0 0 0.802263 0.027719 0.012313 0.000036 0.157668
0 0 0.862410 0.025600 0.003345 0.000000 0.108645
0 0 0.589624 0.140124 0.035741 0.000003 0.234509
0 0 0.780841 0.146776 0.020416 0.000000 0.051967
0 0 0.645074 0.132553 0.031910 0.000005 0.190458
0 0 0.784841 0.151860 0.008712 0.000000 0.054587
0 0 0.691281 0.157965 0.007936 0.000000 0.142818
0 0 0.716060 0.131136 0.020351 0.000000 0.132453
0 0 0.723554 0.126386 0.012474 0.000000 0.137587
0 0 0.747065 0.153571 0.008538 0.000000 0.090826
0 0 0.790016 0.118496 0.005419 0.000000 0.086069
0 0 0.616141 0.089891 0.064672 0.001766 0.227531
0 0 0.551755 0.048447 0.013615 0.000004 0.386179
0 0 0.632723 0.035928 0.005765 0.000000 0.325584
4 0 0.355194 0.058361 0.007149 0.000000 0.579296
0 0 0.641231 0.073915 0.004120 0.000000 0.280734
0 0 0.525194 0.125728 0.004909 0.000000 0.344169
1 0 0.260189 0.599628 0.074744 0.000010 0.065428
1 0 0.392984 0.511326 0.036233 0.000000 0.059457
1 0 0.262992 0.621983 0.069104 0.000012 0.045909
1 0 0.245802 0.631375 0.076304 0.000020 0.046499
1 0 0.216139 0.602662 0.099045 0.000033 0.082121
0 0 0.571791 0.106547 0.003319 0.000000 0.318343
4 0 0.448743 0.071761 0.006609 0.000000 0.472887
0 0 0.899789 0.012858 0.004017 0.000093 0.083243
0 0 0.566546 0.010283 0.002724 0.000679 0.419767
0 0 0.762348 0.004825 0.000846 0.000040 0.231940
0 0 0.702081 0.016577 0.003075 0.000081 0.278186
0 0 0.836163 0.011000 0.003275 0.000000 0.149561
0 0 0.922758 0.007815 0.002100 0.000437 0.066889
0 0 0.873537 0.013036 0.004663 0.001306 0.107459
0 0 0.852545 0.032832 0.004522 0.000000 0.110100
0 0 0.775493 0.069622 0.008727 0.000000 0.146158
0 0 0.467358 0.142830 0.042527 0.000016 0.347268
4 0 0.366395 0.212697 0.020486 0.000000 0.400423
0 0 0.574037 0.165246 0.006331 0.000000 0.254385
0 0 0.616409 0.141195 0.004419 0.000000 0.237976
1 0 0.171647 0.573813 0.133221 0.000099 0.121220
1 0 0.255677 0.531788 0.122556 0.000068 0.089911
1 0 0.255509 0.639081 0.068680 0.000017 0.036713
1 1 0.298102 0.589532 0.058768 0.000004 0.053594
1 1 0.187533 0.528872 0.118698 0.000032 0.164865
1 0 0.099119 0.506823 0.217698 0.001282 0.175078
1 1 0.244480 0.646333 0.072903 0.000024 0.036260
1 2 0.178065 0.641539 0.119937 0.000170 0.060289
1 2 0.117481 0.588299 0.191960 0.001263 0.100998
1 2 0.117079 0.554155 0.193439 0.000849 0.134477
1 2 0.238332 0.444847 0.079367 0.000002 0.237451
1 0 0.151128 0.381022 0.113276 0.000012 0.354562
0 0 0.391575 0.160504 0.120087 0.002912 0.324923
0 0 0.535358 0.287689 0.054806 0.000001 0.122146
0 0 0.655785 0.229390 0.013495 0.000000 0.101330
1 4 0.299462 0.541618 0.062773 0.000002 0.096146
1 4 0.240070 0.567710 0.087802 0.000011 0.104407
1 4 0.153748 0.550616 0.149128 0.000148 0.146360
1 4 0.127685 0.545801 0.178448 0.000444 0.147623
1 2 0.146822 0.523874 0.153700 0.000139 0.175465
2 2 0.028648 0.315376 0.618838 0.002627 0.034511
2 2 0.005840 0.108651 0.872004 0.001635 0.011870
2 2 0.003529 0.072019 0.917879 0.000461 0.006112
2 2 0.010897 0.176942 0.786857 0.004892 0.020413
2 2 0.021203 0.268722 0.667820 0.005323 0.036932
2 2 0.000530 0.023202 0.969819 0.004637 0.001812
2 2 0.001004 0.034068 0.962275 0.001098 0.001556
2 2 0.000655 0.027046 0.964161 0.005776 0.002363
2 2 0.000926 0.033885 0.958224 0.004266 0.002700
2 2 0.000497 0.022514 0.968253 0.006698 0.002038
2 2 0.006082 0.122955 0.847222 0.007898 0.015843
2 2 0.012198 0.188915 0.774631 0.003951 0.020305
2 2 0.000562 0.025580 0.945059 0.024731 0.004068
2 2 0.004761 0.105317 0.865760 0.009796 0.014366
2 2 0.001267 0.043473 0.938127 0.011674 0.005459
2 2 0.000491 0.023093 0.955460 0.017805 0.003151
2 2 0.000262 0.015538 0.914195 0.066465 0.003540
2 2 0.001909 0.059180 0.894733 0.032179 0.011999
1 2 0.197428 0.439610 0.322375 0.003262 0.037326
2 2 0.021422 0.271671 0.659880 0.006414 0.040614
2 2 0.018290 0.244727 0.701641 0.004666 0.030676
2 2 0.000941 0.033877 0.951088 0.008589 0.005505
2 2 0.003372 0.084175 0.888924 0.011695 0.011833
2 2 0.002191 0.063847 0.905938 0.017828 0.010196
2 2 0.007366 0.142305 0.808915 0.015912 0.025501
2 2 0.000027 0.003119 0.979011 0.017519 0.000324
2 2 0.000032 0.003489 0.980783 0.015348 0.000348
2 2 0.000106 0.007964 0.977209 0.013874 0.000848
2 2 0.000140 0.008780 0.950612 0.039157 0.001311
2 3 0.000048 0.002871 0.942947 0.053833 0.000302
2 0 0.008705 0.138358 0.729489 0.017010 0.106438
1 0 0.177357 0.529254 0.126424 0.000046 0.166920
1 0 0.257872 0.446808 0.101436 0.000009 0.193875
1 1 0.214726 0.564747 0.163458 0.000721 0.056348
1 1 0.133981 0.537269 0.169808 0.000294 0.158649
1 1 0.130115 0.606742 0.173593 0.000827 0.088724
1 1 0.153825 0.628207 0.144416 0.000369 0.073183
1 1 0.098915 0.561382 0.222086 0.002661 0.114955
1 2 0.082142 0.526029 0.253973 0.005367 0.132488
2 2 0.027359 0.275106 0.613861 0.002102 0.081573
2 2 0.000545 0.022332 0.975223 0.000983 0.000917
2 2 0.001184 0.038921 0.955702 0.001915 0.002278
2 2 0.000123 0.008340 0.988304 0.002774 0.000459
2 2 0.000706 0.028091 0.965170 0.003927 0.002105
2 2 0.000928 0.032951 0.962376 0.001879 0.001866
2 2 0.000172 0.010567 0.985536 0.003097 0.000628
2 2 0.000287 0.014632 0.982810 0.001582 0.000690
2 2 0.000886 0.033286 0.956895 0.005906 0.003026
2 2 0.000788 0.030731 0.959649 0.006045 0.002787
2 2 0.000912 0.034202 0.954111 0.007356 0.003418
2 2 0.000021 0.002558 0.986803 0.010409 0.000209
2 2 0.000009 0.001225 0.985215 0.013462 0.000089
2 2 0.000027 0.002388 0.977353 0.020035 0.000197
2 3 0.000024 0.001336 0.966714 0.031846 0.000081
2 3 0.000007 0.001045 0.980867 0.017999 0.000081
2 3 0.000013 0.001804 0.982700 0.015322 0.000161
2 3 0.000191 0.010009 0.962075 0.026518 0.001207
2 3 0.000045 0.001493 0.831830 0.166483 0.000148
2 3 0.000043 0.002226 0.884033 0.113431 0.000267
2 3 0.000144 0.007866 0.962995 0.028094 0.000901
2 3 0.000250 0.011850 0.899418 0.086126 0.002357
2 3 0.006161 0.126019 0.834088 0.013364 0.020369
2 3 0.000274 0.015818 0.944179 0.036938 0.002792
2 3 0.000897 0.035241 0.932183 0.025706 0.005973
2 3 0.001143 0.041369 0.928638 0.022109 0.006741
2 3 0.000092 0.003347 0.818947 0.177130 0.000484
2 3 0.000052 0.001598 0.716668 0.281441 0.000242
2 3 0.000124 0.002814 0.738018 0.258635 0.000409
2 3 0.000100 0.002600 0.854451 0.142602 0.000247
2 3 0.000327 0.006253 0.855751 0.136983 0.000687
3 3 0.000104 0.000911 0.346929 0.651887 0.000168
2 3 0.000396 0.002751 0.536215 0.460264 0.000373
3 3 0.000131 0.001122 0.358937 0.639597 0.000213
3 3 0.000037 0.000396 0.311381 0.688115 0.000071
3 3 0.000152 0.001230 0.410734 0.587691 0.000193
3 3 0.000159 0.001159 0.308133 0.690297 0.000253
2 3 0.000229 0.002695 0.513402 0.483148 0.000525
3 3 0.000939 0.004198 0.335684 0.658169 0.001010
2 2 0.004163 0.016086 0.610772 0.366723 0.002257
2 2 0.002419 0.029770 0.885552 0.078576 0.003682
2 3 0.000405 0.020061 0.963132 0.013977 0.002425
2 3 0.000232 0.013881 0.898315 0.084205 0.003367
2 3 0.000267 0.015644 0.933447 0.047566 0.003076
2 3 0.000307 0.011518 0.906867 0.079414 0.001893
2 3 0.000168 0.011398 0.936159 0.050078 0.002196
2 3 0.000017 0.000428 0.569181 0.430322 0.000052
2 3 0.000052 0.001505 0.851069 0.147248 0.000126
2 3 0.000063 0.003334 0.930778 0.065449 0.000375
2 3 0.000021 0.000962 0.832479 0.166446 0.000093
2 3 0.000031 0.001298 0.824192 0.174335 0.000144
3 3 0.000186 0.001710 0.447128 0.550683 0.000293
2 3 0.000071 0.001062 0.552579 0.446141 0.000147
2 3 0.000248 0.004909 0.826579 0.167711 0.000553
2 3 0.000105 0.001596 0.516003 0.481994 0.000303
2 3 0.000137 0.001759 0.511189 0.486613 0.000303
3 3 0.000028 0.000148 0.168784 0.831018 0.000022
3 3 0.000018 0.000139 0.219794 0.780030 0.000019
3 3 0.000053 0.000244 0.157523 0.842135 0.000045
3 3 0.000014 0.000107 0.203721 0.796144 0.000014
3 3 0.000030 0.000138 0.160040 0.839773 0.000019
3 3 0.000156 0.000592 0.145377 0.853711 0.000163
3 3 0.000902 0.003349 0.272532 0.722334 0.000884
3 3 0.000204 0.000950 0.225642 0.773001 0.000203
3 3 0.000503 0.003101 0.373344 0.622390 0.000663
3 3 0.000107 0.000436 0.150666 0.848687 0.000104
3 3 0.000052 0.000116 0.083641 0.916172 0.000019
3 3 0.000163 0.000360 0.120506 0.878908 0.000063
3 3 0.000043 0.000145 0.109009 0.890776 0.000026
3 3 0.000074 0.000269 0.171190 0.828425 0.000043
3 3 0.000040 0.000121 0.090852 0.908964 0.000024
3 3 0.000337 0.000895 0.155542 0.843017 0.000208
3 3 0.000233 0.000588 0.107934 0.891076 0.000169
3 3 0.000181 0.000511 0.124997 0.874189 0.000122
3 3 0.000410 0.001123 0.165422 0.832788 0.000257
3 3 0.000421 0.001450 0.189987 0.807763 0.000379
3 3 0.000343 0.000773 0.101932 0.896701 0.000250
3 3 0.000435 0.000725 0.094334 0.904319 0.000187
3 3 0.000265 0.000291 0.040731 0.958607 0.000106
3 3 0.000840 0.000803 0.063144 0.934952 0.000261
3 3 0.022413 0.037009 0.398359 0.531947 0.010272
3 3 0.000255 0.001040 0.195612 0.802835 0.000258
3 3 0.000318 0.001059 0.169070 0.829279 0.000273
3 3 0.000292 0.001147 0.202501 0.795788 0.000272
3 3 0.000287 0.000743 0.125806 0.872968 0.000196
3 3 0.000336 0.001428 0.223477 0.774409 0.000350
3 3 0.001420 0.001743 0.069503 0.926503 0.000831
3 3 0.001029 0.001768 0.091573 0.904839 0.000790
3 2 0.001466 0.002227 0.082463 0.912683 0.001161
2 2 0.017836 0.063791 0.765076 0.145074 0.008222
2 2 0.058355 0.120445 0.686875 0.120845 0.013480
2 3 0.031972 0.344878 0.545246 0.009323 0.068581
2 2 0.011876 0.196416 0.623482 0.084694 0.083532
2 2 0.007199 0.141835 0.795154 0.024976 0.030836
2 2 0.018494 0.256163 0.572312 0.054535 0.098496
2 2 0.028737 0.321173 0.597711 0.005142 0.047236
2 2 0.014391 0.219557 0.688973 0.023739 0.053340
2 2 0.001003 0.030142 0.963693 0.000807 0.004355
2 2 0.007429 0.142238 0.814262 0.012821 0.023249
2 2 0.003157 0.083146 0.859135 0.035780 0.018782
2 4 0.007510 0.146676 0.775829 0.033426 0.036558
1 4 0.177574 0.397652 0.099837 0.000006 0.324930
4 4 0.079024 0.309733 0.169230 0.000159 0.441855
4 4 0.095435 0.307153 0.139263 0.000046 0.458102
1 4 0.093666 0.395024 0.189816 0.000312 0.321183
4 2 0.084051 0.277080 0.138050 0.000049 0.500771
1 0 0.125124 0.456587 0.164644 0.000143 0.253503
1 0 0.106495 0.515729 0.206227 0.000926 0.170623
1 4 0.132353 0.458388 0.156286 0.000103 0.252870
4 4 0.089748 0.336905 0.165841 0.000131 0.407375
1 4 0.148419 0.501160 0.148522 0.000095 0.201805
4 4 0.174176 0.217497 0.045484 0.000000 0.562843
4 4 0.167444 0.276819 0.067243 0.000001 0.488494
4 4 0.145667 0.233967 0.061568 0.000000 0.558797
4 4 0.097901 0.190014 0.068929 0.000001 0.643154
4 0 0.108629 0.177691 0.055848 0.000000 0.657832
1 0 0.126429 0.483217 0.170084 0.000200 0.220070
1 1 0.160548 0.600596 0.141890 0.000207 0.096759
4 1 0.094336 0.331275 0.154825 0.000085 0.419478
2 1 0.031059 0.215783 0.392324 0.000715 0.360119
2 2 0.037491 0.299151 0.538398 0.000742 0.124218
2 2 0.003316 0.082198 0.896702 0.007978 0.009806
2 2 0.003164 0.071550 0.916161 0.001546 0.007580
2 2 0.010066 0.165599 0.801684 0.003896 0.018756
2 2 0.001383 0.039580 0.951563 0.001649 0.005825
2 2 0.005931 0.110532 0.874095 0.001140 0.008301
1 2 0.058247 0.461722 0.405525 0.003127 0.071379
2 2 0.045573 0.408430 0.489838 0.002760 0.053398
2 2 0.053434 0.436562 0.465646 0.001273 0.043084
2 2 0.036110 0.339460 0.591736 0.000769 0.031925
1 2 0.061176 0.467016 0.420328 0.001340 0.050141
1 -1 0.149909 0.485606 0.148716 0.000063 0.215707
1 1 0.069408 0.452976 0.363614 0.001129 0.112873
1 0 0.133088 0.574050 0.200904 0.001635 0.090323
1 0 0.147524 0.485526 0.273525 0.007770 0.085654
1 0 0.233997 0.464055 0.211535 0.001182 0.089231
1 0 0.302005 0.454119 0.058827 0.000001 0.185048
1 1 0.208352 0.517097 0.103888 0.000014 0.170649
1 1 0.279544 0.546208 0.070291 0.000003 0.103953
1 2 0.281044 0.503311 0.069088 0.000002 0.146556
1 0 0.147211 0.539171 0.154982 0.000167 0.158469
1 0 0.082386 0.526613 0.253477 0.005310 0.132214
1 0 0.117218 0.499438 0.186428 0.000406 0.196510
1 1 0.214455 0.642915 0.092769 0.000053 0.049808
1 1 0.114296 0.586581 0.196566 0.001468 0.101088
1 2 0.137398 0.538319 0.165834 0.000255 0.158195
2 1 0.018813 0.241187 0.719208 0.001596 0.019196
2 1 0.023418 0.280309 0.663690 0.002783 0.029801
2 2 0.025514 0.298868 0.630740 0.004566 0.040312
2 2 0.006502 0.112204 0.868517 0.000895 0.011882
2 0 0.006416 0.124871 0.851818 0.004328 0.012568
4 0 0.154165 0.257969 0.097650 0.001036 0.489181
1 0 0.236212 0.455517 0.087570 0.000004 0.220698
4 0 0.173303 0.345411 0.094282 0.000013 0.386991
0 0 0.357306 0.294398 0.036573 0.000000 0.311722
4 0 0.336857 0.169196 0.048270 0.000319 0.445358
1 0 0.366789 0.466943 0.043487 0.000000 0.122781
1 0 0.244732 0.542747 0.085701 0.000007 0.126813
1 0 0.272567 0.414710 0.062674 0.000001 0.250048
1 0 0.267077 0.540413 0.075533 0.000004 0.116973
1 0 0.265001 0.431091 0.067437 0.000001 0.236470
1 1 0.195706 0.646856 0.104900 0.000099 0.052438
1 1 0.132044 0.608853 0.170997 0.000773 0.087334
2 1 0.043585 0.364303 0.529719 0.000945 0.061448
1 2 0.076305 0.511752 0.345054 0.001300 0.065588
2 2 0.021182 0.218946 0.686123 0.000868 0.072882
2 2 0.007843 0.128847 0.845741 0.001321 0.016249
2 1 0.011371 0.155755 0.794575 0.001312 0.036986
1 2 0.065436 0.479766 0.406913 0.001011 0.046875
2 2 0.018670 0.246514 0.702352 0.003861 0.028604
2 1 0.009250 0.133919 0.841494 0.000411 0.014926
2 1 0.007158 0.117722 0.859313 0.000883 0.014924
2 1 0.006407 0.124314 0.853436 0.003888 0.011955
2 1 0.047242 0.403349 0.520129 0.000672 0.028607
2 1 0.016898 0.230914 0.723964 0.003400 0.024823
2 2 0.007684 0.130519 0.851026 0.001014 0.009757
2 2 0.000995 0.036287 0.951769 0.007301 0.003647
2 2 0.002726 0.067032 0.925587 0.001117 0.003538
2 2 0.006755 0.125522 0.856922 0.001868 0.008934
2 2 0.001746 0.050630 0.942737 0.001847 0.003040
2 2 0.000900 0.032520 0.962246 0.002327 0.002007
2 2 0.022513 0.213094 0.656700 0.000627 0.107066
2 0 0.039005 0.343705 0.545374 0.001409 0.070507
1 0 0.096201 0.458147 0.316913 0.015204 0.113535
1 0 0.178709 0.386740 0.297579 0.011554 0.125418
1 0 0.228037 0.504549 0.209003 0.002377 0.056034
1 1 0.149767 0.625182 0.149011 0.000422 0.075618
1 1 0.130108 0.606734 0.173602 0.000827 0.088729
1 1 0.126485 0.602574 0.178595 0.000941 0.091406
1 2 0.132347 0.609765 0.172675 0.000719 0.084495
1 0 0.077117 0.518769 0.329376 0.001821 0.072917
1 1 0.159352 0.633146 0.142475 0.000263 0.064765
1 0 0.123213 0.599189 0.185451 0.000997 0.091150
2 1 0.040312 0.390444 0.463216 0.011673 0.094354
1 1 0.053322 0.442769 0.435585 0.003092 0.065231
2 2 0.017678 0.196711 0.739977 0.000573 0.045061
2 2 0.018904 0.239149 0.724512 0.001110 0.016325
2 2 0.006802 0.125584 0.857445 0.001658 0.008510
2 2 0.002769 0.065856 0.924289 0.001364 0.005722
2 1 0.000748 0.024590 0.969327 0.001007 0.004327
2 2 0.002285 0.056525 0.931132 0.001882 0.008176
2 1 0.004338 0.070944 0.901592 0.000269 0.022856
2 2 0.000655 0.024287 0.969217 0.002350 0.003491
2 2 0.021815 0.279360 0.624912 0.014192 0.059721
2 0 0.029631 0.270159 0.651522 0.000356 0.048332
1 0 0.062363 0.472392 0.408881 0.001556 0.054807
1 0 0.100708 0.529868 0.249675 0.004757 0.114992
1 0 0.136671 0.606225 0.171304 0.000781 0.085019
1 0 0.225906 0.401702 0.174250 0.003576 0.194567
1 0 0.164460 0.612052 0.152586 0.000478 0.070424
1 1 0.191904 0.635649 0.116558 0.000154 0.055735
2 2 0.023843 0.287024 0.646866 0.004498 0.037770
2 2 0.014593 0.209174 0.753730 0.002707 0.019796
2 2 0.009309 0.152346 0.827895 0.001155 0.009296
2 2 0.001498 0.041580 0.951949 0.000931 0.004042
2 1 0.025744 0.294100 0.650062 0.002046 0.028048
2 1 0.002002 0.055186 0.937125 0.001927 0.003761
2 1 0.001784 0.046870 0.946429 0.000815 0.004103
2 2 0.004195 0.089227 0.901185 0.000934 0.004459
2 2 0.000942 0.034230 0.958099 0.004054 0.002675
2 1 0.006355 0.118849 0.866495 0.001240 0.007061
2 1 0.006389 0.121754 0.860344 0.002238 0.009275
2 1 0.011073 0.173698 0.799470 0.002003 0.013756
2 1 0.013111 0.193178 0.776460 0.001886 0.015365
2 1 0.051178 0.424425 0.487126 0.000961 0.036310
2 1 0.014481 0.207206 0.757563 0.002342 0.018408
2 1 0.022428 0.277178 0.658719 0.004787 0.036889
2 1 0.003499 0.081419 0.898112 0.005239 0.011730
2 2 0.004816 0.092867 0.890927 0.001141 0.010249
2 2 0.010462 0.166189 0.809889 0.001601 0.011859
2 2 0.014454 0.201151 0.771078 0.000978 0.012339
2 2 0.003788 0.087095 0.898703 0.003211 0.007203
2 2 0.005252 0.107077 0.874719 0.003000 0.009952
2 2 0.003680 0.079070 0.909619 0.001097 0.006534
2 2 0.002819 0.070304 0.920132 0.002073 0.004672
2 2 0.010172 0.169267 0.796431 0.004871 0.019259
2 2 0.002003 0.056403 0.934757 0.002768 0.004069
2 2 0.007955 0.143640 0.829446 0.004207 0.014753
2 2 0.007105 0.135109 0.835525 0.006193 0.016067
2 2 0.004947 0.104323 0.878087 0.003445 0.009198
2 2 0.002218 0.064254 0.906753 0.016766 0.010010
2 2 0.004548 0.094007 0.891792 0.001691 0.007962
2 2 0.002874 0.073159 0.912921 0.004380 0.006665
2 2 0.014332 0.206213 0.758268 0.002473 0.018714
2 2 0.016784 0.228839 0.728538 0.002899 0.022940
2 0 0.019895 0.259373 0.677805 0.005986 0.036941
1 0 0.078079 0.494798 0.260064 0.004788 0.162271
1 0 0.168165 0.491319 0.258090 0.005921 0.076504
1 4 0.125363 0.601233 0.180172 0.000979 0.092253
1 2 0.099087 0.561698 0.221782 0.002643 0.114790
2 0 0.024602 0.290705 0.538484 0.026669 0.119541
1 0 0.155611 0.629460 0.142443 0.000348 0.072139
1 0 0.179822 0.642221 0.118343 0.000161 0.059454
1 1 0.173225 0.639475 0.124448 0.000198 0.062654
1 1 0.126664 0.589446 0.179737 0.000800 0.103353
1 2 0.067329 0.441388 0.411431 0.000493 0.079358
2 2 0.012900 0.194698 0.769444 0.003321 0.019636
2 2 0.009823 0.161865 0.812147 0.002460 0.013705
2 2 0.004535 0.092588 0.890167 0.002040 0.010670
2 2 0.004038 0.089793 0.889715 0.004694 0.011760
2 2 0.017784 0.241711 0.702492 0.005553 0.032460
2 2 0.001996 0.052715 0.936842 0.002082 0.006365
2 2 0.003232 0.074273 0.905784 0.003858 0.012853
2 2 0.006820 0.125095 0.854015 0.002284 0.011786
2 2 0.009985 0.164149 0.804103 0.003599 0.018164
2 2 0.002638 0.065289 0.922597 0.002473 0.007003
2 2 0.006592 0.123698 0.858836 0.001947 0.008927
2 2 0.004368 0.096148 0.887443 0.003573 0.008469
2 2 0.000943 0.034084 0.958899 0.003553 0.002521
2 2 0.000491 0.022375 0.967909 0.007147 0.002079
2 2 0.001494 0.048513 0.933038 0.010926 0.006029
2 2 0.005684 0.116212 0.857153 0.006471 0.014482
2 2 0.005140 0.110689 0.859572 0.009522 0.015077
2 2 0.005074 0.097018 0.890128 0.000769 0.007010
2 2 0.004593 0.095930 0.891751 0.001487 0.006239
2 2 0.002293 0.063774 0.920407 0.006743 0.006783
2 2 0.001149 0.038654 0.954781 0.002782 0.002634
2 2 0.000653 0.026750 0.965967 0.004520 0.002109
2 2 0.004037 0.095146 0.873987 0.012667 0.014163
2 2 0.001018 0.036502 0.953609 0.005585 0.003287
2 2 0.000972 0.037105 0.932714 0.023146 0.006062
2 2 0.001648 0.051914 0.928451 0.011359 0.006629
2 2 0.003396 0.084269 0.890571 0.010457 0.011307
2 2 0.003694 0.089799 0.879860 0.013200 0.013447
2 2 0.005665 0.117631 0.852666 0.008534 0.015504
2 2 0.004134 0.095298 0.880684 0.008110 0.011774
2 2 0.005005 0.110252 0.851820 0.014839 0.018085
2 2 0.004867 0.104777 0.873853 0.005381 0.011122
2 2 0.000770 0.029425 0.965100 0.002780 0.001926
2 2 0.002774 0.075334 0.885800 0.022433 0.013659
2 2 0.000935 0.035074 0.950754 0.009351 0.003887
2 2 0.024518 0.209224 0.550381 0.000873 0.215005
4 2 0.054452 0.300613 0.312365 0.000396 0.332173
1 0 0.073194 0.361592 0.220686 0.000728 0.343800
4 0 0.187830 0.223605 0.089150 0.002831 0.496583
4 0 0.287301 0.233980 0.103797 0.003250 0.371671
0 0 0.527166 0.023752 0.002263 0.000000 0.446818
4 0 0.373563 0.150268 0.010466 0.000000 0.465703
0 0 0.509645 0.111834 0.004294 0.000000 0.374227
0 0 0.513755 0.029462 0.006846 0.000056 0.449881
4 0 0.254143 0.030966 0.005354 0.000013 0.709523
4 0 0.296455 0.040424 0.002831 0.000000 0.660290
4 0 0.291337 0.098960 0.007397 0.000000 0.602306
4 0 0.296310 0.092028 0.006975 0.000000 0.604687
4 0 0.340377 0.137650 0.010296 0.000000 0.511677
4 0 0.212468 0.006092 0.001741 0.000561 0.779138
0 0 0.801740 0.021804 0.009052 0.000542 0.166862
0 0 0.877637 0.021367 0.003690 0.000000 0.097306
0 0 0.405140 0.267510 0.023363 0.000000 0.303987
0 0 0.460190 0.125409 0.010208 0.000000 0.404193
0 0 0.535648 0.126462 0.008664 0.000000 0.329227
0 0 0.534027 0.065571 0.011381 0.000000 0.389022
0 0 0.848203 0.007817 0.002406 0.000155 0.141418
0 0 0.691924 0.032150 0.003321 0.000000 0.272604
0 0 0.754092 0.039428 0.003823 0.000000 0.202657
0 0 0.960062 0.011214 0.001683 0.000000 0.027041
4 0 0.247851 0.108049 0.010301 0.000000 0.633799
4 0 0.274297 0.061073 0.003643 0.000000 0.660988
4 0 0.092950 0.042562 0.006676 0.000000 0.857813
4 0 0.397655 0.072348 0.003037 0.000000 0.526960
4 0 0.108404 0.076423 0.016957 0.000000 0.798216
1 0 0.175108 0.537378 0.128947 0.000055 0.158511
1 0 0.333410 0.455979 0.050738 0.000000 0.159873
1 0 0.338835 0.420675 0.046778 0.000000 0.193712
4 0 0.175183 0.322087 0.078495 0.000001 0.424234
1 0 0.250222 0.448267 0.075147 0.000002 0.226362
1 0 0.236606 0.430918 0.077786 0.000002 0.254688
1 0 0.422623 0.470886 0.031832 0.000000 0.074659
1 0 0.291648 0.492287 0.064831 0.000001 0.151233
1 0 0.269501 0.448629 0.068268 0.000001 0.213601
4 0 0.206617 0.336220 0.068907 0.000001 0.388255
4 4 0.200348 0.032631 0.001868 0.000000 0.765153
4 4 0.102139 0.033571 0.004496 0.000000 0.859795
4 4 0.166959 0.010919 0.000743 0.000000 0.821378
4 4 0.124502 0.017047 0.001845 0.000000 0.856607
4 4 0.054874 0.003899 0.000883 0.000003 0.940341
4 4 0.103796 0.009604 0.001700 0.000002 0.884899
4 4 0.138426 0.037439 0.005052 0.000000 0.819083
4 4 0.131933 0.018969 0.002708 0.000000 0.846390
4 4 0.114296 0.013747 0.002013 0.000000 0.869944
4 0 0.168979 0.058676 0.006274 0.000000 0.766071
4 0 0.406844 0.094516 0.004524 0.000000 0.494116
4 4 0.183212 0.126107 0.018572 0.000000 0.672109
4 4 0.140968 0.084059 0.018198 0.000000 0.756774
4 4 0.118872 0.028170 0.006158 0.000003 0.846798
4 4 0.130123 0.011504 0.001857 0.000002 0.856513
4 4 0.074816 0.005627 0.001001 0.000000 0.918556
4 4 0.078570 0.004778 0.000740 0.000000 0.915912
4 4 0.233389 0.040038 0.002200 0.000000 0.724373
4 4 0.092644 0.011162 0.001621 0.000000 0.894573
4 0 0.114000 0.032095 0.005786 0.000000 0.848118
4 4 0.243755 0.134103 0.014787 0.000000 0.607356
4 0 0.097452 0.032841 0.009169 0.000008 0.860531
4 4 0.329070 0.111013 0.007659 0.000000 0.552258
4 0 0.204883 0.117803 0.015550 0.000000 0.661764
4 0 0.360389 0.115779 0.007302 0.000000 0.516530
4 0 0.144455 0.038784 0.013269 0.001225 0.802267
0 0 0.572376 0.148543 0.005459 0.000000 0.273622
4 0 0.288290 0.135221 0.012284 0.000000 0.564204
4 0 0.227004 0.149125 0.018961 0.000000 0.604910
4 0 0.381015 0.194253 0.015015 0.000000 0.409717
1 0 0.330039 0.374659 0.043573 0.000000 0.251729
1 0 0.303892 0.375703 0.048972 0.000000 0.271432
0 0 0.410610 0.366871 0.030470 0.000000 0.192049
1 1 0.350897 0.394151 0.041906 0.000000 0.213045
4 1 0.132169 0.301856 0.097572 0.000005 0.468398
4 1 0.122319 0.299389 0.104647 0.000008 0.473638
1 1 0.191418 0.445144 0.102942 0.000008 0.260487
1 1 0.143196 0.411456 0.130366 0.000029 0.314953
1 1 0.159050 0.455313 0.128676 0.000031 0.256930
1 2 0.130445 0.394822 0.137334 0.000039 0.337360
1 2 0.126990 0.508939 0.174710 0.000281 0.189080
2 2 0.062744 0.379988 0.421121 0.000262 0.135885
1 2 0.093417 0.416695 0.279264 0.000114 0.210509
1 2 0.118325 0.485764 0.261523 0.000059 0.134329
2 2 0.064435 0.387597 0.400796 0.000333 0.146839
2 2 0.005018 0.077083 0.903687 0.000107 0.014105
2 2 0.032990 0.322748 0.609496 0.000943 0.033823
2 2 0.016708 0.211678 0.736485 0.001731 0.033398
2 2 0.004727 0.087789 0.891926 0.001018 0.014540
2 2 0.005183 0.093274 0.875954 0.001707 0.023882
4 0 0.123447 0.226687 0.070175 0.000001 0.579691
0 0 0.346176 0.285301 0.029356 0.000000 0.339167
0 0 0.489519 0.218843 0.027960 0.000000 0.263678
4 0 0.218064 0.149510 0.033889 0.000027 0.598510
0 1 0.363251 0.321562 0.041232 0.000000 0.273955
1 1 0.194811 0.646664 0.105614 0.000102 0.052809
1 1 0.168920 0.637401 0.128610 0.000227 0.064842
1 1 0.208561 0.648776 0.095195 0.000068 0.047401
1 1 0.138200 0.589657 0.165844 0.000465 0.105833
1 1 0.121286 0.528193 0.215228 0.000243 0.135051
2 1 0.052052 0.434342 0.460438 0.001942 0.051226
2 4 0.025995 0.289848 0.624480 0.003947 0.055730
2 4 0.017676 0.213641 0.738788 0.000954 0.028941
2 2 0.012678 0.185816 0.769046 0.003470 0.028990
2 4 0.008233 0.103657 0.864149 0.000083 0.023878
1 0 0.127210 0.603426 0.177584 0.000917 0.090863
1 1 0.158489 0.631383 0.139323 0.000317 0.070489
1 1 0.151831 0.628883 0.154830 0.000292 0.064164
2 1 0.029679 0.252884 0.669064 0.000142 0.048231
1 2 0.057090 0.438875 0.426600 0.001843 0.075592
2 2 0.005411 0.096422 0.888472 0.000534 0.009160
2 2 0.012640 0.192061 0.772925 0.003251 0.019124
2 2 0.003321 0.073937 0.911381 0.001927 0.009434
2 2 0.001638 0.037415 0.956899 0.000104 0.003945
2 2 0.001309 0.037084 0.955790 0.000980 0.004837
2 2 0.013714 0.204355 0.748233 0.005621 0.028077
2 2 0.005884 0.109031 0.869590 0.001884 0.013611
2 2 0.001744 0.041664 0.947450 0.000554 0.008588
2 2 0.003571 0.068560 0.915515 0.000492 0.011863
2 2 0.005587 0.105186 0.874813 0.001774 0.012641
2 2 0.013222 0.190618 0.783136 0.001071 0.011953
2 2 0.002734 0.059594 0.932925 0.000321 0.004427
2 2 0.002709 0.067566 0.923373 0.001781 0.004572
2 2 0.001692 0.046330 0.946339 0.001256 0.004383
2 2 0.001626 0.048111 0.942978 0.002933 0.004351
2 2 0.002054 0.053917 0.935423 0.002144 0.006462
2 2 0.002181 0.049226 0.942497 0.000337 0.005759
2 2 0.001344 0.043206 0.945775 0.005017 0.004658
2 2 0.001205 0.031656 0.962582 0.000259 0.004298
2 2 0.002313 0.061025 0.926966 0.003290 0.006406
2 2 0.001091 0.039502 0.940214 0.013931 0.005262
2 2 0.001779 0.054061 0.929987 0.008128 0.006045
2 2 0.000321 0.016365 0.975358 0.006293 0.001663
2 2 0.001084 0.039982 0.928469 0.023782 0.006684
2 2 0.009076 0.148355 0.811714 0.010229 0.020626
2 2 0.018929 0.238365 0.726321 0.000976 0.015409
2 2 0.003634 0.083938 0.898269 0.004339 0.009820
2 2 0.010094 0.160428 0.805114 0.002953 0.021411
2 2 0.003228 0.068953 0.919657 0.000775 0.007387
2 2 0.006107 0.124268 0.826971 0.016675 0.025979
2 2 0.003895 0.081341 0.894765 0.002944 0.017055
2 2 0.008500 0.153137 0.809197 0.008129 0.021037
2 2 0.004368 0.095492 0.877009 0.007156 0.015975
2 2 0.003134 0.071268 0.908754 0.003269 0.013576
2 2 0.004858 0.106863 0.846522 0.018387 0.023370
2 2 0.000434 0.020447 0.971096 0.006249 0.001775
2 2 0.000899 0.033071 0.959732 0.003796 0.002503
2 2 0.000314 0.016943 0.963986 0.016606 0.002151
2 2 0.000540 0.023607 0.968684 0.005227 0.001942
2 2 0.000674 0.027866 0.961064 0.007649 0.002747
2 2 0.000329 0.017570 0.961234 0.018521 0.002346
2 2 0.002814 0.073707 0.906509 0.008235 0.008735
2 2 0.000591 0.025354 0.965049 0.006675 0.002331
2 2 0.001528 0.047716 0.942299 0.004401 0.004057
2 2 0.002282 0.065029 0.910144 0.013327 0.009218
2 2 0.000251 0.014652 0.960989 0.022055 0.002054
2 2 0.001642 0.051858 0.927980 0.011795 0.006725
2 2 0.000162 0.010684 0.974507 0.013480 0.001168
2 2 0.000181 0.011364 0.978599 0.008806 0.001050
2 2 0.000359 0.018674 0.958676 0.019710 0.002581
2 2 0.007428 0.142514 0.812264 0.013771 0.024023
2 2 0.000595 0.025305 0.965075 0.006575 0.002450
2 2 0.002564 0.072308 0.874725 0.034706 0.015698
2 2 0.004216 0.095099 0.885802 0.005155 0.009728
2 1 0.001687 0.054200 0.906860 0.027182 0.010070
1 1 0.112943 0.463474 0.183739 0.000301 0.239542
1 0 0.144199 0.499443 0.249141 0.003636 0.103581
0 0 0.333625 0.268177 0.134343 0.009541 0.254312
0 0 0.384518 0.311509 0.125578 0.002662 0.175733
1 0 0.310205 0.408685 0.135646 0.000357 0.145107
0 0 0.464754 0.157587 0.049248 0.000804 0.327607
0 0 0.535898 0.286543 0.030548 0.000000 0.147011
0 1 0.446355 0.280478 0.019768 0.000000 0.253400
1 0 0.349865 0.417986 0.044287 0.000000 0.187862
1 0 0.300036 0.412185 0.054786 0.000000 0.232993
0 0 0.475978 0.085079 0.007757 0.000000 0.431185
0 0 0.950926 0.015828 0.013317 0.000252 0.019676
0 0 0.647415 0.052561 0.010343 0.000002 0.289679
0 0 0.512893 0.059965 0.012271 0.000027 0.414844
0 0 0.644921 0.193326 0.015652 0.000000 0.146101
1 1 0.184859 0.643982 0.113894 0.000138 0.057127
1 2 0.152007 0.626883 0.146455 0.000392 0.074263
1 2 0.169378 0.632685 0.129223 0.000212 0.068503
1 2 0.119787 0.565132 0.207318 0.000540 0.107223
1 2 0.096895 0.462022 0.243145 0.000413 0.197525
2 2 0.030229 0.329809 0.588381 0.004617 0.046964
2 2 0.009792 0.165971 0.798512 0.005685 0.020040
2 2 0.002756 0.059113 0.929127 0.000580 0.008424
2 2 0.005941 0.109781 0.871529 0.001488 0.011260
2 2 0.001551 0.040319 0.951510 0.000715 0.005905
2 2 0.034039 0.349474 0.570269 0.003072 0.043146
2 2 0.017569 0.239606 0.706060 0.005304 0.031460
2 2 0.006318 0.098895 0.881278 0.000267 0.013243
2 2 0.006997 0.114078 0.853229 0.001344 0.024353
2 2 0.029084 0.314589 0.625797 0.001726 0.028804
2 1 0.050880 0.434132 0.440975 0.003950 0.070064
1 1 0.117203 0.594924 0.218803 0.000627 0.068443
1 1 0.116927 0.590308 0.192527 0.001331 0.098906
1 1 0.113503 0.589787 0.226377 0.000700 0.069634
2 1 0.046898 0.418085 0.458500 0.004869 0.071647
2 1 0.032603 0.285245 0.620568 0.000433 0.061151
1 1 0.078369 0.518806 0.348873 0.000902 0.053051
2 1 0.041202 0.364869 0.537977 0.001360 0.054592
1 1 0.087762 0.543394 0.303378 0.001063 0.064403
2 1 0.037030 0.313551 0.564494 0.000816 0.084108
2 1 0.003144 0.062091 0.920592 0.000555 0.013618
2 2 0.008072 0.139027 0.829194 0.003532 0.020175
2 2 0.010365 0.147903 0.813308 0.001084 0.027340
2 2 0.028985 0.315513 0.622229 0.002067 0.031206
2 2 0.010222 0.144754 0.819726 0.000813 0.024486
2 1 0.004384 0.075413 0.894789 0.000586 0.024828
2 1 0.054000 0.423970 0.476563 0.000779 0.044688
2 2 0.023328 0.272009 0.684285 0.001087 0.019292
2 2 0.022134 0.252520 0.704735 0.000675 0.019936
2 2 0.014687 0.179237 0.782765 0.000397 0.022913
2 2 0.005465 0.106040 0.878397 0.001514 0.008584
2 2 0.004240 0.093566 0.889016 0.003792 0.009386
2 2 0.001729 0.041163 0.953626 0.000167 0.003315
2 2 0.003496 0.078335 0.908412 0.001960 0.007797
2 2 0.005690 0.103979 0.879149 0.000990 0.010193
2 2 0.005198 0.104370 0.878690 0.002247 0.009496
2 2 0.004539 0.088704 0.890886 0.001660 0.014211
2 2 0.006866 0.115613 0.857019 0.001406 0.019095
2 2 0.007908 0.137877 0.829746 0.003941 0.020529
2 2 0.007030 0.117871 0.860946 0.000917 0.013235
2 2 0.043711 0.396356 0.515353 0.001858 0.042722
2 2 0.022113 0.271666 0.673175 0.003121 0.029924
2 2 0.017208 0.213344 0.722806 0.002141 0.044502
2 2 0.012641 0.166424 0.779466 0.001282 0.040187
2 2 0.036149 0.356683 0.570203 0.001766 0.035199
2 2 0.006001 0.105201 0.863704 0.001912 0.023181
2 1 0.025824 0.291469 0.657640 0.001405 0.023661
2 2 0.008034 0.142692 0.825929 0.004705 0.018640
2 2 0.021375 0.249322 0.702984 0.001065 0.025254
2 2 0.005064 0.096129 0.873992 0.002825 0.021990
2 2 0.005678 0.087798 0.884259 0.000300 0.021965
2 2 0.010903 0.161748 0.759671 0.006462 0.061217
2 2 0.023301 0.279709 0.664027 0.002869 0.030094
2 2 0.015829 0.202876 0.736239 0.002281 0.042775
2 2 0.029156 0.295100 0.601213 0.002530 0.072001
2 2 0.002855 0.071856 0.914571 0.003853 0.006865
2 2 0.002692 0.065448 0.925480 0.001396 0.004983
2 2 0.012313 0.186288 0.783895 0.002118 0.015387
2 2 0.000946 0.029573 0.965988 0.000665 0.002829
2 2 0.001684 0.042758 0.948671 0.000719 0.006168
2 2 0.004012 0.092694 0.881947 0.008455 0.012892
2 2 0.011268 0.176767 0.794315 0.002425 0.015225
2 2 0.006036 0.112820 0.862380 0.002796 0.015969
2 2 0.003422 0.075021 0.907358 0.002308 0.011891
2 2 0.006233 0.114793 0.856681 0.003213 0.019080
2 1 0.012470 0.161037 0.748051 0.002329 0.076113
1 2 0.076034 0.516293 0.309545 0.003238 0.094890
1 2 0.057106 0.457875 0.408907 0.003386 0.072727
2 1 0.033243 0.334873 0.565076 0.003643 0.063166
1 2 0.058517 0.431562 0.396496 0.002335 0.111090
2 2 0.003906 0.081088 0.907273 0.000906 0.006828
2 2 0.003550 0.072204 0.912879 0.000864 0.010504
2 2 0.013749 0.199142 0.743647 0.005742 0.037720
2 2 0.006325 0.114720 0.861534 0.002109 0.015312
2 0 0.006301 0.107575 0.869836 0.000959 0.015329
4 0 0.379529 0.134089 0.025541 0.000001 0.460840
0 0 0.557029 0.235229 0.039813 0.000000 0.167929
0 0 0.410618 0.188139 0.048198 0.000050 0.352995
0 0 0.554322 0.059624 0.010683 0.000002 0.375369
0 1 0.610566 0.273654 0.033792 0.000000 0.081988
0 4 0.459268 0.174511 0.009854 0.000000 0.356367
4 4 0.320602 0.132096 0.010404 0.000000 0.536898
4 4 0.203379 0.117486 0.014763 0.000000 0.664372
4 4 0.210347 0.057451 0.006491 0.000000 0.725711
4 4 0.088086 0.024253 0.008019 0.000194 0.879447
4 0 0.212405 0.064863 0.005396 0.000000 0.717335
4 4 0.144909 0.042420 0.004116 0.000000 0.808555
4 4 0.072506 0.030988 0.007282 0.000000 0.889224
4 4 0.121328 0.120641 0.027168 0.000000 0.730863
4 4 0.114734 0.047142 0.007292 0.000000 0.830831
4 4 0.205384 0.039436 0.003093 0.000000 0.752086
4 4 0.151034 0.026702 0.003837 0.000000 0.818426
4 4 0.071506 0.002089 0.000341 0.000005 0.926060
4 4 0.064921 0.002446 0.000406 0.000001 0.932226
4 4 0.131879 0.006702 0.000680 0.000000 0.860739
4 4 0.065881 0.005276 0.001609 0.001533 0.925701
4 4 0.219365 0.050757 0.003703 0.000000 0.726175
4 4 0.263901 0.065952 0.004320 0.000000 0.665828
4 4 0.116713 0.046125 0.008005 0.000000 0.829157
4 4 0.257041 0.080301 0.006129 0.000000 0.656528
4 4 0.194407 0.057581 0.006115 0.000000 0.741897
4 4 0.278674 0.048710 0.004148 0.000000 0.668467
4 4 0.134531 0.080247 0.013100 0.000000 0.772122
4 4 0.166404 0.047506 0.007525 0.000000 0.778565
4 4 0.154537 0.039166 0.004893 0.000000 0.801403
4 4 0.125336 0.039736 0.008253 0.000000 0.826675
4 4 0.104042 0.016035 0.003120 0.000001 0.876803
4 4 0.113769 0.020412 0.003377 0.000000 0.862442
4 4 0.116593 0.011526 0.001590 0.000000 0.870291
4 4 0.282870 0.068962 0.004280 0.000000 0.643888
4 4 0.163469 0.035221 0.004897 0.000000 0.796413
4 4 0.178973 0.044637 0.006272 0.000000 0.770118
4 4 0.165678 0.032513 0.006637 0.000036 0.795135
4 4 0.258861 0.133335 0.013659 0.000000 0.594145
4 4 0.154048 0.037997 0.006470 0.000000 0.801485
4 4 0.311899 0.078850 0.004730 0.000000 0.604522
4 4 0.144411 0.041446 0.005087 0.000000 0.809057
4 4 0.269419 0.087665 0.006683 0.000000 0.636233
4 4 0.307158 0.071214 0.004086 0.000000 0.617542
4 4 0.211375 0.072452 0.006495 0.000000 0.709678
4 4 0.088314 0.014179 0.003682 0.000031 0.893794
4 4 0.231992 0.058927 0.004173 0.000000 0.704907
4 4 0.104214 0.038669 0.008823 0.000000 0.848293
4 4 0.109894 0.016834 0.002818 0.000000 0.870454
4 4 0.322402 0.067468 0.003530 0.000000 0.606600
4 4 0.125880 0.042288 0.008787 0.000000 0.823045
4 4 0.285721 0.103489 0.008133 0.000000 0.602657
4 4 0.156742 0.024234 0.006593 0.000065 0.812366
4 0 0.085800 0.022997 0.006539 0.000011 0.884653
4 4 0.179626 0.123474 0.018362 0.000000 0.678538
4 4 0.195696 0.068061 0.006400 0.000000 0.729843
4 4 0.211205 0.076016 0.007028 0.000000 0.705751
4 4 0.058738 0.029790 0.011092 0.000003 0.900376
4 4 0.085498 0.025727 0.004544 0.000000 0.884231
4 4 0.085663 0.020976 0.003728 0.000000 0.889633
4 4 0.173199 0.015672 0.001592 0.000000 0.809536
4 4 0.156396 0.036993 0.004503 0.000000 0.802108
4 4 0.175259 0.014228 0.001203 0.000000 0.809311
4 4 0.080773 0.029276 0.008679 0.000004 0.881268
4 4 0.301726 0.076872 0.004725 0.000000 0.616677
4 4 0.168836 0.090626 0.011995 0.000000 0.728543
4 4 0.216720 0.094125 0.009637 0.000000 0.679517
4 4 0.104497 0.026890 0.005599 0.000000 0.863014
4 4 0.145312 0.031815 0.004731 0.000000 0.818142
4 4 0.065139 0.020093 0.006213 0.000003 0.908551
4 4 0.084322 0.034823 0.010410 0.000003 0.870442
4 4 0.091008 0.012414 0.002187 0.000000 0.894391
4 4 0.095470 0.038747 0.009340 0.000000 0.856442
4 4 0.169867 0.033564 0.003177 0.000000 0.793393
4 4 0.415260 0.061651 0.002216 0.000000 0.520873
4 4 0.296453 0.153426 0.014457 0.000000 0.535664
4 4 0.184072 0.151917 0.024751 0.000000 0.639261
4 4 0.327588 0.158489 0.013436 0.000000 0.500486
4 4 0.283992 0.148416 0.014464 0.000000 0.553128
4 4 0.243920 0.140117 0.015828 0.000000 0.600135
0 4 0.440138 0.388511 0.028068 0.000000 0.143283
1 4 0.284012 0.373570 0.053214 0.000000 0.289203
4 4 0.217004 0.334101 0.064591 0.000000 0.384303
0 4 0.394131 0.361284 0.032134 0.000000 0.212451
1 4 0.259867 0.368830 0.058710 0.000000 0.312593
4 4 0.173334 0.202637 0.041146 0.000000 0.582883
4 0 0.184992 0.192457 0.035409 0.000000 0.587142
0 1 0.463912 0.282597 0.018714 0.000000 0.234776
0 1 0.405451 0.235761 0.018188 0.000000 0.340600
4 4 0.334189 0.236555 0.023768 0.000000 0.405488
4 4 0.130121 0.162232 0.040073 0.000000 0.667574
4 4 0.156258 0.165604 0.033914 0.000000 0.644224
4 4 0.368045 0.162938 0.012078 0.000000 0.456939
4 4 0.188369 0.155502 0.025012 0.000000 0.631116
4 4 0.165012 0.186080 0.038192 0.000000 0.610716
4 0 0.170559 0.244388 0.055214 0.000000 0.529839
1 1 0.257796 0.371867 0.059861 0.000000 0.310476
4 1 0.241111 0.224321 0.032876 0.000000 0.501692
4 1 0.220580 0.230091 0.037847 0.000000 0.511482
4 1 0.345029 0.221836 0.020792 0.000000 0.412343
1 1 0.269659 0.504723 0.073424 0.000002 0.152192
1 1 0.267611 0.412432 0.063837 0.000001 0.256120
1 1 0.211424 0.510508 0.101430 0.000012 0.176625
1 1 0.152548 0.371574 0.108941 0.000009 0.366927
4 1 0.087004 0.301440 0.148961 0.000072 0.462524
1 1 0.133334 0.611711 0.174915 0.000623 0.079417
1 1 0.092336 0.509257 0.287526 0.000653 0.110228
1 2 0.093513 0.443662 0.223073 0.000572 0.239180
2 2 0.044869 0.323513 0.499135 0.000486 0.131997
2 2 0.017027 0.163748 0.740550 0.000161 0.078514
2 2 0.029854 0.289863 0.629546 0.000913 0.049823
2 2 0.015444 0.203885 0.730313 0.003492 0.046864
2 2 0.005362 0.086964 0.887336 0.000405 0.019933
2 2 0.013463 0.152862 0.782948 0.000317 0.050409
2 2 0.008877 0.137013 0.818040 0.002291 0.033779
2 2 0.001731 0.048929 0.939982 0.003090 0.006268
2 2 0.001749 0.044401 0.946945 0.000799 0.006106
2 2 0.000511 0.016751 0.980043 0.000165 0.002530
2 2 0.005265 0.110994 0.862087 0.007328 0.014326
2 2 0.002207 0.052987 0.936198 0.001049 0.007558
2 2 0.003343 0.068185 0.911951 0.001172 0.015349
2 2 0.003050 0.060248 0.925966 0.000363 0.010373
2 2 0.006030 0.095903 0.878028 0.000453 0.019585
2 2 0.002555 0.052715 0.930418 0.000511 0.013802
2 2 0.008980 0.134066 0.841792 0.000539 0.014624
2 2 0.017919 0.162850 0.695346 0.000193 0.123692
2 2 0.016896 0.167215 0.640928 0.000895 0.174067
2 2 0.022133 0.210846 0.664492 0.000588 0.101941
2 2 0.015472 0.148320 0.693485 0.000289 0.142435
1 0 0.078363 0.387824 0.232687 0.000659 0.300467
4 0 0.312331 0.090749 0.030324 0.000702 0.565894
4 1 0.313408 0.282795 0.045578 0.000000 0.358218
0 1 0.490206 0.352793 0.020996 0.000000 0.136005
0 1 0.357688 0.292789 0.029035 0.000000 0.320488
4 1 0.276491 0.230060 0.028965 0.000000 0.464484
2 1 0.036057 0.332875 0.576177 0.001220 0.053670
2 1 0.052037 0.382681 0.468734 0.000799 0.095750
1 1 0.110344 0.585104 0.241776 0.000591 0.062185
1 1 0.086928 0.529476 0.308331 0.000949 0.074316
1 2 0.121442 0.591315 0.186335 0.001064 0.099845
2 2 0.016828 0.207039 0.737028 0.001413 0.037692
2 2 0.020196 0.247379 0.706328 0.001574 0.024523
2 2 0.010603 0.143685 0.824545 0.000424 0.020742
2 2 0.017647 0.233824 0.725716 0.002114 0.020699
2 2 0.046709 0.410292 0.496349 0.001810 0.044840
2 2 0.029928 0.317552 0.625047 0.001326 0.026147
2 2 0.018779 0.241960 0.716995 0.001835 0.020431
2 2 0.004447 0.076328 0.909280 0.000189 0.009755
2 2 0.004157 0.084520 0.894611 0.002133 0.014580
2 2 0.007178 0.129655 0.833545 0.005480 0.024142
2 2 0.002664 0.059750 0.931880 0.000514 0.005193
2 2 0.001475 0.041111 0.952671 0.000883 0.003860
2 2 0.001991 0.058707 0.922331 0.009783 0.007187
2 2 0.003979 0.091282 0.890477 0.004990 0.009272
2 2 0.004977 0.101231 0.886541 0.001305 0.005946
2 2 0.017201 0.222741 0.731395 0.001944 0.026720
2 2 0.020359 0.258491 0.689856 0.003174 0.028119
2 2 0.002607 0.059498 0.927658 0.001163 0.009073
2 2 0.003142 0.064686 0.915298 0.001118 0.015755
2 2 0.023133 0.255943 0.693925 0.000760 0.026239
2 2 0.004269 0.081999 0.905473 0.000522 0.007737
2 2 0.008968 0.154128 0.818927 0.003342 0.014636
2 2 0.005193 0.106881 0.864078 0.006500 0.017348
2 2 0.009615 0.149854 0.822674 0.001383 0.016474
2 2 0.008615 0.148290 0.828205 0.002424 0.012467
2 2 0.014387 0.194350 0.754318 0.002388 0.034557
2 2 0.008308 0.146581 0.796998 0.011692 0.036420
2 2 0.007809 0.143955 0.823036 0.006820 0.018380
2 1 0.020262 0.251923 0.706590 0.001481 0.019743
2 1 0.026898 0.305393 0.629032 0.003148 0.035528
2 2 0.007459 0.130801 0.850559 0.001387 0.009794
2 2 0.021574 0.265628 0.684412 0.002403 0.025984
2 2 0.002208 0.051291 0.939031 0.000619 0.006851
2 2 0.005183 0.107665 0.869065 0.005075 0.013012
2 2 0.005479 0.090923 0.891431 0.000307 0.011861
2 2 0.009291 0.138762 0.827411 0.001096 0.023440
2 2 0.006577 0.119780 0.849386 0.003677 0.020579
2 2 0.026718 0.301652 0.638739 0.002305 0.030587
1 2 0.075568 0.509402 0.367655 0.000742 0.046633
2 2 0.013766 0.190754 0.763994 0.002271 0.029215
2 2 0.039590 0.329389 0.512335 0.001590 0.117096
2 0 0.021646 0.225653 0.690186 0.000829 0.061686
2 0 0.171281 0.369539 0.411294 0.010719 0.037167
1 1 0.160335 0.461356 0.288406 0.010615 0.079288
1 1 0.218040 0.507563 0.226917 0.001499 0.045981
1 1 0.146172 0.544889 0.156568 0.000188 0.152182
1 2 0.090671 0.545159 0.237204 0.003728 0.123239
1 2 0.109969 0.506399 0.198934 0.000666 0.184032
2 2 0.049745 0.306230 0.420020 0.000294 0.223711
2 2 0.029309 0.243874 0.575250 0.000620 0.150946
2 2 0.006308 0.106684 0.855596 0.001937 0.029475
2 2 0.007678 0.124433 0.846595 0.001330 0.019963
2 2 0.007142 0.115157 0.850713 0.001334 0.025654
2 2 0.006065 0.112685 0.860271 0.003040 0.017938
2 2 0.005134 0.082955 0.896457 0.000240 0.015214
2 2 0.003370 0.058186 0.916819 0.000221 0.021404
2 2 0.005829 0.081289 0.884289 0.000122 0.028471
2 2 0.035563 0.266800 0.572823 0.000245 0.124569
2 1 0.031429 0.264560 0.552912 0.000987 0.150112
1 0 0.116462 0.448411 0.291596 0.001504 0.142026
4 0 0.203735 0.078526 0.017010 0.000042 0.700687
4 1 0.229689 0.169944 0.033496 0.000003 0.566868
0 1 0.364519 0.298643 0.029003 0.000000 0.307834
0 1 0.446572 0.194072 0.011994 0.000000 0.347361
4 1 0.260041 0.267610 0.038711 0.000000 0.433638
2 2 0.034251 0.357051 0.534415 0.007684 0.066599
2 2 0.051541 0.432450 0.462458 0.002007 0.051545
2 2 0.022257 0.272221 0.673417 0.002921 0.029184
2 2 0.001801 0.041347 0.947820 0.000376 0.008657
2 2 0.003171 0.068482 0.913764 0.001654 0.012928
2 2 0.013689 0.201133 0.760654 0.003229 0.021295
2 2 0.007234 0.116626 0.845172 0.001652 0.029317
2 2 0.007083 0.116607 0.856094 0.001166 0.019049
2 2 0.011957 0.159024 0.802307 0.000679 0.026034
2 2 0.009555 0.138947 0.825951 0.000911 0.024636
2 2 0.004456 0.096108 0.882498 0.004634 0.012303
2 2 0.001759 0.046736 0.943591 0.001523 0.006391
2 2 0.005894 0.112701 0.863342 0.003171 0.014892
2 2 0.014136 0.191890 0.772192 0.001220 0.020563
2 2 0.008012 0.124629 0.852925 0.000578 0.013857
2 2 0.013182 0.198992 0.760989 0.004312 0.022526
2 2 0.001870 0.054554 0.928295 0.007581 0.007700
2 2 0.005448 0.106046 0.868273 0.003529 0.016703
2 2 0.002914 0.070242 0.915170 0.003099 0.008575
2 2 0.002802 0.068974 0.916425 0.003454 0.008345
2 2 0.015815 0.202734 0.677581 0.007628 0.096243
2 2 0.021936 0.235904 0.663881 0.001838 0.076441
2 0 0.025669 0.249509 0.632322 0.001193 0.091306
1 1 0.114389 0.420218 0.411217 0.005684 0.048492
1 1 0.050214 0.433607 0.407191 0.008599 0.100389
1 0 0.152595 0.551114 0.212461 0.002178 0.081652
1 1 0.094507 0.552966 0.230039 0.003181 0.119307
1 1 0.136486 0.613455 0.165176 0.000662 0.084222
1 1 0.123946 0.599501 0.182187 0.001030 0.093336
1 1 0.086884 0.509050 0.242338 0.003006 0.158722
1 1 0.090956 0.420977 0.207066 0.000589 0.280411
2 2 0.061394 0.380011 0.437864 0.000248 0.120483
2 1 0.046236 0.316654 0.486336 0.000355 0.150419
1 0 0.119167 0.593357 0.189160 0.001226 0.097090
1 0 0.133455 0.559440 0.197393 0.001119 0.108593
4 1 0.281856 0.190561 0.040660 0.000069 0.486854
0 1 0.383792 0.301231 0.027231 0.000000 0.287746
4 1 0.211263 0.201977 0.032778 0.000000 0.553982
4 1 0.200914 0.250381 0.047605 0.000000 0.501100
4 2 0.102365 0.213958 0.078483 0.000002 0.605191
2 2 0.018798 0.255779 0.658367 0.014302 0.052753
2 2 0.002663 0.059094 0.920174 0.001782 0.016287
2 2 0.005229 0.092402 0.878572 0.001293 0.022504
2 2 0.003347 0.061530 0.920588 0.000289 0.014246
2 2 0.021845 0.263736 0.673934 0.003136 0.037349
4 4 0.086898 0.096178 0.027001 0.000000 0.789923
4 4 0.080725 0.092299 0.027317 0.000000 0.799658
4 4 0.178930 0.094436 0.012018 0.000000 0.714615
4 4 0.066387 0.031114 0.014948 0.001447 0.886105
4 4 0.207997 0.099975 0.011124 0.000000 0.680904
4 4 0.082469 0.006367 0.000968 0.000000 0.910196
4 4 0.036971 0.004180 0.001256 0.000002 0.957591
4 4 0.084573 0.008996 0.001918 0.000004 0.904509
4 4 0.087542 0.006462 0.001062 0.000000 0.904934
4 4 0.260692 0.066993 0.004495 0.000000 0.667820
4 0 0.060338 0.009242 0.002331 0.000001 0.928088
4 4 0.179102 0.046345 0.003770 0.000000 0.770783
4 4 0.158602 0.049982 0.004881 0.000000 0.786536
4 4 0.085489 0.047467 0.008727 0.000000 0.858317
4 4 0.125314 0.060693 0.008667 0.000000 0.805326
4 0 0.255392 0.111531 0.010462 0.000000 0.622615
0 0 0.429410 0.137975 0.007610 0.000000 0.425005
4 4 0.161493 0.093955 0.013352 0.000000 0.731201
4 4 0.120998 0.097233 0.019314 0.000000 0.762455
4 4 0.072543 0.078268 0.027612 0.000000 0.821577
4 4 0.152950 0.020671 0.002876 0.000000 0.823503
4 0 0.135600 0.112042 0.021424 0.000000 0.730933
4 4 0.393856 0.105510 0.005622 0.000000 0.495012
4 4 0.247562 0.085890 0.007138 0.000000 0.659411
4 4 0.095040 0.107567 0.029372 0.000000 0.768021
4 4 0.091586 0.008086 0.001344 0.000000 0.898985
4 4 0.098720 0.034012 0.007916 0.000000 0.859351
4 4 0.118502 0.024503 0.004132 0.000000 0.852864
4 4 0.138053 0.038598 0.005330 0.000000 0.818020
4 4 0.168098 0.083253 0.010511 0.000000 0.738138
4 4 0.055803 0.006694 0.001524 0.000000 0.935978
4 4 0.238171 0.042184 0.002342 0.000000 0.717303
4 4 0.122742 0.041621 0.004777 0.000000 0.830860
4 4 0.191817 0.045955 0.003445 0.000000 0.758784
4 4 0.053078 0.006818 0.002401 0.000370 0.937334
4 4 0.221734 0.035465 0.003965 0.000000 0.738837
4 4 0.141059 0.018028 0.003091 0.000003 0.837819
4 4 0.188046 0.021622 0.002729 0.000000 0.787602
4 4 0.142556 0.027448 0.004922 0.000001 0.825073
4 4 0.169593 0.039907 0.005668 0.000000 0.784833
4 4 0.055416 0.010441 0.004042 0.000464 0.929637
4 4 0.120940 0.036733 0.003952 0.000000 0.838375
4 4 0.182417 0.062658 0.006051 0.000000 0.748874
4 4 0.143314 0.050205 0.005493 0.000000 0.800987
4 4 0.175925 0.044686 0.003622 0.000000 0.775767
1 4 0.297475 0.329902 0.043240 0.000000 0.329383
4 4 0.211297 0.311645 0.060854 0.000000 0.416204
1 4 0.244404 0.396142 0.068617 0.000001 0.290836
1 4 0.184615 0.393564 0.094533 0.000004 0.327283
4 4 0.152621 0.324293 0.092017 0.000004 0.431065
4 4 0.107971 0.080070 0.015959 0.000000 0.795999
4 4 0.078767 0.071086 0.023344 0.000000 0.826802
4 4 0.100545 0.087249 0.019781 0.000000 0.792425
4 4 0.209888 0.124578 0.015633 0.000000 0.649901
4 4 0.226454 0.095100 0.009319 0.000000 0.669128
4 4 0.129546 0.226679 0.066667 0.000001 0.577107
4 4 0.129655 0.183670 0.048654 0.000000 0.638021
4 4 0.286467 0.188583 0.020661 0.000000 0.504288
4 4 0.243052 0.162768 0.020066 0.000000 0.574114
4 4 0.100431 0.143016 0.043420 0.000000 0.713133
1 0 0.198373 0.374111 0.082267 0.000002 0.345248
1 1 0.254236 0.608841 0.076346 0.000013 0.060564
1 1 0.239248 0.455348 0.080577 0.000002 0.224826
1 1 0.155899 0.370261 0.106002 0.000008 0.367830
1 1 0.149602 0.451602 0.136241 0.000043 0.262512
1 1 0.089752 0.455072 0.336540 0.000142 0.118494
2 1 0.030551 0.260517 0.563740 0.000958 0.144234
2 1 0.041727 0.284905 0.507985 0.000247 0.165136
2 1 0.036249 0.350498 0.555588 0.002539 0.055126
2 2 0.064531 0.416049 0.419727 0.000432 0.099261
2 2 0.000490 0.016596 0.980522 0.000186 0.002207
2 2 0.002221 0.056639 0.929639 0.002748 0.008753
2 2 0.008266 0.148307 0.821437 0.005210 0.016779
2 2 0.004196 0.078256 0.911017 0.000264 0.006267
2 2 0.001308 0.036589 0.957866 0.000597 0.003641
2 2 0.002363 0.064256 0.921945 0.005110 0.006326
2 2 0.001099 0.032844 0.962459 0.000630 0.002968
2 2 0.000991 0.030312 0.965137 0.000608 0.002951
2 2 0.000496 0.019087 0.977760 0.000780 0.001877
2 2 0.002242 0.061668 0.926831 0.004003 0.005256
2 2 0.005265 0.090176 0.884964 0.000713 0.018882
2 2 0.012569 0.169548 0.772592 0.001914 0.043376
2 2 0.006240 0.098167 0.875713 0.000438 0.019441
2 2 0.016577 0.187525 0.759062 0.000419 0.036417
2 2 0.037207 0.361926 0.561967 0.001792 0.037107
2 2 0.005375 0.110579 0.868367 0.004294 0.011385
2 2 0.003809 0.088106 0.896041 0.004026 0.008018
2 2 0.001872 0.048287 0.943246 0.001067 0.005528
2 2 0.001959 0.050146 0.942014 0.000971 0.004910
2 2 0.003559 0.082847 0.904876 0.002548 0.006171
2 2 0.000783 0.024967 0.970781 0.000507 0.002962
2 2 0.002030 0.057293 0.929518 0.004944 0.006214
2 2 0.001684 0.050864 0.935355 0.006168 0.005929
2 2 0.003824 0.088800 0.894111 0.004664 0.008601
2 2 0.000866 0.031665 0.960613 0.003860 0.002996
2 2 0.001216 0.042420 0.937920 0.012909 0.005534
2 2 0.001187 0.041270 0.943607 0.009266 0.004669
2 2 0.000332 0.015108 0.982364 0.001055 0.001140
2 2 0.001176 0.041235 0.941734 0.010869 0.004985
2 2 0.000238 0.013681 0.976665 0.008162 0.001255
2 2 0.014349 0.152864 0.687157 0.000896 0.144734
2 0 0.029925 0.242997 0.480484 0.001503 0.245091
1 0 0.237033 0.400268 0.251960 0.023171 0.087568
1 1 0.278649 0.426393 0.229313 0.002646 0.062999
1 1 0.131693 0.516176 0.253053 0.005082 0.093996
4 0 0.235260 0.184096 0.025171 0.000000 0.555473
0 1 0.469816 0.108059 0.004588 0.000000 0.417537
4 0 0.141327 0.162519 0.036753 0.000000 0.659400
4 0 0.191869 0.135271 0.025919 0.000000 0.646941
4 0 0.201039 0.067602 0.008562 0.000000 0.722797
1 1 0.176149 0.640755 0.121701 0.000181 0.061214
1 1 0.133949 0.610871 0.168474 0.000723 0.085984
1 1 0.130026 0.606642 0.173714 0.000829 0.088789
1 2 0.097074 0.538686 0.273384 0.000753 0.090103
2 2 0.027948 0.235672 0.656655 0.000199 0.079525
2 2 0.002331 0.056620 0.934845 0.000936 0.005268
2 2 0.005409 0.104847 0.879278 0.001518 0.008947
2 2 0.001324 0.037027 0.957126 0.000660 0.003862
2 1 0.004451 0.094814 0.879079 0.005511 0.016144
2 1 0.004607 0.097569 0.889118 0.001968 0.006738
2 1 0.037698 0.360567 0.569947 0.001156 0.030633
2 2 0.049815 0.422683 0.482232 0.001513 0.043757
2 2 0.016488 0.197899 0.749775 0.000852 0.034986
2 2 0.026395 0.278084 0.641481 0.001747 0.052293
2 2 0.006076 0.098979 0.879240 0.000463 0.015242
2 2 0.003335 0.066357 0.918032 0.000609 0.011667
2 2 0.003923 0.087213 0.891161 0.004778 0.012926
2 2 0.003747 0.077666 0.906648 0.001321 0.010618
2 2 0.006358 0.111958 0.858657 0.002155 0.020870
2 2 0.003084 0.077078 0.892111 0.012321 0.015406
2 2 0.001827 0.054949 0.929489 0.007708 0.006026
2 2 0.000356 0.016421 0.979626 0.002117 0.001480
2 2 0.000724 0.029683 0.954609 0.011488 0.003496
2 2 0.000250 0.012195 0.984098 0.001749 0.001708
2 2 0.000625 0.026095 0.963988 0.006622 0.002670
2 1 0.000781 0.028158 0.964676 0.002866 0.003519
2 2 0.002975 0.075376 0.908869 0.005307 0.007473
2 2 0.020503 0.252563 0.707069 0.001271 0.018593
2 2 0.002011 0.053634 0.938114 0.001634 0.004607
2 2 0.001967 0.050623 0.937242 0.001949 0.008219
2 2 0.002261 0.062541 0.924240 0.005068 0.005890
2 2 0.000374 0.017787 0.973538 0.006018 0.002283
2 2 0.000463 0.018516 0.977448 0.001300 0.002273
2 2 0.000702 0.027428 0.963899 0.004874 0.003096
2 2 0.001718 0.054119 0.918804 0.017100 0.008259
2 2 0.000527 0.024268 0.953124 0.018678 0.003403
2 2 0.000533 0.024394 0.954804 0.016979 0.003288
2 2 0.001056 0.038924 0.936745 0.017572 0.005702
2 2 0.000968 0.036734 0.938399 0.018454 0.005445
2 2 0.000281 0.015648 0.967167 0.015021 0.001884
2 2 0.001513 0.050841 0.893405 0.042649 0.011592
2 2 0.008577 0.159471 0.761844 0.030854 0.039254
2 2 0.002676 0.074642 0.865401 0.039949 0.017333
2 2 0.004569 0.106403 0.824232 0.038635 0.026161
2 2 0.003351 0.086797 0.847426 0.041355 0.021071
2 2 0.005605 0.122363 0.780326 0.055214 0.036492
2 2 0.003319 0.083922 0.860538 0.030102 0.022118
2 2 0.005502 0.120245 0.804381 0.039254 0.030617
2 2 0.003641 0.092205 0.822618 0.055658 0.025879
2 2 0.003018 0.081314 0.841743 0.052296 0.021630
2 2 0.000303 0.017068 0.930961 0.048250 0.003418
2 2 0.000318 0.017444 0.946446 0.032826 0.002966
2 2 0.000339 0.018616 0.890859 0.085314 0.004873
2 2 0.000887 0.035754 0.891247 0.063130 0.008982
2 2 0.000317 0.017582 0.931029 0.047558 0.003514
2 2 0.001443 0.049837 0.857352 0.076916 0.014452
2 2 0.001815 0.058251 0.831274 0.089983 0.018676
2 2 0.004677 0.109043 0.775530 0.074417 0.036333
2 2 0.003658 0.092783 0.800880 0.073118 0.029561
2 2 0.003293 0.086578 0.807425 0.075169 0.027535
2 2 0.001049 0.015817 0.829071 0.151658 0.002405
2 2 0.001590 0.019815 0.715902 0.257986 0.004707
2 2 0.000546 0.005342 0.543457 0.449583 0.001072
2 2 0.002117 0.018866 0.617874 0.356330 0.004813
2 2 0.001496 0.016110 0.681884 0.296995 0.003514
2 2 0.001371 0.012692 0.714755 0.269180 0.002002
2 2 0.000355 0.007442 0.729828 0.260816 0.001559
2 2 0.001875 0.015851 0.661743 0.317348 0.003183
2 2 0.001466 0.014495 0.635070 0.345507 0.003462
2 2 0.003284 0.022982 0.643463 0.325076 0.005194
3 2 0.001587 0.008211 0.396717 0.591297 0.002188
2 2 0.000820 0.009629 0.619007 0.368286 0.002259
2 2 0.001128 0.010539 0.612103 0.373972 0.002258
2 2 0.002422 0.029449 0.763233 0.198669 0.006227
2 2 0.000760 0.009710 0.664958 0.322451 0.002121
2 2 0.001016 0.017266 0.719798 0.257327 0.004593
2 2 0.000877 0.021860 0.841525 0.131106 0.004632
2 2 0.001330 0.018716 0.748878 0.227079 0.003997
2 2 0.000556 0.006137 0.518994 0.472643 0.001671
2 0 0.001038 0.019966 0.802322 0.172275 0.004400
1 1 0.159304 0.418272 0.128044 0.000085 0.294295
1 1 0.190151 0.400937 0.093343 0.000004 0.315565
4 2 0.087303 0.301875 0.148735 0.000071 0.462017
1 2 0.191979 0.406929 0.093830 0.000004 0.307258
1 2 0.138316 0.418936 0.137618 0.000041 0.305088
1 1 0.114928 0.506925 0.191301 0.000510 0.186336
1 0 0.108612 0.554506 0.206226 0.001363 0.129294
1 0 0.140920 0.458052 0.228351 0.002012 0.170665
1 1 0.316774 0.382424 0.201287 0.002269 0.097245
1 1 0.128786 0.601784 0.178390 0.000936 0.090103
4 1 0.171116 0.297673 0.072542 0.000001 0.458668
1 0 0.189363 0.394273 0.092067 0.000004 0.324294
4 0 0.219510 0.354315 0.068581 0.000001 0.357594
1 1 0.252966 0.380080 0.062827 0.000000 0.304127
4 1 0.223464 0.342748 0.064462 0.000000 0.369326
4 1 0.259998 0.079438 0.005943 0.000000 0.654621
4 1 0.288608 0.105508 0.008287 0.000000 0.597597
4 0 0.136375 0.121876 0.024338 0.000000 0.717412
4 0 0.158417 0.022624 0.003085 0.000000 0.815873
4 0 0.127869 0.007742 0.002549 0.002058 0.859782
0 0 0.859725 0.021494 0.003300 0.000000 0.115480
0 0 0.978926 0.005838 0.003307 0.000094 0.011836
0 0 0.909186 0.004547 0.000964 0.000047 0.085257
0 0 0.894704 0.017516 0.009349 0.000137 0.078293
0 0 0.978146 0.008073 0.002632 0.000001 0.011148
