0.996255 0
0.999628 0
0.999650 0
0.971201 0
0.999830 0
0.995820 0
0.999912 0
0.939092 0
0.966111 0
0.793814 0
0.994735 0
0.804989 0
0.629764 0
0.738166 0
0.999396 0
1.000000 0
0.943233 0
0.939499 0
0.999990 0
0.999962 0
0.998949 0
0.911327 0
0.915059 0
0.703554 0
0.730406 0
0.636126 0
0.936604 0
0.796828 0
0.999230 0
0.999643 0
0.998015 0
0.999734 0
0.997892 0
0.999776 0
0.997819 0
0.980121 0
0.476025 0
0.994277 0
0.066476 0
0.999380 0
0.997748 0
0.999996 0
0.357589 0
0.656977 0
0.988632 0
0.994426 0
0.957138 0
0.999989 0
0.999941 0
0.999877 0
0.999802 0
0.999999 0
0.998855 0
0.733506 0
0.832080 0
1.000000 0
0.967326 0
0.206892 0
0.990590 0
0.424223 0
0.992337 0
0.975151 0
0.232060 0
0.990197 0
0.999942 0
0.974061 0
0.992856 0
0.968449 0
0.999996 0
0.999805 0
0.989702 0
0.054895 0
0.942784 0
0.999206 0
0.973322 0
0.992630 0
0.983517 0
0.887704 0
0.989141 0
0.164477 0
0.999913 0
0.991914 0
0.999268 0
0.987364 0
0.974972 0
0.843430 0
0.834900 0
0.999903 0
0.999867 0
0.996888 0
0.787387 0
0.999995 0
0.028417 0
0.902649 0
0.641535 0
0.695238 0
0.000961 0
0.611457 0
0.022592 0
0.058055 0
0.987099 0
0.998941 0
0.839142 0
0.997728 0
0.924554 0
0.999944 0
0.997099 1
0.953956 1
0.999013 1
0.213223 1
0.999680 1
0.998340 1
0.947066 1
0.997849 1
0.056461 1
0.999497 1
0.101767 1
0.868434 1
0.998578 1
0.457814 1
0.859643 1
0.645737 1
0.644805 1
0.998563 1
0.991783 1
0.995350 1
0.998379 1
0.981785 1
0.983279 1
0.920206 1
1.000000 1
0.999903 1
0.998191 1
0.999997 1
0.999994 1
0.998960 1
0.999988 1
0.982905 1
0.999925 1
0.999472 1
0.999992 1
0.998482 1
0.999192 1
0.984031 1
0.987857 1
0.996399 1
0.997983 1
0.998782 1
0.999169 1
0.999223 1
0.998968 1
0.991517 1
0.989672 1
0.999993 1
0.999855 1
0.999928 1
0.998585 1
0.999943 1
0.999990 1
0.999325 1
1.000000 1
0.999111 1
1.000000 1
0.999952 1
0.250982 1
0.348471 1
0.999997 1
0.999898 1
0.988566 1
0.992587 1
0.954873 1
0.995122 1
1.000000 1
0.159557 1
0.979791 1
0.618141 1
0.092891 1
0.991383 1
0.994379 1
0.718977 1
0.999872 1
0.988131 1
0.997563 1
0.975529 1
0.942872 1
0.999538 1
0.999982 1
0.997456 1
0.928419 1
0.961035 1
0.999174 1
0.999737 1
0.999997 1
0.999999 1
0.999942 1
0.999984 1
0.999767 1
0.999642 1
0.999499 1
0.999854 1
0.985721 1
0.998496 1
0.999916 1
0.528051 1
0.273683 1
0.999395 1
0.331030 1
0.999222 1
0.992471 1
0.018891 1
0.985770 1
0.799532 1
0.970703 1
0.729505 1
0.982908 1
0.948181 1
0.992396 1
0.959377 1
0.999997 1
0.902564 1
0.987731 1
0.998249 1
0.998154 1
0.994132 1
0.861166 1
0.995815 1
0.997508 1
0.999986 1
0.965469 1
1.000000 1
0.443491 1
0.985524 1
0.999890 1
0.964981 1
0.644931 1
0.976281 1
0.996253 1
0.021337 1
0.999746 1
0.837333 1
0.983773 1
0.996203 1
0.994794 1
0.999871 1
0.999899 1
0.997470 1
0.999382 1
0.999755 1
0.998577 1
0.994522 1
0.999995 1
0.999890 1
0.999982 1
0.964339 1
0.999995 1
0.950217 1
0.548320 1
0.977893 1
0.999399 1
0.974925 1
0.000653 1
0.997187 1
0.452966 1
0.949002 1
0.999326 1
0.994851 1
0.999848 1
0.998612 1
0.904260 1
0.999643 1
0.738492 1
1.000000 1
0.968955 1
0.958285 1
0.993933 1
0.318804 1
0.999857 1
0.961256 1
0.999669 1
0.999722 1
0.999492 1
0.480321 1
0.999977 1
0.999800 1
0.999960 1
0.992739 1
0.998923 1
0.982488 1
0.994510 1
0.984156 1
0.980117 1
0.999758 1
0.999883 1
0.999947 1
0.999888 1
0.999921 1
0.999963 1
0.740928 1
0.977476 1
0.996436 1
0.999550 1
0.946087 1
0.889345 1
0.005329 1
0.998377 1
0.996364 1
0.998067 1
0.992016 1
0.802963 1
0.957765 1
0.997573 1
0.993116 1
0.999591 1
0.999962 1
0.826687 1
0.999878 1
0.999783 1
0.999998 1
0.999993 1
1.000000 1
0.999371 1
0.999624 1
0.999827 1
0.999694 1
0.998144 1
0.776162 1
0.995764 1
0.999974 1
0.969564 1
0.874099 1
0.999879 1
0.999263 1
0.997294 1
0.999980 1
0.999906 1
0.999071 1
0.999878 1
0.992184 1
0.738273 1
0.997214 1
0.998394 1
0.999687 1
0.997966 1
0.999808 1
0.994892 1
0.007635 1
0.999992 1
0.007730 1
0.394596 1
0.999662 1
0.995457 1
0.999845 1
0.999724 1
0.995373 1
0.962340 1
0.994485 1
0.999911 1
0.798663 1
0.999997 1
0.961086 1
0.977146 1
0.999990 1
0.999999 1
0.999329 1
0.999833 1
0.999064 1
0.731848 1
0.991710 1
0.999743 1
0.972861 1
0.860905 1
0.962997 1
0.990786 1
0.910807 1
0.504758 1
0.910717 1
0.999862 1
0.973952 1
0.999840 1
0.993279 1
0.861218 1
0.999931 1
0.999872 1
1.000000 1
0.999983 1
1.000000 1
0.999902 1
0.999999 1
0.996682 1
0.998000 1
0.999926 1
0.999936 1
0.999757 1
0.999971 1
0.999843 1
0.955865 1
0.999869 1
0.997327 1
0.998707 1
0.999998 1
0.998904 1
0.989835 1
0.996725 1
0.975057 1
0.999050 1
0.947461 1
0.989711 1
0.950269 1
0.998682 1
0.999929 1
0.994334 1
0.999940 1
