2 0 0.032869 0.057403 0.667625 0.218858 0.023245
2 0 0.185412 0.147585 0.438309 0.109367 0.119327
3 0 0.141961 0.090905 0.285357 0.370593 0.111184
0 0 0.269360 0.169135 0.249172 0.193253 0.119080
0 0 0.688083 0.050576 0.073927 0.110312 0.077103
3 0 0.024012 0.012842 0.143089 0.809225 0.010832
3 0 0.215486 0.057222 0.246142 0.351918 0.129232
0 0 0.469724 0.105351 0.160255 0.173007 0.091663
2 0 0.122058 0.077579 0.418822 0.334959 0.046581
3 0 0.010466 0.010952 0.173182 0.797805 0.007595
3 0 0.110682 0.064328 0.366532 0.409043 0.049415
3 0 0.023975 0.027541 0.367402 0.564730 0.016352
2 0 0.131671 0.164906 0.550220 0.079191 0.074011
2 0 0.024056 0.043819 0.610888 0.300749 0.020488
3 0 0.366202 0.044325 0.124694 0.409693 0.055086
3 0 0.399552 0.026372 0.072043 0.463835 0.038198
2 0 0.077259 0.158126 0.558770 0.109383 0.096461
2 0 0.022270 0.121004 0.617040 0.012365 0.227320
2 0 0.022269 0.120994 0.617088 0.012369 0.227280
2 0 0.022269 0.120994 0.617088 0.012369 0.227281
2 0 0.021762 0.118475 0.630112 0.013749 0.215901
2 0 0.021762 0.118475 0.630112 0.013749 0.215901
2 0 0.021762 0.118475 0.630112 0.013749 0.215901
2 0 0.021762 0.118475 0.630112 0.013749 0.215901
2 0 0.021762 0.118475 0.630112 0.013749 0.215901
2 0 0.021762 0.118475 0.630112 0.013749 0.215901
2 0 0.021762 0.118475 0.630112 0.013749 0.215901
2 0 0.021762 0.118475 0.630112 0.013749 0.215901
2 0 0.021762 0.118475 0.630113 0.013749 0.215900
2 0 0.021762 0.118475 0.630112 0.013749 0.215901
2 0 0.021762 0.118475 0.630112 0.013749 0.215901
2 0 0.021762 0.118475 0.630113 0.013749 0.215901
2 0 0.021762 0.118475 0.630112 0.013749 0.215901
2 0 0.021762 0.118475 0.630113 0.013749 0.215901
2 0 0.021762 0.118475 0.630112 0.013749 0.215901
2 0 0.021762 0.118475 0.630112 0.013749 0.215901
2 0 0.021762 0.118475 0.630112 0.013749 0.215901
2 0 0.021762 0.118475 0.630113 0.013749 0.215901
2 0 0.021762 0.118475 0.630113 0.013749 0.215901
2 0 0.021762 0.118475 0.630112 0.013749 0.215901
2 0 0.021269 0.116008 0.642147 0.015193 0.205382
2 0 0.021269 0.116008 0.642147 0.015193 0.205382
2 0 0.021269 0.116008 0.642147 0.015193 0.205382
2 0 0.021265 0.116007 0.642260 0.015192 0.205276
2 0 0.069480 0.083616 0.430296 0.285623 0.130986
3 0 0.138015 0.001224 0.008816 0.846184 0.005760
0 0 0.791953 0.015170 0.027502 0.127932 0.037444
0 0 0.724963 0.054739 0.075243 0.089451 0.055604
0 0 0.824708 0.039971 0.049012 0.045704 0.040605
0 0 0.600796 0.093290 0.123319 0.102881 0.079713
2 0 0.059297 0.141100 0.667629 0.067991 0.063984
2 0 0.094316 0.118592 0.586599 0.137007 0.063486
3 0 0.024721 0.035122 0.381922 0.510473 0.047762
2 0 0.217414 0.209227 0.451566 0.032836 0.088958
2 0 0.181979 0.178212 0.466078 0.083638 0.090092
2 0 0.214131 0.204129 0.347796 0.088320 0.145624
2 0 0.060723 0.081818 0.481074 0.330071 0.046315
3 0 0.267867 0.095840 0.182461 0.363351 0.090482
0 0 0.832145 0.012353 0.021347 0.092715 0.041441
0 0 0.513977 0.105429 0.129449 0.079836 0.171309
2 0 0.030427 0.125050 0.665385 0.065003 0.114136
2 0 0.029373 0.096086 0.664361 0.103418 0.106762
2 0 0.087748 0.160771 0.409460 0.038425 0.303596
2 0 0.035294 0.169166 0.582894 0.014525 0.198121
2 0 0.037419 0.146345 0.594919 0.035105 0.186212
2 0 0.247173 0.179636 0.262331 0.188826 0.122035
2 0 0.031234 0.140082 0.676123 0.035036 0.117525
2 0 0.026844 0.137492 0.654064 0.026801 0.154800
2 0 0.032909 0.136020 0.692863 0.046116 0.092092
2 0 0.048718 0.198773 0.515646 0.014077 0.222787
2 0 0.225181 0.115993 0.349958 0.225553 0.083314
3 0 0.230276 0.021479 0.068274 0.647435 0.032536
0 0 0.634052 0.085296 0.111713 0.094486 0.074453
3 0 0.335155 0.033306 0.123849 0.471541 0.036149
3 0 0.161174 0.011298 0.060155 0.750680 0.016694
3 0 0.075811 0.052492 0.242911 0.585302 0.043483
3 0 0.124319 0.041573 0.250067 0.523094 0.060946
0 0 0.454353 0.128751 0.176932 0.139358 0.100606
2 0 0.261488 0.165591 0.339074 0.122518 0.111330
2 0 0.137793 0.175805 0.434856 0.032388 0.219157
2 0 0.051960 0.125477 0.436308 0.084015 0.302240
4 0 0.246329 0.011821 0.023166 0.119134 0.599550
3 0 0.302555 0.040330 0.120149 0.482295 0.054671
4 0 0.125638 0.188216 0.201042 0.025996 0.459108
4 0 0.035371 0.161617 0.354762 0.004912 0.443338
4 0 0.032740 0.173378 0.393828 0.003418 0.396635
2 0 0.035513 0.134592 0.578994 0.037876 0.213025
0 0 0.496073 0.065692 0.114493 0.252095 0.071648
0 0 0.612580 0.083715 0.114943 0.113225 0.075537
4 0 0.069117 0.124380 0.108549 0.002758 0.695195
2 0 0.035258 0.154963 0.585920 0.024483 0.199377
2 0 0.042752 0.193353 0.458719 0.007207 0.297969
2 0 0.043395 0.196621 0.451836 0.006648 0.301499
2 0 0.037031 0.176836 0.439982 0.006685 0.339466
4 1 0.051597 0.182583 0.322200 0.005562 0.438058
4 1 0.050567 0.159413 0.386519 0.014282 0.389218
2 1 0.040573 0.190112 0.461595 0.006898 0.300822
2 1 0.034018 0.153753 0.609979 0.023720 0.178530
2 2 0.032068 0.136193 0.599236 0.031185 0.201318
2 2 0.031821 0.136480 0.524522 0.024479 0.282698
2 2 0.138938 0.191692 0.334588 0.064655 0.270127
4 2 0.096866 0.142647 0.130688 0.013074 0.616724
4 2 0.073179 0.169020 0.168808 0.004191 0.584801
4 2 0.076865 0.198508 0.286630 0.010779 0.427218
4 2 0.093758 0.142332 0.131417 0.004088 0.628405
2 2 0.088157 0.218391 0.413133 0.030724 0.249595
4 2 0.107055 0.127818 0.319905 0.096041 0.349182
2 2 0.116878 0.225263 0.428832 0.040937 0.188089
4 2 0.129058 0.191938 0.208127 0.009817 0.461060
2 2 0.091426 0.219037 0.530053 0.070908 0.088576
2 2 0.136327 0.161404 0.356619 0.091134 0.254516
4 2 0.148610 0.212960 0.254865 0.047679 0.335886
2 2 0.105462 0.264937 0.384116 0.014261 0.231224
2 2 0.124193 0.257900 0.371268 0.024499 0.222140
2 2 0.117637 0.158380 0.489994 0.159768 0.074220
2 2 0.150362 0.187780 0.324131 0.118619 0.219108
4 2 0.155945 0.158380 0.240282 0.069982 0.375412
4 2 0.169655 0.178223 0.229280 0.021450 0.401391
2 2 0.133625 0.182748 0.329235 0.156641 0.197751
2 3 0.084985 0.168895 0.378536 0.047957 0.319627
2 3 0.155779 0.188110 0.376483 0.085923 0.193705
2 3 0.048893 0.098717 0.558332 0.251290 0.042768
2 3 0.115664 0.192056 0.348286 0.099237 0.244757
3 3 0.102015 0.093874 0.321746 0.422711 0.059653
0 3 0.320232 0.164438 0.194346 0.079726 0.241257
2 3 0.177792 0.133301 0.481922 0.140859 0.066126
3 3 0.096808 0.082466 0.302495 0.441584 0.076647
3 3 0.031512 0.021961 0.177214 0.752891 0.016423
2 3 0.215969 0.112538 0.276258 0.272804 0.122431
4 3 0.186537 0.176558 0.226844 0.102574 0.307488
2 3 0.084326 0.132214 0.507873 0.210077 0.065510
2 3 0.077559 0.145048 0.460053 0.245043 0.072298
3 3 0.081423 0.042868 0.182375 0.655219 0.038115
0 3 0.266876 0.163005 0.256326 0.112687 0.201106
3 3 0.249811 0.120418 0.228303 0.304454 0.097013
0 3 0.296300 0.167490 0.240658 0.177439 0.118113
4 3 0.310651 0.101206 0.130680 0.035869 0.421594
4 3 0.254989 0.181792 0.210769 0.052150 0.300300
0 3 0.326161 0.134447 0.210135 0.113450 0.215807
3 3 0.211873 0.085198 0.228067 0.367224 0.107637
2 3 0.283932 0.153505 0.290953 0.164268 0.107343
0 3 0.509393 0.094172 0.108179 0.056197 0.232059
3 3 0.139833 0.133101 0.320389 0.321421 0.085255
3 3 0.194322 0.093797 0.203784 0.416016 0.092081
4 3 0.183701 0.123230 0.236053 0.166651 0.290365
3 3 0.104168 0.076873 0.262286 0.500484 0.056189
0 3 0.438361 0.092886 0.150603 0.225757 0.092393
3 3 0.242328 0.104740 0.194210 0.363958 0.094764
2 3 0.210564 0.148550 0.235055 0.217207 0.188623
3 3 0.128849 0.080504 0.226336 0.443342 0.120969
4 3 0.096983 0.119581 0.214020 0.080559 0.488858
2 3 0.096153 0.158621 0.450135 0.201673 0.093419
4 3 0.184973 0.171927 0.248398 0.101009 0.293693
2 3 0.098438 0.154303 0.481126 0.122176 0.143957
2 3 0.158852 0.247121 0.366834 0.046384 0.180809
4 3 0.211891 0.139675 0.226039 0.023884 0.398510
2 3 0.204673 0.209565 0.329738 0.133120 0.122904
2 3 0.126429 0.225684 0.395715 0.076455 0.175717
2 3 0.097355 0.150048 0.463235 0.165527 0.123836
4 3 0.136168 0.160785 0.204416 0.014443 0.484188
4 3 0.204613 0.196281 0.227345 0.029163 0.342598
4 3 0.132191 0.185612 0.255802 0.018417 0.407978
2 3 0.261663 0.204717 0.265292 0.036382 0.231946
2 3 0.089818 0.143128 0.338317 0.092702 0.336034
2 3 0.188103 0.199444 0.324381 0.064372 0.223701
2 3 0.107617 0.194230 0.442192 0.099946 0.156014
2 3 0.199743 0.175089 0.285090 0.136574 0.203504
3 3 0.101277 0.107020 0.330546 0.347667 0.113490
2 3 0.048710 0.108979 0.476721 0.282375 0.083216
2 3 0.113817 0.145068 0.467157 0.179583 0.094376
4 3 0.066915 0.091589 0.284708 0.134320 0.422469
2 3 0.083766 0.121054 0.541066 0.195697 0.058417
2 3 0.135692 0.158598 0.465101 0.152867 0.087742
4 3 0.141443 0.233348 0.297773 0.021911 0.305525
4 3 0.144481 0.162517 0.160915 0.022932 0.509156
3 3 0.147357 0.092055 0.272393 0.280661 0.207533
0 3 0.312787 0.102939 0.199393 0.291472 0.093409
3 3 0.071944 0.058645 0.272645 0.518722 0.078044
2 3 0.087221 0.180519 0.471015 0.058773 0.202473
2 3 0.072502 0.151821 0.491082 0.214710 0.069885
2 3 0.094451 0.137772 0.497970 0.189605 0.080202
4 3 0.134273 0.142848 0.167263 0.019020 0.536596
4 3 0.133560 0.143679 0.237056 0.048810 0.436896
2 3 0.079271 0.102170 0.386522 0.371324 0.060713
2 3 0.195905 0.163864 0.292728 0.109720 0.237782
3 3 0.044489 0.074195 0.375910 0.426529 0.078878
2 3 0.139930 0.139685 0.438851 0.103261 0.178273
2 3 0.159177 0.108484 0.257806 0.222106 0.252426
2 3 0.099150 0.124495 0.417573 0.292423 0.066359
2 3 0.142224 0.203312 0.355508 0.040045 0.258910
3 3 0.045242 0.063066 0.310537 0.539743 0.041410
2 3 0.235413 0.145259 0.264190 0.136657 0.218482
2 3 0.147950 0.138625 0.345223 0.138952 0.229251
3 3 0.067106 0.068860 0.335307 0.415980 0.112747
3 3 0.030281 0.048632 0.286657 0.594684 0.039747
2 3 0.062866 0.075972 0.434247 0.366567 0.060348
0 3 0.557638 0.103698 0.138681 0.113720 0.086264
0 1 0.654681 0.034322 0.061851 0.202996 0.046151
0 2 0.473338 0.147959 0.215797 0.065550 0.097355
4 2 0.249697 0.155218 0.183277 0.071886 0.339923
2 1 0.038424 0.186840 0.626495 0.015866 0.132376
2 1 0.090259 0.209589 0.525276 0.020560 0.154316
2 1 0.039076 0.130442 0.647068 0.053394 0.130020
2 1 0.037369 0.196052 0.411102 0.002869 0.352609
2 1 0.037013 0.169081 0.571744 0.016461 0.205700
2 0 0.037402 0.147047 0.665490 0.045254 0.104808
2 0 0.096023 0.141733 0.501014 0.114989 0.146241
2 1 0.116590 0.170300 0.536417 0.103007 0.073685
2 0 0.031119 0.148130 0.644618 0.019918 0.156215
2 0 0.035946 0.154560 0.660753 0.026059 0.122683
2 1 0.084925 0.189072 0.531633 0.040818 0.153552
2 0 0.037479 0.174784 0.629928 0.014698 0.143110
2 0 0.040271 0.156231 0.599620 0.029728 0.174150
2 0 0.025758 0.094279 0.732627 0.095352 0.051983
2 0 0.078838 0.170742 0.463696 0.022892 0.263832
2 0 0.134448 0.163945 0.340962 0.019956 0.340689
0 0 0.564196 0.102114 0.136324 0.112077 0.085289
0 0 0.416545 0.098053 0.159758 0.235043 0.090602
0 0 0.386013 0.105087 0.117259 0.049776 0.341864
2 0 0.030796 0.153974 0.510264 0.007557 0.297409
2 0 0.084341 0.133866 0.509382 0.138779 0.133631
0 0 0.262282 0.162478 0.252077 0.207988 0.115175
2 0 0.143934 0.176293 0.376790 0.043637 0.259347
2 0 0.046651 0.135924 0.539382 0.058746 0.219297
2 1 0.050576 0.192799 0.593464 0.025757 0.137404
2 0 0.038621 0.168143 0.410063 0.004607 0.378565
2 0 0.035605 0.140438 0.558970 0.019608 0.245379
2 0 0.033379 0.156603 0.676382 0.023810 0.109825
2 0 0.036370 0.079620 0.584371 0.127893 0.171746
3 0 0.010483 0.019640 0.352252 0.607398 0.010226
3 0 0.176506 0.014615 0.068975 0.719162 0.020743
3 0 0.375865 0.054970 0.111322 0.391869 0.065974
0 0 0.649250 0.086951 0.134994 0.059113 0.069693
3 0 0.228440 0.085614 0.171118 0.430415 0.084412
2 0 0.085446 0.099518 0.403004 0.295024 0.117008
2 0 0.044060 0.192359 0.455480 0.008227 0.299874
2 1 0.035699 0.170089 0.453818 0.006492 0.333902
2 1 0.038241 0.176570 0.400714 0.003926 0.380548
2 0 0.041164 0.153537 0.609986 0.037574 0.157739
3 0 0.056411 0.034724 0.322379 0.567252 0.019234
2 1 0.147544 0.148346 0.339563 0.237998 0.126549
4 0 0.030968 0.164953 0.257239 0.000941 0.545898
4 0 0.083342 0.187871 0.321963 0.012396 0.394429
0 0 0.351861 0.114847 0.244159 0.208499 0.080635
3 0 0.079602 0.009694 0.060935 0.836427 0.013342
0 0 0.544788 0.016380 0.038647 0.369936 0.030250
0 0 0.373588 0.101315 0.136547 0.107540 0.281010
4 1 0.263731 0.127728 0.197695 0.145549 0.265297
4 0 0.255035 0.101418 0.163722 0.031052 0.448773
0 0 0.567711 0.047626 0.085614 0.240818 0.058231
0 0 0.557801 0.103658 0.138622 0.113679 0.086239
2 0 0.033633 0.102491 0.678313 0.145989 0.039574
3 0 0.206665 0.081550 0.231015 0.383175 0.097595
3 0 0.345733 0.032478 0.096750 0.465772 0.059267
3 0 0.051782 0.060538 0.244513 0.599535 0.043633
4 0 0.106991 0.215116 0.280772 0.012692 0.384430
2 0 0.123087 0.221875 0.515954 0.049943 0.089141
3 0 0.045362 0.010830 0.097081 0.835790 0.010937
0 1 0.495047 0.103342 0.120114 0.062146 0.219351
2 0 0.070196 0.193526 0.375653 0.014401 0.346224
4 0 0.041676 0.134137 0.122434 0.000798 0.700954
4 0 0.269720 0.089939 0.187492 0.169526 0.283323
3 0 0.187148 0.060585 0.150810 0.513183 0.088273
3 0 0.152034 0.123009 0.231446 0.377181 0.116330
3 0 0.008878 0.028822 0.458246 0.488920 0.015134
2 0 0.064741 0.228420 0.589070 0.023254 0.094515
3 0 0.005302 0.009338 0.135278 0.843963 0.006118
3 0 0.000329 0.000488 0.023400 0.975358 0.000425
3 0 0.171238 0.067669 0.150941 0.538319 0.071833
0 0 0.553943 0.116395 0.161215 0.080703 0.087743
3 0 0.060596 0.035647 0.205657 0.670757 0.027343
0 0 0.555381 0.071772 0.113995 0.185612 0.073239
3 0 0.143808 0.037456 0.138847 0.640706 0.039183
2 0 0.108324 0.204141 0.547499 0.056000 0.084036
2 0 0.057178 0.141680 0.642800 0.089093 0.069249
0 0 0.505793 0.116248 0.157605 0.126646 0.093707
0 0 0.413172 0.127439 0.185347 0.171758 0.102284
3 0 0.273206 0.106493 0.234787 0.297771 0.087743
4 0 0.053943 0.188715 0.204858 0.001387 0.551097
4 0 0.063388 0.167392 0.190174 0.001812 0.577234
3 0 0.031249 0.048367 0.275612 0.609972 0.034800
2 1 0.041513 0.162315 0.450732 0.015039 0.330401
4 0 0.061303 0.204293 0.294405 0.004451 0.435549
4 0 0.298042 0.111650 0.117368 0.037422 0.435518
0 0 0.482635 0.071207 0.122368 0.248592 0.075198
3 0 0.075792 0.050826 0.202137 0.629318 0.041927
3 0 0.035622 0.013064 0.126209 0.813602 0.011503
3 0 0.129687 0.100165 0.353597 0.357326 0.059225
2 0 0.061712 0.113190 0.569034 0.197920 0.058144
2 0 0.060572 0.129868 0.616508 0.133757 0.059295
4 0 0.027989 0.119455 0.122103 0.000391 0.730061
4 0 0.043353 0.167023 0.182331 0.000915 0.606378
4 0 0.028575 0.104501 0.087420 0.000309 0.779194
4 0 0.035754 0.140035 0.143097 0.000602 0.680512
4 0 0.039155 0.151862 0.180380 0.001098 0.627504
2 0 0.020390 0.130768 0.707782 0.021628 0.119431
4 0 0.044492 0.167792 0.313063 0.005840 0.468813
4 0 0.057623 0.159779 0.364611 0.027522 0.390465
2 0 0.028021 0.162177 0.640343 0.013416 0.156043
2 0 0.048303 0.201481 0.500360 0.010713 0.239142
3 0 0.104061 0.071480 0.278422 0.475533 0.070503
0 0 0.424059 0.126002 0.137321 0.051576 0.261042
2 0 0.035744 0.161151 0.554066 0.015801 0.233238
2 0 0.251932 0.172977 0.268966 0.096538 0.209588
2 0 0.198929 0.151207 0.312757 0.241917 0.095190
2 0 0.050108 0.172368 0.665878 0.053008 0.058638
2 0 0.073760 0.192362 0.420755 0.028926 0.284196
3 0 0.079919 0.019064 0.092282 0.786070 0.022666
3 0 0.064128 0.022519 0.128438 0.758040 0.026875
2 0 0.149723 0.146543 0.360850 0.133182 0.209701
4 0 0.197076 0.195994 0.257527 0.023501 0.325902
4 0 0.043509 0.148119 0.174106 0.001305 0.632962
2 0 0.074547 0.158059 0.496932 0.097727 0.172734
2 1 0.147229 0.192745 0.311302 0.060562 0.288162
2 0 0.084769 0.223409 0.423417 0.017513 0.250892
2 0 0.106444 0.112658 0.376002 0.248461 0.156435
4 0 0.217850 0.207760 0.257270 0.033789 0.283332
2 0 0.014649 0.051046 0.589733 0.318590 0.025982
4 0 0.203899 0.125452 0.240695 0.134046 0.295908
3 1 0.140981 0.097357 0.329681 0.367248 0.064732
2 0 0.053455 0.125683 0.544206 0.180475 0.096181
2 0 0.063524 0.161415 0.649523 0.067333 0.058206
2 0 0.271733 0.193236 0.350202 0.079949 0.104879
3 0 0.089104 0.081181 0.292045 0.429047 0.108624
3 1 0.016945 0.011243 0.131760 0.826633 0.013420
4 1 0.247193 0.166107 0.195586 0.054904 0.336210
3 1 0.137397 0.080067 0.212725 0.501315 0.068496
2 1 0.084757 0.089876 0.416848 0.355976 0.052543
0 1 0.548704 0.072272 0.104993 0.130061 0.143969
0 1 0.337695 0.124791 0.201576 0.184600 0.151339
0 1 0.703854 0.068595 0.087989 0.076750 0.062813
3 1 0.043003 0.040121 0.323572 0.571151 0.022153
0 1 0.427809 0.080315 0.139336 0.271087 0.081453
3 0 0.304889 0.049569 0.108324 0.475451 0.061767
3 0 0.236527 0.086420 0.293786 0.325933 0.057334
3 1 0.060873 0.013586 0.069011 0.838599 0.017931
0 1 0.494112 0.119083 0.161944 0.129543 0.095318
0 1 0.343220 0.155937 0.220922 0.166326 0.113595
4 1 0.043852 0.161667 0.184596 0.001137 0.608748
4 1 0.032418 0.145583 0.182343 0.000664 0.638991
4 1 0.030680 0.155514 0.259715 0.001331 0.552760
2 1 0.043966 0.078064 0.567281 0.268495 0.042193
2 1 0.228972 0.184149 0.270686 0.192961 0.123232
4 1 0.030638 0.158830 0.267509 0.001298 0.541725
4 1 0.030990 0.154230 0.246217 0.001158 0.567406
4 1 0.025856 0.140808 0.210860 0.000650 0.621825
4 1 0.026984 0.136963 0.179310 0.000540 0.656203
4 1 0.027546 0.129299 0.146874 0.000423 0.695858
4 1 0.026943 0.139917 0.183101 0.000506 0.649533
4 1 0.027990 0.129442 0.180462 0.000743 0.661363
2 1 0.040012 0.117416 0.501406 0.015907 0.325258
0 1 0.418215 0.137565 0.190873 0.148210 0.105138
0 0 0.731080 0.062111 0.078969 0.069792 0.058047
3 0 0.278982 0.017102 0.047463 0.625384 0.031069
0 0 0.974881 0.005352 0.005702 0.006549 0.007515
0 0 0.803381 0.039096 0.051968 0.063331 0.042224
4 1 0.235292 0.105125 0.230306 0.181043 0.248234
3 1 0.065317 0.038658 0.348120 0.483845 0.064060
2 1 0.025081 0.038875 0.471963 0.442804 0.021278
2 1 0.094146 0.132506 0.534710 0.077426 0.161213
2 1 0.030847 0.075639 0.682053 0.135034 0.076428
2 1 0.021618 0.069658 0.723076 0.138839 0.046809
2 2 0.055656 0.091579 0.628477 0.114256 0.110032
2 2 0.015615 0.037944 0.663539 0.260516 0.022386
2 2 0.041206 0.095283 0.675250 0.125960 0.062301
2 2 0.035568 0.058370 0.568995 0.229878 0.107189
2 2 0.033350 0.096215 0.655169 0.083203 0.132063
2 2 0.024729 0.107372 0.702715 0.035125 0.130059
2 2 0.023587 0.105433 0.584002 0.019403 0.267575
2 2 0.029610 0.093533 0.725037 0.049980 0.101840
2 2 0.031597 0.099901 0.672408 0.068832 0.127263
2 2 0.023303 0.059437 0.642624 0.170036 0.104601
2 2 0.033601 0.087253 0.677086 0.056451 0.145608
2 2 0.028451 0.079343 0.699578 0.087971 0.104658
2 2 0.022578 0.089967 0.752210 0.054034 0.081211
2 2 0.045683 0.150053 0.590143 0.015708 0.198413
2 2 0.053459 0.106984 0.577668 0.047545 0.214344
2 2 0.035871 0.079736 0.669573 0.096614 0.118207
2 2 0.037152 0.098005 0.693774 0.059049 0.112021
2 2 0.037150 0.084296 0.668748 0.088780 0.121026
2 2 0.030243 0.063209 0.639668 0.182822 0.084059
2 2 0.058268 0.101447 0.613348 0.090849 0.136087
2 2 0.039182 0.096572 0.641486 0.073907 0.148853
2 2 0.029285 0.084005 0.735915 0.069256 0.081540
2 2 0.032569 0.069022 0.582724 0.232298 0.083387
2 2 0.049723 0.122939 0.593457 0.041170 0.192710
2 2 0.033033 0.084344 0.728472 0.076454 0.077697
2 2 0.025251 0.081685 0.715894 0.087081 0.090089
2 2 0.023343 0.072689 0.704737 0.111008 0.088223
2 -1 0.015974 0.056207 0.716537 0.158207 0.053074
2 2 0.010372 0.029528 0.545624 0.392384 0.022092
2 2 0.031214 0.074421 0.669746 0.130063 0.094556
2 2 0.013107 0.046002 0.678063 0.239699 0.023129
2 2 0.028691 0.053385 0.587513 0.257381 0.073030
2 2 0.022292 0.056936 0.655680 0.212051 0.053041
2 2 0.024268 0.062937 0.652360 0.198864 0.061571
3 2 0.007826 0.018541 0.466312 0.491755 0.015565
2 2 0.007255 0.025464 0.607627 0.349134 0.010520
2 2 0.031279 0.075823 0.641636 0.185462 0.065800
2 2 0.018706 0.061719 0.742670 0.135844 0.041061
2 2 0.038660 0.158894 0.625620 0.025831 0.150995
2 2 0.033353 0.102808 0.613574 0.100145 0.150119
2 2 0.014148 0.048538 0.609433 0.304972 0.022909
2 2 0.048572 0.107812 0.637033 0.083165 0.123418
2 2 0.036936 0.117530 0.567067 0.035229 0.243237
2 2 0.029229 0.105624 0.673607 0.103374 0.088166
2 2 0.016063 0.069414 0.729939 0.139953 0.044630
2 2 0.022479 0.077203 0.683014 0.183454 0.033851
2 2 0.025037 0.094564 0.689575 0.110565 0.080258
2 2 0.022691 0.058993 0.637593 0.225142 0.055580
2 2 0.039898 0.137235 0.628415 0.058591 0.135861
2 2 0.034928 0.081744 0.652798 0.159131 0.071398
2 2 0.043378 0.122256 0.637938 0.102411 0.094017
2 2 0.030776 0.060910 0.544729 0.325382 0.038204
2 2 0.117270 0.159181 0.463109 0.133055 0.127385
2 3 0.041583 0.104524 0.609083 0.161340 0.083469
2 3 0.041087 0.087717 0.656427 0.127186 0.087583
2 3 0.029178 0.070121 0.668778 0.177182 0.054741
2 3 0.025417 0.095408 0.690647 0.102655 0.085874
2 3 0.015264 0.044893 0.525794 0.371503 0.042546
2 3 0.017621 0.037047 0.530053 0.398207 0.017072
2 3 0.037262 0.072426 0.604779 0.180310 0.105223
2 3 0.010084 0.033334 0.531963 0.407979 0.016639
2 3 0.079299 0.115385 0.514201 0.231888 0.059227
3 3 0.033682 0.045041 0.417310 0.472771 0.031196
2 3 0.048487 0.106675 0.653423 0.145874 0.045540
0 2 0.313906 0.177718 0.261102 0.129927 0.117348
0 2 0.348293 0.121270 0.235540 0.207387 0.087510
2 2 0.058444 0.081861 0.557914 0.253571 0.048210
2 2 0.050308 0.068417 0.590879 0.245553 0.044842
2 1 0.116046 0.154484 0.496797 0.133412 0.099261
3 1 0.202181 0.055111 0.249054 0.446568 0.047086
0 1 0.794473 0.047091 0.058497 0.053510 0.046428
4 1 0.309433 0.077446 0.066632 0.012677 0.533812
4 1 0.223922 0.122100 0.177485 0.145086 0.331408
2 1 0.044158 0.176317 0.392893 0.006437 0.380195
2 1 0.028657 0.150151 0.635495 0.015775 0.169922
2 1 0.031494 0.108564 0.640919 0.056379 0.162643
0 1 0.288313 0.123943 0.251761 0.246040 0.089942
0 1 0.532148 0.062445 0.106013 0.223040 0.076353
4 1 0.221334 0.098449 0.080049 0.010559 0.589608
4 1 0.139412 0.112529 0.094062 0.011328 0.642669
2 1 0.112624 0.199727 0.495868 0.046004 0.145777
0 1 0.652259 0.082335 0.107794 0.085856 0.071756
0 1 0.425092 0.135886 0.188195 0.146531 0.104297
2 2 0.028104 0.117402 0.658537 0.046183 0.149774
2 2 0.070529 0.182521 0.463245 0.010584 0.273122
2 2 0.059864 0.157875 0.621979 0.059191 0.101092
2 2 0.047709 0.144569 0.607047 0.037509 0.163165
0 1 0.413181 0.069908 0.130460 0.310878 0.075573
0 2 0.670584 0.076542 0.099189 0.085222 0.068463
2 2 0.080672 0.110051 0.567946 0.118538 0.122792
2 2 0.031876 0.051750 0.632727 0.247433 0.036214
2 2 0.036334 0.083128 0.689492 0.150595 0.040451
2 1 0.016120 0.049348 0.743024 0.164272 0.027236
0 1 0.338164 0.157180 0.223010 0.167533 0.114113
0 1 0.416254 0.060145 0.129715 0.329693 0.064193
0 1 0.529637 0.067926 0.113238 0.217148 0.072051
2 2 0.038148 0.142639 0.588875 0.023839 0.206499
2 2 0.022317 0.107353 0.704760 0.037693 0.127876
2 2 0.025904 0.123947 0.613509 0.021849 0.214791
2 2 0.017277 0.086670 0.761854 0.063148 0.071051
2 2 0.022198 0.086866 0.725233 0.062841 0.102861
2 2 0.025219 0.116225 0.710768 0.031804 0.115983
2 2 0.012595 0.070204 0.793156 0.059949 0.064096
2 2 0.019806 0.105832 0.746044 0.035490 0.092828
2 2 0.016513 0.092187 0.783382 0.049212 0.058705
2 2 0.019639 0.100223 0.687117 0.033723 0.159299
2 2 0.024011 0.111499 0.743041 0.031926 0.089523
2 2 0.023000 0.115820 0.744997 0.032963 0.083220
2 2 0.013273 0.072940 0.787048 0.070511 0.056228
2 2 0.021190 0.085907 0.727595 0.094838 0.070470
2 1 0.022105 0.080523 0.702681 0.102213 0.092478
0 1 0.408692 0.114222 0.162881 0.148264 0.165940
2 1 0.092073 0.077732 0.393982 0.299964 0.136249
2 0 0.213840 0.126285 0.395237 0.183102 0.081536
0 0 0.534081 0.136864 0.201866 0.040802 0.086387
0 0 0.799309 0.045950 0.056967 0.052263 0.045510
2 0 0.103247 0.112691 0.544409 0.181415 0.058237
2 0 0.150326 0.170734 0.553724 0.050527 0.074690
3 0 0.198789 0.047394 0.138952 0.563665 0.051199
0 0 0.456153 0.044862 0.093352 0.348208 0.057424
0 0 0.560360 0.103040 0.137702 0.113038 0.085860
0 1 0.556121 0.024727 0.086446 0.303829 0.028876
0 1 0.595346 0.097005 0.115597 0.068580 0.123472
0 1 0.292891 0.140728 0.243475 0.214523 0.108382
3 4 0.037813 0.052539 0.385414 0.492723 0.031511
2 4 0.026895 0.127874 0.600250 0.016656 0.228324
2 4 0.028573 0.134605 0.456021 0.006741 0.374060
2 4 0.028835 0.127418 0.517410 0.011700 0.314637
2 4 0.040644 0.159241 0.567801 0.016083 0.216233
2 4 0.028603 0.143659 0.500815 0.007154 0.319769
2 4 0.028890 0.141647 0.509180 0.009240 0.311043
2 4 0.066239 0.186805 0.454699 0.010278 0.281979
2 4 0.034733 0.096393 0.541744 0.077876 0.249254
2 4 0.031308 0.135085 0.523106 0.014196 0.296304
2 4 0.031005 0.142548 0.475952 0.008075 0.342419
2 4 0.027232 0.126892 0.546221 0.013826 0.285829
2 4 0.035780 0.145268 0.514176 0.013313 0.291464
2 4 0.049666 0.124640 0.566387 0.040199 0.219109
2 4 0.108803 0.105425 0.348202 0.247229 0.190341
3 4 0.048183 0.070024 0.328318 0.451749 0.101725
4 4 0.154374 0.157064 0.244748 0.078398 0.365416
2 4 0.038155 0.166904 0.685325 0.027198 0.082417
2 4 0.036039 0.097417 0.613335 0.212548 0.040661
2 4 0.045056 0.186596 0.522572 0.015024 0.230753
2 4 0.036016 0.174791 0.538902 0.009928 0.240363
2 4 0.035390 0.187488 0.477889 0.005070 0.294163
4 4 0.047662 0.173337 0.357127 0.006842 0.415032
2 4 0.051499 0.143974 0.467856 0.043265 0.293406
2 4 0.040834 0.136162 0.507104 0.034127 0.281773
4 4 0.166448 0.110353 0.133169 0.023831 0.566199
4 4 0.135062 0.102670 0.223443 0.163341 0.375484
4 4 0.096513 0.123883 0.273972 0.056030 0.449602
0 4 0.703651 0.068643 0.088056 0.076802 0.062848
0 4 0.470172 0.124901 0.170927 0.135462 0.098539
3 4 0.290209 0.073300 0.146160 0.412323 0.078009
0 4 0.526377 0.103716 0.130704 0.088520 0.150682
2 4 0.077501 0.104935 0.512735 0.169071 0.135757
4 4 0.240257 0.076545 0.056999 0.006298 0.619901
4 4 0.105431 0.136448 0.160133 0.013578 0.584410
4 4 0.046346 0.157072 0.355103 0.009663 0.431816
4 4 0.145482 0.160648 0.211365 0.009533 0.472972
3 4 0.121381 0.079660 0.288929 0.341190 0.168839
4 4 0.280226 0.038361 0.039492 0.016879 0.625041
2 4 0.079870 0.173033 0.394190 0.030665 0.322241
2 4 0.063568 0.215940 0.403719 0.007952 0.308820
4 4 0.033981 0.160182 0.300362 0.002608 0.502867
2 4 0.048432 0.165159 0.599321 0.025933 0.161156
2 4 0.037251 0.136455 0.598457 0.041797 0.186040
0 0 0.406758 0.102714 0.189865 0.213725 0.086938
0 1 0.433161 0.122326 0.177413 0.167403 0.099697
3 1 0.027881 0.021585 0.187553 0.747635 0.015346
3 1 0.240434 0.108126 0.212334 0.343356 0.095749
3 1 0.253594 0.100404 0.277694 0.283622 0.084687
0 1 0.370697 0.126111 0.208535 0.192821 0.101835
2 1 0.246938 0.106506 0.281070 0.279861 0.085625
2 1 0.109282 0.129605 0.527748 0.166976 0.066389
2 1 0.036667 0.089639 0.619863 0.190431 0.063400
2 1 0.116911 0.196783 0.361754 0.026982 0.297570
2 1 0.071527 0.107450 0.652460 0.118329 0.050235
2 1 0.056424 0.108148 0.639806 0.133159 0.062462
2 2 0.142139 0.147920 0.423074 0.120196 0.166671
2 2 0.056515 0.089510 0.573499 0.234015 0.046461
2 2 0.019627 0.077113 0.692917 0.183248 0.027096
2 2 0.019643 0.075775 0.694053 0.179872 0.030657
2 2 0.032005 0.086449 0.624079 0.195499 0.061969
2 2 0.044392 0.119009 0.673158 0.120502 0.042939
2 2 0.064331 0.175904 0.578603 0.045733 0.135429
2 2 0.028999 0.123089 0.714715 0.048175 0.085022
4 2 0.030130 0.102704 0.107009 0.000816 0.759341
2 2 0.054668 0.185266 0.387475 0.012718 0.359873
2 2 0.045966 0.200954 0.610467 0.017537 0.125077
4 2 0.081402 0.221829 0.280434 0.005437 0.410898
2 2 0.115740 0.253475 0.347518 0.018836 0.264431
2 2 0.069492 0.199306 0.573471 0.044857 0.112874
2 2 0.063246 0.155403 0.457624 0.099864 0.223862
2 2 0.118982 0.229908 0.391060 0.012832 0.247218
2 2 0.138458 0.142946 0.500382 0.116073 0.102140
2 2 0.091282 0.182912 0.522736 0.047729 0.155342
4 2 0.114085 0.196328 0.240028 0.018424 0.431135
2 2 0.075946 0.203752 0.523988 0.058067 0.138247
2 2 0.063657 0.149392 0.553483 0.127274 0.106193
4 2 0.089612 0.148016 0.330003 0.033942 0.398427
4 2 0.186408 0.172530 0.180263 0.016723 0.444076
3 1 0.052501 0.071922 0.329120 0.503874 0.042583
4 1 0.086440 0.160495 0.283155 0.056648 0.413263
4 1 0.060776 0.192960 0.328079 0.008718 0.409467
4 1 0.149040 0.142353 0.262193 0.065135 0.381278
0 1 0.286633 0.187795 0.240577 0.073236 0.211758
0 1 0.320190 0.156575 0.171056 0.039770 0.312409
2 2 0.150931 0.184835 0.322987 0.228409 0.112838
2 2 0.180067 0.215597 0.406795 0.088708 0.108832
2 2 0.200217 0.151074 0.302552 0.203530 0.142627
3 2 0.193369 0.049190 0.140696 0.413553 0.203193
0 2 0.279105 0.150118 0.198506 0.099617 0.272653
4 2 0.192807 0.147648 0.261597 0.082605 0.315343
0 2 0.368172 0.123998 0.187913 0.108858 0.211060
0 2 0.281166 0.148495 0.247587 0.216006 0.106745
3 2 0.095385 0.056969 0.293311 0.517194 0.037141
3 2 0.092798 0.050088 0.213065 0.562363 0.081686
3 2 0.243831 0.096640 0.220035 0.329904 0.109590
0 2 0.344673 0.156797 0.242692 0.050634 0.205205
0 2 0.379489 0.128350 0.217650 0.172825 0.101687
3 2 0.119155 0.059434 0.228320 0.522816 0.070275
0 2 0.389380 0.086836 0.130967 0.095622 0.297195
3 2 0.120087 0.088014 0.284261 0.445213 0.062424
0 2 0.300278 0.140486 0.269682 0.191711 0.097843
2 2 0.270313 0.207702 0.280139 0.039097 0.202749
3 2 0.159810 0.097684 0.272812 0.307311 0.162383
0 2 0.288262 0.182484 0.269162 0.140429 0.119663
3 2 0.093298 0.087497 0.263420 0.491663 0.064123
3 2 0.175859 0.104248 0.218181 0.289931 0.211781
3 2 0.202143 0.096594 0.275311 0.276076 0.149877
3 2 0.118708 0.050141 0.148361 0.631041 0.051749
3 2 0.235452 0.095947 0.250282 0.338931 0.079388
4 2 0.280288 0.096461 0.087459 0.006986 0.528807
3 2 0.179443 0.072879 0.255499 0.375777 0.116402
2 2 0.020005 0.071257 0.610187 0.269099 0.029452
2 2 0.076762 0.103959 0.384601 0.280002 0.154676
2 2 0.248742 0.212514 0.276997 0.015680 0.246067
4 2 0.171984 0.177796 0.203880 0.015551 0.430789
2 2 0.148228 0.198852 0.465068 0.094914 0.092937
2 2 0.203463 0.172351 0.261320 0.205674 0.157192
2 2 0.217288 0.214649 0.294254 0.077237 0.196572
2 2 0.070020 0.123992 0.448108 0.211787 0.146092
2 2 0.167659 0.185288 0.339896 0.112606 0.194552
2 2 0.192641 0.155621 0.325988 0.169348 0.156401
4 2 0.264007 0.173986 0.200466 0.070484 0.291057
0 3 0.307442 0.175229 0.247650 0.120857 0.148822
0 3 0.272254 0.128805 0.238743 0.255985 0.104213
2 3 0.256277 0.170399 0.334013 0.138958 0.100353
2 3 0.210945 0.206082 0.313199 0.078702 0.191071
2 3 0.241129 0.223156 0.358335 0.061716 0.115664
3 3 0.052759 0.035764 0.177639 0.695666 0.038172
2 3 0.234425 0.209944 0.299241 0.027985 0.228406
2 3 0.205951 0.145397 0.326375 0.176869 0.145408
2 3 0.210821 0.223061 0.330708 0.080867 0.154543
0 3 0.382840 0.152894 0.217102 0.137135 0.110031
0 3 0.308143 0.103252 0.174370 0.264249 0.149986
0 3 0.400261 0.174947 0.247701 0.041902 0.135189
4 3 0.246611 0.172722 0.232273 0.064997 0.283396
2 3 0.260895 0.210427 0.328132 0.082289 0.118257
2 3 0.168860 0.131791 0.316110 0.124832 0.258407
4 3 0.339892 0.110683 0.119297 0.033843 0.396285
2 3 0.066920 0.128721 0.480869 0.252716 0.070774
2 3 0.078282 0.153393 0.521316 0.139049 0.107959
2 3 0.173432 0.190567 0.383105 0.148884 0.104012
4 3 0.137796 0.177662 0.184997 0.038685 0.460859
2 3 0.114841 0.116664 0.315733 0.284476 0.168286
2 3 0.110243 0.098155 0.278815 0.237286 0.275501
2 3 0.238182 0.213376 0.334676 0.093286 0.120479
0 3 0.319993 0.172823 0.251761 0.138635 0.116788
3 3 0.071206 0.060343 0.211559 0.557718 0.099175
2 3 0.178086 0.200748 0.293523 0.186025 0.141618
2 3 0.077759 0.145213 0.427860 0.240281 0.108886
4 3 0.196036 0.165543 0.178676 0.036609 0.423137
2 3 0.060002 0.127162 0.512674 0.228692 0.071471
3 3 0.019401 0.032854 0.370020 0.561004 0.016721
3 3 0.117344 0.100738 0.302694 0.335806 0.143419
2 3 0.026842 0.093499 0.615454 0.230725 0.033480
2 3 0.145060 0.164294 0.455246 0.093756 0.141645
4 3 0.188837 0.142933 0.189950 0.039488 0.438792
4 3 0.196477 0.138367 0.210054 0.144603 0.310499
4 3 0.170850 0.155794 0.168406 0.033605 0.471345
3 3 0.009322 0.022257 0.283933 0.655200 0.029287
4 3 0.190734 0.173814 0.234202 0.084519 0.316731
3 3 0.051322 0.055437 0.271675 0.514026 0.107540
2 3 0.103478 0.134558 0.403809 0.279982 0.078172
3 3 0.024713 0.019454 0.167577 0.773036 0.015221
2 3 0.067993 0.159850 0.511260 0.100441 0.160456
2 3 0.058084 0.128978 0.458026 0.177305 0.177606
2 3 0.071808 0.162135 0.496075 0.087507 0.182474
2 3 0.055854 0.110829 0.394378 0.138109 0.300830
3 3 0.017020 0.040443 0.409150 0.470952 0.062435
2 3 0.049163 0.137290 0.580427 0.120831 0.112287
2 3 0.044705 0.094984 0.465768 0.267221 0.127321
2 3 0.034960 0.109731 0.638519 0.125597 0.091193
2 3 0.068409 0.196523 0.545340 0.056762 0.132965
4 3 0.128181 0.161011 0.300025 0.056218 0.354564
2 3 0.050110 0.142723 0.552586 0.118116 0.136465
4 3 0.071488 0.155839 0.347537 0.044743 0.380393
2 3 0.030445 0.077018 0.498160 0.324388 0.069989
2 3 0.079334 0.163626 0.506613 0.135901 0.114527
2 3 0.047921 0.121824 0.540781 0.152443 0.137030
3 3 0.009187 0.020214 0.237069 0.721972 0.011557
2 3 0.066660 0.161476 0.438587 0.086957 0.246320
2 3 0.048778 0.129865 0.492097 0.073444 0.255816
2 3 0.026329 0.065471 0.495591 0.326997 0.085612
3 3 0.044546 0.065136 0.369422 0.443225 0.077672
2 3 0.048584 0.143222 0.614123 0.107866 0.086205
3 3 0.018965 0.047465 0.406947 0.499736 0.026887
2 3 0.056721 0.122984 0.502303 0.199904 0.118088
2 3 0.036645 0.071740 0.495706 0.334850 0.061059
4 1 0.074227 0.138250 0.310180 0.084895 0.392449
0 1 0.540537 0.110302 0.141726 0.099655 0.107780
0 1 0.365857 0.150380 0.211676 0.160898 0.111189
0 2 0.315189 0.112002 0.197195 0.260254 0.115360
0 2 0.262361 0.130728 0.245809 0.256361 0.104742
4 2 0.267065 0.142128 0.139915 0.031938 0.418954
0 2 0.369956 0.139626 0.157640 0.030556 0.302222
0 2 0.311069 0.198563 0.269371 0.033288 0.187709
0 2 0.354447 0.135792 0.256073 0.131763 0.121925
4 2 0.322129 0.150193 0.168835 0.032651 0.326191
0 2 0.322220 0.104912 0.245006 0.240432 0.087429
2 2 0.199946 0.205989 0.271221 0.106878 0.215966
3 2 0.258671 0.127089 0.253686 0.264543 0.096011
0 2 0.319584 0.180098 0.252128 0.105259 0.142931
0 2 0.374278 0.154479 0.202206 0.065374 0.203663
0 2 0.692308 0.072773 0.094206 0.075644 0.065069
0 2 0.376890 0.146417 0.165708 0.064465 0.246521
3 2 0.186012 0.060590 0.259590 0.449901 0.043906
0 2 0.495912 0.105041 0.153474 0.131402 0.114171
0 2 0.580308 0.105014 0.131856 0.071082 0.111740
2 2 0.276642 0.140810 0.286804 0.194408 0.101336
0 2 0.448670 0.105709 0.161417 0.191294 0.092911
0 2 0.288055 0.085797 0.195791 0.235051 0.195305
0 2 0.346516 0.122017 0.230746 0.183249 0.117471
2 2 0.219042 0.211516 0.371807 0.081947 0.115687
4 2 0.124595 0.180256 0.187532 0.026096 0.481521
2 2 0.058152 0.190524 0.457447 0.019421 0.274455
2 2 0.038235 0.173634 0.498476 0.011988 0.277667
2 2 0.048845 0.164612 0.399991 0.015656 0.370896
2 2 0.052793 0.219958 0.455737 0.006838 0.264675
2 2 0.050496 0.162984 0.533288 0.035878 0.217353
4 2 0.069972 0.199396 0.297098 0.008476 0.425058
4 2 0.043962 0.177595 0.361066 0.006308 0.411069
2 2 0.039154 0.164474 0.481652 0.015518 0.299201
2 2 0.045194 0.181572 0.458083 0.013036 0.302115
2 2 0.085435 0.189377 0.368719 0.018115 0.338355
3 2 0.115634 0.030960 0.119531 0.699319 0.034556
4 2 0.112892 0.220105 0.280967 0.020668 0.365368
4 2 0.057009 0.162842 0.296528 0.010846 0.472775
2 2 0.064882 0.116507 0.559658 0.186727 0.072225
2 2 0.069025 0.125338 0.493445 0.155357 0.156835
2 2 0.042085 0.161885 0.527833 0.025048 0.243149
4 2 0.037777 0.173380 0.388985 0.005445 0.394414
2 2 0.088623 0.171767 0.381939 0.047724 0.309946
0 2 0.404300 0.049627 0.101085 0.383048 0.061941
0 2 0.334545 0.089286 0.161874 0.326936 0.087359
0 2 0.537152 0.108651 0.146096 0.118840 0.089261
3 2 0.163673 0.048992 0.125136 0.605482 0.056716
0 2 0.536681 0.056979 0.099976 0.241101 0.065263
0 2 0.280774 0.157251 0.237827 0.208588 0.115559
0 2 0.257086 0.145515 0.246904 0.243136 0.107359
2 2 0.038989 0.156569 0.452775 0.010635 0.341032
4 2 0.061068 0.139619 0.303327 0.018192 0.477794
2 2 0.064289 0.141531 0.531129 0.165240 0.097811
3 4 0.023628 0.040224 0.386844 0.527337 0.021966
2 4 0.054057 0.169866 0.593942 0.065111 0.117023
2 4 0.034590 0.148360 0.540413 0.021470 0.255168
4 4 0.040594 0.153482 0.215092 0.002103 0.588729
4 4 0.059863 0.171343 0.189458 0.002786 0.576550
4 4 0.043583 0.166815 0.215148 0.001629 0.572825
4 4 0.061493 0.149663 0.317943 0.024705 0.446196
4 4 0.078900 0.111410 0.146352 0.007934 0.655404
2 1 0.081776 0.134445 0.383285 0.069337 0.331157
2 1 0.173385 0.152341 0.405147 0.166691 0.102436
3 1 0.163277 0.062789 0.232969 0.480011 0.060955
3 1 0.096772 0.014852 0.076417 0.791655 0.020304
0 1 0.316509 0.177352 0.260534 0.128511 0.117095
3 1 0.300976 0.037337 0.109075 0.507589 0.045023
0 1 0.736136 0.060909 0.077309 0.068498 0.057148
0 1 0.376665 0.081539 0.147096 0.311858 0.082843
3 1 0.223585 0.072776 0.174793 0.452780 0.076066
0 1 0.345095 0.145514 0.213601 0.185235 0.110556
0 2 0.335546 0.099226 0.275901 0.205122 0.084205
3 2 0.258314 0.106873 0.202879 0.338833 0.093103
0 2 0.586211 0.096803 0.128472 0.106552 0.081962
0 0 0.411145 0.073006 0.132590 0.305716 0.077543
0 0 0.703615 0.025028 0.046349 0.187896 0.037112
3 1 0.304253 0.105041 0.184654 0.310677 0.095375
4 1 0.073264 0.113280 0.296615 0.126171 0.390671
4 1 0.091774 0.139323 0.127451 0.003780 0.637672
4 2 0.037089 0.133666 0.191122 0.002391 0.635732
2 2 0.028696 0.162357 0.537032 0.008589 0.263326
4 2 0.048622 0.173784 0.373171 0.011431 0.392993
2 2 0.046341 0.184652 0.489098 0.015765 0.264145
4 2 0.027456 0.145654 0.367009 0.004222 0.455660
2 2 0.034904 0.136153 0.522141 0.026186 0.280616
4 2 0.042133 0.180365 0.353586 0.004312 0.419604
2 2 0.026315 0.142876 0.610590 0.017281 0.202938
2 2 0.037544 0.177497 0.523477 0.011839 0.249643
2 2 0.053500 0.162374 0.585748 0.074565 0.123813
2 2 0.064628 0.172961 0.594334 0.074621 0.093456
2 2 0.127566 0.142706 0.349035 0.043705 0.336987
2 2 0.120856 0.162907 0.421164 0.074453 0.220622
2 2 0.113602 0.147058 0.472576 0.149002 0.117762
2 1 0.168422 0.163458 0.442272 0.103942 0.121906
2 1 0.138817 0.109502 0.540239 0.152138 0.059304
2 2 0.038985 0.117573 0.647066 0.105756 0.090620
2 2 0.103611 0.219346 0.360127 0.018098 0.298818
2 2 0.115750 0.202581 0.331271 0.053714 0.296684
0 2 0.281760 0.176457 0.244914 0.068878 0.227992
3 2 0.027196 0.042311 0.358524 0.548512 0.023458
2 2 0.236210 0.125531 0.270809 0.266362 0.101089
3 2 0.009668 0.009369 0.207616 0.766945 0.006402
3 1 0.142527 0.077952 0.330401 0.397222 0.051898
3 1 0.226928 0.108482 0.254746 0.328710 0.081133
3 1 0.031621 0.007587 0.073750 0.878750 0.008291
3 2 0.034505 0.018500 0.192399 0.741175 0.013421
2 2 0.245087 0.135591 0.320262 0.206032 0.093028
3 2 0.158848 0.081344 0.281013 0.390567 0.088227
3 2 0.055736 0.053027 0.216385 0.629657 0.045195
2 2 0.273051 0.155653 0.319065 0.098397 0.153834
3 2 0.071677 0.031459 0.141108 0.685431 0.070325
0 1 0.431365 0.065948 0.121533 0.308184 0.072970
0 1 0.544701 0.106824 0.143354 0.116955 0.088165
0 1 0.295762 0.188934 0.237893 0.046931 0.230480
3 2 0.016530 0.043260 0.447364 0.468003 0.024844
2 2 0.040205 0.109018 0.592837 0.195018 0.062921
2 2 0.163568 0.166032 0.277713 0.138268 0.254419
2 2 0.093781 0.073209 0.428890 0.349250 0.054870
0 2 0.319679 0.114691 0.251807 0.231939 0.081884
0 2 0.317735 0.161703 0.232690 0.155991 0.131881
0 2 0.308423 0.085837 0.151305 0.163347 0.291088
0 2 0.299567 0.123981 0.239862 0.202543 0.134047
2 1 0.236990 0.173819 0.243268 0.127978 0.217944
2 1 0.127532 0.166934 0.469751 0.129194 0.106589
2 1 0.046269 0.090958 0.489961 0.109509 0.263304
2 1 0.028191 0.132828 0.714437 0.037396 0.087147
3 1 0.209214 0.058663 0.207341 0.472714 0.052068
3 1 0.123480 0.036596 0.157637 0.644783 0.037504
3 2 0.243599 0.078867 0.192136 0.412886 0.072511
2 2 0.034159 0.091882 0.650091 0.186496 0.037372
2 2 0.033962 0.058944 0.520382 0.355627 0.031085
2 2 0.044166 0.129896 0.739667 0.048104 0.038167
2 1 0.025598 0.057677 0.648851 0.236810 0.031064
3 1 0.282979 0.111134 0.219155 0.291367 0.095364
0 1 0.430713 0.029397 0.078570 0.418603 0.042716
0 2 0.437217 0.069998 0.126015 0.291390 0.075380
2 2 0.099171 0.161629 0.459893 0.051457 0.227850
2 2 0.065558 0.074799 0.442655 0.365063 0.051925
2 2 0.125637 0.237077 0.431946 0.021833 0.183508
2 1 0.243707 0.213751 0.356855 0.057640 0.128047
2 1 0.112522 0.117690 0.385972 0.319152 0.064663
3 1 0.011137 0.013246 0.142234 0.823816 0.009567
3 2 0.039199 0.070489 0.377037 0.420875 0.092399
2 1 0.054562 0.169740 0.447908 0.028391 0.299399
2 2 0.095728 0.225769 0.451675 0.044602 0.182227
2 2 0.028466 0.161156 0.552977 0.007633 0.249767
2 0 0.026709 0.131485 0.586924 0.018221 0.236662
3 1 0.050073 0.054286 0.295521 0.522473 0.077647
2 1 0.180577 0.112282 0.377579 0.231986 0.097575
4 1 0.072401 0.162162 0.161277 0.004317 0.599843
4 1 0.103738 0.169448 0.223588 0.035705 0.467521
2 1 0.024705 0.081501 0.615541 0.137530 0.140723
4 2 0.030971 0.144682 0.226095 0.001364 0.596889
4 2 0.028542 0.161864 0.368149 0.002404 0.439041
2 1 0.030281 0.150473 0.426434 0.005194 0.387617
2 2 0.033958 0.137801 0.516763 0.020062 0.291416
2 0 0.064032 0.102916 0.502374 0.114841 0.215837
4 0 0.195046 0.132204 0.286565 0.050165 0.336020
4 0 0.256596 0.101380 0.158830 0.060679 0.422514
0 0 0.900875 0.022201 0.026060 0.025925 0.024938
0 0 0.511674 0.114822 0.155432 0.125186 0.092887
4 0 0.314195 0.065810 0.047705 0.005491 0.566799
0 0 0.407998 0.093125 0.081179 0.016275 0.401424
0 1 0.267085 0.177104 0.252218 0.172401 0.131192
2 1 0.025333 0.051590 0.463129 0.421423 0.038524
2 0 0.063699 0.161113 0.543383 0.058513 0.173293
2 1 0.067315 0.208001 0.503031 0.021841 0.199811
2 1 0.052282 0.149735 0.587539 0.038158 0.172287
2 1 0.051461 0.091084 0.553493 0.158725 0.145237
2 1 0.031972 0.074771 0.640181 0.173714 0.079361
2 1 0.036959 0.059112 0.469388 0.400528 0.034013
0 4 0.408371 0.114093 0.147336 0.098624 0.231575
4 4 0.244545 0.168621 0.183119 0.052699 0.351016
4 4 0.161378 0.139241 0.263553 0.085594 0.350235
0 4 0.330971 0.084086 0.156642 0.249127 0.179175
2 4 0.034937 0.085759 0.590655 0.183797 0.104852
2 4 0.015927 0.052511 0.588183 0.284120 0.059259
3 4 0.125040 0.071892 0.234162 0.511966 0.056941
2 4 0.030942 0.110903 0.615950 0.040302 0.201903
4 4 0.042616 0.134845 0.345646 0.008854 0.468040
0 4 0.631808 0.054052 0.063716 0.046299 0.204124
0 4 0.373020 0.123735 0.139829 0.057662 0.305755
0 4 0.282707 0.122679 0.242018 0.254691 0.097905
4 4 0.258022 0.203540 0.256923 0.022942 0.258573
2 4 0.180703 0.164139 0.356374 0.109038 0.189746
4 4 0.024583 0.128457 0.417269 0.004790 0.424900
2 4 0.025299 0.141873 0.505436 0.006267 0.321125
2 4 0.025523 0.135982 0.527847 0.008564 0.302084
2 1 0.023281 0.122102 0.572083 0.011652 0.270882
2 1 0.175347 0.215674 0.428484 0.059008 0.121486
2 1 0.025148 0.095670 0.670332 0.089028 0.119821
2 1 0.015294 0.067831 0.754293 0.127821 0.034762
2 1 0.025772 0.103408 0.739286 0.066869 0.064666
2 1 0.035422 0.103618 0.669904 0.095006 0.096051
2 1 0.026936 0.120796 0.682447 0.038433 0.131388
2 1 0.027393 0.070103 0.699598 0.154891 0.048015
2 2 0.019754 0.094226 0.759331 0.068929 0.057759
2 2 0.012731 0.057003 0.745582 0.143209 0.041475
2 2 0.017785 0.092698 0.757041 0.050700 0.081777
3 1 0.234849 0.098650 0.239050 0.350328 0.077122
0 0 0.673901 0.036107 0.054565 0.103572 0.131855
3 0 0.105574 0.043400 0.183995 0.628959 0.038071
3 1 0.407268 0.015118 0.039708 0.508827 0.029079
2 1 0.168766 0.160390 0.326900 0.232837 0.111107
2 1 0.021976 0.052640 0.715849 0.190232 0.019304
2 1 0.013778 0.041294 0.628881 0.299374 0.016673
2 1 0.071558 0.149569 0.633019 0.086499 0.059355
2 1 0.052183 0.123141 0.646117 0.128738 0.049821
2 1 0.052648 0.084295 0.661295 0.147940 0.053822
2 2 0.054547 0.113780 0.658037 0.102570 0.071066
2 2 0.094156 0.159066 0.604861 0.029254 0.112662
0 1 0.299634 0.194539 0.295637 0.093277 0.116913
3 1 0.327597 0.051407 0.109607 0.448090 0.063298
3 0 0.308073 0.091777 0.168494 0.342942 0.088714
0 0 0.685894 0.072882 0.094011 0.081328 0.065886
0 1 0.419345 0.137289 0.190432 0.147934 0.105000
2 0 0.139591 0.127086 0.306899 0.249527 0.176897
0 4 0.343673 0.140662 0.188827 0.126176 0.200661
2 4 0.055450 0.138784 0.424708 0.015718 0.365339
2 4 0.044098 0.146520 0.528451 0.020573 0.260357
2 4 0.022029 0.108714 0.754046 0.043830 0.071381
2 4 0.030116 0.117254 0.692525 0.064176 0.095929
2 4 0.023386 0.138540 0.693497 0.017167 0.127409
2 4 0.024003 0.115091 0.670265 0.029929 0.160713
2 0 0.037344 0.108822 0.679420 0.078562 0.095852
2 0 0.011177 0.036322 0.513057 0.423710 0.015734
3 0 0.180664 0.049495 0.187725 0.508443 0.073672
3 0 0.047103 0.017177 0.094259 0.821972 0.019489
0 0 0.492910 0.103918 0.103586 0.032433 0.267152
0 0 0.688074 0.093449 0.133364 0.021441 0.063671
0 0 0.508192 0.053691 0.098495 0.275924 0.063699
3 0 0.105750 0.060330 0.267616 0.508326 0.057979
2 0 0.038792 0.068161 0.493104 0.365073 0.034870
2 0 0.026677 0.168551 0.559899 0.006003 0.238870
2 0 0.032307 0.179874 0.462738 0.004370 0.320710
2 0 0.051346 0.074436 0.409751 0.317839 0.146628
2 0 0.118860 0.162268 0.355541 0.027489 0.335842
3 0 0.315823 0.021957 0.063046 0.505094 0.094080
3 0 0.191767 0.048930 0.130167 0.567854 0.061282
2 0 0.107801 0.075450 0.408867 0.362725 0.045158
0 0 0.305018 0.101192 0.161702 0.153259 0.278830
2 0 0.039021 0.146401 0.668135 0.046257 0.100186
2 0 0.035080 0.175590 0.604741 0.011997 0.172593
4 0 0.308455 0.114067 0.146518 0.089908 0.341052
2 0 0.049046 0.109243 0.611732 0.182292 0.047687
3 0 0.285787 0.020950 0.055473 0.595450 0.042340
0 0 0.468004 0.069334 0.143982 0.202322 0.116357
4 0 0.287323 0.159713 0.172767 0.048726 0.331471
2 0 0.071725 0.200346 0.502653 0.023683 0.201593
4 0 0.102233 0.178780 0.344792 0.014071 0.360125
2 0 0.188502 0.074730 0.342944 0.338541 0.055284
3 0 0.336451 0.067845 0.133190 0.383450 0.079064
3 0 0.187141 0.102274 0.266020 0.338309 0.106256
2 0 0.059740 0.142542 0.604535 0.085067 0.108117
2 0 0.023871 0.062614 0.568893 0.318851 0.025770
3 0 0.110159 0.052384 0.184948 0.605570 0.046939
2 0 0.243798 0.180472 0.263865 0.189596 0.122269
0 0 0.528535 0.077088 0.122816 0.194580 0.076982
4 0 0.143831 0.215216 0.279544 0.027530 0.333878
2 0 0.018803 0.099875 0.762584 0.067698 0.051040
2 0 0.046559 0.177948 0.616903 0.039464 0.119127
2 0 0.059750 0.159617 0.575998 0.026719 0.177916
2 0 0.058273 0.177702 0.632971 0.036863 0.094191
3 0 0.211621 0.133173 0.262759 0.295209 0.097238
3 0 0.272915 0.074199 0.247422 0.350441 0.055024
3 0 0.183435 0.070437 0.226740 0.462340 0.057049
0 0 0.343989 0.155748 0.220605 0.166142 0.113515
4 0 0.021782 0.109539 0.106962 0.000174 0.761543
4 0 0.021623 0.109595 0.109121 0.000181 0.759480
4 0 0.021623 0.109595 0.109121 0.000181 0.759480
4 0 0.023311 0.117077 0.132032 0.000300 0.727280
4 0 0.023311 0.117077 0.132032 0.000300 0.727280
4 0 0.023311 0.117078 0.132032 0.000300 0.727279
4 0 0.023311 0.117078 0.132032 0.000300 0.727280
4 0 0.023311 0.117077 0.132032 0.000300 0.727280
4 0 0.024397 0.128887 0.330475 0.002310 0.513931
4 0 0.024397 0.128887 0.330476 0.002310 0.513930
4 0 0.024397 0.128887 0.330476 0.002310 0.513930
4 0 0.024397 0.128887 0.330476 0.002310 0.513930
4 0 0.024397 0.128887 0.330476 0.002310 0.513930
4 0 0.024397 0.128887 0.330476 0.002310 0.513931
4 0 0.024397 0.128887 0.330476 0.002310 0.513930
4 0 0.024397 0.128887 0.330476 0.002310 0.513930
4 0 0.024397 0.128887 0.330476 0.002310 0.513930
4 0 0.024397 0.128887 0.330476 0.002310 0.513930
4 0 0.023254 0.120739 0.229588 0.000844 0.625574
4 0 0.023249 0.120610 0.229733 0.000849 0.625558
4 0 0.186136 0.090644 0.131892 0.114944 0.476385
0 0 0.328718 0.159503 0.226935 0.169782 0.115062
3 0 0.119584 0.008768 0.032369 0.821511 0.017768
0 0 0.392329 0.070345 0.140642 0.168839 0.227845
3 0 0.033012 0.007244 0.070809 0.880850 0.008085
3 0 0.286756 0.010450 0.038520 0.644309 0.019966
0 0 0.754074 0.040156 0.054794 0.072547 0.078428
0 0 0.369564 0.132223 0.223016 0.179137 0.096059
2 0 0.048600 0.191524 0.456349 0.006440 0.297087
2 0 0.310681 0.183615 0.329102 0.044650 0.131952
3 0 0.054291 0.010255 0.090956 0.833652 0.010845
0 0 0.473220 0.098287 0.150797 0.188799 0.088897
3 0 0.019204 0.015231 0.107953 0.841406 0.016207
2 0 0.074968 0.140407 0.512432 0.031530 0.240663
2 0 0.050269 0.160730 0.611540 0.045525 0.131936
2 0 0.165590 0.149213 0.425081 0.115098 0.145019
2 0 0.109121 0.136489 0.513872 0.058432 0.182086
2 0 0.020828 0.073615 0.739871 0.114244 0.051443
2 0 0.232291 0.123439 0.316909 0.238186 0.089176
3 0 0.047930 0.035814 0.215812 0.667671 0.032773
3 0 0.032694 0.036529 0.247316 0.659442 0.024020
3 0 0.111060 0.068784 0.256531 0.491988 0.071637
2 0 0.025974 0.127529 0.661914 0.023442 0.161140
2 1 0.022243 0.119789 0.710303 0.018924 0.128740
2 0 0.030045 0.146570 0.648027 0.022322 0.153037
2 0 0.072471 0.162068 0.519384 0.174814 0.071264
0 0 0.583421 0.097476 0.129462 0.107253 0.082388
2 0 0.040917 0.123158 0.615603 0.042628 0.177694
3 1 0.118799 0.101390 0.317428 0.396872 0.065510
2 1 0.029877 0.131493 0.697494 0.034846 0.106291
2 0 0.016137 0.077256 0.805417 0.064217 0.036973
3 0 0.020806 0.012125 0.113621 0.841673 0.011774
0 0 0.424902 0.043638 0.089374 0.368386 0.073701
2 1 0.048980 0.135020 0.710107 0.058714 0.047179
2 0 0.024087 0.092188 0.745854 0.102722 0.035149
2 0 0.052316 0.131212 0.683926 0.056883 0.075663
2 1 0.032938 0.088867 0.710217 0.121950 0.046027
2 0 0.037755 0.088467 0.689627 0.119458 0.064693
2 0 0.039035 0.093681 0.622561 0.147501 0.097222
0 1 0.556430 0.103990 0.139116 0.114022 0.086442
3 1 0.072656 0.041147 0.180092 0.670526 0.035578
2 1 0.023777 0.138911 0.723811 0.017880 0.095621
2 1 0.026315 0.123992 0.707943 0.038801 0.102950
2 1 0.034533 0.084576 0.674892 0.097020 0.108979
2 1 0.048790 0.176991 0.587833 0.023891 0.162495
2 1 0.028428 0.151741 0.680319 0.017850 0.121663
2 1 0.020797 0.109846 0.718805 0.030281 0.120271
2 1 0.026076 0.139159 0.675098 0.017347 0.142320
2 1 0.023976 0.131200 0.699466 0.020551 0.124808
2 1 0.022012 0.115872 0.723908 0.026229 0.111979
2 1 0.048662 0.130510 0.640247 0.057953 0.122628
2 1 0.041869 0.131785 0.700818 0.070585 0.054943
3 1 0.071276 0.074170 0.283607 0.470593 0.100355
0 1 0.477546 0.123107 0.168147 0.133642 0.097558
0 4 0.370371 0.149273 0.209851 0.159811 0.110693
2 4 0.070751 0.089116 0.479863 0.139025 0.221245
0 4 0.654047 0.068693 0.085254 0.067016 0.124991
0 0 0.689623 0.071991 0.092756 0.080378 0.065252
0 0 0.652707 0.080822 0.105288 0.089761 0.071422
3 0 0.008300 0.005182 0.082746 0.899404 0.004368
3 1 0.258151 0.063868 0.202105 0.400083 0.075794
2 4 0.022095 0.050759 0.603490 0.301898 0.021759
2 4 0.013258 0.063734 0.759580 0.140290 0.023138
4 4 0.140484 0.155318 0.293622 0.063999 0.346577
0 4 0.498446 0.040757 0.081260 0.325300 0.054236
4 4 0.304359 0.090714 0.111229 0.063664 0.430034
2 4 0.090531 0.108109 0.416483 0.137909 0.246966
2 4 0.030582 0.097330 0.615055 0.092800 0.164232
4 4 0.073775 0.187726 0.351290 0.008011 0.379198
2 4 0.112819 0.129150 0.506799 0.166074 0.085159
2 4 0.129307 0.086395 0.303528 0.217219 0.263551
4 4 0.307407 0.064781 0.075553 0.041551 0.510707
4 4 0.166176 0.109331 0.279364 0.053315 0.391814
2 4 0.034550 0.123194 0.621468 0.040012 0.180776
2 4 0.043312 0.091882 0.604202 0.154058 0.106546
3 4 0.017383 0.028923 0.449202 0.457321 0.047172
2 4 0.047604 0.092722 0.538950 0.180638 0.140086
2 4 0.021712 0.055268 0.645630 0.246226 0.031164
2 4 0.024608 0.123374 0.627466 0.016646 0.207906
2 4 0.027305 0.095983 0.684417 0.063779 0.128516
2 4 0.055228 0.136231 0.594533 0.066623 0.147386
2 4 0.074651 0.125109 0.400400 0.045081 0.354759
4 4 0.127959 0.088151 0.092387 0.004656 0.686846
2 4 0.140561 0.173192 0.304039 0.095303 0.286906
0 4 0.478157 0.095711 0.089385 0.023151 0.313596
2 4 0.097061 0.165406 0.399526 0.055505 0.282501
2 4 0.020576 0.119259 0.685441 0.018871 0.155853
2 4 0.033383 0.105557 0.626891 0.099031 0.135139
2 4 0.033051 0.079720 0.665500 0.089008 0.132721
2 4 0.036675 0.082225 0.633963 0.107754 0.139383
2 4 0.023736 0.090284 0.713850 0.076490 0.095640
2 4 0.039415 0.123740 0.637260 0.048226 0.151358
4 4 0.129193 0.086861 0.301933 0.152994 0.329019
2 4 0.029111 0.091042 0.709556 0.071588 0.098702
2 4 0.025154 0.058053 0.644801 0.145493 0.126500
2 4 0.080458 0.058943 0.483649 0.276930 0.100021
0 4 0.381063 0.073945 0.155416 0.124772 0.264804
4 4 0.274211 0.038300 0.102156 0.144816 0.440518
2 4 0.028471 0.118388 0.636377 0.028083 0.188681
2 4 0.040282 0.113845 0.604030 0.053078 0.188764
2 4 0.020699 0.043735 0.572304 0.332124 0.031138
3 4 0.095958 0.043047 0.237212 0.461192 0.162591
0 0 0.591674 0.095487 0.126537 0.105178 0.081124
3 1 0.264554 0.046559 0.158574 0.475431 0.054882
2 1 0.040400 0.037626 0.467871 0.426856 0.027247
4 0 0.365855 0.060204 0.043222 0.005186 0.525534
2 1 0.189483 0.193966 0.289590 0.201730 0.125231
0 1 0.438657 0.072047 0.157534 0.265250 0.066511
2 1 0.014854 0.058094 0.704824 0.169119 0.053108
2 1 0.025515 0.087984 0.721558 0.066791 0.098151
0 1 0.476871 0.123891 0.141485 0.063861 0.193893
0 1 0.577457 0.075636 0.099239 0.088185 0.159483
2 1 0.024586 0.081104 0.735149 0.096996 0.062164
2 1 0.023333 0.059392 0.704764 0.160869 0.051642
2 1 0.013200 0.065334 0.780101 0.096725 0.044640
2 1 0.018983 0.069666 0.698300 0.154524 0.058527
2 1 0.011095 0.050883 0.746024 0.162124 0.029875
2 1 0.036731 0.090340 0.691526 0.096549 0.084854
2 1 0.018053 0.077959 0.758104 0.086804 0.059079
2 1 0.010140 0.029745 0.544086 0.402583 0.013446
2 1 0.042571 0.096412 0.608471 0.107295 0.145252
2 1 0.024100 0.073815 0.734454 0.119511 0.048121
2 2 0.027250 0.083693 0.736952 0.115331 0.036774
2 2 0.010214 0.043005 0.754423 0.165192 0.027167
2 2 0.026779 0.067717 0.687912 0.167950 0.049642
2 2 0.020600 0.067438 0.760351 0.117036 0.034574
2 2 0.028985 0.049474 0.638029 0.227013 0.056500
2 2 0.011075 0.045975 0.735696 0.184517 0.022737
2 2 0.013412 0.047008 0.705072 0.209771 0.024737
2 2 0.015231 0.058842 0.722617 0.166494 0.036815
2 2 0.007925 0.031061 0.599428 0.348425 0.013160
2 2 0.017205 0.065184 0.765949 0.108309 0.043354
2 2 0.015002 0.049044 0.765300 0.141825 0.028828
2 2 0.009832 0.038556 0.660894 0.271896 0.018822
2 2 0.011510 0.038546 0.603537 0.319039 0.027369
2 2 0.012940 0.039765 0.648512 0.282715 0.016068
2 2 0.008089 0.034758 0.651889 0.292212 0.013052
2 2 0.010197 0.034476 0.586925 0.353922 0.014480
2 2 0.015325 0.077999 0.786576 0.071756 0.048343
2 2 0.025010 0.092865 0.723421 0.075157 0.083548
2 2 0.014814 0.059598 0.788020 0.094501 0.043067
2 2 0.027655 0.107998 0.695961 0.039873 0.128512
2 2 0.023575 0.110487 0.722708 0.039423 0.103807
2 2 0.019867 0.075296 0.769673 0.062371 0.072792
2 2 0.017661 0.076888 0.779738 0.079649 0.046064
2 2 0.019572 0.090213 0.767803 0.044139 0.078273
2 2 0.013807 0.056330 0.739135 0.149584 0.041144
2 2 0.030822 0.075242 0.695521 0.108669 0.089744
2 2 0.016982 0.067952 0.723850 0.119090 0.072126
2 2 0.027353 0.103217 0.706618 0.040565 0.122248
2 2 0.029212 0.117710 0.680871 0.035579 0.136627
2 2 0.036986 0.122081 0.674991 0.030690 0.135251
2 2 0.013800 0.055515 0.762605 0.122511 0.045568
2 2 0.016275 0.063207 0.725989 0.153398 0.041130
2 2 0.011172 0.047339 0.797637 0.112408 0.031444
2 2 0.032255 0.105836 0.720194 0.051229 0.090485
2 2 0.031519 0.103575 0.701402 0.055649 0.107855
2 2 0.018199 0.071294 0.748533 0.124256 0.037717
2 2 0.016297 0.060636 0.740942 0.114643 0.067482
2 2 0.021739 0.073303 0.730667 0.102896 0.071394
2 2 0.017327 0.063943 0.727312 0.149538 0.041879
2 2 0.021403 0.034799 0.476974 0.420553 0.046271
2 2 0.056786 0.100157 0.601222 0.136924 0.104912
2 2 0.022125 0.058206 0.671105 0.199265 0.049299
2 2 0.017266 0.068498 0.755565 0.110149 0.048522
2 2 0.037993 0.092424 0.650321 0.098988 0.120274
2 2 0.023079 0.077901 0.722382 0.089856 0.086782
2 2 0.024943 0.080423 0.732262 0.087554 0.074818
3 2 0.308335 0.013339 0.044140 0.609889 0.024297
0 2 0.867779 0.030254 0.034464 0.028126 0.039378
3 2 0.278673 0.029352 0.073307 0.574498 0.044170
0 2 0.418854 0.159772 0.233787 0.082590 0.104998
0 2 0.714830 0.065979 0.084336 0.073948 0.060907
0 2 0.520924 0.008376 0.022406 0.407777 0.040518
0 2 0.747638 0.058177 0.073549 0.065551 0.055085
0 2 0.724847 0.025914 0.046257 0.165664 0.037318
2 2 0.038465 0.088251 0.727523 0.076019 0.069742
2 2 0.007960 0.029822 0.661186 0.288252 0.012779
2 2 0.017863 0.061980 0.730402 0.146093 0.043662
2 2 0.021527 0.067315 0.768961 0.099025 0.043171
2 2 0.011521 0.047037 0.738327 0.173231 0.029884
2 2 0.014533 0.039828 0.642134 0.268677 0.034827
2 2 0.008790 0.037277 0.744038 0.191632 0.018263
2 2 0.013311 0.036783 0.590120 0.336585 0.023200
2 2 0.009207 0.037787 0.711827 0.227451 0.013728
2 2 0.012884 0.067745 0.807916 0.074903 0.036552
2 2 0.020732 0.065923 0.743981 0.127376 0.041987
2 2 0.026370 0.047579 0.602797 0.272634 0.050620
2 2 0.034582 0.150093 0.642517 0.031601 0.141206
2 2 0.020279 0.114209 0.748497 0.044407 0.072608
2 2 0.036167 0.153811 0.648067 0.036477 0.125479
2 2 0.036322 0.161214 0.628178 0.025932 0.148355
2 2 0.031626 0.147161 0.614070 0.027316 0.179827
2 2 0.023471 0.090490 0.683810 0.145575 0.056654
2 3 0.020408 0.111584 0.737197 0.037502 0.093309
2 2 0.025128 0.121735 0.667096 0.029967 0.156074
2 2 0.011024 0.053297 0.698557 0.185334 0.051788
2 2 0.016572 0.071804 0.722124 0.146549 0.042951
2 3 0.015957 0.074748 0.724895 0.146218 0.038181
2 3 0.039399 0.141528 0.674303 0.072937 0.071832
2 3 0.025403 0.116822 0.725001 0.058801 0.073973
2 3 0.016955 0.064989 0.680237 0.186272 0.051548
2 3 0.021464 0.102065 0.749857 0.071845 0.054770
2 3 0.031925 0.106570 0.667326 0.099762 0.094417
2 3 0.012069 0.071377 0.795239 0.096799 0.024516
2 3 0.035714 0.142327 0.645163 0.052567 0.124229
2 3 0.020602 0.074858 0.663616 0.207540 0.033384
2 3 0.027642 0.098137 0.669151 0.113100 0.091970
2 3 0.023376 0.085709 0.701093 0.147987 0.041834
2 3 0.006882 0.025657 0.496519 0.455835 0.015108
2 3 0.019264 0.090453 0.714585 0.071616 0.104082
0 3 0.461623 0.081954 0.136787 0.238056 0.081580
0 3 0.588260 0.096310 0.127746 0.106036 0.081648
2 3 0.006580 0.040223 0.746298 0.189593 0.017306
2 3 0.023667 0.096366 0.686729 0.125630 0.067608
2 3 0.044289 0.122951 0.606643 0.146899 0.079219
2 3 0.035533 0.065198 0.486096 0.357939 0.055233
2 3 0.135586 0.104553 0.369032 0.263141 0.127688
0 3 0.476707 0.059929 0.105728 0.251055 0.106580
2 3 0.015238 0.060008 0.651778 0.236141 0.036834
2 3 0.019779 0.090177 0.728227 0.103034 0.058783
2 3 0.012515 0.074961 0.802164 0.069625 0.040735
2 2 0.017694 0.067844 0.697797 0.174031 0.042634
0 0 0.384560 0.128274 0.239708 0.148313 0.099145
0 0 0.675241 0.067888 0.092818 0.099166 0.064887
0 0 0.663682 0.078193 0.101537 0.086976 0.069612
2 0 0.232833 0.200015 0.325034 0.121659 0.120460
0 0 0.373170 0.146167 0.207219 0.163733 0.109712
0 0 0.860145 0.016585 0.025975 0.072884 0.024411
3 0 0.195220 0.030237 0.091263 0.643061 0.040218
0 0 0.548770 0.078885 0.117595 0.151875 0.102875
0 0 0.474652 0.071540 0.129161 0.249340 0.075306
0 0 0.556766 0.068364 0.067613 0.024763 0.282494
0 0 0.480240 0.086035 0.144976 0.144242 0.144508
0 0 0.408891 0.130692 0.224285 0.136350 0.099781
0 0 0.599841 0.082880 0.133050 0.076001 0.108227
4 0 0.210241 0.130244 0.131656 0.012866 0.514994
4 0 0.233792 0.194506 0.230007 0.031749 0.309946
