0 0 0.533045 0.146458 0.088596 0.000115 0.231787
0 0 0.477433 0.073358 0.037120 0.000210 0.411879
4 0 0.145884 0.014855 0.007372 0.000004 0.831885
0 0 0.989196 0.000037 0.000045 0.000074 0.010649
0 0 0.681906 0.009757 0.005358 0.000015 0.302964
4 0 0.475987 0.006540 0.003809 0.000012 0.513652
4 0 0.157598 0.247711 0.088943 0.000023 0.505726
4 0 0.142722 0.205781 0.080405 0.000057 0.571036
4 0 0.163409 0.114648 0.037132 0.000001 0.684810
4 0 0.177309 0.205355 0.072176 0.000012 0.545147
4 0 0.293246 0.174186 0.059379 0.000009 0.473180
4 0 0.244368 0.138446 0.057561 0.000088 0.559537
0 0 0.520306 0.140394 0.048353 0.000006 0.290940
4 0 0.239320 0.016635 0.009454 0.000016 0.734575
0 0 0.451784 0.072805 0.030794 0.000068 0.444549
4 0 0.384238 0.088516 0.035695 0.000010 0.491542
4 0 0.024628 0.220015 0.081980 0.000005 0.673371
4 1 0.143647 0.044436 0.019624 0.000005 0.792289
4 1 0.059733 0.193929 0.087768 0.000032 0.658538
0 1 0.453424 0.230476 0.088103 0.000270 0.227727
4 1 0.313799 0.148052 0.053902 0.000027 0.484220
4 1 0.165010 0.284692 0.102382 0.000026 0.447890
4 1 0.062229 0.221640 0.087517 0.000025 0.628589
4 1 0.085504 0.320986 0.148030 0.000248 0.445232
4 1 0.050290 0.353119 0.136222 0.000054 0.460314
1 1 0.029858 0.436475 0.359055 0.000579 0.174033
2 1 0.015201 0.366441 0.483674 0.011870 0.122814
2 1 0.003835 0.206002 0.587948 0.015067 0.187148
2 1 0.008415 0.274148 0.508060 0.032184 0.177193
2 1 0.010119 0.198452 0.672354 0.003227 0.115849
4 1 0.026016 0.367380 0.169243 0.009996 0.427366
2 1 0.001455 0.053034 0.885620 0.053874 0.006017
2 2 0.002116 0.103384 0.822449 0.002435 0.069615
2 2 0.003385 0.092763 0.750131 0.009606 0.144115
2 2 0.000355 0.035036 0.919489 0.031141 0.013979
2 2 0.000566 0.046039 0.848801 0.039177 0.065418
2 2 0.005819 0.073448 0.674363 0.032715 0.213656
2 2 0.000002 0.000369 0.561026 0.438588 0.000014
2 2 0.007426 0.036096 0.577346 0.330272 0.048861
2 2 0.000122 0.023094 0.915779 0.052136 0.008869
2 2 0.000341 0.007467 0.573652 0.413760 0.004780
2 2 0.000981 0.021818 0.575181 0.372139 0.029882
2 2 0.000575 0.016363 0.502415 0.465094 0.015553
3 2 0.006710 0.022464 0.131726 0.778067 0.061033
3 2 0.003326 0.006382 0.435323 0.527357 0.027611
2 3 0.006883 0.037052 0.665218 0.251938 0.038908
3 3 0.007597 0.023230 0.429407 0.520041 0.019725
3 3 0.001980 0.003652 0.097161 0.884350 0.012857
3 3 0.000359 0.008383 0.313056 0.667351 0.010852
3 3 0.001465 0.001300 0.026503 0.969428 0.001303
3 3 0.005517 0.002658 0.014825 0.965647 0.011353
3 3 0.000874 0.003882 0.062514 0.926686 0.006044
3 3 0.015339 0.025442 0.164830 0.744484 0.049905
3 3 0.011472 0.036798 0.172916 0.673866 0.104949
3 3 0.000236 0.000772 0.055010 0.942178 0.001804
3 3 0.000062 0.000041 0.003724 0.996028 0.000145
3 3 0.074044 0.029807 0.123100 0.629802 0.143247
3 3 0.001232 0.001080 0.042517 0.954381 0.000790
3 3 0.001748 0.003088 0.054720 0.931930 0.008513
3 3 0.006735 0.004300 0.027729 0.883878 0.077358
3 3 0.003282 0.000637 0.004536 0.985228 0.006317
3 3 0.004225 0.004478 0.064028 0.924753 0.002515
3 3 0.002357 0.002041 0.031145 0.959784 0.004673
3 3 0.013619 0.011352 0.143082 0.818675 0.013271
3 3 0.000001 0.000003 0.001571 0.998424 0.000001
3 3 0.010639 0.005306 0.037186 0.941081 0.005788
3 3 0.000143 0.000121 0.003959 0.995457 0.000320
3 3 0.002096 0.001021 0.009559 0.981521 0.005803
3 3 0.003180 0.003037 0.050483 0.913992 0.029308
3 3 0.000101 0.000055 0.002976 0.996573 0.000295
3 3 0.000011 0.000091 0.013518 0.986230 0.000150
3 3 0.001266 0.000762 0.012911 0.983721 0.001340
3 3 0.003104 0.000541 0.003507 0.990027 0.002821
3 3 0.001176 0.000482 0.007695 0.988519 0.002129
3 3 0.002645 0.000702 0.005420 0.987011 0.004221
3 3 0.033809 0.002126 0.008259 0.925004 0.030802
3 3 0.001752 0.000177 0.002012 0.994810 0.001249
3 3 0.000178 0.000103 0.003221 0.995926 0.000571
3 3 0.013127 0.005118 0.052604 0.919228 0.009923
3 3 0.001420 0.000934 0.010720 0.982573 0.004353
3 3 0.001844 0.005049 0.094388 0.889618 0.009101
3 3 0.033940 0.003428 0.030221 0.894398 0.038014
3 3 0.026202 0.034036 0.182476 0.648883 0.108403
3 3 0.009789 0.009655 0.099529 0.858505 0.022522
3 3 0.001137 0.003765 0.092283 0.899871 0.002944
3 3 0.009976 0.009745 0.128458 0.815875 0.035946
3 3 0.001123 0.002774 0.073944 0.917127 0.005032
2 3 0.005841 0.064137 0.483002 0.372076 0.074944
3 3 0.010210 0.015159 0.367176 0.592597 0.014858
2 3 0.003664 0.018795 0.487118 0.478515 0.011908
3 3 0.000203 0.000609 0.019354 0.978739 0.001095
3 3 0.001266 0.011732 0.172939 0.790427 0.023636
3 3 0.000021 0.000527 0.073698 0.925581 0.000173
3 3 0.003672 0.002869 0.068229 0.903162 0.022068
2 3 0.000310 0.011740 0.831045 0.140571 0.016335
2 3 0.002601 0.008915 0.565240 0.388491 0.034753
3 3 0.000004 0.000472 0.323710 0.675631 0.000184
3 3 0.002605 0.035991 0.332743 0.568901 0.059760
3 3 0.000143 0.003824 0.178884 0.812144 0.005005
3 3 0.001148 0.013119 0.321222 0.658351 0.006160
2 3 0.025907 0.030030 0.468516 0.361756 0.113792
2 3 0.003106 0.027112 0.707847 0.231122 0.030813
3 3 0.003500 0.012859 0.123677 0.848874 0.011090
2 3 0.000001 0.000885 0.955818 0.042889 0.000407
3 3 0.028449 0.019258 0.336707 0.572157 0.043428
3 3 0.000110 0.002310 0.452246 0.543606 0.001730
2 3 0.008249 0.051059 0.484411 0.316191 0.140090
3 3 0.000099 0.001198 0.077916 0.919224 0.001563
3 3 0.000233 0.003661 0.166862 0.825626 0.003618
3 3 0.000435 0.005843 0.431232 0.557392 0.005098
3 3 0.007197 0.012714 0.384482 0.585596 0.010012
2 3 0.308338 0.237282 0.372955 0.011817 0.069608
3 3 0.021650 0.013105 0.119737 0.789144 0.056364
3 3 0.001025 0.002939 0.070890 0.919166 0.005981
3 3 0.000307 0.000836 0.023102 0.973377 0.002378
3 3 0.001344 0.005144 0.157083 0.832000 0.004429
3 3 0.000029 0.002038 0.435356 0.561891 0.000686
3 3 0.003530 0.010885 0.325063 0.640658 0.019864
3 3 0.002403 0.011538 0.222239 0.755402 0.008417
3 3 0.002039 0.015025 0.175659 0.797651 0.009626
3 3 0.000069 0.003483 0.254823 0.737793 0.003833
3 3 0.000041 0.002418 0.226308 0.770308 0.000926
3 3 0.000036 0.002188 0.251366 0.745496 0.000914
3 3 0.020642 0.052397 0.240381 0.558966 0.127613
3 3 0.015301 0.035801 0.314232 0.542684 0.091983
3 3 0.003367 0.011703 0.234293 0.720892 0.029746
3 3 0.016428 0.061891 0.365666 0.459600 0.096414
3 3 0.001359 0.031204 0.454799 0.478176 0.034462
3 3 0.024010 0.061561 0.203390 0.640469 0.070571
2 3 0.002200 0.015529 0.885950 0.073498 0.022822
3 3 0.000413 0.009310 0.401866 0.584270 0.004140
3 3 0.000266 0.000768 0.033805 0.963343 0.001818
3 3 0.000390 0.005043 0.114226 0.877954 0.002387
3 3 0.002287 0.021461 0.357088 0.571209 0.047954
3 3 0.000303 0.002198 0.131491 0.860406 0.005602
3 3 0.000111 0.001020 0.092044 0.905838 0.000987
3 3 0.000405 0.001926 0.047888 0.945810 0.003971
3 3 0.005954 0.016815 0.202612 0.733938 0.040681
3 3 0.009292 0.009686 0.088104 0.856383 0.036535
4 3 0.077293 0.095542 0.344905 0.016326 0.465933
4 1 0.077704 0.059788 0.053926 0.000875 0.807706
1 1 0.255029 0.313412 0.148454 0.006980 0.276125
4 1 0.039111 0.118274 0.104204 0.068414 0.669998
3 1 0.012104 0.030003 0.302613 0.596353 0.058926
2 2 0.001160 0.025007 0.666828 0.234070 0.072936
3 2 0.000647 0.007516 0.472212 0.515744 0.003881
2 2 0.001730 0.087197 0.774903 0.049257 0.086912
2 2 0.023710 0.200313 0.403541 0.000313 0.372123
2 2 0.000861 0.052085 0.912088 0.002061 0.032905
4 2 0.016726 0.162450 0.071768 0.000019 0.749037
4 4 0.004545 0.189092 0.222708 0.000010 0.583645
4 4 0.011510 0.149960 0.064213 0.000051 0.774266
4 4 0.019255 0.177863 0.093101 0.000021 0.709760
2 4 0.000859 0.098714 0.790385 0.001252 0.108790
4 4 0.011512 0.244528 0.110343 0.000038 0.633579
4 4 0.014043 0.056072 0.022092 0.000001 0.907792
4 4 0.013113 0.197614 0.205792 0.000022 0.583458
4 4 0.028211 0.067066 0.030448 0.000012 0.874263
4 4 0.026123 0.154241 0.098250 0.000039 0.721348
4 4 0.013410 0.186176 0.072266 0.000009 0.728139
4 4 0.021046 0.142939 0.051688 0.000001 0.784325
4 4 0.032445 0.165440 0.068005 0.000001 0.734110
4 4 0.026701 0.216350 0.082858 0.000015 0.674075
4 4 0.020599 0.258817 0.126869 0.000022 0.593692
4 4 0.005827 0.163239 0.285540 0.000185 0.545209
4 4 0.017545 0.180458 0.069536 0.000010 0.732452
4 4 0.021153 0.210640 0.177052 0.000013 0.591142
2 4 0.008972 0.281551 0.391014 0.000072 0.318392
4 4 0.026412 0.220391 0.309130 0.000057 0.444009
4 4 0.006051 0.213387 0.341753 0.000607 0.438202
4 4 0.021745 0.211099 0.080475 0.000010 0.686671
2 4 0.003577 0.126071 0.629502 0.000808 0.240041
2 4 0.000203 0.037038 0.929085 0.002975 0.030699
2 4 0.003082 0.116765 0.801748 0.006984 0.071421
2 4 0.001019 0.036419 0.833769 0.074777 0.054015
2 2 0.009904 0.137861 0.547680 0.096579 0.207975
2 2 0.007776 0.224668 0.536865 0.057934 0.172758
2 2 0.003709 0.064504 0.795862 0.093590 0.042335
2 2 0.003902 0.046185 0.944079 0.000433 0.005401
4 2 0.045696 0.386683 0.151846 0.000091 0.415684
4 2 0.037013 0.341356 0.134740 0.000076 0.486814
2 2 0.001326 0.082934 0.705755 0.180136 0.029849
0 2 0.365236 0.199297 0.087449 0.000267 0.347751
2 2 0.007369 0.272367 0.447647 0.001837 0.270780
4 2 0.309358 0.120971 0.077640 0.000112 0.491918
4 2 0.252904 0.072719 0.034478 0.000031 0.639867
4 2 0.083279 0.041756 0.073438 0.000394 0.801133
4 2 0.108150 0.234021 0.094536 0.000084 0.563210
1 2 0.084271 0.470888 0.180306 0.000106 0.264429
4 2 0.016654 0.329505 0.197381 0.004097 0.452363
2 2 0.005912 0.148220 0.624039 0.088372 0.133457
2 2 0.002882 0.096742 0.824800 0.009414 0.066162
2 2 0.001281 0.043073 0.914596 0.029865 0.011186
2 2 0.000423 0.054832 0.901039 0.011963 0.031743
2 2 0.000373 0.049633 0.878552 0.051332 0.020109
2 2 0.002966 0.101748 0.824457 0.011848 0.058980
0 2 0.445547 0.128299 0.061870 0.000720 0.363565
2 2 0.002732 0.142234 0.698022 0.096612 0.060399
2 2 0.017473 0.050256 0.844014 0.004808 0.083449
2 2 0.000547 0.014952 0.658249 0.310990 0.015262
2 2 0.004784 0.054045 0.822559 0.006208 0.112404
2 2 0.000249 0.015071 0.967096 0.011435 0.006149
2 2 0.000123 0.017106 0.953596 0.022140 0.007036
3 2 0.000150 0.012107 0.453429 0.530954 0.003360
2 2 0.000568 0.026520 0.946290 0.014267 0.012356
2 2 0.000098 0.027178 0.906412 0.053001 0.013311
2 2 0.001494 0.047106 0.872892 0.007902 0.070606
2 2 0.000008 0.006598 0.926733 0.065859 0.000802
2 2 0.001439 0.013028 0.721837 0.232228 0.031467
3 2 0.010769 0.037793 0.238391 0.682069 0.030978
3 2 0.000079 0.003330 0.460609 0.532164 0.003818
2 3 0.002309 0.139087 0.607224 0.067463 0.183917
2 3 0.000888 0.018197 0.812615 0.122966 0.045334
2 3 0.000253 0.030907 0.730620 0.190323 0.047898
3 3 0.000012 0.001381 0.223738 0.774210 0.000659
2 3 0.001500 0.010380 0.645083 0.304796 0.038241
2 3 0.000882 0.022594 0.718183 0.232610 0.025732
3 3 0.040685 0.039937 0.272984 0.508788 0.137606
3 3 0.001348 0.027490 0.367379 0.590535 0.013248
2 3 0.002008 0.027303 0.732646 0.204676 0.033367
2 3 0.000587 0.012703 0.644264 0.330276 0.012170
2 3 0.000010 0.001763 0.772005 0.226188 0.000034
3 3 0.000414 0.006181 0.404511 0.580929 0.007964
3 3 0.000440 0.009988 0.247939 0.730210 0.011423
2 3 0.000287 0.012912 0.892464 0.050598 0.043739
3 3 0.000002 0.000063 0.045508 0.954337 0.000090
3 3 0.001154 0.005185 0.074565 0.909608 0.009488
3 3 0.004928 0.022080 0.311496 0.595445 0.066050
3 3 0.000029 0.000361 0.062647 0.935818 0.001145
3 3 0.008019 0.019271 0.278246 0.641192 0.053272
3 3 0.004259 0.020751 0.339109 0.550194 0.085688
3 3 0.002314 0.008537 0.340125 0.636500 0.012524
2 3 0.001195 0.007110 0.628165 0.354042 0.009488
3 3 0.000028 0.002126 0.380986 0.615798 0.001062
3 3 0.000695 0.002793 0.335994 0.657295 0.003224
3 3 0.002321 0.004974 0.074582 0.907899 0.010224
3 3 0.004648 0.014096 0.201742 0.660930 0.118583
3 3 0.000499 0.000941 0.018154 0.978913 0.001493
3 3 0.010452 0.010866 0.122387 0.839802 0.016493
3 3 0.000082 0.001055 0.163660 0.834214 0.000989
3 3 0.001476 0.001832 0.022028 0.967648 0.007015
3 3 0.000104 0.000215 0.023138 0.976221 0.000322
3 3 0.027281 0.013244 0.053326 0.844148 0.062002
3 3 0.003542 0.005368 0.042083 0.931392 0.017615
3 3 0.003119 0.005616 0.049852 0.917549 0.023864
3 3 0.002156 0.000282 0.002283 0.992652 0.002627
3 3 0.005382 0.001347 0.007028 0.979632 0.006610
3 3 0.003229 0.003556 0.080580 0.896688 0.015947
3 3 0.009742 0.005126 0.061905 0.919109 0.004118
3 3 0.007229 0.000759 0.012761 0.974419 0.004833
3 3 0.009041 0.004408 0.032585 0.899257 0.054709
3 3 0.006943 0.001268 0.008014 0.975121 0.008654
3 3 0.019302 0.002152 0.037808 0.909663 0.031075
3 3 0.000051 0.000033 0.001696 0.998137 0.000083
3 3 0.001153 0.000729 0.008818 0.987664 0.001636
3 3 0.000638 0.000591 0.009162 0.988437 0.001174
3 3 0.024587 0.003872 0.023808 0.916699 0.031034
3 3 0.006110 0.000450 0.003268 0.985939 0.004233
3 3 0.006296 0.004264 0.029202 0.943500 0.016738
3 3 0.000310 0.000293 0.007098 0.991230 0.001069
3 3 0.017833 0.001087 0.002824 0.967629 0.010626
3 3 0.008430 0.001040 0.004604 0.979477 0.006449
3 3 0.000160 0.000088 0.004534 0.995080 0.000139
3 3 0.003733 0.001383 0.015269 0.975503 0.004113
3 3 0.000816 0.000069 0.001180 0.997369 0.000566
3 3 0.006511 0.000470 0.002023 0.986715 0.004281
3 3 0.001321 0.000204 0.003521 0.993245 0.001709
3 3 0.004329 0.002640 0.017104 0.964974 0.010953
3 3 0.000006 0.000005 0.001828 0.998153 0.000008
3 3 0.253415 0.002916 0.004320 0.683040 0.056309
3 3 0.000351 0.000136 0.002829 0.996007 0.000677
3 3 0.018892 0.000842 0.002102 0.967736 0.010427
3 3 0.000371 0.002845 0.090126 0.891967 0.014691
3 3 0.000851 0.000734 0.010501 0.985663 0.002251
3 3 0.015859 0.001176 0.004634 0.969419 0.008911
3 3 0.004548 0.001305 0.007896 0.977986 0.008264
3 3 0.017216 0.008343 0.035343 0.904270 0.034827
3 3 0.035855 0.002512 0.008421 0.928186 0.025026
3 3 0.000015 0.000005 0.000506 0.999451 0.000023
3 3 0.023095 0.000890 0.002428 0.962503 0.011084
3 3 0.009357 0.002486 0.011132 0.952533 0.024491
3 3 0.019383 0.003072 0.010258 0.955758 0.011530
3 3 0.012677 0.001778 0.006548 0.954694 0.024302
3 3 0.008639 0.001760 0.011871 0.971999 0.005732
3 3 0.000080 0.000069 0.003532 0.996093 0.000226
3 3 0.099647 0.002934 0.017960 0.861421 0.018038
3 3 0.003155 0.000202 0.001235 0.993306 0.002103
3 3 0.009087 0.000624 0.003005 0.977367 0.009917
3 3 0.015145 0.001211 0.003720 0.964248 0.015676
3 3 0.006408 0.000401 0.001732 0.987379 0.004080
3 3 0.019597 0.005830 0.021847 0.915058 0.037667
3 3 0.009060 0.001075 0.009544 0.969603 0.010718
3 3 0.088947 0.004392 0.021925 0.865232 0.019504
3 3 0.006854 0.002003 0.016199 0.945694 0.029250
3 3 0.080685 0.002811 0.007294 0.865678 0.043532
3 3 0.009598 0.001292 0.005457 0.965314 0.018339
3 3 0.002199 0.000169 0.001363 0.993468 0.002801
3 3 0.000560 0.000249 0.016483 0.980143 0.002565
3 3 0.003351 0.000354 0.002381 0.991471 0.002443
3 3 0.140295 0.001802 0.058485 0.797610 0.001808
2 3 0.310610 0.074538 0.339252 0.256381 0.019219
3 3 0.000559 0.002997 0.079277 0.916501 0.000667
3 3 0.000139 0.002575 0.159260 0.837828 0.000198
3 3 0.001880 0.005916 0.058848 0.930528 0.002828
3 3 0.009355 0.039297 0.461723 0.486433 0.003193
3 3 0.000580 0.013499 0.329250 0.655165 0.001507
2 3 0.006247 0.060635 0.750141 0.181007 0.001970
2 3 0.005628 0.086833 0.717071 0.179758 0.010710
1 2 0.173778 0.538497 0.277023 0.000664 0.010038
2 2 0.044953 0.183106 0.604982 0.142262 0.024697
0 2 0.951533 0.037467 0.010775 0.000000 0.000226
0 2 0.871863 0.083604 0.038088 0.000051 0.006393
0 2 0.975974 0.017891 0.005980 0.000000 0.000155
0 2 0.985981 0.010829 0.003117 0.000000 0.000074
0 1 0.517255 0.363111 0.114314 0.000007 0.005313
0 1 0.814028 0.108524 0.050558 0.000131 0.026759
0 1 0.759744 0.181806 0.053283 0.000001 0.005166
0 1 0.941497 0.039845 0.015592 0.000003 0.003064
0 1 0.999996 0.000002 0.000001 0.000000 0.000001
1 1 0.192400 0.556396 0.180556 0.000002 0.070646
0 1 0.986837 0.009731 0.003375 0.000000 0.000057
0 1 0.594167 0.313184 0.083379 0.000000 0.009269
4 1 0.097435 0.257118 0.097379 0.000070 0.547999
4 1 0.055578 0.265230 0.169389 0.000032 0.509772
4 1 0.032322 0.322686 0.149432 0.000350 0.495211
2 1 0.004570 0.272410 0.408025 0.002937 0.312059
2 1 0.002698 0.260420 0.483485 0.001528 0.251869
4 1 0.037976 0.053436 0.066191 0.000312 0.842086
4 4 0.036646 0.007772 0.005588 0.000136 0.949858
4 4 0.048521 0.029283 0.042610 0.001807 0.877780
4 4 0.037184 0.070199 0.034096 0.000083 0.858438
4 4 0.065288 0.012023 0.007293 0.000049 0.915347
4 4 0.026654 0.042904 0.021537 0.000048 0.908858
4 4 0.118471 0.013011 0.007507 0.000023 0.860988
4 4 0.049468 0.135175 0.055293 0.000044 0.760020
4 4 0.036999 0.238673 0.098368 0.000230 0.625730
4 4 0.013629 0.017236 0.011100 0.000120 0.957915
4 4 0.038983 0.034475 0.019875 0.000253 0.906414
4 4 0.037185 0.200104 0.075881 0.000017 0.686812
4 4 0.082452 0.098417 0.041364 0.000033 0.777733
4 4 0.099578 0.190125 0.081913 0.000440 0.627944
4 4 0.030610 0.166585 0.064462 0.000026 0.738317
4 4 0.071991 0.063651 0.029598 0.000047 0.834713
4 4 0.023290 0.165524 0.066158 0.000054 0.744974
4 4 0.068180 0.081197 0.033781 0.000009 0.816833
4 4 0.010305 0.174928 0.067682 0.000006 0.747079
4 4 0.066141 0.115938 0.062350 0.000081 0.755489
4 4 0.122524 0.015101 0.009530 0.000166 0.852679
4 4 0.030194 0.103392 0.042642 0.000012 0.823761
4 4 0.070136 0.111330 0.043289 0.000013 0.775232
4 4 0.057919 0.192520 0.070234 0.000009 0.679318
4 4 0.054647 0.145587 0.057310 0.000027 0.742429
4 4 0.038503 0.011406 0.010109 0.000083 0.939899
4 4 0.006134 0.012011 0.009983 0.000038 0.971833
4 4 0.019139 0.026611 0.025380 0.000495 0.928375
4 4 0.018298 0.043988 0.020481 0.000014 0.917219
4 4 0.019449 0.228947 0.089273 0.000018 0.662313
4 4 0.011246 0.151168 0.059157 0.000009 0.778419
4 4 0.031680 0.177878 0.069634 0.000024 0.720784
4 4 0.024684 0.178713 0.086276 0.000019 0.710308
4 4 0.098653 0.108651 0.043021 0.000019 0.749656
4 4 0.042947 0.102606 0.044723 0.000086 0.809638
4 4 0.024613 0.204299 0.075106 0.000003 0.695979
4 1 0.008390 0.150002 0.107370 0.000079 0.734159
2 1 0.015162 0.173025 0.539937 0.000268 0.271607
4 1 0.038681 0.162096 0.059266 0.000005 0.739952
4 2 0.009258 0.178680 0.158779 0.000018 0.653265
4 2 0.027752 0.175406 0.086052 0.000032 0.710758
4 2 0.037270 0.174024 0.064239 0.000007 0.724460
4 2 0.018329 0.171598 0.067401 0.000021 0.742650
4 2 0.020441 0.216079 0.090254 0.000210 0.673015
4 2 0.020472 0.207828 0.079455 0.000010 0.692234
4 2 0.004589 0.216502 0.300299 0.000289 0.478321
4 2 0.015613 0.152049 0.108105 0.000025 0.724209
4 2 0.008875 0.264621 0.184186 0.002300 0.540018
4 2 0.065717 0.138121 0.078331 0.001064 0.716767
4 2 0.039218 0.243873 0.262508 0.000160 0.454241
4 2 0.027043 0.229668 0.136810 0.000114 0.606366
2 2 0.000206 0.047318 0.920228 0.015310 0.016938
4 2 0.010671 0.125647 0.430221 0.000668 0.432792
4 2 0.051568 0.217304 0.078824 0.000006 0.652298
4 2 0.013769 0.153126 0.261769 0.000153 0.571182
4 2 0.063503 0.208234 0.140891 0.000036 0.587336
4 2 0.058952 0.226688 0.092047 0.000363 0.621950
4 2 0.324742 0.068541 0.035299 0.000027 0.571391
4 1 0.212897 0.178065 0.067812 0.000024 0.541203
4 1 0.031873 0.087234 0.038588 0.000046 0.842258
4 1 0.064456 0.198629 0.117602 0.000012 0.619300
4 1 0.100292 0.063910 0.047383 0.000008 0.788406
4 1 0.069208 0.277758 0.105197 0.000043 0.547794
4 1 0.029623 0.220895 0.076252 0.000000 0.673230
4 1 0.005497 0.256752 0.293156 0.000145 0.444449
4 1 0.050596 0.159141 0.056933 0.000004 0.733326
2 1 0.001792 0.124937 0.760640 0.049663 0.062967
2 1 0.000725 0.112308 0.822361 0.012884 0.051722
2 1 0.003019 0.182640 0.509695 0.010198 0.294448
2 1 0.020056 0.146583 0.433549 0.052051 0.347760
2 1 0.000878 0.037678 0.745825 0.145869 0.069751
2 2 0.001199 0.076383 0.811704 0.001791 0.108923
2 2 0.000460 0.051165 0.858773 0.034754 0.054848
2 2 0.000481 0.050651 0.861719 0.019379 0.067769
2 2 0.000312 0.039010 0.924725 0.019761 0.016191
2 2 0.001612 0.056157 0.849475 0.014474 0.078283
2 2 0.003413 0.135286 0.701804 0.013018 0.146479
2 2 0.008171 0.164037 0.455243 0.007985 0.364563
2 2 0.000312 0.056419 0.905889 0.015451 0.021928
2 2 0.001104 0.055959 0.805598 0.077405 0.059934
2 2 0.000921 0.102447 0.767063 0.033303 0.096266
2 2 0.000366 0.065362 0.829260 0.037722 0.067290
2 2 0.000033 0.012896 0.978209 0.004082 0.004780
2 2 0.000257 0.032086 0.921296 0.010392 0.035969
2 2 0.000130 0.009822 0.570148 0.408589 0.011310
2 2 0.006403 0.041456 0.843846 0.038292 0.070003
2 2 0.003844 0.098193 0.604221 0.111587 0.182155
2 2 0.001594 0.048007 0.770707 0.025475 0.154217
2 2 0.001868 0.066355 0.738319 0.055957 0.137501
2 2 0.002992 0.061405 0.627835 0.177956 0.129812
2 2 0.000044 0.009681 0.970470 0.013797 0.006008
2 2 0.000239 0.017387 0.941644 0.014086 0.026643
2 2 0.278505 0.043448 0.295704 0.264267 0.118075
4 2 0.054958 0.133327 0.183739 0.002335 0.625642
2 2 0.003425 0.146018 0.744730 0.060482 0.045344
2 2 0.003308 0.054277 0.656927 0.203925 0.081564
2 2 0.002472 0.080641 0.772722 0.050485 0.093680
2 2 0.000507 0.027475 0.747987 0.207561 0.016470
2 2 0.000875 0.092133 0.808263 0.045131 0.053598
2 2 0.002521 0.071846 0.722186 0.123371 0.080076
3 2 0.000166 0.008080 0.438486 0.549627 0.003642
2 2 0.002150 0.102035 0.727272 0.086588 0.081955
2 2 0.065088 0.069550 0.432705 0.209772 0.222885
2 2 0.004519 0.082040 0.672949 0.090009 0.150482
2 2 0.000034 0.002441 0.755966 0.237880 0.003679
2 2 0.002169 0.052806 0.793002 0.054082 0.097940
2 2 0.000142 0.015023 0.905224 0.073855 0.005755
2 2 0.004909 0.088457 0.645966 0.095925 0.164743
2 2 0.000683 0.050392 0.667254 0.263644 0.018027
2 2 0.000443 0.015629 0.664916 0.307072 0.011939
2 2 0.001485 0.022105 0.869933 0.058420 0.048057
2 2 0.000240 0.017729 0.536648 0.439484 0.005900
2 2 0.001010 0.020826 0.657451 0.291221 0.029493
3 2 0.000618 0.010620 0.462378 0.521565 0.004819
2 2 0.000007 0.002451 0.950976 0.045576 0.000991
2 2 0.007770 0.103467 0.613063 0.055190 0.220510
3 2 0.000391 0.014465 0.456645 0.518737 0.009761
2 2 0.000399 0.017097 0.883142 0.090319 0.009043
2 2 0.000197 0.008521 0.949093 0.040391 0.001798
3 2 0.005133 0.041090 0.443851 0.449368 0.060558
2 2 0.000112 0.004768 0.938242 0.048078 0.008801
2 2 0.001149 0.041246 0.735445 0.179540 0.042620
3 2 0.000051 0.002584 0.233898 0.761627 0.001841
3 2 0.001110 0.023174 0.323248 0.633314 0.019153
2 2 0.000533 0.016754 0.567827 0.378372 0.036515
2 2 0.003352 0.060825 0.438268 0.401146 0.096409
2 2 0.020685 0.089001 0.518895 0.246066 0.125352
2 2 0.000057 0.008221 0.842208 0.148657 0.000858
2 3 0.000180 0.010261 0.762336 0.214814 0.012408
3 3 0.003470 0.009608 0.088600 0.875755 0.022567
2 3 0.000941 0.010464 0.655915 0.326966 0.005714
3 3 0.000757 0.002848 0.084161 0.909609 0.002625
2 3 0.011189 0.023125 0.553240 0.409730 0.002716
3 3 0.010409 0.011724 0.089572 0.828990 0.059306
3 3 0.045991 0.057510 0.237228 0.408918 0.250353
2 3 0.045673 0.163032 0.581161 0.043877 0.166258
3 3 0.000024 0.000884 0.132486 0.865740 0.000867
3 3 0.001893 0.011934 0.346897 0.603894 0.035383
3 3 0.001461 0.012456 0.426382 0.550316 0.009386
2 3 0.005143 0.056037 0.665381 0.203146 0.070293
2 3 0.001993 0.055097 0.499249 0.387104 0.056558
2 3 0.000569 0.016032 0.774838 0.203370 0.005192
2 3 0.003094 0.082073 0.637788 0.157220 0.119825
3 3 0.000081 0.002014 0.165401 0.830860 0.001644
3 3 0.000526 0.009170 0.445314 0.540677 0.004315
3 3 0.000207 0.001713 0.173799 0.821835 0.002445
2 3 0.000331 0.010686 0.586322 0.393942 0.008718
2 3 0.000309 0.014220 0.540941 0.433487 0.011043
3 3 0.000999 0.004097 0.397544 0.595357 0.002003
3 3 0.000187 0.002755 0.112875 0.879194 0.004990
3 3 0.000065 0.001987 0.267517 0.726763 0.003668
2 3 0.000070 0.004570 0.604124 0.382903 0.008334
3 3 0.004406 0.022470 0.216980 0.716846 0.039298
3 3 0.000600 0.010188 0.361154 0.564696 0.063362
3 3 0.000331 0.006734 0.470653 0.517973 0.004310
2 3 0.001836 0.041293 0.581569 0.300388 0.074914
2 3 0.001939 0.009643 0.516633 0.425065 0.046721
2 3 0.000387 0.013530 0.676240 0.306612 0.003231
3 3 0.000245 0.002946 0.121526 0.870155 0.005129
3 3 0.000260 0.003001 0.104619 0.885431 0.006689
2 3 0.000387 0.008090 0.704612 0.254360 0.032552
3 3 0.000667 0.003904 0.083852 0.904181 0.007396
2 3 0.001083 0.008319 0.593586 0.382165 0.014847
2 3 0.000508 0.008693 0.506342 0.459561 0.024896
2 3 0.000058 0.005039 0.936033 0.049993 0.008878
3 3 0.001541 0.034534 0.459659 0.471427 0.032839
2 3 0.001050 0.020374 0.631817 0.310644 0.036115
2 3 0.000056 0.002771 0.689829 0.304784 0.002561
3 3 0.001285 0.006353 0.138398 0.831364 0.022600
3 3 0.000373 0.003289 0.108037 0.880142 0.008160
3 3 0.003502 0.009851 0.338035 0.627074 0.021538
3 3 0.002177 0.009618 0.180105 0.797033 0.011067
2 3 0.038557 0.033246 0.832936 0.073971 0.021289
2 3 0.056141 0.099372 0.500058 0.141834 0.202595
4 3 0.020667 0.156639 0.162854 0.042145 0.617695
2 3 0.022905 0.096847 0.547253 0.004285 0.328709
2 3 0.009666 0.035061 0.558910 0.253047 0.143316
3 3 0.000509 0.006175 0.218370 0.767758 0.007188
3 3 0.000149 0.003917 0.166209 0.826651 0.003073
3 3 0.000722 0.007121 0.222598 0.764113 0.005447
4 3 0.013030 0.074145 0.387163 0.011570 0.514091
4 3 0.039657 0.129209 0.130667 0.003276 0.697192
3 3 0.003192 0.029133 0.229116 0.712873 0.025686
3 3 0.001127 0.017523 0.275408 0.670281 0.035661
3 3 0.002396 0.017872 0.351747 0.597518 0.030467
2 3 0.000129 0.008224 0.846703 0.137298 0.007647
4 3 0.098705 0.172365 0.078154 0.000179 0.650597
2 3 0.001819 0.185735 0.574373 0.015557 0.222515
2 3 0.002480 0.072501 0.859323 0.039204 0.026492
2 3 0.000357 0.003665 0.694836 0.295567 0.005574
2 3 0.000177 0.009307 0.894218 0.093730 0.002568
3 3 0.001395 0.013584 0.378362 0.594162 0.012497
2 3 0.000923 0.039049 0.893579 0.053975 0.012473
2 2 0.010693 0.054849 0.556257 0.032014 0.346187
2 2 0.002395 0.037763 0.923005 0.028547 0.008290
2 2 0.007432 0.328971 0.587924 0.002067 0.073605
4 2 0.012007 0.295252 0.257388 0.001000 0.434354
2 2 0.001372 0.082904 0.860250 0.015976 0.039498
2 2 0.000008 0.000388 0.840241 0.158999 0.000365
2 2 0.000779 0.017083 0.966782 0.013611 0.001745
2 2 0.001151 0.035416 0.822739 0.099481 0.041213
2 2 0.000709 0.026416 0.902850 0.042634 0.027392
2 2 0.000084 0.001990 0.549318 0.447203 0.001405
2 2 0.000535 0.020194 0.817846 0.142841 0.018585
2 2 0.004831 0.028054 0.894995 0.062211 0.009908
2 2 0.017604 0.269100 0.400602 0.104716 0.207977
2 2 0.000342 0.013358 0.916359 0.066324 0.003617
2 2 0.001495 0.012469 0.836876 0.121064 0.028096
2 2 0.000566 0.018974 0.735903 0.231032 0.013525
2 2 0.000229 0.015132 0.968930 0.005532 0.010177
2 2 0.000789 0.012716 0.820332 0.162094 0.004070
2 2 0.007067 0.119335 0.805133 0.004199 0.064266
4 2 0.020124 0.154727 0.332950 0.001281 0.490918
2 2 0.038795 0.329516 0.347238 0.002319 0.282133
4 2 0.036714 0.164309 0.304635 0.006685 0.487658
2 2 0.029161 0.063937 0.821012 0.033949 0.051941
2 2 0.000382 0.034797 0.885818 0.065546 0.013456
2 2 0.000787 0.025784 0.846788 0.098571 0.028070
2 2 0.002289 0.072702 0.887063 0.019570 0.018376
2 2 0.367595 0.207125 0.385859 0.000513 0.038908
1 2 0.215399 0.439636 0.167793 0.000413 0.176760
2 2 0.051601 0.380172 0.437789 0.004834 0.125604
2 2 0.008270 0.155954 0.745881 0.054721 0.035173
2 2 0.000826 0.034305 0.875319 0.086436 0.003114
2 2 0.000039 0.004998 0.818885 0.175906 0.000171
2 2 0.063109 0.355320 0.433549 0.004908 0.143114
2 2 0.087027 0.350543 0.435317 0.010234 0.116879
2 2 0.001999 0.095240 0.868081 0.014788 0.019892
0 2 0.488528 0.202511 0.087210 0.000214 0.221536
4 2 0.235673 0.195700 0.136693 0.002108 0.429826
4 2 0.063270 0.373439 0.147788 0.000188 0.415315
4 2 0.088700 0.372394 0.151015 0.000721 0.387170
4 2 0.013562 0.326818 0.301744 0.017697 0.340179
2 2 0.008079 0.091150 0.813637 0.005816 0.081318
3 2 0.000197 0.008412 0.427190 0.554772 0.009430
2 2 0.000010 0.002360 0.990025 0.007338 0.000267
2 2 0.009639 0.134900 0.488477 0.002014 0.364970
2 2 0.001144 0.111225 0.685614 0.000584 0.201432
4 2 0.010549 0.168051 0.187647 0.000542 0.633211
4 2 0.048326 0.212336 0.217164 0.000049 0.522125
4 2 0.017782 0.181521 0.305362 0.000116 0.495219
4 2 0.113001 0.109820 0.117310 0.000364 0.659505
4 4 0.019874 0.180236 0.135306 0.000020 0.664564
4 4 0.024426 0.126991 0.112828 0.000482 0.735273
4 4 0.027685 0.063762 0.061223 0.000165 0.847165
4 4 0.023454 0.045573 0.026256 0.000390 0.904327
4 4 0.071645 0.058369 0.029859 0.000260 0.839868
4 4 0.038897 0.082439 0.035707 0.000022 0.842934
4 4 0.014955 0.152878 0.064709 0.000099 0.767359
4 4 0.163868 0.163395 0.067344 0.000108 0.605285
4 4 0.062235 0.058139 0.026427 0.000015 0.853185
4 4 0.016200 0.042179 0.020070 0.000016 0.921536
4 4 0.027183 0.009220 0.005894 0.000032 0.957672
4 4 0.073987 0.114713 0.089241 0.000119 0.721940
4 4 0.063037 0.068036 0.029853 0.000024 0.839050
4 4 0.029249 0.066738 0.031777 0.000039 0.872196
4 4 0.022652 0.007123 0.003849 0.000001 0.966376
4 4 0.121504 0.023092 0.012184 0.000036 0.843183
4 4 0.040110 0.245405 0.093645 0.000025 0.620816
4 4 0.062045 0.013844 0.007331 0.000009 0.916771
4 4 0.056568 0.028745 0.016250 0.000093 0.898343
4 4 0.051771 0.116406 0.046124 0.000018 0.785681
4 4 0.057609 0.229858 0.088572 0.000039 0.623922
4 4 0.113136 0.012787 0.006938 0.000008 0.867130
4 4 0.013154 0.011578 0.006643 0.000008 0.968618
4 4 0.021386 0.005855 0.004338 0.000077 0.968344
4 4 0.027912 0.030240 0.017941 0.000226 0.923681
4 4 0.025574 0.014793 0.009706 0.000149 0.949778
4 4 0.011992 0.010898 0.006596 0.000014 0.970500
4 4 0.071336 0.064547 0.026637 0.000003 0.837477
4 4 0.122320 0.100165 0.042738 0.000047 0.734730
4 4 0.019443 0.182776 0.155134 0.000082 0.642565
4 4 0.412395 0.091590 0.040507 0.000067 0.455440
4 4 0.025221 0.042148 0.019068 0.000004 0.913558
4 4 0.070344 0.113284 0.048049 0.000028 0.768296
4 4 0.026663 0.013224 0.007813 0.000025 0.952276
4 4 0.031010 0.189488 0.068339 0.000002 0.711160
4 4 0.053907 0.181414 0.068722 0.000028 0.695928
4 4 0.057596 0.314401 0.151971 0.000018 0.476014
4 4 0.022025 0.156874 0.062183 0.000037 0.758881
4 4 0.031830 0.054097 0.024395 0.000021 0.889657
4 4 0.053577 0.246743 0.095172 0.000054 0.604454
4 4 0.110526 0.174549 0.062223 0.000007 0.652694
4 4 0.032447 0.088991 0.037251 0.000010 0.841301
4 4 0.032182 0.100517 0.039952 0.000013 0.827335
4 4 0.016208 0.148052 0.061681 0.000002 0.774057
4 4 0.051410 0.245525 0.092765 0.000025 0.610276
4 4 0.028486 0.179539 0.067670 0.000010 0.724296
4 4 0.009550 0.154277 0.167985 0.000139 0.668049
4 4 0.047843 0.210380 0.077543 0.000009 0.664224
4 4 0.009735 0.148667 0.102659 0.000014 0.738925
4 4 0.056232 0.139206 0.052320 0.000012 0.752231
4 4 0.081527 0.170740 0.087135 0.000003 0.660595
0 4 0.800898 0.030349 0.016478 0.000410 0.151864
0 4 0.645439 0.006265 0.004484 0.000125 0.343688
4 4 0.257889 0.128617 0.051897 0.000069 0.561529
4 4 0.051358 0.266158 0.101558 0.000036 0.580891
4 4 0.029546 0.255578 0.102454 0.000088 0.612333
4 4 0.030860 0.195204 0.124532 0.000993 0.648411
4 4 0.005364 0.253963 0.311954 0.000950 0.427769
4 4 0.034069 0.200114 0.082281 0.000091 0.683446
2 4 0.011279 0.088470 0.791421 0.002576 0.106254
4 4 0.100643 0.203462 0.077818 0.000035 0.618042
4 4 0.009372 0.263825 0.120097 0.001401 0.605306
4 4 0.032532 0.225373 0.085719 0.000016 0.656361
4 4 0.021354 0.214932 0.149183 0.000792 0.613739
2 4 0.003599 0.181302 0.703910 0.014151 0.097039
2 4 0.000897 0.087452 0.802922 0.013080 0.095649
4 4 0.016580 0.249172 0.153038 0.001164 0.580046
2 4 0.001911 0.134123 0.697911 0.006050 0.160004
4 4 0.062171 0.263330 0.288283 0.000191 0.386025
2 4 0.005954 0.145467 0.526079 0.129389 0.193111
4 4 0.044907 0.315352 0.118634 0.000019 0.521089
4 4 0.105618 0.292972 0.110030 0.000061 0.491320
4 4 0.042747 0.326715 0.121213 0.000011 0.509313
4 4 0.094550 0.366244 0.139133 0.000082 0.399991
1 4 0.289772 0.406344 0.153361 0.000454 0.150069
4 4 0.074270 0.253204 0.092568 0.000014 0.579944
4 1 0.006941 0.293827 0.172405 0.002587 0.524241
2 1 0.000251 0.029733 0.891066 0.066955 0.011995
2 1 0.001277 0.075164 0.865276 0.000533 0.057750
2 1 0.000507 0.075439 0.826965 0.033286 0.063803
2 1 0.001543 0.126257 0.725578 0.022597 0.124025
2 1 0.001208 0.117033 0.768384 0.038575 0.074800
2 1 0.000373 0.032277 0.940011 0.015376 0.011962
2 2 0.001101 0.053077 0.844268 0.044209 0.057344
2 2 0.000404 0.027128 0.899872 0.032847 0.039749
2 2 0.006885 0.127187 0.591241 0.003215 0.271471
2 2 0.000489 0.037860 0.856194 0.084150 0.021307
2 2 0.001693 0.036231 0.813749 0.054644 0.093684
2 2 0.000194 0.037279 0.931843 0.007431 0.023253
2 2 0.001093 0.023798 0.860752 0.082757 0.031600
2 2 0.005329 0.090062 0.703816 0.002872 0.197921
2 2 0.001201 0.103766 0.724633 0.111832 0.058567
2 2 0.000115 0.038106 0.882178 0.056556 0.023046
2 2 0.001757 0.154238 0.692532 0.014581 0.136891
2 2 0.000622 0.039663 0.778599 0.154488 0.026628
2 2 0.000332 0.032270 0.933881 0.003559 0.029958
2 2 0.000627 0.039069 0.766402 0.139043 0.054859
2 2 0.007130 0.036668 0.581958 0.292876 0.081368
2 2 0.000135 0.029121 0.888757 0.063327 0.018660
2 2 0.000270 0.019918 0.924096 0.045582 0.010133
2 2 0.000270 0.034748 0.727606 0.217429 0.019947
2 2 0.003089 0.025852 0.569813 0.294399 0.106847
2 2 0.000469 0.027637 0.830704 0.117633 0.023557
2 2 0.000140 0.005382 0.930222 0.061860 0.002396
2 2 0.000573 0.006125 0.693418 0.272750 0.027135
3 2 0.000353 0.006731 0.477682 0.509364 0.005871
2 2 0.000447 0.016079 0.856645 0.113260 0.013569
3 3 0.000016 0.000293 0.064142 0.934780 0.000770
3 3 0.000664 0.013131 0.409595 0.557011 0.019599
3 3 0.000265 0.001362 0.117848 0.878794 0.001731
3 3 0.013202 0.028454 0.383723 0.444405 0.130217
3 3 0.001869 0.015418 0.465131 0.484103 0.033479
3 3 0.000533 0.000662 0.021179 0.974862 0.002763
3 3 0.000768 0.009571 0.191256 0.782865 0.015539
3 3 0.000745 0.007013 0.446154 0.536199 0.009890
2 3 0.002872 0.012344 0.539027 0.392754 0.053004
3 3 0.001541 0.006065 0.123080 0.851776 0.017538
3 3 0.001049 0.002586 0.043527 0.947311 0.005527
3 3 0.014392 0.013185 0.187741 0.702939 0.081743
3 3 0.004870 0.006068 0.061713 0.904662 0.022686
3 3 0.003182 0.004092 0.063640 0.913076 0.016010
3 3 0.002574 0.001827 0.019384 0.966919 0.009296
3 3 0.001619 0.000819 0.009783 0.980858 0.006921
3 3 0.004662 0.002536 0.017230 0.963295 0.012277
3 3 0.000300 0.001529 0.047014 0.946767 0.004391
3 3 0.009961 0.009000 0.042751 0.882971 0.055318
3 3 0.000600 0.001468 0.026122 0.969792 0.002018
3 3 0.001308 0.000515 0.005739 0.989822 0.002616
3 3 0.001692 0.003127 0.036984 0.946701 0.011496
3 3 0.006785 0.002564 0.012637 0.966028 0.011986
3 3 0.000822 0.001048 0.017318 0.975981 0.004832
3 3 0.001497 0.002115 0.023472 0.968374 0.004542
3 3 0.000424 0.000653 0.013614 0.983984 0.001324
3 3 0.000531 0.000995 0.020239 0.975205 0.003031
3 3 0.004518 0.002150 0.015471 0.952251 0.025609
3 3 0.003601 0.006769 0.128914 0.836349 0.024368
3 3 0.004679 0.001637 0.014074 0.960566 0.019044
3 3 0.002377 0.001651 0.026824 0.959864 0.009284
3 3 0.006072 0.006645 0.047320 0.825012 0.114951
3 3 0.000208 0.000119 0.003156 0.996136 0.000382
3 3 0.003357 0.002684 0.078405 0.906648 0.008905
3 3 0.001299 0.000523 0.005655 0.990425 0.002097
3 3 0.037857 0.015453 0.133777 0.780101 0.032812
2 3 0.118601 0.344016 0.418228 0.077074 0.042082
2 3 0.036899 0.175740 0.666904 0.010736 0.109721
2 3 0.028149 0.149850 0.407677 0.058305 0.356019
2 3 0.002760 0.045190 0.642711 0.263026 0.046313
2 3 0.024612 0.096665 0.621850 0.057577 0.199296
2 3 0.007246 0.071378 0.816281 0.023723 0.081372
2 3 0.014849 0.068155 0.520138 0.217409 0.179449
2 3 0.000696 0.015274 0.926446 0.055184 0.002400
2 3 0.009608 0.156641 0.523554 0.050562 0.259634
2 3 0.000480 0.028689 0.866387 0.099670 0.004773
2 2 0.000634 0.035881 0.901416 0.052622 0.009447
2 2 0.014354 0.230875 0.462560 0.066918 0.225293
2 2 0.006869 0.263813 0.457785 0.037335 0.234197
2 2 0.014421 0.146995 0.763559 0.007860 0.067165
2 2 0.011092 0.144896 0.700933 0.028613 0.114466
2 2 0.007975 0.047907 0.834112 0.073155 0.036852
2 2 0.001188 0.097034 0.859389 0.015687 0.026702
2 2 0.006688 0.151426 0.497666 0.155006 0.189214
2 2 0.002269 0.136722 0.713108 0.080279 0.067622
2 2 0.003707 0.097954 0.639687 0.114738 0.143914
2 2 0.007344 0.063659 0.647826 0.190226 0.090945
2 2 0.005431 0.212597 0.565134 0.033306 0.183532
2 2 0.004882 0.162719 0.672518 0.025667 0.134214
2 2 0.001442 0.137394 0.699495 0.061148 0.100521
4 2 0.027020 0.245819 0.311404 0.032453 0.383305
2 2 0.000188 0.016423 0.912007 0.069084 0.002297
2 2 0.014035 0.073653 0.566453 0.225401 0.120459
3 2 0.002076 0.023721 0.286766 0.671213 0.016223
2 2 0.004945 0.111663 0.742590 0.030225 0.110577
2 2 0.002496 0.081601 0.769196 0.093140 0.053567
2 2 0.011054 0.055107 0.552612 0.266910 0.114317
2 2 0.001390 0.029697 0.876892 0.085442 0.006580
4 2 0.027513 0.158608 0.202355 0.008266 0.603258
2 2 0.005099 0.099590 0.715176 0.078371 0.101765
2 2 0.009922 0.066131 0.849554 0.018949 0.055444
2 2 0.002120 0.058419 0.848401 0.064499 0.026562
2 2 0.020552 0.239255 0.541796 0.025306 0.173091
2 2 0.003929 0.095746 0.692143 0.127654 0.080528
2 2 0.000414 0.019469 0.492646 0.478630 0.008841
2 2 0.010045 0.063941 0.816182 0.049884 0.059949
2 2 0.009154 0.070951 0.473355 0.299405 0.147134
2 2 0.002454 0.063977 0.505195 0.360574 0.067800
2 2 0.000420 0.014252 0.855792 0.119599 0.009937
2 2 0.004368 0.078014 0.864778 0.032440 0.020400
2 2 0.011964 0.188067 0.737443 0.022419 0.040106
2 2 0.000838 0.054388 0.662045 0.231338 0.051392
3 2 0.001429 0.015557 0.343851 0.622436 0.016726
2 2 0.000733 0.003404 0.620989 0.371398 0.003475
2 2 0.001212 0.085546 0.697967 0.161150 0.054126
3 2 0.006881 0.009935 0.135386 0.838776 0.009022
2 2 0.001828 0.021630 0.695568 0.268108 0.012866
2 2 0.000747 0.027515 0.831476 0.125546 0.014717
2 2 0.000400 0.013394 0.668576 0.303751 0.013879
2 2 0.000329 0.006252 0.666481 0.311465 0.015473
3 2 0.000186 0.006003 0.323447 0.661628 0.008736
2 2 0.000028 0.004933 0.724148 0.268524 0.002367
2 2 0.001781 0.025366 0.872065 0.049064 0.051724
2 2 0.009435 0.062180 0.522551 0.121125 0.284710
2 2 0.000366 0.009950 0.733127 0.241463 0.015094
2 2 0.002506 0.048969 0.796073 0.006535 0.145917
4 2 0.029986 0.257320 0.151526 0.000254 0.560914
4 2 0.038907 0.238369 0.109185 0.000019 0.613520
4 4 0.136108 0.066533 0.058281 0.000673 0.738405
4 4 0.028619 0.159952 0.180607 0.000493 0.630329
4 4 0.048541 0.070945 0.077660 0.000063 0.802791
4 4 0.051606 0.043738 0.024632 0.000364 0.879660
4 4 0.076866 0.022648 0.012931 0.000113 0.887441
4 4 0.161541 0.162692 0.081106 0.000425 0.594236
4 4 0.040049 0.023739 0.013438 0.000075 0.922700
4 4 0.030899 0.145052 0.058474 0.000057 0.765517
4 4 0.060263 0.019898 0.016600 0.000482 0.902757
4 4 0.123629 0.038952 0.040574 0.000311 0.796534
4 4 0.013423 0.004139 0.002851 0.000009 0.979578
4 4 0.064421 0.036719 0.022573 0.000431 0.875855
4 4 0.057881 0.036999 0.019213 0.000057 0.885850
4 4 0.024961 0.009234 0.006101 0.000019 0.959685
4 4 0.015293 0.005582 0.003938 0.000028 0.975158
4 4 0.135972 0.028374 0.015613 0.000097 0.819943
4 4 0.072724 0.046936 0.023114 0.000069 0.857157
4 4 0.090505 0.038716 0.018227 0.000014 0.852539
4 4 0.077522 0.022239 0.014421 0.000692 0.885126
4 4 0.055614 0.062178 0.036892 0.000444 0.844872
4 4 0.042606 0.004679 0.003244 0.000025 0.949447
4 4 0.053340 0.060548 0.026463 0.000006 0.859644
4 4 0.077679 0.076324 0.034348 0.000088 0.811561
4 4 0.052159 0.031089 0.015816 0.000019 0.900917
4 4 0.170697 0.165183 0.060126 0.000016 0.603978
4 4 0.066363 0.170986 0.060924 0.000005 0.701723
4 4 0.102701 0.165809 0.064488 0.000030 0.666971
4 4 0.032644 0.150006 0.068086 0.000243 0.749022
4 4 0.045510 0.223497 0.083500 0.000014 0.647479
4 4 0.047582 0.179616 0.067852 0.000021 0.704929
2 4 0.012652 0.253224 0.460657 0.000283 0.273184
4 4 0.077917 0.252514 0.097346 0.000092 0.572132
4 4 0.035932 0.213740 0.081980 0.000025 0.668324
4 4 0.022035 0.089586 0.070700 0.000058 0.817621
4 4 0.025129 0.160524 0.058586 0.000002 0.755759
4 4 0.019517 0.174655 0.067186 0.000011 0.738632
4 4 0.010203 0.180393 0.076772 0.000147 0.732485
4 4 0.016206 0.160218 0.063471 0.000024 0.760081
4 4 0.037571 0.221791 0.085377 0.000030 0.655231
4 4 0.028763 0.239493 0.089467 0.000007 0.642270
4 4 0.061940 0.132084 0.050784 0.000021 0.755171
4 4 0.010125 0.199037 0.278395 0.000235 0.512208
4 4 0.013984 0.247496 0.330854 0.000127 0.407539
1 4 0.105156 0.387023 0.147675 0.000115 0.360031
4 1 0.257140 0.232010 0.081396 0.000022 0.429432
4 1 0.082091 0.185672 0.101473 0.000029 0.630735
4 1 0.014505 0.176776 0.066073 0.000003 0.742643
4 1 0.027266 0.221505 0.152593 0.000091 0.598545
4 1 0.007522 0.248161 0.226154 0.000792 0.517370
4 1 0.004783 0.223220 0.332464 0.000111 0.439422
4 2 0.008268 0.227395 0.101432 0.000567 0.662339
4 2 0.014747 0.207637 0.089209 0.000325 0.688082
4 2 0.020389 0.216187 0.110637 0.000465 0.652322
2 2 0.009420 0.229042 0.381722 0.004902 0.374915
4 2 0.064040 0.306267 0.119177 0.000100 0.510416
4 2 0.028776 0.280145 0.111771 0.000073 0.579235
4 2 0.028110 0.205235 0.083659 0.000142 0.682854
4 2 0.048216 0.218411 0.083098 0.000029 0.650247
4 2 0.035284 0.181955 0.067700 0.000008 0.715052
4 2 0.028341 0.219297 0.082783 0.000010 0.669569
2 2 0.018410 0.235176 0.388287 0.000088 0.358039
2 2 0.007239 0.175872 0.642908 0.001874 0.172108
4 2 0.066502 0.201806 0.072676 0.000007 0.659010
4 2 0.030818 0.096298 0.042899 0.000081 0.829903
4 2 0.072509 0.227261 0.082812 0.000012 0.617406
4 2 0.018660 0.236695 0.286150 0.003879 0.454616
4 2 0.108192 0.353897 0.130149 0.000032 0.407729
4 2 0.036804 0.182929 0.299046 0.000069 0.481153
4 2 0.031902 0.240954 0.095313 0.000061 0.631770
4 2 0.022105 0.268978 0.197692 0.000763 0.510461
2 2 0.007920 0.121159 0.573032 0.011560 0.286329
2 2 0.001433 0.121981 0.737913 0.033473 0.105199
2 2 0.008134 0.250241 0.376931 0.000071 0.364622
2 2 0.001500 0.073232 0.791565 0.055613 0.078090
4 2 0.017875 0.241215 0.195633 0.000583 0.544694
2 2 0.000761 0.101326 0.776795 0.020338 0.100780
2 2 0.000563 0.084290 0.801931 0.058932 0.054285
2 2 0.003357 0.107625 0.795763 0.012952 0.080303
2 2 0.019655 0.146255 0.782111 0.000274 0.051704
4 2 0.107693 0.322940 0.119988 0.000044 0.449335
4 2 0.015446 0.246839 0.197183 0.002923 0.537609
2 2 0.003198 0.219795 0.584825 0.000740 0.191442
2 2 0.000056 0.010081 0.984762 0.002288 0.002812
4 2 0.112085 0.238862 0.084580 0.000008 0.564465
4 2 0.055731 0.268862 0.106654 0.000154 0.568599
4 2 0.027596 0.270132 0.105180 0.000030 0.597062
4 2 0.016374 0.229182 0.367438 0.001301 0.385705
2 2 0.003186 0.187650 0.666130 0.003724 0.139311
4 2 0.127215 0.214642 0.077028 0.000016 0.581098
4 2 0.068680 0.355349 0.140892 0.000222 0.434857
4 2 0.046656 0.285856 0.110424 0.000048 0.557016
1 2 0.190971 0.361491 0.154500 0.001268 0.291770
4 2 0.069164 0.279462 0.108030 0.000087 0.543257
2 2 0.003464 0.172000 0.620261 0.093237 0.111039
4 2 0.020364 0.244315 0.253500 0.000312 0.481508
4 2 0.062026 0.305843 0.120968 0.000167 0.510995
2 2 0.003077 0.191003 0.715359 0.023746 0.066816
4 2 0.030024 0.145797 0.176048 0.010728 0.637404
4 2 0.023400 0.280351 0.119170 0.000487 0.576592
4 2 0.009116 0.250056 0.348387 0.006218 0.386223
2 2 0.003189 0.116160 0.787985 0.024016 0.068650
2 2 0.001578 0.116541 0.833324 0.018139 0.030419
2 2 0.004454 0.157774 0.599838 0.006316 0.231619
2 2 0.001004 0.099974 0.733428 0.037409 0.128186
2 2 0.000040 0.009048 0.938422 0.046803 0.005688
2 2 0.005486 0.202803 0.616684 0.003755 0.171271
2 2 0.000232 0.043864 0.867669 0.072616 0.015619
2 2 0.000884 0.040712 0.890497 0.035342 0.032565
2 2 0.000030 0.010330 0.975769 0.009869 0.004003
2 2 0.001781 0.051851 0.916485 0.002673 0.027210
2 2 0.000055 0.006166 0.846073 0.141562 0.006145
2 2 0.000637 0.023124 0.941843 0.014432 0.019963
2 2 0.000244 0.033373 0.910039 0.013502 0.042841
2 3 0.000063 0.005117 0.933450 0.058906 0.002465
2 3 0.000249 0.023438 0.826256 0.125463 0.024594
2 3 0.000394 0.032954 0.939675 0.017838 0.009140
2 3 0.000513 0.016892 0.786144 0.170993 0.025459
2 3 0.000222 0.031901 0.763467 0.192990 0.011420
2 3 0.001101 0.028406 0.756752 0.167082 0.046660
3 3 0.001797 0.025347 0.457871 0.477916 0.037070
2 3 0.000256 0.018395 0.771375 0.201279 0.008695
2 3 0.000251 0.017057 0.974192 0.001306 0.007193
2 3 0.000073 0.008872 0.879400 0.105870 0.005785
2 3 0.000770 0.017445 0.513286 0.441196 0.027303
2 3 0.001011 0.052330 0.812261 0.058506 0.075894
0 3 0.712319 0.078787 0.038365 0.000332 0.170196
1 3 0.163804 0.385374 0.144850 0.000136 0.305837
0 2 0.746999 0.081717 0.033711 0.000081 0.137492
4 2 0.125466 0.054689 0.027128 0.000055 0.792662
4 2 0.095071 0.225056 0.081992 0.000017 0.597864
4 2 0.030037 0.193240 0.156498 0.001318 0.618908
2 2 0.009301 0.181238 0.560230 0.006011 0.243219
2 2 0.001713 0.145372 0.620893 0.001113 0.230910
4 2 0.009243 0.294382 0.141425 0.000126 0.554823
4 2 0.010593 0.282487 0.171813 0.000049 0.535058
2 2 0.001811 0.140407 0.670378 0.010897 0.176507
2 2 0.004190 0.104958 0.696984 0.014439 0.179430
2 2 0.003078 0.080472 0.818636 0.006100 0.091714
4 2 0.086903 0.346836 0.134057 0.000129 0.432074
4 2 0.085484 0.296834 0.132441 0.003705 0.481537
2 2 0.004262 0.236776 0.496869 0.030725 0.231368
2 2 0.009390 0.120664 0.546075 0.032675 0.291196
2 2 0.002461 0.165618 0.648328 0.057722 0.125871
2 2 0.000409 0.015453 0.624115 0.332279 0.027745
2 2 0.000294 0.061186 0.875057 0.025515 0.037948
2 2 0.003341 0.071896 0.777677 0.008618 0.138468
2 2 0.015327 0.210405 0.400322 0.000089 0.373857
4 4 0.078907 0.034398 0.028436 0.000702 0.857557
4 4 0.020015 0.017312 0.010738 0.000086 0.951848
4 4 0.015496 0.073385 0.034526 0.000048 0.876546
4 4 0.044827 0.009652 0.005511 0.000009 0.940000
4 4 0.037401 0.036234 0.034737 0.000092 0.891536
4 4 0.025218 0.015462 0.008697 0.000018 0.950605
4 4 0.008634 0.015236 0.008916 0.000017 0.967197
4 4 0.127908 0.053133 0.024509 0.000021 0.794429
4 4 0.007612 0.001361 0.001124 0.000006 0.989898
4 4 0.032867 0.007821 0.005313 0.000057 0.953942
4 4 0.103052 0.013679 0.007319 0.000004 0.875947
4 4 0.006802 0.026911 0.015525 0.000053 0.950709
4 4 0.027540 0.004688 0.007043 0.000297 0.960432
4 4 0.187683 0.003682 0.002875 0.000094 0.805667
4 4 0.332415 0.067094 0.035462 0.000352 0.564677
4 4 0.018665 0.018658 0.012914 0.000494 0.949270
4 4 0.073517 0.198981 0.075496 0.000038 0.651968
4 4 0.077687 0.057168 0.028955 0.000066 0.836123
4 4 0.032373 0.125574 0.051042 0.000020 0.790991
4 4 0.062538 0.321203 0.121694 0.000039 0.494527
4 4 0.017316 0.026095 0.012899 0.000008 0.943682
4 4 0.019805 0.030153 0.015548 0.000024 0.934470
4 4 0.020577 0.011078 0.006876 0.000029 0.961441
4 4 0.112713 0.047209 0.024463 0.000182 0.815433
4 4 0.015138 0.020454 0.009795 0.000003 0.954611
4 4 0.029169 0.008194 0.005839 0.000120 0.956677
4 4 0.034104 0.015906 0.010274 0.000168 0.939549
4 4 0.005705 0.032791 0.045361 0.001118 0.915024
4 4 0.083536 0.190547 0.071470 0.000038 0.654410
4 4 0.051926 0.182818 0.068951 0.000023 0.696282
4 4 0.040978 0.007228 0.004433 0.000012 0.947349
4 4 0.006498 0.005610 0.003894 0.000014 0.983984
4 4 0.086009 0.027094 0.015447 0.000111 0.871339
4 4 0.018009 0.007858 0.005650 0.000095 0.968389
4 4 0.056020 0.116922 0.046825 0.000008 0.780225
4 4 0.100298 0.135131 0.055421 0.000057 0.709093
4 4 0.025673 0.011968 0.009140 0.000012 0.953207
4 4 0.029949 0.223814 0.087951 0.000044 0.658241
4 4 0.358762 0.070137 0.032991 0.000038 0.538072
4 4 0.137513 0.284497 0.100641 0.000011 0.477338
4 4 0.027604 0.145225 0.058316 0.000011 0.768844
4 4 0.092875 0.174494 0.069615 0.000036 0.662980
4 4 0.009558 0.105566 0.037360 0.000000 0.847516
4 4 0.096504 0.360372 0.140460 0.000204 0.402460
4 4 0.059518 0.133683 0.049623 0.000007 0.757169
4 4 0.056315 0.168633 0.067657 0.000046 0.707349
4 4 0.011048 0.312452 0.133112 0.000186 0.543202
4 4 0.062405 0.225146 0.085727 0.000043 0.626679
2 4 0.017532 0.234465 0.420824 0.000623 0.326555
4 4 0.012805 0.220111 0.306583 0.000434 0.460066
4 4 0.002861 0.166706 0.392207 0.001026 0.437200
2 4 0.007014 0.177077 0.530973 0.002140 0.282797
2 2 0.002320 0.148621 0.520595 0.001800 0.326664
4 2 0.010719 0.221658 0.199161 0.001208 0.567254
4 2 0.067641 0.197939 0.073566 0.000021 0.660833
2 2 0.002493 0.140211 0.676417 0.013992 0.166886
2 2 0.006527 0.156783 0.638222 0.001227 0.197242
2 2 0.001048 0.069396 0.874428 0.016475 0.038653
2 2 0.005782 0.218918 0.392085 0.003332 0.379882
4 2 0.009530 0.247584 0.217363 0.002012 0.523510
4 2 0.008192 0.180652 0.076465 0.000089 0.734602
2 2 0.001876 0.100281 0.790520 0.001401 0.105922
2 2 0.000929 0.075665 0.809296 0.040385 0.073724
2 2 0.005078 0.181608 0.586774 0.003094 0.223446
2 2 0.003099 0.182952 0.434662 0.002407 0.376880
2 2 0.003068 0.140452 0.661853 0.009312 0.185316
2 2 0.020773 0.261980 0.403506 0.003742 0.309999
2 2 0.000214 0.014043 0.881632 0.093716 0.010395
2 2 0.001145 0.130523 0.679437 0.015947 0.172948
2 2 0.001590 0.110105 0.751896 0.001702 0.134707
2 2 0.004884 0.064654 0.710681 0.110717 0.109064
2 2 0.000316 0.044895 0.872071 0.009794 0.072924
2 2 0.009663 0.123045 0.422996 0.086064 0.358232
2 2 0.000436 0.031994 0.946490 0.009879 0.011201
2 2 0.003334 0.099671 0.829854 0.001959 0.065181
2 2 0.000551 0.058803 0.881088 0.021399 0.038160
2 2 0.001227 0.115602 0.747238 0.021072 0.114861
2 2 0.000367 0.042310 0.915246 0.018046 0.024033
2 2 0.001232 0.028554 0.859884 0.040619 0.069711
2 3 0.002277 0.047020 0.837403 0.018659 0.094641
4 3 0.186582 0.258872 0.178347 0.000899 0.375301
4 3 0.151257 0.215343 0.096834 0.001366 0.535200
2 3 0.009416 0.107855 0.613600 0.013701 0.255428
2 3 0.000088 0.013373 0.852831 0.127163 0.006545
2 3 0.006065 0.139383 0.583632 0.025180 0.245740
2 3 0.000721 0.028446 0.894706 0.059517 0.016610
2 3 0.000623 0.008820 0.965088 0.019701 0.005768
2 3 0.000298 0.035385 0.916136 0.023877 0.024305
2 3 0.001913 0.056579 0.888650 0.008708 0.044151
2 3 0.002164 0.050253 0.763633 0.088616 0.095334
2 3 0.001144 0.082793 0.740946 0.072191 0.102926
2 3 0.000562 0.012580 0.681008 0.292006 0.013844
2 3 0.000319 0.041678 0.872385 0.058650 0.026968
2 3 0.001362 0.118252 0.673208 0.063269 0.143908
2 3 0.001865 0.059575 0.704394 0.089399 0.144767
2 3 0.003128 0.031064 0.810757 0.105949 0.049102
2 3 0.001176 0.048563 0.830428 0.107078 0.012755
2 3 0.000120 0.008948 0.566794 0.419412 0.004726
2 3 0.002225 0.049345 0.454014 0.417899 0.076517
2 3 0.003152 0.044649 0.539568 0.319560 0.093071
2 3 0.002568 0.039271 0.562989 0.306992 0.088180
2 3 0.008242 0.038065 0.398868 0.307218 0.247607
3 3 0.001470 0.007650 0.334620 0.654160 0.002100
2 3 0.009391 0.035048 0.566812 0.314206 0.074542
2 3 0.000521 0.071008 0.872223 0.001870 0.054379
2 3 0.004110 0.087830 0.874700 0.012156 0.021203
2 3 0.000324 0.043124 0.825881 0.082680 0.047990
4 2 0.006564 0.208155 0.215608 0.000597 0.569075
4 2 0.032831 0.087644 0.137526 0.000080 0.741919
4 0 0.277627 0.069419 0.033669 0.000283 0.619002
0 0 0.909602 0.036601 0.016757 0.000073 0.036967
0 0 0.810624 0.007428 0.004579 0.000014 0.177355
4 1 0.092093 0.215542 0.077911 0.000012 0.614441
4 1 0.016123 0.211652 0.084336 0.000029 0.687859
4 1 0.124833 0.139350 0.062278 0.000188 0.673351
4 1 0.034962 0.100115 0.050182 0.000548 0.814193
4 1 0.002739 0.194079 0.330051 0.000689 0.472441
4 1 0.014933 0.225833 0.155547 0.007454 0.596232
2 2 0.000433 0.046736 0.809514 0.102348 0.040969
0 0 0.000000 0.000000 0.000000 0.000000 0.000000
0 0 0.000000 0.000000 0.000000 0.000000 0.000000
0 0 0.000000 0.000000 0.000000 0.000000 0.000000
