0 0 0.941295 0.027854 0.029400 0.000756 0.000696
0 0 0.855896 0.055496 0.082604 0.003955 0.002049
0 0 0.850311 0.040293 0.095761 0.012581 0.001054
0 0 0.936177 0.032062 0.030340 0.000577 0.000843
0 0 0.958096 0.023405 0.017722 0.000179 0.000598
0 0 0.964626 0.020109 0.014591 0.000142 0.000532
0 0 0.954057 0.024396 0.020580 0.000308 0.000658
0 0 0.877173 0.032459 0.064335 0.024535 0.001498
0 0 0.925583 0.028365 0.040261 0.004678 0.001113
0 0 0.937072 0.028381 0.030795 0.002292 0.001459
0 0 0.903023 0.038641 0.053004 0.004049 0.001283
0 0 0.961828 0.015466 0.021868 0.000641 0.000197
0 0 0.948090 0.028354 0.022695 0.000219 0.000642
0 0 0.959915 0.019759 0.019716 0.000276 0.000335
0 0 0.953755 0.019954 0.025339 0.000645 0.000307
0 0 0.908155 0.049163 0.039818 0.000795 0.002069
0 0 0.922443 0.037716 0.037678 0.001001 0.001162
0 0 0.779367 0.089125 0.121380 0.004169 0.005960
0 0 0.888606 0.048156 0.058444 0.002798 0.001995
0 0 0.891309 0.044411 0.060280 0.002613 0.001387
0 0 0.908150 0.049455 0.039226 0.000851 0.002319
0 0 0.934758 0.029634 0.033315 0.001372 0.000921
0 0 0.933822 0.027578 0.035199 0.002462 0.000939
0 0 0.939454 0.025589 0.032264 0.001912 0.000781
0 0 0.912314 0.037348 0.045139 0.003537 0.001661
0 0 0.912702 0.041029 0.041519 0.002484 0.002265
0 0 0.873528 0.056528 0.059009 0.006212 0.004723
0 0 0.903204 0.041737 0.048900 0.004042 0.002118
0 0 0.922004 0.032402 0.041612 0.002868 0.001113
0 0 0.930508 0.029168 0.037548 0.001976 0.000800
0 0 0.874268 0.050242 0.066675 0.006179 0.002637
0 0 0.895512 0.037562 0.060612 0.005127 0.001187
0 0 0.932408 0.035840 0.029989 0.000542 0.001221
0 0 0.903171 0.039494 0.052542 0.003513 0.001279
0 0 0.794608 0.065670 0.121770 0.014637 0.003316
0 0 0.861352 0.052911 0.078011 0.005224 0.002502
0 0 0.914359 0.042812 0.039040 0.001557 0.002232
0 0 0.874326 0.068412 0.050342 0.001584 0.005336
0 0 0.904462 0.050284 0.040865 0.001345 0.003044
0 0 0.894373 0.044629 0.054221 0.004612 0.002164
0 0 0.827140 0.077571 0.084399 0.004979 0.005910
0 0 0.819653 0.085946 0.083765 0.004181 0.006455
0 0 0.857738 0.069597 0.064028 0.003577 0.005061
0 0 0.874656 0.056995 0.062880 0.002877 0.002593
0 0 0.821176 0.087962 0.078723 0.003975 0.008164
0 0 0.921223 0.032283 0.041708 0.003518 0.001268
0 0 0.937845 0.029977 0.030587 0.000777 0.000813
0 0 0.917950 0.032491 0.044634 0.003802 0.001123
0 0 0.936136 0.035527 0.026531 0.000413 0.001394
0 0 0.929145 0.040003 0.028772 0.000418 0.001662
0 0 0.877920 0.042457 0.070573 0.007593 0.001456
0 0 0.875700 0.041204 0.069388 0.012094 0.001614
0 0 0.842375 0.053925 0.085796 0.015087 0.002817
0 0 0.812551 0.057541 0.100693 0.025549 0.003667
0 0 0.903650 0.040521 0.050699 0.003562 0.001568
0 0 0.742495 0.114602 0.115938 0.010423 0.016541
0 0 0.865582 0.057447 0.064344 0.007979 0.004648
0 0 0.861780 0.072864 0.055359 0.002664 0.007333
0 0 0.911891 0.040349 0.043959 0.002166 0.001634
0 0 0.851960 0.066715 0.068100 0.007156 0.006070
0 0 0.882630 0.050075 0.059399 0.005211 0.002685
0 0 0.906579 0.045415 0.044107 0.001789 0.002110
0 0 0.801035 0.059881 0.112891 0.022746 0.003447
0 0 0.911609 0.036580 0.046687 0.003682 0.001442
0 0 0.890940 0.043272 0.058442 0.005558 0.001789
0 0 0.822990 0.069743 0.093650 0.008977 0.004639
0 0 0.911366 0.037769 0.046208 0.003170 0.001487
0 0 0.935552 0.026769 0.035475 0.001600 0.000604
0 0 0.934420 0.032984 0.030968 0.000662 0.000967
0 0 0.946061 0.028001 0.024732 0.000428 0.000778
0 0 0.934037 0.032200 0.032109 0.000765 0.000889
0 0 0.928815 0.035832 0.033732 0.000644 0.000977
0 0 0.925622 0.034957 0.037702 0.000895 0.000823
0 0 0.941433 0.026693 0.030793 0.000624 0.000456
0 0 0.946114 0.022714 0.029830 0.000950 0.000392
0 0 0.736410 0.098627 0.156356 0.003299 0.005308
0 0 0.746556 0.140140 0.097569 0.001192 0.014542
2 0 0.277759 0.212733 0.458752 0.007057 0.043699
0 0 0.494765 0.169001 0.312789 0.004917 0.018528
0 0 0.526188 0.127021 0.331096 0.007046 0.008649
0 0 0.562823 0.173067 0.231646 0.006238 0.026225
0 0 0.805482 0.095977 0.085421 0.003597 0.009523
0 1 0.821325 0.107143 0.058503 0.001060 0.011969
1 1 0.316205 0.350182 0.185139 0.000940 0.147533
0 0 0.655861 0.195241 0.107356 0.001422 0.040121
0 1 0.909431 0.062517 0.022890 0.000094 0.005069
0 4 0.881766 0.075185 0.037324 0.000311 0.005415
0 4 0.878663 0.080987 0.033786 0.000184 0.006381
0 4 0.850232 0.101359 0.038078 0.000195 0.010136
0 4 0.844758 0.096548 0.048380 0.000605 0.009708
0 4 0.401791 0.221139 0.018864 0.000032 0.358174
0 4 0.482340 0.219556 0.014223 0.000008 0.283874
0 4 0.386946 0.254387 0.016751 0.000006 0.341910
0 4 0.609003 0.216985 0.025546 0.000040 0.148426
0 4 0.494593 0.235031 0.010829 0.000001 0.259546
0 4 0.541938 0.238410 0.043241 0.000263 0.176148
4 4 0.353708 0.260904 0.021131 0.000014 0.364243
0 4 0.338365 0.298850 0.032375 0.000017 0.330394
0 4 0.544583 0.238113 0.032000 0.000063 0.185241
0 4 0.471525 0.260982 0.023267 0.000015 0.244211
0 4 0.391045 0.227437 0.033334 0.000266 0.347918
0 4 0.603427 0.219071 0.033301 0.000106 0.144095
0 4 0.528782 0.260893 0.024733 0.000010 0.185582
0 4 0.598705 0.224263 0.042341 0.000228 0.134464
0 4 0.690815 0.201636 0.028456 0.000038 0.079056
1 4 0.279393 0.368040 0.071022 0.000022 0.281523
1 4 0.190967 0.410021 0.147413 0.000042 0.251559
4 4 0.181814 0.363782 0.089767 0.000035 0.364601
1 4 0.141194 0.389513 0.125748 0.000020 0.343525
1 4 0.245056 0.398053 0.094586 0.000014 0.262291
0 4 0.587409 0.271901 0.033946 0.000011 0.106733
0 4 0.813014 0.125127 0.027438 0.000101 0.034319
0 4 0.750109 0.176834 0.025809 0.000024 0.047225
0 4 0.432252 0.317132 0.036599 0.000009 0.214009
1 4 0.260393 0.387376 0.088163 0.000021 0.264048
0 4 0.797292 0.131611 0.037230 0.000265 0.033603
0 4 0.865099 0.091852 0.025767 0.000131 0.017151
0 4 0.794399 0.134475 0.042443 0.000323 0.028361
0 4 0.742795 0.160385 0.039758 0.000276 0.056787
0 4 0.726512 0.174414 0.052001 0.000420 0.046653
0 4 0.655147 0.211174 0.044612 0.000217 0.088850
0 4 0.793899 0.127908 0.041729 0.000526 0.035938
0 4 0.687833 0.203446 0.044740 0.000151 0.063830
0 4 0.738250 0.171448 0.050242 0.000319 0.039741
0 4 0.728839 0.174969 0.036874 0.000143 0.059176
1 4 0.328613 0.332909 0.181141 0.000657 0.156681
0 4 0.440667 0.320576 0.079387 0.000129 0.159241
0 4 0.685936 0.197856 0.061199 0.000417 0.054592
0 4 0.399038 0.366806 0.078859 0.000028 0.155269
0 4 0.581648 0.274723 0.065954 0.000067 0.077609
0 4 0.628989 0.244639 0.045257 0.000056 0.081060
1 4 0.298354 0.357532 0.057710 0.000012 0.286392
1 4 0.330785 0.355489 0.052250 0.000008 0.261468
0 4 0.524615 0.303272 0.036859 0.000008 0.135247
1 4 0.324808 0.365116 0.045381 0.000001 0.264693
1 0 0.281099 0.378012 0.077778 0.000020 0.263092
4 1 0.177004 0.311316 0.048105 0.000011 0.463563
1 2 0.181827 0.389770 0.115657 0.000034 0.312713
1 2 0.204208 0.381614 0.115329 0.000085 0.298764
4 2 0.111141 0.354295 0.157547 0.000220 0.376796
4 2 0.020292 0.240847 0.356413 0.000234 0.382213
2 1 0.075977 0.331694 0.376045 0.000304 0.215981
2 1 0.042386 0.289570 0.424523 0.000357 0.243165
1 1 0.075236 0.353433 0.314472 0.000250 0.256609
2 1 0.014699 0.174128 0.639261 0.001328 0.170583
2 1 0.028720 0.248276 0.508496 0.000371 0.214136
2 1 0.009204 0.184006 0.559407 0.000206 0.247177
2 1 0.006642 0.116229 0.735608 0.001496 0.140025
2 2 0.003886 0.095917 0.778491 0.000976 0.120731
2 2 0.019535 0.185863 0.671306 0.000941 0.122354
2 2 0.004527 0.103582 0.761059 0.001027 0.129805
2 2 0.002104 0.063137 0.857247 0.001515 0.075997
2 2 0.008610 0.138461 0.701875 0.000904 0.150150
2 2 0.005531 0.128386 0.681688 0.000448 0.183947
2 2 0.002022 0.064754 0.827496 0.001651 0.104077
2 2 0.007522 0.088645 0.854641 0.002455 0.046737
2 2 0.003873 0.070238 0.842497 0.004017 0.079374
2 2 0.016886 0.151735 0.722992 0.000874 0.107514
2 2 0.009633 0.090044 0.819968 0.005553 0.074801
2 2 0.005517 0.090543 0.782341 0.004099 0.117500
2 2 0.007428 0.070221 0.812259 0.029948 0.080144
2 2 0.006297 0.034339 0.896486 0.047354 0.015525
2 2 0.004105 0.045122 0.865966 0.035110 0.049697
2 2 0.007626 0.074142 0.793324 0.022607 0.102302
2 2 0.005818 0.054364 0.834580 0.044842 0.060395
2 2 0.013750 0.050158 0.684594 0.208944 0.042555
2 2 0.007664 0.034138 0.670494 0.253880 0.033824
2 3 0.012262 0.059916 0.702570 0.164501 0.060752
2 3 0.003631 0.023101 0.703435 0.251186 0.018647
2 3 0.005448 0.023867 0.625678 0.329857 0.015151
2 3 0.005900 0.028652 0.545820 0.390476 0.029152
3 3 0.003111 0.007736 0.181951 0.801324 0.005877
3 3 0.006553 0.016172 0.290815 0.674309 0.012151
3 3 0.002362 0.006509 0.178406 0.808055 0.004669
3 3 0.004862 0.013776 0.354876 0.617804 0.008682
3 3 0.002864 0.003737 0.105641 0.886091 0.001666
3 3 0.004014 0.006433 0.132735 0.853462 0.003356
3 3 0.003723 0.007096 0.160553 0.824546 0.004081
3 3 0.004450 0.004933 0.074571 0.913577 0.002468
3 3 0.007852 0.009993 0.188870 0.789610 0.003675
3 3 0.000936 0.001477 0.052538 0.944113 0.000935
3 3 0.002504 0.003083 0.063398 0.929348 0.001667
3 3 0.001297 0.001582 0.042317 0.953886 0.000918
3 3 0.002502 0.002650 0.073088 0.920678 0.001082
3 3 0.001951 0.001965 0.049557 0.945618 0.000909
3 3 0.002350 0.002842 0.067901 0.925496 0.001412
3 3 0.003779 0.004269 0.074774 0.915092 0.002086
3 3 0.003450 0.003031 0.042337 0.949652 0.001530
3 3 0.003398 0.002752 0.038654 0.953871 0.001326
3 3 0.002466 0.002164 0.036394 0.957880 0.001096
3 3 0.003318 0.003106 0.048658 0.943381 0.001536
3 3 0.002612 0.003548 0.075021 0.916855 0.001964
3 3 0.002427 0.003132 0.074362 0.918476 0.001603
3 3 0.001114 0.001703 0.050796 0.945275 0.001113
3 3 0.000976 0.001527 0.051902 0.944619 0.000975
3 3 0.000517 0.000724 0.030980 0.967306 0.000473
3 3 0.000926 0.001157 0.035578 0.961635 0.000704
3 3 0.000476 0.000722 0.034511 0.963818 0.000473
3 3 0.000593 0.000730 0.028240 0.969991 0.000447
3 3 0.000593 0.001175 0.055682 0.941713 0.000837
3 3 0.004528 0.002168 0.037730 0.954977 0.000597
3 3 0.000865 0.000634 0.020556 0.977667 0.000277
3 3 0.001036 0.000991 0.028792 0.968670 0.000511
3 3 0.001629 0.001138 0.027357 0.969411 0.000465
3 3 0.001531 0.001125 0.024580 0.972250 0.000515
3 3 0.001913 0.001536 0.029719 0.966092 0.000740
3 3 0.000929 0.001429 0.048809 0.947915 0.000918
3 3 0.002013 0.001769 0.033330 0.961989 0.000899
3 3 0.001984 0.001832 0.034820 0.960406 0.000958
3 3 0.002726 0.002518 0.040085 0.953356 0.001315
3 3 0.000687 0.000739 0.025852 0.972301 0.000421
3 3 0.000754 0.000916 0.032459 0.965331 0.000540
3 3 0.000814 0.001036 0.036078 0.961457 0.000616
3 3 0.001754 0.002213 0.050233 0.944500 0.001300
3 3 0.001744 0.001655 0.033812 0.961907 0.000881
3 3 0.004569 0.003958 0.068694 0.921229 0.001551
3 3 0.023179 0.016391 0.163377 0.792746 0.004306
3 2 0.045092 0.023091 0.153593 0.773181 0.005043
2 3 0.029949 0.058484 0.456313 0.415464 0.039790
2 3 0.057450 0.074125 0.549371 0.281964 0.037090
2 2 0.021991 0.109712 0.657348 0.060499 0.150450
2 2 0.026563 0.140395 0.532156 0.028593 0.272293
2 2 0.028095 0.138424 0.528787 0.054510 0.250184
2 2 0.044108 0.127897 0.611562 0.080879 0.135554
2 2 0.059840 0.121636 0.649262 0.106852 0.062411
2 2 0.052041 0.086856 0.709700 0.117762 0.033642
2 2 0.040936 0.126435 0.641160 0.060651 0.130817
2 2 0.026028 0.096460 0.739147 0.055519 0.082846
2 2 0.029635 0.086265 0.709393 0.100101 0.074607
2 2 0.039865 0.104420 0.675011 0.098258 0.082446
2 2 0.022717 0.082429 0.738472 0.092410 0.063973
2 2 0.017202 0.061031 0.715231 0.157480 0.049055
2 2 0.010232 0.031668 0.741537 0.201029 0.015534
2 3 0.010810 0.038137 0.629186 0.295899 0.025968
2 2 0.007103 0.036496 0.706602 0.218498 0.031301
2 2 0.052896 0.136886 0.586202 0.076965 0.147051
2 2 0.044297 0.105001 0.684272 0.084697 0.081733
2 3 0.027820 0.071177 0.647616 0.195544 0.057843
2 2 0.034820 0.063289 0.590084 0.268942 0.042865
2 3 0.035241 0.085143 0.634020 0.180449 0.065147
2 3 0.042555 0.082423 0.637735 0.180649 0.056638
2 2 0.056837 0.111294 0.590746 0.143912 0.097212
2 2 0.075652 0.088095 0.467004 0.317349 0.051899
2 2 0.086598 0.102359 0.638443 0.144321 0.028279
2 2 0.049396 0.102083 0.680549 0.107840 0.060132
2 2 0.019449 0.064965 0.752239 0.119514 0.043833
2 3 0.024999 0.066521 0.795137 0.081890 0.031453
2 2 0.015683 0.045434 0.805788 0.114275 0.018820
2 2 0.066191 0.104172 0.661383 0.129479 0.038775
2 2 0.031319 0.082952 0.763337 0.081976 0.040417
2 2 0.034387 0.100325 0.753607 0.053259 0.058422
2 2 0.025193 0.083076 0.771416 0.068153 0.052162
2 2 0.035754 0.108743 0.698774 0.069078 0.087651
2 2 0.027246 0.088248 0.757843 0.070039 0.056625
2 2 0.038118 0.110887 0.749180 0.046498 0.055316
2 2 0.015220 0.063129 0.676175 0.178076 0.067400
2 2 0.012710 0.046554 0.739749 0.169108 0.031880
2 2 0.041298 0.115632 0.663964 0.083332 0.095775
2 3 0.032134 0.088289 0.666924 0.142151 0.070502
2 3 0.020685 0.086578 0.709239 0.094609 0.088889
2 3 0.019332 0.047978 0.551414 0.349273 0.032003
2 3 0.039344 0.087857 0.613948 0.192844 0.066008
2 3 0.040575 0.086852 0.640346 0.178744 0.053484
2 0 0.033186 0.065184 0.600337 0.263358 0.037935
0 2 0.457751 0.112775 0.247894 0.172352 0.009228
2 2 0.024883 0.053745 0.713872 0.186521 0.020979
2 2 0.030016 0.073521 0.796746 0.072217 0.027500
2 2 0.026265 0.062081 0.755675 0.124040 0.031938
2 2 0.018820 0.054461 0.803058 0.100251 0.023411
2 2 0.038801 0.067585 0.762599 0.107939 0.023075
2 2 0.019477 0.048820 0.783019 0.127351 0.021334
2 2 0.028442 0.058745 0.816600 0.079240 0.016973
2 3 0.020612 0.057127 0.794074 0.102936 0.025252
2 2 0.039746 0.067553 0.667388 0.194834 0.030479
2 2 0.034023 0.069271 0.786598 0.087156 0.022952
2 2 0.004197 0.024299 0.666874 0.284403 0.020227
2 3 0.010716 0.043556 0.786288 0.132358 0.027082
2 2 0.015335 0.054495 0.730514 0.161002 0.038653
2 3 0.014714 0.055347 0.731504 0.153906 0.044529
2 2 0.008898 0.037069 0.706162 0.218581 0.029290
2 3 0.012579 0.040492 0.645215 0.272114 0.029600
2 3 0.022535 0.057463 0.656354 0.225522 0.038126
2 2 0.043437 0.077065 0.578558 0.254284 0.046656
2 3 0.024819 0.056718 0.605057 0.272358 0.041049
2 2 0.026426 0.075363 0.712039 0.135147 0.051025
2 0 0.056056 0.101128 0.657763 0.134480 0.050572
2 2 0.151026 0.179913 0.567886 0.041538 0.059637
2 2 0.026924 0.112729 0.734897 0.041953 0.083497
2 2 0.021788 0.093056 0.744710 0.055283 0.085163
2 2 0.022631 0.107055 0.737259 0.030473 0.102583
2 2 0.026093 0.058197 0.719841 0.170259 0.025611
2 2 0.049400 0.098877 0.742010 0.069787 0.039926
2 2 0.026299 0.064097 0.727756 0.151433 0.030415
2 2 0.010920 0.031191 0.734501 0.209658 0.013731
2 2 0.009838 0.032832 0.731637 0.210529 0.015165
2 2 0.048098 0.115273 0.658920 0.098154 0.079554
2 2 0.043047 0.103522 0.632859 0.135533 0.085039
2 2 0.054345 0.112855 0.635970 0.112969 0.083861
2 2 0.026939 0.100796 0.681550 0.095251 0.095465
2 2 0.017732 0.069400 0.748916 0.108505 0.055448
2 2 0.033975 0.099272 0.687653 0.107362 0.071738
2 3 0.023045 0.085092 0.701959 0.119200 0.070704
2 2 0.022498 0.074007 0.666366 0.170720 0.066408
2 3 0.016625 0.074129 0.741808 0.103295 0.064142
2 3 0.039161 0.076515 0.564463 0.260820 0.059041
2 3 0.007815 0.025111 0.485332 0.463839 0.017903
3 3 0.008832 0.018674 0.357546 0.603669 0.011280
2 3 0.031509 0.055545 0.506747 0.373454 0.032745
2 0 0.045002 0.071420 0.531906 0.315301 0.036371
3 3 0.022167 0.028126 0.304885 0.634444 0.010377
2 2 0.005100 0.022288 0.740454 0.222900 0.009259
2 2 0.044762 0.087899 0.758962 0.078917 0.029459
2 2 0.034814 0.058497 0.769022 0.122449 0.015218
2 2 0.013057 0.038101 0.835932 0.100292 0.012617
2 3 0.062497 0.126669 0.689767 0.069628 0.051440
2 3 0.036208 0.068958 0.683446 0.179683 0.031706
2 3 0.052430 0.096512 0.661059 0.145938 0.044062
2 2 0.031826 0.078468 0.715961 0.128161 0.045585
2 2 0.026787 0.086298 0.762413 0.071456 0.053047
2 2 0.038292 0.080373 0.741091 0.101430 0.038814
2 3 0.023616 0.066426 0.790400 0.091992 0.027566
2 3 0.031466 0.063171 0.689416 0.188478 0.027470
2 0 0.044201 0.077999 0.743127 0.111736 0.022937
2 2 0.347499 0.112805 0.420979 0.106107 0.012610
2 2 0.075128 0.127672 0.713570 0.040006 0.043625
2 2 0.008746 0.027842 0.789141 0.164200 0.010071
2 2 0.011278 0.021003 0.788462 0.175331 0.003926
2 2 0.008414 0.021891 0.822861 0.141088 0.005746
2 2 0.006223 0.025236 0.841554 0.118347 0.008639
2 2 0.012300 0.050734 0.779439 0.125251 0.032277
2 2 0.005586 0.022761 0.868910 0.095761 0.006981
2 2 0.012746 0.050519 0.835526 0.077533 0.023677
2 2 0.006249 0.025499 0.847683 0.111437 0.009132
2 2 0.034612 0.088143 0.798995 0.045156 0.033094
2 2 0.022434 0.061640 0.846551 0.051132 0.018243
2 2 0.016522 0.067838 0.881046 0.011912 0.022682
2 2 0.077692 0.197487 0.623223 0.008119 0.093478
2 2 0.092750 0.288375 0.452990 0.001197 0.164688
2 2 0.175014 0.301795 0.437181 0.001119 0.084891
2 1 0.033515 0.175490 0.677665 0.004422 0.108909
0 1 0.407977 0.259094 0.255993 0.002747 0.074189
0 1 0.489202 0.236411 0.242056 0.001170 0.031162
0 0 0.482613 0.281769 0.172949 0.000740 0.061929
0 1 0.611968 0.193075 0.147770 0.002688 0.044499
0 0 0.848684 0.095845 0.045934 0.000464 0.009073
1 4 0.298014 0.312940 0.139683 0.001122 0.248242
0 4 0.624752 0.227587 0.045969 0.000152 0.101540
0 4 0.557701 0.238410 0.097864 0.001385 0.104641
0 4 0.398714 0.286821 0.134468 0.001172 0.178825
0 4 0.414086 0.317460 0.086533 0.000204 0.181717
0 4 0.869690 0.088165 0.031458 0.000182 0.010504
0 4 0.848830 0.101443 0.037803 0.000229 0.011694
0 0 0.895918 0.068192 0.026981 0.000252 0.008657
0 0 0.927802 0.047550 0.019333 0.000174 0.005140
0 0 0.949693 0.033474 0.014762 0.000083 0.001988
0 0 0.619187 0.249055 0.093784 0.000120 0.037854
0 1 0.441710 0.346484 0.123706 0.000093 0.088008
0 1 0.559510 0.240526 0.163694 0.000834 0.035437
1 1 0.218548 0.374030 0.254116 0.000461 0.152845
2 1 0.088192 0.278692 0.496396 0.000727 0.135993
2 2 0.013417 0.105307 0.788733 0.010308 0.082235
2 2 0.008665 0.057235 0.892251 0.016292 0.025557
2 2 0.014700 0.074407 0.865721 0.013670 0.031503
2 2 0.028000 0.135021 0.770641 0.005017 0.061322
2 2 0.008193 0.078300 0.837489 0.010401 0.065617
2 2 0.007891 0.056401 0.879361 0.021988 0.034359
2 2 0.013468 0.079254 0.839949 0.019811 0.047518
2 2 0.009882 0.071501 0.855865 0.016977 0.045776
2 2 0.011149 0.060210 0.880238 0.018549 0.029855
2 2 0.013995 0.090528 0.814627 0.015866 0.064984
2 2 0.010211 0.110520 0.759562 0.006726 0.112982
2 2 0.009437 0.113567 0.738721 0.006863 0.131413
2 2 0.009259 0.082391 0.809009 0.014247 0.085093
2 2 0.005930 0.075063 0.831001 0.008046 0.079960
2 2 0.019063 0.127281 0.712173 0.012828 0.128656
2 2 0.005743 0.055314 0.862343 0.023656 0.052943
2 2 0.003406 0.042959 0.879328 0.027250 0.047056
2 2 0.008769 0.078134 0.831118 0.012356 0.069623
2 2 0.004914 0.049787 0.877183 0.026065 0.042051
2 2 0.003926 0.042112 0.893338 0.028258 0.032367
2 2 0.015491 0.059042 0.822459 0.069317 0.033691
2 2 0.042473 0.111489 0.755877 0.046371 0.043789
2 2 0.008511 0.043635 0.856419 0.063940 0.027496
2 2 0.013134 0.062288 0.851187 0.035515 0.037876
2 2 0.007401 0.053504 0.858397 0.040658 0.040040
2 2 0.009421 0.021941 0.839779 0.124358 0.004501
2 2 0.028420 0.052020 0.805273 0.100781 0.013506
2 2 0.018738 0.045349 0.796790 0.122267 0.016857
2 2 0.011140 0.027934 0.810972 0.142191 0.007762
2 2 0.051330 0.095230 0.781399 0.045453 0.026588
2 0 0.019597 0.059291 0.865608 0.035034 0.020471
2 1 0.271014 0.239136 0.436280 0.003672 0.049898
2 2 0.144164 0.197186 0.615155 0.009699 0.033797
2 2 0.073389 0.096223 0.794854 0.020520 0.015015
2 2 0.032438 0.056643 0.880211 0.023621 0.007088
2 2 0.016265 0.037787 0.880188 0.058482 0.007278
2 2 0.010611 0.035781 0.898091 0.045937 0.009580
2 2 0.014844 0.053158 0.873704 0.038170 0.020125
2 2 0.024337 0.066815 0.851693 0.038012 0.019143
2 2 0.022029 0.045011 0.876202 0.049115 0.007643
2 2 0.005813 0.066146 0.848700 0.014782 0.064559
2 2 0.008614 0.065269 0.855838 0.021318 0.048962
2 2 0.004712 0.041326 0.902228 0.024503 0.027230
2 2 0.006468 0.059153 0.864084 0.018262 0.052032
2 2 0.010228 0.074364 0.833149 0.022078 0.060181
2 2 0.015076 0.056814 0.811737 0.082653 0.033719
2 2 0.025777 0.074342 0.783827 0.077135 0.038919
2 2 0.020377 0.064174 0.766704 0.110068 0.038678
2 3 0.018186 0.049277 0.786993 0.121824 0.023719
2 2 0.020345 0.052443 0.797892 0.111654 0.017665
2 2 0.036204 0.101464 0.726592 0.070856 0.064884
2 2 0.017061 0.054702 0.772551 0.121174 0.034512
2 2 0.022701 0.075662 0.762477 0.084562 0.054598
2 2 0.018674 0.070938 0.741826 0.109431 0.059130
2 2 0.045116 0.097421 0.637246 0.143566 0.076650
2 2 0.034479 0.082043 0.616222 0.208586 0.058670
2 2 0.013957 0.043516 0.677498 0.241262 0.023767
2 2 0.029516 0.067988 0.668056 0.196560 0.037879
2 3 0.022952 0.064329 0.688680 0.182411 0.041628
2 3 0.009972 0.024009 0.549828 0.404733 0.011457
2 2 0.019931 0.050235 0.596248 0.295963 0.037624
2 2 0.033972 0.107466 0.635139 0.117044 0.106380
2 3 0.018250 0.070388 0.686377 0.160346 0.064638
2 3 0.045173 0.102721 0.608222 0.149968 0.093916
2 3 0.018347 0.045778 0.496531 0.404425 0.034920
2 3 0.018804 0.036399 0.509330 0.417328 0.018139
2 3 0.056176 0.091697 0.553291 0.240451 0.058385
2 3 0.022277 0.048798 0.533015 0.363434 0.032476
3 3 0.012161 0.026627 0.409909 0.535811 0.015492
2 3 0.021707 0.048337 0.526080 0.370489 0.033387
2 3 0.012772 0.039109 0.539378 0.377169 0.031572
3 3 0.007740 0.014529 0.300576 0.669785 0.007370
3 3 0.013661 0.027509 0.451664 0.493295 0.013871
3 3 0.007054 0.017941 0.302419 0.660078 0.012508
3 3 0.005703 0.010040 0.233019 0.746536 0.004701
3 3 0.008528 0.014995 0.302548 0.667530 0.006398
3 3 0.004699 0.009156 0.289389 0.693142 0.003613
3 3 0.007361 0.010563 0.190896 0.786670 0.004509
3 3 0.011252 0.020899 0.327864 0.630392 0.009592
3 3 0.003458 0.006388 0.230956 0.756622 0.002575
3 3 0.003527 0.006661 0.138780 0.847051 0.003981
3 3 0.009628 0.025934 0.368599 0.577387 0.018453
3 3 0.002517 0.006600 0.144468 0.841165 0.005250
3 3 0.003994 0.009704 0.167090 0.812018 0.007194
3 3 0.002288 0.004133 0.089047 0.901731 0.002801
3 3 0.002816 0.004440 0.094187 0.895962 0.002595
3 3 0.006042 0.005410 0.086852 0.899655 0.002041
2 3 0.027902 0.043836 0.461008 0.444009 0.023245
3 3 0.028638 0.029161 0.309843 0.620947 0.011411
3 3 0.001626 0.003855 0.126561 0.865329 0.002629
3 3 0.033524 0.029173 0.222744 0.701543 0.013016
3 3 0.016176 0.033109 0.446390 0.487631 0.016695
2 3 0.036118 0.059188 0.621230 0.257235 0.026229
2 3 0.031852 0.066532 0.608310 0.247554 0.045753
2 3 0.039609 0.087620 0.618369 0.186280 0.068123
2 3 0.033529 0.067107 0.591580 0.262197 0.045587
2 3 0.065941 0.064593 0.453214 0.389503 0.026750
3 3 0.030122 0.035694 0.278453 0.634634 0.021098
3 3 0.050473 0.061507 0.395133 0.458378 0.034509
3 3 0.031926 0.048568 0.405960 0.481764 0.031781
3 3 0.012050 0.019379 0.317660 0.641226 0.009686
3 3 0.003078 0.006222 0.175509 0.811881 0.003310
3 3 0.004408 0.010687 0.217523 0.760227 0.007154
3 3 0.003513 0.008597 0.182301 0.799625 0.005964
3 3 0.003366 0.005826 0.111820 0.875413 0.003575
3 3 0.003836 0.004343 0.096579 0.893440 0.001803
3 3 0.002248 0.003429 0.071141 0.921004 0.002178
3 3 0.006587 0.006129 0.088181 0.896645 0.002458
3 3 0.001956 0.002557 0.078737 0.915543 0.001207
3 3 0.005175 0.005276 0.107661 0.879946 0.001943
3 3 0.003388 0.004456 0.092578 0.897366 0.002212
3 3 0.007103 0.006869 0.104675 0.878726 0.002628
3 3 0.005228 0.004903 0.102024 0.886153 0.001692
3 3 0.004984 0.005473 0.083001 0.903941 0.002600
3 3 0.005529 0.004027 0.060475 0.928512 0.001457
3 3 0.002365 0.002172 0.037427 0.956905 0.001131
3 3 0.002375 0.002321 0.047681 0.946505 0.001118
3 3 0.002502 0.003020 0.070880 0.922116 0.001482
3 3 0.003833 0.002864 0.048763 0.943427 0.001112
3 3 0.002873 0.002506 0.043491 0.949956 0.001173
3 3 0.006358 0.004154 0.064141 0.924033 0.001313
3 3 0.004967 0.003464 0.049851 0.940410 0.001307
3 3 0.009543 0.003790 0.064591 0.921358 0.000718
3 3 0.003430 0.003343 0.084083 0.907919 0.001225
3 3 0.005913 0.002754 0.044978 0.945651 0.000705
3 3 0.002849 0.004119 0.102268 0.888713 0.002052
3 3 0.002244 0.002040 0.039140 0.955571 0.001005
3 3 0.003656 0.004204 0.070169 0.919803 0.002168
3 0 0.004368 0.004443 0.070842 0.918291 0.002056
3 0 0.005174 0.004481 0.065602 0.922870 0.001873
0 2 0.505156 0.075076 0.296080 0.120486 0.003201
2 2 0.018324 0.060121 0.807310 0.086899 0.027345
2 3 0.012014 0.040032 0.794456 0.136478 0.017021
2 3 0.024822 0.071442 0.734714 0.123073 0.045949
2 3 0.014936 0.059031 0.806813 0.083927 0.035294
2 2 0.023175 0.088412 0.789604 0.041148 0.057662
2 2 0.017650 0.067502 0.839663 0.044301 0.030885
2 4 0.043420 0.129588 0.722723 0.027625 0.076644
2 4 0.059137 0.169557 0.635450 0.018270 0.117586
2 4 0.132684 0.153227 0.670005 0.011798 0.032286
0 4 0.316321 0.313706 0.132381 0.000530 0.237061
1 4 0.298811 0.300529 0.257870 0.001891 0.140898
0 4 0.389492 0.260397 0.255068 0.002123 0.092920
0 4 0.508025 0.277620 0.119881 0.000516 0.093959
0 4 0.482070 0.282228 0.135330 0.000695 0.099678
1 4 0.263434 0.296391 0.237824 0.001490 0.200860
2 4 0.176711 0.263802 0.373541 0.005734 0.180213
0 4 0.350524 0.349513 0.132321 0.000234 0.167409
1 4 0.120965 0.342230 0.263238 0.000539 0.273028
0 4 0.661747 0.216233 0.069406 0.000251 0.052364
0 4 0.760189 0.149517 0.060259 0.000835 0.029201
0 4 0.851628 0.098629 0.035303 0.000258 0.014182
0 4 0.715723 0.190804 0.045396 0.000118 0.047960
0 4 0.816388 0.124212 0.038850 0.000209 0.020341
0 4 0.665325 0.216841 0.044728 0.000100 0.073006
0 4 0.553645 0.256988 0.077575 0.000499 0.111294
0 4 0.593982 0.259432 0.052783 0.000067 0.093738
0 4 0.508422 0.289089 0.091674 0.000294 0.110520
0 4 0.696395 0.196711 0.036791 0.000079 0.070024
0 4 0.721669 0.177796 0.059822 0.000408 0.040305
0 4 0.894095 0.075493 0.020439 0.000061 0.009912
0 0 0.881621 0.084100 0.012749 0.000016 0.021514
0 4 0.873963 0.084881 0.011717 0.000016 0.029422
0 4 0.876128 0.088859 0.014182 0.000018 0.020813
0 4 0.813535 0.131934 0.015517 0.000009 0.039004
0 4 0.521603 0.271339 0.048762 0.000138 0.158159
0 4 0.527193 0.272717 0.083101 0.000362 0.116627
0 4 0.713918 0.191479 0.034981 0.000076 0.059546
0 4 0.413988 0.285163 0.040023 0.000057 0.260769
0 4 0.375493 0.266830 0.036115 0.000087 0.321475
0 4 0.541297 0.254537 0.045783 0.000161 0.158223
0 4 0.827955 0.114634 0.031100 0.000175 0.026137
0 4 0.710092 0.177410 0.038185 0.000208 0.074105
0 4 0.725227 0.167960 0.020419 0.000026 0.086367
0 4 0.676519 0.193572 0.023120 0.000030 0.106760
0 4 0.785971 0.139647 0.045328 0.000358 0.028697
0 4 0.854798 0.099643 0.027321 0.000122 0.018115
0 4 0.812639 0.116919 0.045669 0.000672 0.024102
0 4 0.833707 0.114440 0.021423 0.000048 0.030382
0 4 0.811636 0.117080 0.048133 0.000747 0.022404
0 4 0.616685 0.195461 0.006091 0.000000 0.181763
0 4 0.556916 0.211779 0.008054 0.000001 0.223250
0 4 0.571792 0.207903 0.006431 0.000000 0.213874
0 4 0.735107 0.153042 0.008547 0.000002 0.103303
0 4 0.571096 0.226601 0.010424 0.000001 0.191878
0 4 0.798099 0.129857 0.016636 0.000022 0.055386
0 4 0.839647 0.112211 0.022751 0.000053 0.025339
0 4 0.819865 0.116245 0.018242 0.000040 0.045608
0 4 0.857974 0.101251 0.008743 0.000002 0.032030
0 4 0.847933 0.104485 0.016344 0.000026 0.031212
0 4 0.775714 0.138832 0.012887 0.000008 0.072560
0 4 0.840704 0.110916 0.004369 0.000000 0.044011
0 4 0.739806 0.167399 0.011863 0.000003 0.080929
0 4 0.741211 0.172011 0.016081 0.000007 0.070689
0 4 0.825629 0.120748 0.010169 0.000003 0.043451
0 0 0.898038 0.071589 0.025144 0.000074 0.005155
0 0 0.916130 0.055578 0.023347 0.000163 0.004782
0 0 0.968931 0.020774 0.009623 0.000029 0.000644
0 0 0.947805 0.033459 0.017176 0.000100 0.001458
0 0 0.940708 0.038134 0.019202 0.000117 0.001838
0 0 0.807191 0.129152 0.038946 0.000226 0.024486
0 1 0.704519 0.198647 0.029987 0.000036 0.066811
0 1 0.770130 0.142774 0.052077 0.000718 0.034301
0 1 0.758370 0.164293 0.043940 0.000177 0.033220
0 1 0.581321 0.254772 0.067443 0.000195 0.096269
0 0 0.853438 0.105420 0.021022 0.000037 0.020083
0 1 0.932168 0.048756 0.015279 0.000039 0.003758
0 1 0.812377 0.137229 0.024758 0.000029 0.025607
0 0 0.833619 0.123852 0.022698 0.000023 0.019807
0 0 0.955330 0.032378 0.009801 0.000025 0.002466
0 0 0.962223 0.022266 0.014676 0.000132 0.000703
0 0 0.979474 0.012349 0.007959 0.000029 0.000189
0 0 0.977485 0.014484 0.007700 0.000024 0.000307
0 0 0.974307 0.015425 0.009926 0.000046 0.000295
0 0 0.966919 0.021451 0.010998 0.000039 0.000593
0 0 0.967877 0.014087 0.017502 0.000355 0.000179
0 0 0.972189 0.016834 0.010605 0.000046 0.000325
0 0 0.970201 0.017264 0.012141 0.000070 0.000324
0 0 0.971386 0.016196 0.012075 0.000072 0.000271
0 0 0.963061 0.019237 0.017170 0.000187 0.000345
0 0 0.972534 0.015652 0.011392 0.000089 0.000333
0 0 0.874416 0.066470 0.050741 0.002255 0.006119
0 0 0.960088 0.015477 0.023137 0.001056 0.000241
0 0 0.939320 0.025223 0.033107 0.001714 0.000636
0 0 0.965750 0.016055 0.017451 0.000422 0.000322
0 0 0.967714 0.014270 0.017313 0.000467 0.000237
0 0 0.958975 0.019387 0.020856 0.000421 0.000362
0 0 0.971442 0.013520 0.014555 0.000266 0.000218
0 0 0.969951 0.014861 0.014689 0.000233 0.000266
0 0 0.969047 0.017374 0.013056 0.000122 0.000401
0 0 0.944711 0.026182 0.027447 0.000885 0.000774
0 0 0.952002 0.026745 0.020046 0.000286 0.000921
0 0 0.959684 0.020983 0.018504 0.000301 0.000528
0 0 0.942418 0.032082 0.023719 0.000413 0.001368
0 0 0.970608 0.017146 0.011713 0.000095 0.000438
0 0 0.945193 0.024808 0.028410 0.000968 0.000621
0 0 0.946983 0.025237 0.026478 0.000678 0.000624
0 0 0.967050 0.015794 0.016537 0.000324 0.000294
0 0 0.971408 0.015307 0.012829 0.000145 0.000311
0 0 0.975982 0.012111 0.011555 0.000154 0.000198
0 0 0.926966 0.048206 0.021248 0.000139 0.003442
0 0 0.919091 0.048753 0.028718 0.000378 0.003059
0 1 0.920736 0.051390 0.024396 0.000170 0.003308
0 1 0.776743 0.136000 0.069790 0.000813 0.016654
0 0 0.793661 0.133607 0.056888 0.000409 0.015436
4 1 0.137182 0.361032 0.090053 0.000012 0.411721
1 1 0.223654 0.390784 0.108213 0.000042 0.277307
1 1 0.117158 0.377542 0.144563 0.000039 0.360698
1 1 0.171617 0.401121 0.150618 0.000059 0.276585
4 1 0.051775 0.325143 0.250263 0.000242 0.372576
2 2 0.051332 0.317083 0.326268 0.000258 0.305060
2 1 0.009087 0.136300 0.692745 0.001208 0.160661
1 1 0.112501 0.389571 0.218041 0.000104 0.279783
1 1 0.242292 0.409478 0.159797 0.000092 0.188341
1 1 0.088378 0.382671 0.226875 0.000066 0.302011
2 1 0.031970 0.283440 0.395493 0.000205 0.288892
1 1 0.071194 0.352523 0.299644 0.000206 0.276432
1 1 0.123986 0.416649 0.215264 0.000029 0.244071
1 1 0.147619 0.409539 0.210074 0.000084 0.232685
1 2 0.057435 0.331613 0.327552 0.000151 0.283249
2 2 0.142572 0.237550 0.555020 0.002629 0.062228
2 2 0.035237 0.160724 0.737135 0.004034 0.062871
2 2 0.112813 0.178332 0.670706 0.004463 0.033686
1 2 0.296929 0.331128 0.297435 0.000665 0.073842
1 1 0.326530 0.334389 0.257902 0.000452 0.080726
1 1 0.163224 0.415870 0.239560 0.000099 0.181248
1 1 0.284926 0.377019 0.223059 0.000322 0.114673
1 1 0.181328 0.402198 0.251266 0.000320 0.164889
2 1 0.143374 0.352850 0.363871 0.000450 0.139454
2 2 0.025510 0.161058 0.717773 0.002064 0.093595
2 2 0.005257 0.094920 0.803806 0.003562 0.092455
2 2 0.001659 0.051307 0.894606 0.002256 0.050172
2 2 0.005123 0.102581 0.781603 0.001194 0.109499
2 2 0.004615 0.107327 0.743803 0.001413 0.142841
2 2 0.007451 0.117535 0.759230 0.001109 0.114675
2 2 0.019879 0.110384 0.833907 0.001871 0.033959
2 1 0.140303 0.321761 0.441001 0.000646 0.096288
1 1 0.138675 0.393970 0.336741 0.000255 0.130359
1 1 0.262044 0.341090 0.328638 0.000329 0.067899
1 1 0.161325 0.397282 0.306420 0.000172 0.134801
0 2 0.454563 0.215956 0.303770 0.002115 0.023596
0 2 0.645310 0.195456 0.137423 0.000737 0.021074
0 2 0.461338 0.303347 0.174338 0.000431 0.060546
0 0 0.698595 0.149779 0.134539 0.001751 0.015336
0 1 0.852644 0.100214 0.039841 0.000069 0.007232
2 2 0.085152 0.352869 0.374550 0.000509 0.186920
2 2 0.006442 0.108664 0.749225 0.001690 0.133980
2 2 0.017583 0.168080 0.634937 0.001791 0.177608
2 2 0.012313 0.149507 0.686857 0.001770 0.149553
2 2 0.015594 0.174288 0.631113 0.000895 0.178110
2 2 0.002791 0.022181 0.938361 0.027727 0.008939
2 2 0.013038 0.080124 0.855201 0.014028 0.037608
2 2 0.015834 0.075023 0.877364 0.009519 0.022260
2 2 0.011367 0.056569 0.900351 0.014964 0.016749
2 2 0.027059 0.150212 0.745524 0.005330 0.071876
2 2 0.043865 0.165340 0.715149 0.005512 0.070134
2 2 0.016432 0.120965 0.783040 0.004538 0.075026
2 2 0.074000 0.201953 0.655829 0.004339 0.063880
2 2 0.017854 0.090906 0.835092 0.012054 0.044094
2 2 0.009454 0.047661 0.903208 0.020112 0.019565
2 2 0.016586 0.095945 0.836765 0.004545 0.046158
2 2 0.011638 0.068333 0.882364 0.011534 0.026130
2 2 0.013620 0.096203 0.833945 0.005361 0.050870
2 1 0.018860 0.076591 0.868518 0.011006 0.025026
2 1 0.036740 0.187852 0.688314 0.002126 0.084968
2 1 0.137599 0.096777 0.741837 0.014427 0.009361
0 2 0.404337 0.256435 0.295196 0.002171 0.041861
0 0 0.448231 0.218163 0.301854 0.003502 0.028250
0 0 0.774199 0.110249 0.106534 0.001261 0.007756
0 1 0.794662 0.128719 0.065266 0.000216 0.011137
2 2 0.101618 0.269267 0.545752 0.003236 0.080128
2 2 0.051173 0.140529 0.744009 0.013903 0.050385
2 2 0.013503 0.065199 0.873975 0.016555 0.030767
2 2 0.012716 0.054729 0.879955 0.028458 0.024142
2 2 0.009843 0.070869 0.850556 0.020087 0.048646
2 2 0.002606 0.027467 0.932461 0.021966 0.015500
2 2 0.003261 0.033718 0.920502 0.021558 0.020960
2 2 0.003779 0.060448 0.865013 0.009223 0.061537
2 2 0.008419 0.102056 0.784767 0.007828 0.096929
2 2 0.004083 0.055572 0.876056 0.012940 0.051349
2 2 0.020662 0.061886 0.883213 0.018688 0.015551
2 2 0.025704 0.083112 0.847608 0.019066 0.024509
2 2 0.015445 0.066988 0.858954 0.027353 0.031260
2 2 0.017090 0.064606 0.875052 0.022407 0.020845
2 2 0.011091 0.039845 0.917097 0.021637 0.010330
2 2 0.005098 0.042818 0.897462 0.029443 0.025179
2 2 0.009021 0.049495 0.883394 0.035226 0.022863
2 2 0.008625 0.075545 0.817357 0.026032 0.072441
2 2 0.018403 0.080046 0.840351 0.018101 0.043098
2 2 0.004277 0.038592 0.892497 0.032333 0.032301
2 2 0.011823 0.056488 0.845706 0.053319 0.032664
2 2 0.006327 0.044520 0.895566 0.027058 0.026530
2 2 0.018087 0.109910 0.777072 0.015008 0.079923
2 2 0.017140 0.057182 0.853807 0.048845 0.023026
2 2 0.011010 0.073155 0.842686 0.029324 0.043825
2 2 0.017364 0.070548 0.777328 0.085968 0.048793
2 2 0.008344 0.038083 0.836511 0.097580 0.019482
2 2 0.011399 0.047272 0.846531 0.070357 0.024441
2 2 0.014479 0.061555 0.783381 0.093838 0.046747
2 2 0.016976 0.064091 0.783492 0.089697 0.045745
2 2 0.037138 0.092324 0.698744 0.116123 0.055671
2 3 0.017272 0.063874 0.764521 0.114751 0.039582
2 2 0.022180 0.055435 0.692155 0.202995 0.027235
2 3 0.015357 0.051653 0.737891 0.165814 0.029285
2 3 0.017011 0.049923 0.728503 0.178443 0.026121
2 3 0.013042 0.041105 0.536220 0.376004 0.033629
2 3 0.008673 0.032493 0.569337 0.364821 0.024676
3 3 0.004259 0.014630 0.320598 0.648623 0.011890
3 3 0.005369 0.017541 0.337555 0.626142 0.013393
2 3 0.009220 0.040444 0.626437 0.286426 0.037473
3 3 0.006347 0.015503 0.334111 0.636237 0.007803
3 3 0.002481 0.005924 0.187943 0.800176 0.003477
3 3 0.004717 0.007647 0.131017 0.852359 0.004260
3 3 0.006657 0.011081 0.229296 0.747604 0.005363
3 3 0.006668 0.015245 0.286914 0.682309 0.008864
3 3 0.004198 0.004977 0.095550 0.893016 0.002259
3 3 0.005982 0.009464 0.185161 0.795106 0.004287
3 3 0.005867 0.008613 0.173629 0.808184 0.003706
3 3 0.001194 0.002936 0.176082 0.818258 0.001531
3 3 0.001965 0.003204 0.095931 0.897156 0.001744
3 3 0.003104 0.010336 0.286668 0.692781 0.007111
3 3 0.003616 0.006931 0.129610 0.855304 0.004539
3 3 0.006157 0.014805 0.250288 0.718933 0.009817
3 3 0.004525 0.007724 0.138624 0.844765 0.004362
3 3 0.002721 0.007645 0.192575 0.791532 0.005527
3 3 0.005064 0.004294 0.069737 0.919237 0.001668
3 3 0.003911 0.007427 0.183531 0.801350 0.003781
3 3 0.004784 0.006893 0.134299 0.850750 0.003274
3 3 0.002106 0.002869 0.078905 0.914670 0.001451
3 3 0.004970 0.006903 0.130445 0.854450 0.003232
3 3 0.002195 0.002391 0.052457 0.941746 0.001212
3 3 0.002335 0.002173 0.037709 0.956644 0.001140
3 3 0.004198 0.003859 0.073105 0.917313 0.001526
3 3 0.004164 0.004746 0.100813 0.888303 0.001974
3 3 0.004650 0.005409 0.081817 0.905394 0.002730
3 3 0.004103 0.003845 0.068469 0.921970 0.001614
3 3 0.001899 0.002290 0.048646 0.945835 0.001329
3 3 0.004273 0.005686 0.125097 0.862452 0.002492
3 3 0.001653 0.001672 0.047482 0.948430 0.000763
3 3 0.004483 0.005875 0.096753 0.889844 0.003044
2 3 0.028864 0.048355 0.566098 0.335927 0.020756
3 3 0.021766 0.026627 0.298349 0.642427 0.010832
2 0 0.078610 0.130698 0.587786 0.122744 0.080161
0 1 0.548340 0.164971 0.229575 0.028441 0.028672
2 2 0.205483 0.192023 0.529428 0.021060 0.052006
2 2 0.032288 0.086485 0.820523 0.026718 0.033985
2 2 0.040666 0.100368 0.795904 0.030496 0.032566
2 1 0.054655 0.150153 0.717368 0.015331 0.062494
2 1 0.153091 0.189853 0.594383 0.010407 0.052266
2 1 0.089895 0.218525 0.544812 0.010211 0.136557
0 1 0.318192 0.312589 0.282262 0.000736 0.086222
0 4 0.598018 0.235192 0.124958 0.000526 0.041306
2 4 0.247808 0.300239 0.353543 0.001427 0.096983
0 4 0.645256 0.205539 0.122284 0.000497 0.026423
1 4 0.294660 0.352109 0.266818 0.000278 0.086135
0 4 0.776718 0.145568 0.049962 0.000374 0.027378
0 0 0.774386 0.138209 0.064403 0.001072 0.021931
0 0 0.765532 0.136729 0.062752 0.001369 0.033618
0 4 0.841616 0.112078 0.027060 0.000073 0.019172
0 4 0.777151 0.146703 0.055197 0.000250 0.020699
0 4 0.708690 0.196395 0.061341 0.000127 0.033447
0 4 0.814884 0.120515 0.046222 0.000410 0.017968
0 4 0.931133 0.044964 0.021103 0.000132 0.002669
0 4 0.871932 0.090757 0.023632 0.000071 0.013608
0 4 0.839131 0.109567 0.033917 0.000174 0.017210
0 4 0.824373 0.116438 0.032129 0.000192 0.026868
0 4 0.794653 0.127309 0.044631 0.000623 0.032785
0 4 0.867453 0.091812 0.021581 0.000074 0.019080
0 4 0.834264 0.107526 0.032231 0.000267 0.025712
0 4 0.831867 0.110700 0.030916 0.000203 0.026313
0 4 0.875179 0.088037 0.016178 0.000031 0.020575
0 4 0.915409 0.062142 0.012501 0.000021 0.009927
0 0 0.818760 0.125921 0.018141 0.000021 0.037158
0 0 0.926142 0.052744 0.007368 0.000008 0.013738
0 4 0.896716 0.074954 0.010595 0.000010 0.017725
0 4 0.445781 0.308408 0.064244 0.000095 0.181471
0 4 0.597939 0.245631 0.047514 0.000098 0.108819
0 4 0.364006 0.343106 0.080108 0.000124 0.212655
1 4 0.343041 0.357244 0.061653 0.000021 0.238041
0 4 0.679588 0.224421 0.029050 0.000011 0.066930
0 4 0.775595 0.145548 0.023763 0.000053 0.055042
0 4 0.685233 0.198070 0.013927 0.000003 0.102766
0 4 0.792650 0.126213 0.012812 0.000011 0.068314
0 4 0.781557 0.136999 0.021311 0.000051 0.060082
0 4 0.753886 0.147668 0.021932 0.000055 0.076459
0 4 0.899007 0.070544 0.011414 0.000019 0.019016
0 4 0.811789 0.119062 0.023759 0.000104 0.045287
0 4 0.802960 0.126479 0.025526 0.000103 0.044931
0 4 0.662203 0.171446 0.046735 0.001031 0.118585
0 4 0.680066 0.177014 0.041907 0.000459 0.100554
0 4 0.879230 0.080436 0.022479 0.000147 0.017708
0 4 0.840479 0.108480 0.020921 0.000055 0.030064
0 4 0.930299 0.051349 0.011782 0.000023 0.006547
0 4 0.869212 0.097498 0.010896 0.000004 0.022389
0 4 0.835764 0.102351 0.010564 0.000010 0.051311
0 4 0.861183 0.092785 0.008514 0.000004 0.037514
0 4 0.871540 0.092066 0.012948 0.000012 0.023434
0 4 0.801171 0.131287 0.020132 0.000036 0.047374
0 4 0.749463 0.159712 0.014053 0.000006 0.076766
0 4 0.804051 0.122418 0.012037 0.000009 0.061485
1 4 0.314231 0.339909 0.045699 0.000009 0.300152
0 4 0.798223 0.140462 0.018696 0.000017 0.042602
0 4 0.634171 0.216822 0.025076 0.000029 0.123902
0 4 0.466596 0.299027 0.027833 0.000004 0.206540
0 4 0.761187 0.156177 0.015904 0.000010 0.066722
0 0 0.888071 0.076668 0.012052 0.000021 0.023187
0 0 0.842689 0.093133 0.009714 0.000011 0.054453
0 1 0.882573 0.082472 0.009098 0.000006 0.025851
0 1 0.733147 0.178541 0.018706 0.000010 0.069596
0 1 0.691958 0.191062 0.025361 0.000037 0.091583
0 1 0.499349 0.320136 0.094656 0.000064 0.085794
1 2 0.302698 0.372479 0.173940 0.000210 0.150673
0 2 0.369957 0.324878 0.201504 0.000765 0.102896
0 2 0.546365 0.279000 0.100227 0.000227 0.074180
1 2 0.235591 0.397892 0.198172 0.000289 0.168056
1 1 0.188866 0.403342 0.151966 0.000072 0.255754
1 1 0.271143 0.399468 0.120266 0.000055 0.209069
1 1 0.298443 0.388254 0.112877 0.000079 0.200347
1 1 0.238638 0.401183 0.160068 0.000150 0.199962
1 1 0.329341 0.392112 0.120619 0.000071 0.157857
0 1 0.576826 0.252456 0.110995 0.000612 0.059111
0 1 0.772384 0.148885 0.056605 0.000338 0.021788
0 1 0.710209 0.180527 0.076774 0.000666 0.031825
0 1 0.530066 0.297800 0.084135 0.000100 0.087900
0 0 0.548252 0.269894 0.105096 0.000357 0.076401
0 1 0.537511 0.243931 0.058915 0.000311 0.159333
1 1 0.202417 0.391300 0.145218 0.000156 0.260908
1 1 0.262478 0.378179 0.165655 0.000329 0.193359
1 1 0.202725 0.397949 0.136156 0.000072 0.263097
1 1 0.346984 0.360083 0.161145 0.000274 0.131513
1 1 0.293139 0.372623 0.214055 0.000133 0.120050
1 1 0.209523 0.347573 0.316472 0.000794 0.125638
1 1 0.136317 0.375703 0.296900 0.000316 0.190764
2 1 0.094505 0.347157 0.349147 0.000312 0.208879
2 1 0.027019 0.148496 0.750412 0.001992 0.072082
2 1 0.033364 0.224618 0.586427 0.000641 0.154950
2 1 0.012248 0.152728 0.680048 0.001631 0.153346
2 1 0.033566 0.233078 0.565458 0.000825 0.167073
2 1 0.017909 0.193187 0.548891 0.001265 0.238748
2 2 0.009773 0.153578 0.604503 0.000872 0.231275
2 2 0.041193 0.212020 0.614959 0.001810 0.130017
1 2 0.155126 0.379276 0.267538 0.000426 0.197635
2 2 0.166424 0.286176 0.421227 0.002521 0.123652
1 2 0.195698 0.405549 0.186236 0.000162 0.212355
1 2 0.186974 0.403248 0.203775 0.000223 0.205779
0 2 0.537651 0.199007 0.231993 0.002739 0.028610
0 2 0.638548 0.228659 0.095015 0.000273 0.037505
0 0 0.570426 0.216015 0.169414 0.001893 0.042252
0 1 0.851986 0.103331 0.026738 0.000092 0.017852
0 1 0.785918 0.148927 0.043300 0.000087 0.021769
2 1 0.169869 0.332101 0.361599 0.001383 0.135049
0 1 0.341225 0.268923 0.335638 0.001449 0.052764
2 1 0.288566 0.304867 0.316721 0.001493 0.088352
2 2 0.162156 0.286200 0.469854 0.001827 0.079964
0 2 0.343400 0.277552 0.315482 0.001339 0.062227
0 0 0.456306 0.318140 0.139413 0.000233 0.085908
0 1 0.812103 0.119373 0.042014 0.000311 0.026199
1 1 0.363435 0.373309 0.126315 0.000097 0.136844
0 1 0.386337 0.342075 0.171800 0.000280 0.099507
0 1 0.414066 0.295518 0.221839 0.000794 0.067783
2 1 0.056496 0.262564 0.495598 0.001321 0.184021
2 2 0.054196 0.249738 0.523849 0.002373 0.169845
2 2 0.005855 0.082634 0.824320 0.006270 0.080922
2 2 0.032025 0.170477 0.675497 0.004387 0.117614
2 2 0.008931 0.116782 0.716958 0.004077 0.153252
2 2 0.005326 0.109060 0.743769 0.001283 0.140562
2 2 0.075308 0.346877 0.365138 0.000494 0.212183
2 2 0.067399 0.314456 0.417524 0.000438 0.200182
2 2 0.041245 0.269177 0.495815 0.000552 0.193211
2 0 0.040352 0.284685 0.447848 0.000415 0.226699
0 1 0.845314 0.093623 0.047240 0.000935 0.012889
0 0 0.840340 0.105753 0.039000 0.000289 0.014618
0 0 0.928435 0.047035 0.020047 0.000167 0.004316
0 1 0.859474 0.102527 0.022351 0.000039 0.015609
0 1 0.833241 0.112028 0.040954 0.000242 0.013536
1 1 0.342104 0.350164 0.186346 0.000339 0.121048
2 1 0.175087 0.336489 0.369177 0.000658 0.118589
1 1 0.303697 0.346330 0.247737 0.000821 0.101414
2 1 0.153082 0.305659 0.413058 0.001857 0.126344
2 1 0.051256 0.219256 0.626470 0.001260 0.101759
2 1 0.152603 0.340516 0.374824 0.000910 0.131146
2 1 0.076521 0.225334 0.597964 0.003070 0.097111
2 1 0.019574 0.131352 0.776527 0.004882 0.067666
2 1 0.131364 0.282071 0.491854 0.002556 0.092154
2 1 0.055455 0.209206 0.629536 0.003059 0.102744
1 1 0.217703 0.392065 0.195903 0.000346 0.193982
2 1 0.050776 0.290895 0.438485 0.000723 0.219121
1 1 0.147777 0.390943 0.215402 0.000169 0.245708
1 1 0.085288 0.348248 0.292930 0.000488 0.273046
2 1 0.049162 0.291080 0.478435 0.000503 0.180820
2 1 0.108452 0.215119 0.606218 0.004964 0.065246
2 1 0.108500 0.282042 0.501169 0.001939 0.106350
2 1 0.170398 0.336625 0.359852 0.001011 0.132114
1 0 0.253038 0.371147 0.242702 0.000403 0.132710
0 1 0.579769 0.223104 0.126177 0.001119 0.069830
1 1 0.194722 0.408443 0.224092 0.000112 0.172631
2 1 0.172387 0.319494 0.396249 0.000723 0.111148
2 1 0.176422 0.264529 0.466053 0.002687 0.090309
1 1 0.205379 0.374796 0.267874 0.000340 0.151612
2 1 0.070863 0.142311 0.734754 0.008185 0.043887
2 2 0.019364 0.183310 0.658402 0.001464 0.137459
2 2 0.018586 0.166034 0.697866 0.001035 0.116479
2 2 0.011221 0.108990 0.800199 0.003742 0.075849
2 2 0.075484 0.324881 0.402236 0.000366 0.197033
2 2 0.041471 0.247092 0.540844 0.001286 0.169307
2 4 0.105166 0.236391 0.548348 0.002225 0.107870
1 4 0.280635 0.318621 0.236426 0.001380 0.162939
0 4 0.585181 0.247508 0.113841 0.000406 0.053064
0 4 0.538181 0.286658 0.082533 0.000126 0.092502
0 4 0.680106 0.205760 0.074922 0.000258 0.038954
0 4 0.804358 0.133245 0.033962 0.000137 0.028298
0 4 0.786767 0.135023 0.050695 0.000603 0.026912
0 4 0.780503 0.135570 0.044775 0.000584 0.038567
0 4 0.877250 0.083599 0.021299 0.000099 0.017753
0 4 0.898716 0.069856 0.022828 0.000111 0.008488
0 4 0.773662 0.149576 0.041731 0.000241 0.034791
0 4 0.726266 0.177486 0.037288 0.000137 0.058823
0 4 0.691382 0.182289 0.080366 0.001009 0.044955
0 4 0.779153 0.145199 0.046745 0.000335 0.028569
0 4 0.586840 0.236638 0.102677 0.001046 0.072800
0 4 0.780185 0.134546 0.058386 0.001026 0.025857
0 4 0.855748 0.093446 0.033748 0.000346 0.016711
0 4 0.788147 0.126449 0.055609 0.001289 0.028505
0 4 0.814317 0.111481 0.049114 0.001119 0.023969
0 4 0.846319 0.103182 0.034462 0.000219 0.015817
0 4 0.704748 0.172933 0.058083 0.001026 0.063210
0 4 0.749805 0.152325 0.064620 0.001151 0.032099
0 4 0.684461 0.181203 0.063877 0.001358 0.069101
0 4 0.830078 0.108113 0.040199 0.000486 0.021125
0 4 0.718590 0.163911 0.070559 0.001835 0.045104
0 4 0.906990 0.066317 0.016604 0.000049 0.010040
0 4 0.879339 0.083711 0.023187 0.000097 0.013666
0 4 0.853795 0.096038 0.028993 0.000224 0.020948
0 4 0.920982 0.056779 0.012833 0.000033 0.009372
0 4 0.847744 0.096782 0.025507 0.000208 0.029758
0 4 0.794663 0.125640 0.036511 0.000423 0.042764
0 4 0.865739 0.086655 0.027411 0.000271 0.019924
0 4 0.760616 0.138896 0.039536 0.000578 0.060374
0 4 0.756205 0.134749 0.050391 0.001639 0.057016
0 4 0.816098 0.120476 0.037631 0.000289 0.025507
0 4 0.737996 0.138011 0.016299 0.000036 0.107658
0 4 0.620503 0.201234 0.012642 0.000004 0.165617
0 4 0.681414 0.168486 0.008725 0.000002 0.141374
0 4 0.753360 0.138917 0.019280 0.000053 0.088390
0 4 0.825621 0.105646 0.019098 0.000085 0.049550
0 4 0.836234 0.105624 0.029359 0.000230 0.028553
0 4 0.820878 0.113383 0.035843 0.000385 0.029512
0 0 0.743838 0.164883 0.048756 0.000368 0.042154
0 4 0.813030 0.118276 0.022036 0.000082 0.046576
0 4 0.788799 0.139521 0.032021 0.000137 0.039522
0 4 0.406279 0.291582 0.024714 0.000005 0.277421
4 4 0.291923 0.287662 0.018286 0.000000 0.402129
4 4 0.265199 0.314889 0.025592 0.000000 0.394319
4 4 0.175490 0.262695 0.022868 0.000002 0.538945
4 4 0.237827 0.214793 0.010001 0.000001 0.537378
0 4 0.510829 0.298498 0.056407 0.000054 0.134212
1 4 0.309330 0.349877 0.045630 0.000004 0.295159
0 4 0.465697 0.311458 0.035101 0.000007 0.187737
0 4 0.509732 0.297183 0.044595 0.000029 0.148461
1 0 0.330190 0.344387 0.053809 0.000021 0.271594
0 1 0.754359 0.137724 0.036355 0.000533 0.071029
0 1 0.803581 0.135310 0.034822 0.000127 0.026160
0 1 0.535121 0.295943 0.072311 0.000076 0.096548
0 1 0.632100 0.229670 0.081244 0.000289 0.056698
1 1 0.312618 0.325303 0.242884 0.001283 0.117912
4 1 0.071616 0.332485 0.223916 0.000253 0.371730
1 1 0.174483 0.389136 0.178189 0.000305 0.257888
4 1 0.075471 0.342659 0.229802 0.000288 0.351780
2 2 0.030347 0.252293 0.372015 0.000696 0.344649
4 2 0.025668 0.267112 0.323693 0.000123 0.383403
2 1 0.020514 0.204086 0.548070 0.000827 0.226503
1 1 0.074503 0.317237 0.310013 0.000220 0.298028
2 2 0.014090 0.174435 0.589032 0.000970 0.221473
2 2 0.010889 0.152446 0.642693 0.001247 0.192724
2 2 0.025446 0.248278 0.406807 0.000333 0.319136
2 2 0.015693 0.192043 0.536381 0.000941 0.254942
2 2 0.017386 0.182175 0.619735 0.001184 0.179520
2 2 0.007437 0.124815 0.686566 0.000884 0.180298
2 2 0.007894 0.132483 0.692678 0.001744 0.165202
2 2 0.005784 0.115944 0.733319 0.001329 0.143624
2 2 0.032216 0.104293 0.809772 0.013180 0.040538
2 2 0.012442 0.087237 0.832338 0.011417 0.056567
2 0 0.010976 0.108949 0.776138 0.007055 0.096882
2 1 0.117560 0.220156 0.536659 0.004872 0.120753
2 1 0.081439 0.277893 0.514770 0.002263 0.123635
0 0 0.879498 0.079538 0.032798 0.000238 0.007928
0 0 0.922213 0.048641 0.023023 0.000370 0.005752
0 1 0.922457 0.053540 0.018658 0.000089 0.005257
0 1 0.851444 0.093206 0.046140 0.000508 0.008701
0 0 0.817241 0.120786 0.043135 0.000320 0.018517
0 1 0.380163 0.284547 0.183182 0.001153 0.150954
1 1 0.243245 0.339200 0.295344 0.001617 0.120593
2 2 0.188456 0.264729 0.452471 0.003640 0.090704
2 2 0.034267 0.155412 0.722720 0.003877 0.083723
2 2 0.040728 0.199331 0.623317 0.003041 0.133584
2 2 0.102759 0.277202 0.470173 0.002056 0.147810
2 2 0.012565 0.094513 0.824242 0.006550 0.062130
2 2 0.038408 0.194322 0.627107 0.004303 0.135861
2 2 0.063227 0.247648 0.534060 0.002298 0.152767
2 2 0.030912 0.167258 0.675854 0.005658 0.120317
2 2 0.006563 0.092728 0.823683 0.004049 0.072978
2 2 0.004970 0.088840 0.794320 0.004483 0.107387
2 2 0.004533 0.062376 0.878004 0.008735 0.046352
2 2 0.003798 0.068533 0.859962 0.005584 0.062123
2 2 0.012446 0.134065 0.731088 0.003691 0.118711
2 2 0.024349 0.112538 0.792748 0.012730 0.057635
2 2 0.008096 0.060944 0.882022 0.018293 0.030644
2 2 0.008500 0.057505 0.877857 0.020249 0.035889
2 2 0.015308 0.077893 0.851731 0.014566 0.040501
2 2 0.062141 0.159826 0.712901 0.009872 0.055261
2 2 0.018893 0.158528 0.696047 0.002337 0.124196
2 2 0.024567 0.187907 0.656490 0.002272 0.128763
2 2 0.016203 0.158807 0.705055 0.002320 0.117615
2 1 0.006694 0.077148 0.844801 0.006633 0.064723
2 1 0.014294 0.158904 0.661225 0.002005 0.163572
2 2 0.007593 0.089812 0.822901 0.008734 0.070960
2 2 0.012428 0.083805 0.856330 0.007993 0.039444
2 2 0.018567 0.165983 0.612027 0.002697 0.200726
2 2 0.007030 0.068449 0.869250 0.009443 0.045827
2 2 0.005899 0.058545 0.871778 0.016035 0.047743
2 2 0.009093 0.063301 0.859095 0.021616 0.046895
2 2 0.013530 0.086266 0.832879 0.012684 0.054642
2 2 0.009091 0.069251 0.857080 0.026572 0.038005
2 2 0.005773 0.038253 0.890793 0.045953 0.019228
2 2 0.006099 0.058220 0.844401 0.036805 0.054475
2 2 0.003462 0.035362 0.882022 0.045059 0.034095
2 2 0.004696 0.041742 0.874543 0.051060 0.027960
2 2 0.004424 0.044232 0.858431 0.055565 0.037349
2 2 0.002371 0.034303 0.883684 0.045997 0.033645
2 2 0.002771 0.025673 0.829862 0.119229 0.022464
2 2 0.004684 0.038974 0.820417 0.096981 0.038945
2 2 0.007918 0.046648 0.804335 0.106578 0.034521
2 2 0.003387 0.033869 0.814462 0.117653 0.030629
2 2 0.003161 0.021043 0.819602 0.144970 0.011224
2 3 0.003320 0.024275 0.837266 0.119436 0.015703
2 2 0.003548 0.021858 0.737990 0.221868 0.014736
2 2 0.014210 0.072156 0.738830 0.114708 0.060096
2 2 0.009735 0.049324 0.769934 0.127068 0.043938
2 2 0.018015 0.069869 0.776433 0.086412 0.049270
2 2 0.008699 0.042917 0.704836 0.205083 0.038466
2 3 0.004101 0.021735 0.652131 0.306080 0.015953
2 2 0.010348 0.050327 0.638974 0.246860 0.053490
2 2 0.020325 0.080470 0.694890 0.134707 0.069609
2 3 0.008558 0.039577 0.597419 0.316062 0.038384
2 3 0.009478 0.036357 0.646887 0.281339 0.025939
2 3 0.003456 0.015758 0.549719 0.419954 0.011113
2 3 0.009436 0.042846 0.667020 0.245398 0.035299
2 3 0.010911 0.041871 0.608309 0.307535 0.031374
2 3 0.011633 0.052053 0.652986 0.232439 0.050889
2 2 0.003656 0.020529 0.639265 0.322341 0.014208
2 3 0.100560 0.087221 0.682739 0.113504 0.015977
2 2 0.029180 0.041591 0.511888 0.401770 0.015570
2 0 0.217744 0.080849 0.426867 0.261638 0.012903
0 0 0.849911 0.078123 0.062818 0.001535 0.007612
0 0 0.858930 0.050829 0.080297 0.007417 0.002527
0 0 0.953538 0.021618 0.023622 0.000697 0.000525
0 0 0.951253 0.023421 0.024447 0.000436 0.000443
0 0 0.924915 0.025823 0.043528 0.005056 0.000678
0 0 0.927779 0.021916 0.041296 0.008356 0.000653
0 0 0.914442 0.029958 0.049284 0.005486 0.000831
0 0 0.898579 0.050916 0.045095 0.002108 0.003301
0 0 0.935684 0.031353 0.030738 0.001055 0.001169
0 0 0.969901 0.015028 0.014588 0.000216 0.000267
0 0 0.964019 0.017064 0.018035 0.000484 0.000397
0 0 0.956353 0.026679 0.015765 0.000134 0.001069
0 0 0.811183 0.062987 0.106846 0.014994 0.003990
0 0 0.942239 0.024214 0.031419 0.001534 0.000595
0 0 0.937340 0.022277 0.036694 0.003204 0.000485
0 0 0.959866 0.017204 0.021693 0.000872 0.000365
0 0 0.952572 0.022244 0.023814 0.000765 0.000606
