0.628930 0.253134 0.439448 0.230310 0.226481 0.360814 0.248452 0.191876 0.350946 0.371434 0.380052 0.301173 0.282299 
0.859299 0.859619 0.904795 0.918823 0.908416 0.893996 0.924641 0.933282 0.931031 0.931280 0.942407 0.918025 0.707099 0.619500 0.404149 0.935905 0.790098 
0.776629 0.757158 0.710708 0.571566 0.630851 0.687882 0.716689 0.617400 0.550154 0.713655 0.775404 0.760419 0.526664 0.666005 0.756704 
0.715727 0.768740 0.741341 0.821792 0.746450 0.716002 0.749937 0.751502 0.751725 0.766616 0.716865 0.729450 0.710775 
0.752840 0.747128 0.588249 0.568439 0.827314 0.589197 0.604529 0.704720 0.528040 0.610247 0.666152 0.536063 0.788922 0.640581 0.541768 0.656653 
0.725634 0.228995 0.251678 0.171994 0.159046 0.271488 0.375488 0.595509 0.063409 0.102406 0.242983 0.178821 0.090903 0.585093 
0.205992 0.619475 0.126859 0.135899 0.122847 0.334092 0.268838 0.601339 0.135860 0.101036 0.099767 0.213703 0.099575 0.112023 
0.831799 0.743754 0.791587 0.789707 0.757148 0.799123 0.759443 0.806642 0.802805 0.846711 0.625221 0.782669 0.810354 0.819762 0.824539 
0.647791 0.866054 0.812980 0.619849 0.706299 0.908937 0.771955 0.759674 0.834316 0.839498 0.637206 0.885817 0.901438 0.587457 0.873499 
0.555864 0.168747 0.824468 0.743423 0.807006 0.711406 0.711359 0.677013 0.540819 0.599838 0.547026 0.546081 0.556072 0.787299 0.544553 
0.787959 0.794781 0.663010 0.705397 0.843873 0.395489 0.778585 0.845057 0.836088 0.807494 0.845533 0.839183 0.820322 0.580512 0.825645 
0.483127 0.363486 0.893340 0.893376 0.751809 0.688912 0.865422 0.900732 0.851079 0.887763 0.869830 0.885347 0.845555 0.878935 0.914480 
0.712771 0.736261 0.634440 0.756380 0.958055 0.689823 0.700300 0.744474 0.828847 0.939377 0.825971 0.678389 0.810566 
0.865634 0.934858 0.783393 0.512691 0.733688 0.659910 0.720822 0.597030 0.512691 0.797413 0.632685 0.512690 0.513973 
0.687716 0.616227 0.723042 0.515845 0.518444 0.855806 0.514793 0.514793 0.731471 0.522698 0.514854 0.515552 0.514793 0.514807 0.514880 
0.823357 0.688203 0.788561 0.825137 0.641675 0.699247 0.711805 0.687742 0.767766 0.740220 0.744206 0.636156 0.708612 0.817280 
0.812053 0.699223 0.946903 0.822774 0.872303 0.884269 0.885404 0.753870 0.791282 0.861762 0.873997 0.775441 0.812679 0.725906 
0.349694 0.396662 0.572930 0.325443 0.391568 0.358783 0.370770 0.386555 0.304069 0.328570 0.342055 0.338677 0.300282 0.284851 0.337387 
0.327173 0.218979 0.402893 0.233676 0.133447 0.353176 0.182221 0.153270 0.173251 0.403882 0.318024 0.158708 0.445167 0.451527 
0.367556 0.477300 0.488418 0.082608 0.620021 0.662700 0.736570 0.369480 0.197710 0.880940 0.138352 0.399514 0.380404 0.438554 0.716198 0.683723 0.081691 0.358889 
0.939008 0.897382 0.366909 0.929325 0.902943 0.784404 0.901779 0.925906 0.524461 0.544633 0.848990 0.922213 0.470189 0.769669 
0.090257 0.509290 0.018963 0.133428 0.095210 0.023647 0.179912 0.735726 0.203553 0.008661 0.008224 0.031662 0.133042 0.460580 0.760464 
0.902218 0.893252 0.878878 0.876938 0.736634 0.858857 0.804296 0.379136 0.876016 0.698714 0.764239 0.483079 0.792901 0.669393 0.818394 
0.827704 0.528739 0.732225 0.787950 0.833395 0.865053 0.419657 0.591100 0.562328 0.714335 0.875758 0.272238 0.742044 0.526938 0.929633 0.881239 0.666874 0.623669 0.725987 
0.940454 0.924965 0.891043 0.905399 0.585946 0.951056 0.910248 0.935331 0.935108 0.918859 0.923888 0.950025 0.967446 0.941061 0.954787 0.915021 0.913830 0.979806 
0.752547 0.680008 0.679575 0.717179 0.674892 0.679698 0.679742 0.683135 0.660076 0.679780 0.688629 0.679890 0.685340 0.687731 0.684459 0.682334 
0.781798 0.795727 0.932767 0.937545 0.929766 0.893788 0.773720 0.928778 0.484006 0.831269 0.933293 0.910563 0.910314 0.689470 0.932980 0.935889 
0.929511 0.741881 0.945450 0.864758 0.934221 0.889094 0.928339 0.967376 0.958099 0.931201 0.990649 0.952748 0.942111 0.924777 0.920805 0.946050 0.968703 0.938597 0.917761 0.961786 0.853233 
0.921667 0.947268 0.928014 0.951930 0.976635 0.954056 0.966145 0.932103 0.937746 0.938288 0.901129 0.957375 0.945119 0.964974 0.947178 0.968104 0.964227 0.956619 
0.274821 0.454656 0.357840 0.466207 0.386769 0.433020 0.565598 0.405286 0.466471 0.397457 0.442755 0.620658 0.316713 0.410927 0.396367 0.361885 0.558689 0.359255 0.513768 
0.973213 0.954003 0.953493 0.950846 0.889375 0.757737 0.954321 0.777476 0.941047 0.937760 0.948718 0.890370 0.877783 0.939954 0.932527 
0.804796 0.848275 0.854688 0.850402 0.859690 0.849535 0.768622 0.789915 0.875391 0.888973 0.856392 0.854268 0.856579 0.855024 0.842712 0.850491 0.854129 
0.700084 0.971704 0.713817 0.716341 0.717263 0.690612 0.716097 0.843939 0.717033 0.717944 0.716290 0.712760 0.715879 0.715829 0.716348 0.716313 
0.985068 0.743958 0.946192 0.935733 0.878170 0.992425 0.850469 0.923021 0.957083 0.854427 0.935436 0.597912 0.966653 0.896137 0.957098 0.431107 
0.589079 0.645745 0.682481 0.745236 0.738176 0.704968 0.679260 0.742670 0.745857 0.582700 0.724298 0.745970 0.739742 0.657505 0.746687 0.756231 0.746823 0.669424 
0.211214 0.809441 0.085594 0.249044 0.238294 0.310822 0.957340 0.949469 0.957728 0.967956 0.967609 0.940178 0.869441 0.968567 0.964183 0.955036 
0.838225 0.744872 0.818573 0.829043 0.786277 0.772428 0.800064 0.883514 0.834362 0.547533 0.737449 0.804679 0.670822 0.872602 0.768575 0.866023 
0.914185 0.848330 0.917967 0.673685 0.553339 0.876361 0.849874 0.908406 0.921669 0.916926 0.902761 0.901262 0.901017 0.916528 0.574153 0.904048 0.916714 0.901466 0.914047 
0.769334 0.768132 0.772457 0.727306 0.718545 0.776071 0.755486 0.593326 0.772645 0.772381 0.559171 0.772678 0.772670 0.772667 0.705930 0.555808 0.772327 0.547272 0.570754 0.581151 0.771837 
0.195402 0.664950 0.702466 0.442750 0.906276 0.879433 0.834906 0.682571 0.676544 0.725779 0.875516 0.667309 0.545630 0.522784 0.246872 0.838279 
0.702509 0.875683 0.892044 0.688862 0.875812 0.915986 0.817283 0.836706 0.758282 0.706494 0.879400 0.891456 0.724712 0.872639 0.878104 0.875531 0.665189 0.840142 
0.589828 0.678590 0.752442 0.631501 0.554337 0.578444 0.778955 0.748224 0.598883 0.565360 0.615112 0.775257 0.615842 0.559759 0.780481 
0.732780 0.717806 0.747250 0.726869 0.781921 0.693150 0.735794 0.724400 0.762915 0.661427 0.698320 0.749327 0.618332 0.766390 0.750011 0.648775 0.701490 0.703508 0.734267 
0.822525 0.696442 0.701965 0.691532 0.704060 0.677978 0.694393 0.705660 0.691700 0.736688 0.683432 0.690794 0.668259 0.636331 0.702220 0.666961 0.692089 0.690101 0.680402 0.680556 0.708622 
0.852277 0.475519 0.868006 0.685082 0.572851 0.800551 0.602612 0.902573 0.647796 0.900663 0.868563 0.891660 0.849938 0.928973 0.761863 0.902688 0.869127 0.930202 
0.807844 0.919675 0.916020 0.918983 0.916143 0.914996 0.913649 
0.770198 0.732215 0.732781 0.714262 0.738702 0.728145 0.625941 0.676915 0.728495 0.724564 0.749152 0.754892 0.722649 0.680195 0.745305 
0.186435 0.629338 0.835217 0.856908 0.914791 0.920030 0.898679 0.891326 0.892186 0.891952 0.923252 0.889651 0.921695 0.911112 0.866806 0.736932 0.845716 
0.921800 0.918437 0.737859 0.636737 0.644464 0.931817 0.923185 0.735415 0.562752 0.932920 0.834757 0.700681 0.878768 0.565114 0.854362 0.917011 0.468784 
0.608603 0.849343 0.748962 0.756425 0.624277 0.517665 0.688189 0.826161 0.801221 0.516521 0.810201 0.583644 0.525263 0.768214 0.671323 0.546787 0.784960 0.814813 0.736297 0.826050 
0.827730 0.834473 0.841847 0.832601 0.833255 0.846650 0.857090 0.832127 0.849951 0.835950 0.839930 0.811750 0.828780 0.673630 0.834220 0.829753 0.803456 0.828073 
0.301940 0.620438 0.441969 0.391633 0.614057 0.569172 0.820497 0.774767 0.936287 0.962525 0.891072 0.607426 0.850109 0.667827 0.941826 0.956643 0.945868 
0.794087 0.801671 0.837881 0.817729 0.835469 0.566983 0.601848 0.815693 0.810831 0.835151 0.843470 0.983957 0.836745 0.842879 0.777817 0.941393 
0.792819 0.936768 0.778857 0.826342 0.999822 0.829453 0.640091 0.816493 0.815709 0.793150 0.837218 0.758677 0.775553 0.751082 0.822997 0.613445 0.830390 
0.763264 0.896930 0.985033 0.819161 0.765971 0.717581 0.732168 0.790524 0.857687 0.740525 0.875939 0.938505 0.817165 0.844043 0.907090 0.569688 0.944704 0.925729 0.873115 0.836668 0.871126 
0.932139 0.886333 0.936067 0.936222 0.935973 0.936142 0.937042 0.936015 0.884878 0.931829 0.936089 0.936086 0.929822 0.936054 0.927733 0.936105 0.935938 
0.789100 0.784388 0.901048 0.942189 0.927623 0.834313 0.922253 0.797902 0.889690 0.885071 0.913578 0.870908 0.940347 0.906888 0.876933 0.754253 0.694676 
0.784527 0.867454 0.229641 0.174726 0.349677 0.413412 0.723577 0.860757 0.893111 0.899153 0.639059 0.935741 0.924130 0.884004 0.935110 0.940658 0.796661 0.696166 
0.898104 0.894841 0.661776 0.896671 0.896567 0.888719 0.897323 0.896031 0.896843 0.771218 0.891672 0.892940 0.896425 0.783277 0.894253 0.896426 0.731402 
0.926481 0.940139 0.922543 0.858802 0.934084 0.926642 0.941882 0.934490 0.938376 0.939485 0.922119 0.947564 0.949760 0.953989 0.924035 0.906248 0.946444 0.939257 
0.788666 0.703525 0.754353 0.655831 0.759557 0.723393 0.767635 0.732684 0.754838 0.742068 0.735748 0.731178 0.726744 0.755197 0.781071 0.810117 0.751866 0.691874 
0.543288 0.487166 0.603350 0.563419 0.933995 0.890106 0.923160 0.863316 0.934660 0.911947 0.939559 0.938280 0.941802 0.794976 0.934134 0.938817 0.609438 0.933898 0.922605 0.939879 
0.244365 0.423528 0.295979 0.252576 0.315120 0.198854 0.212745 0.424179 0.799829 0.251057 0.276519 0.302588 0.203566 0.336824 0.391311 0.280643 0.212622 
0.907777 0.436055 0.312808 0.252784 0.706349 0.269953 0.292001 0.712408 0.467867 0.401874 0.324218 0.231570 0.445584 0.533178 0.199227 0.114848 0.087366 0.171087 0.426301 0.116170 
0.358426 0.232573 0.473618 0.832126 0.376335 0.291121 0.572960 0.710301 0.566651 0.871852 0.912193 0.586098 0.901564 0.925718 0.927889 0.966502 0.981346 0.898573 
0.802057 0.728622 0.641844 0.839991 0.845986 0.649232 0.823739 0.858955 0.688781 0.921688 0.646702 0.809757 0.932223 0.744138 
0.017037 0.026829 0.065734 0.026203 0.061569 0.065494 0.027670 0.081902 0.018044 0.024795 0.036087 0.018872 0.053596 0.099087 0.116956 0.057697 0.065845 
0.792738 0.871239 0.871583 0.856447 0.866025 0.869227 0.870085 0.702138 0.696579 0.839657 0.863762 0.876924 0.830177 0.874032 0.815331 0.872809 0.875152 0.868205 
0.774023 0.836893 0.683046 0.540754 0.760548 0.984223 0.809715 0.840244 0.843950 0.661536 0.595767 0.702232 0.810606 0.693361 0.532410 0.703713 0.736905 0.716384 
0.597489 0.141956 0.864317 0.814222 0.800915 0.665883 0.685348 0.865880 0.825639 0.847916 0.493694 0.825408 0.822932 0.391217 0.610140 0.821488 
0.743485 0.453493 0.658251 0.516959 0.486575 0.550677 0.465044 0.723208 0.920636 0.845129 0.789642 0.543467 0.564857 0.497504 0.921671 0.927473 0.541491 0.890546 
0.983353 0.853680 0.950533 0.940634 0.922512 0.857361 0.567947 0.914686 0.973009 0.973226 0.895878 0.988182 0.769912 0.903541 0.899963 0.921029 0.984713 0.962915 
0.127805 0.649574 0.093127 0.118094 0.025748 0.369928 0.892389 0.245593 0.112596 0.742275 0.357840 0.316177 0.186819 0.305521 0.161671 0.296873 0.406648 0.247542 
0.961022 0.961025 0.956642 0.962144 0.959876 0.958565 0.963669 0.961356 0.958624 0.961133 0.960979 0.961270 0.960907 0.961515 0.961852 0.960701 0.961938 0.960774 
0.943021 0.835777 0.929347 0.934413 0.927455 0.959105 0.942887 0.926305 0.845091 0.943980 0.949083 0.902482 0.928648 0.871193 0.894463 0.938874 0.932180 0.924211 0.911657 
0.535258 0.534688 0.534855 0.597729 0.534596 0.534855 0.535375 0.536307 0.534729 0.541281 0.534714 0.534855 0.534495 0.534579 0.534839 0.551853 0.534855 
0.497951 0.530099 0.534262 0.501973 0.912917 0.901753 0.891814 0.876390 0.902589 0.893475 0.912121 0.904521 0.788298 0.864392 0.909450 0.915394 0.896783 0.901269 
0.681422 0.680607 0.673184 0.681230 0.679819 0.682213 0.659457 0.633734 0.682920 0.682084 0.681046 0.684568 0.682971 0.679234 0.688472 0.680021 0.681927 0.681443 0.677031 0.680093 0.678776 
