0 0 0.740145 0.063959 0.032203 0.087673 0.076020
0 0 0.892851 0.025386 0.009554 0.042129 0.030080
0 0 0.964181 0.007871 0.002051 0.018335 0.007561
0 0 0.965700 0.007561 0.001982 0.016841 0.007916
0 0 0.975579 0.005117 0.001162 0.013744 0.004398
0 0 0.977298 0.004683 0.001029 0.013155 0.003834
0 0 0.981429 0.003668 0.000740 0.011464 0.002699
0 0 0.982711 0.003467 0.000702 0.010302 0.002818
0 0 0.988108 0.002300 0.000419 0.007280 0.001894
0 0 0.991692 0.001533 0.000249 0.005301 0.001225
0 0 0.992860 0.001295 0.000201 0.004611 0.001033
0 0 0.992907 0.001257 0.000191 0.004719 0.000926
0 0 0.991284 0.001610 0.000265 0.005576 0.001265
0 0 0.989744 0.001979 0.000351 0.006192 0.001734
0 0 0.988277 0.002297 0.000424 0.006977 0.002026
0 0 0.984355 0.003153 0.000632 0.009089 0.002771
0 0 0.975902 0.005089 0.001168 0.013192 0.004648
0 0 0.964162 0.007692 0.001924 0.020048 0.006175
0 0 0.942953 0.012442 0.003447 0.032543 0.008615
0 0 0.844769 0.036110 0.013232 0.084163 0.021726
0 0 0.665428 0.083922 0.041589 0.153404 0.055657
0 0 0.368080 0.164882 0.118226 0.216032 0.132780
2 1 0.155755 0.233477 0.293195 0.139220 0.178353
2 1 0.065208 0.219395 0.486178 0.047857 0.181362
2 1 0.053658 0.219520 0.546960 0.040911 0.138950
2 1 0.041256 0.189564 0.601556 0.039996 0.127629
2 1 0.048589 0.200610 0.553052 0.035958 0.161790
2 4 0.064866 0.190890 0.423264 0.036196 0.284784
4 4 0.083544 0.156277 0.266392 0.041549 0.452238
4 4 0.097268 0.122327 0.162307 0.046517 0.571581
4 4 0.099209 0.115484 0.152837 0.042148 0.590321
4 1 0.106327 0.119830 0.155197 0.045790 0.572857
4 1 0.104762 0.131809 0.170365 0.054336 0.538728
4 1 0.113524 0.149969 0.192468 0.066441 0.477599
4 1 0.102357 0.172175 0.257018 0.061605 0.406846
4 1 0.092856 0.172159 0.279191 0.052841 0.402953
4 4 0.090306 0.144862 0.223410 0.044662 0.496760
4 4 0.096246 0.115772 0.154519 0.042034 0.591428
4 4 0.139448 0.102337 0.123242 0.037279 0.597694
4 1 0.156295 0.097844 0.113982 0.035696 0.596183
4 1 0.151320 0.097489 0.114699 0.035131 0.601360
4 1 0.133964 0.106784 0.129963 0.039678 0.589611
4 1 0.127537 0.123159 0.151040 0.050467 0.547797
4 1 0.109724 0.138090 0.175427 0.060038 0.516721
4 1 0.096813 0.175321 0.276344 0.057303 0.394219
2 1 0.064731 0.202285 0.452019 0.039853 0.241111
2 1 0.051663 0.219084 0.557645 0.039689 0.131919
2 1 0.021692 0.133336 0.716143 0.035075 0.093754
2 1 0.011056 0.083000 0.795454 0.035985 0.074505
2 1 0.007555 0.060275 0.823043 0.042221 0.066906
2 1 0.005897 0.047606 0.832413 0.050841 0.063244
2 1 0.005371 0.042277 0.829347 0.059975 0.063030
2 2 0.005275 0.040487 0.824424 0.066059 0.063755
2 2 0.005395 0.040463 0.819379 0.069792 0.064971
2 2 0.005596 0.041074 0.814505 0.072479 0.066345
2 2 0.005792 0.041739 0.810310 0.074589 0.067571
2 2 0.006227 0.042264 0.794267 0.086311 0.070931
2 2 0.006397 0.039390 0.758286 0.121565 0.074363
2 2 0.006106 0.033124 0.687437 0.197973 0.075361
2 2 0.005480 0.026166 0.581472 0.315472 0.071409
3 2 0.005434 0.021122 0.422379 0.485645 0.065420
3 2 0.005021 0.017552 0.317763 0.603706 0.055958
3 3 0.004861 0.014195 0.229752 0.706253 0.044940
3 3 0.004810 0.011413 0.167036 0.781067 0.035674
3 3 0.005436 0.010330 0.127108 0.826413 0.030714
3 3 0.006332 0.009992 0.104000 0.851547 0.028129
3 3 0.007034 0.009868 0.092538 0.863754 0.026806
3 3 0.007329 0.009877 0.090149 0.866105 0.026541
3 3 0.007981 0.009923 0.085562 0.870472 0.026063
3 3 0.008728 0.010129 0.081562 0.873666 0.025916
3 3 0.008829 0.009271 0.071414 0.887015 0.023471
3 3 0.008455 0.008248 0.063135 0.899184 0.020977
3 3 0.007829 0.007319 0.057337 0.908617 0.018899
3 3 0.007516 0.007181 0.058174 0.908349 0.018780
3 3 0.008076 0.007677 0.060668 0.903792 0.019787
3 3 0.008172 0.007762 0.061049 0.903061 0.019956
3 3 0.007571 0.007090 0.057085 0.909753 0.018501
3 3 0.006696 0.006198 0.051973 0.918560 0.016573
3 3 0.006129 0.005630 0.048091 0.924868 0.015282
3 3 0.006114 0.005583 0.047242 0.925936 0.015125
3 3 0.006157 0.005660 0.047802 0.925069 0.015312
3 3 0.006802 0.006225 0.050943 0.919509 0.016520
3 3 0.008269 0.007453 0.056306 0.909011 0.018961
3 3 0.009954 0.008480 0.057991 0.902961 0.020614
3 3 0.010782 0.008757 0.056381 0.903286 0.020793
3 3 0.009950 0.007918 0.051877 0.911190 0.019065
3 3 0.009184 0.007398 0.050335 0.914937 0.018146
3 3 0.007797 0.006530 0.048368 0.920645 0.016661
3 3 0.006384 0.005532 0.045124 0.928173 0.014786
3 3 0.004422 0.003982 0.037854 0.942219 0.011523
3 3 0.003613 0.003297 0.033964 0.949171 0.009955
3 3 0.003580 0.003329 0.034571 0.948440 0.010080
3 3 0.004672 0.004432 0.042108 0.936053 0.012736
3 3 0.006269 0.006046 0.051670 0.919652 0.016363
3 3 0.007549 0.007403 0.058952 0.906831 0.019266
3 3 0.007149 0.007074 0.057177 0.910006 0.018594
3 3 0.006405 0.006434 0.054684 0.915138 0.017340
3 3 0.006204 0.006222 0.053753 0.916922 0.016899
3 3 0.006710 0.006535 0.054432 0.914889 0.017435
3 3 0.007151 0.006677 0.053727 0.914905 0.017540
3 3 0.007032 0.006392 0.051547 0.918190 0.016838
3 3 0.007007 0.006097 0.048524 0.922348 0.016023
3 3 0.006792 0.005640 0.044669 0.928034 0.014864
3 3 0.006161 0.004917 0.039893 0.935845 0.013185
3 3 0.005302 0.004256 0.036684 0.941973 0.011785
3 3 0.004360 0.003612 0.033807 0.947789 0.010432
3 3 0.003851 0.003295 0.032454 0.950626 0.009773
3 3 0.003577 0.003061 0.030793 0.953365 0.009204
3 3 0.003728 0.003144 0.030840 0.952936 0.009352
3 3 0.004000 0.003246 0.030681 0.952581 0.009493
3 3 0.004412 0.003487 0.031697 0.950414 0.009991
3 3 0.004743 0.003605 0.031802 0.949679 0.010171
3 3 0.005241 0.003904 0.033268 0.946789 0.010798
3 3 0.005076 0.003782 0.032803 0.947795 0.010544
3 3 0.004250 0.003296 0.030957 0.951939 0.009559
3 3 0.003249 0.002624 0.027528 0.958540 0.008059
3 3 0.002714 0.002274 0.025564 0.962202 0.007247
3 3 0.002723 0.002333 0.026257 0.961253 0.007434
3 3 0.003122 0.002705 0.029185 0.956587 0.008401
3 3 0.003717 0.003123 0.031557 0.952243 0.009359
3 3 0.004110 0.003390 0.032990 0.949559 0.009951
3 3 0.004678 0.003790 0.035143 0.945554 0.010835
3 3 0.005672 0.004517 0.038686 0.938735 0.012390
3 3 0.006515 0.005084 0.040959 0.933918 0.013524
3 3 0.006730 0.005227 0.041192 0.933072 0.013779
3 3 0.006524 0.005023 0.039744 0.935404 0.013304
3 3 0.006117 0.004629 0.036999 0.939870 0.012384
3 3 0.005456 0.004085 0.034021 0.945254 0.011184
3 3 0.004572 0.003519 0.031931 0.949941 0.010036
3 3 0.004423 0.003455 0.032332 0.949824 0.009966
3 3 0.004606 0.003653 0.033928 0.947345 0.010467
3 3 0.004431 0.003626 0.034530 0.946916 0.010498
3 3 0.004306 0.003589 0.034615 0.947034 0.010456
3 3 0.004489 0.003757 0.035343 0.945583 0.010828
3 3 0.005882 0.004779 0.039439 0.936963 0.012937
3 3 0.007264 0.005563 0.040678 0.932218 0.014277
3 3 0.007505 0.005502 0.038802 0.934243 0.013948
3 3 0.005564 0.004182 0.033550 0.945382 0.011321
3 3 0.004076 0.003202 0.029765 0.953652 0.009306
3 3 0.003228 0.002666 0.027867 0.958054 0.008185
3 3 0.003059 0.002581 0.028103 0.958205 0.008053
3 3 0.003111 0.002657 0.029161 0.956780 0.008290
3 3 0.003611 0.003042 0.031649 0.952487 0.009211
3 3 0.004406 0.003666 0.035166 0.946124 0.010639
3 3 0.005541 0.004526 0.039386 0.938053 0.012495
3 3 0.006398 0.005284 0.043175 0.931014 0.014129
3 3 0.006710 0.005617 0.044720 0.928113 0.014841
3 3 0.006634 0.005639 0.044801 0.928014 0.014912
3 3 0.006351 0.005341 0.042676 0.931417 0.014215
3 3 0.006294 0.005111 0.040392 0.934619 0.013584
3 3 0.006500 0.005207 0.041051 0.933462 0.013781
3 3 0.009510 0.007489 0.051654 0.912992 0.018355
3 3 0.016373 0.013239 0.074247 0.867239 0.028902
3 3 0.031934 0.026835 0.112261 0.778879 0.050091
3 3 0.036288 0.038751 0.159605 0.695156 0.070200
3 2 0.037069 0.048503 0.210983 0.615752 0.087693
3 2 0.033164 0.054704 0.264777 0.545899 0.101455
3 2 0.026694 0.056071 0.313256 0.494829 0.109151
2 2 0.013432 0.042917 0.429630 0.418885 0.095138
2 2 0.009820 0.034119 0.438937 0.432832 0.084291
3 2 0.007958 0.028341 0.424548 0.462364 0.076789
2 2 0.007537 0.029528 0.479772 0.405858 0.077305
2 2 0.007685 0.033875 0.566300 0.311697 0.080442
2 2 0.007679 0.039344 0.669627 0.202006 0.081343
2 2 0.007592 0.043861 0.736238 0.132863 0.079445
2 2 0.007083 0.045969 0.780678 0.091625 0.074645
2 2 0.006840 0.047661 0.802020 0.071999 0.071480
2 2 0.006740 0.047801 0.805990 0.068952 0.070517
2 2 0.006863 0.047536 0.800624 0.073187 0.071790
2 2 0.007110 0.046740 0.786989 0.084724 0.074438
2 2 0.007168 0.046260 0.780411 0.090987 0.075174
2 2 0.007954 0.050168 0.773914 0.090103 0.077861
2 2 0.009561 0.061197 0.778404 0.070249 0.080590
2 2 0.012353 0.079190 0.768962 0.055050 0.084445
2 0 0.015805 0.100606 0.751444 0.043996 0.088149
2 0 0.018692 0.114668 0.732465 0.041749 0.092427
2 2 0.017985 0.111676 0.737368 0.041755 0.091216
2 2 0.017577 0.107502 0.737938 0.045072 0.091911
2 2 0.013704 0.090581 0.766734 0.044833 0.084147
2 2 0.025482 0.129463 0.680131 0.056126 0.108797
2 2 0.019558 0.105681 0.710897 0.062901 0.100963
2 2 0.008836 0.055478 0.774365 0.081251 0.080072
2 2 0.007592 0.052356 0.798534 0.067979 0.073539
2 2 0.005930 0.045020 0.821317 0.061895 0.065837
2 2 0.005684 0.043528 0.823468 0.062426 0.064893
2 2 0.005403 0.042268 0.828122 0.060860 0.063348
2 2 0.005338 0.040840 0.823691 0.066082 0.064050
2 2 0.005532 0.040061 0.811362 0.076353 0.066692
2 2 0.006295 0.041959 0.789306 0.090640 0.071800
2 2 0.008141 0.051201 0.774626 0.087510 0.078522
2 2 0.014694 0.081400 0.734007 0.074701 0.095198
2 2 0.042454 0.161218 0.580530 0.079570 0.136229
2 2 0.104938 0.240677 0.400064 0.090181 0.164139
2 1 0.104405 0.240622 0.404791 0.087926 0.162255
2 1 0.083199 0.238230 0.446273 0.074411 0.157888
2 1 0.072115 0.234739 0.480091 0.063270 0.149785
2 1 0.063928 0.230433 0.510745 0.053935 0.140958
2 1 0.034603 0.162771 0.634523 0.050668 0.117435
2 1 0.017595 0.103249 0.732853 0.051776 0.094527
2 1 0.010787 0.072295 0.782656 0.054124 0.080138
2 2 0.008079 0.058295 0.805695 0.055520 0.072411
2 2 0.006722 0.051264 0.820025 0.054609 0.067381
2 2 0.006500 0.050373 0.823500 0.053383 0.066244
2 2 0.006387 0.050771 0.828079 0.049837 0.064926
2 2 0.006453 0.052046 0.829996 0.047057 0.064447
2 2 0.006342 0.051414 0.831263 0.046977 0.064004
2 2 0.006141 0.048921 0.829359 0.051255 0.064325
2 2 0.005855 0.045767 0.826991 0.056912 0.064475
2 2 0.005677 0.043654 0.824295 0.061663 0.064711
2 2 0.006354 0.046220 0.811941 0.066906 0.068579
2 2 0.006669 0.047059 0.804984 0.070718 0.070570
2 2 0.006841 0.047468 0.800927 0.073114 0.071650
2 2 0.007390 0.049836 0.792526 0.076288 0.073960
2 2 0.010032 0.065298 0.780395 0.063735 0.080539
2 2 0.028084 0.124622 0.650757 0.077463 0.119074
2 1 0.195366 0.219999 0.281107 0.142348 0.161180
0 1 0.412046 0.151438 0.106673 0.184901 0.144941
0 1 0.425663 0.148064 0.102513 0.184099 0.139661
0 1 0.414952 0.152176 0.104025 0.203448 0.125398
2 1 0.213053 0.216369 0.220938 0.176415 0.173226
2 1 0.098058 0.240385 0.393152 0.095914 0.172492
2 1 0.055138 0.224079 0.545927 0.044427 0.130429
2 1 0.030164 0.156332 0.661644 0.043016 0.108844
2 1 0.010630 0.076429 0.793258 0.043387 0.076296
2 2 0.008426 0.063310 0.810492 0.046684 0.071089
2 2 0.007044 0.054334 0.820685 0.050423 0.067515
2 2 0.006531 0.049632 0.820024 0.056678 0.067136
2 2 0.006846 0.049785 0.810936 0.062751 0.069682
2 2 0.008050 0.054838 0.794985 0.067139 0.074987
2 2 0.010415 0.068085 0.779902 0.060704 0.080894
2 2 0.020810 0.112911 0.708192 0.056310 0.101777
2 1 0.079814 0.229227 0.440383 0.065767 0.184809
2 1 0.073326 0.227471 0.463807 0.058889 0.176506
2 1 0.063066 0.228366 0.511839 0.051900 0.144830
2 1 0.047406 0.216699 0.579245 0.036512 0.120138
2 1 0.023305 0.134710 0.703264 0.040035 0.098686
2 1 0.008005 0.060293 0.812851 0.048557 0.070293
2 2 0.006576 0.048057 0.812500 0.063979 0.068888
2 2 0.006681 0.045742 0.797289 0.078514 0.071774
2 2 0.007135 0.047463 0.789502 0.081924 0.073976
2 2 0.007535 0.050221 0.791021 0.076324 0.074898
2 2 0.007363 0.050020 0.795689 0.073218 0.073711
2 2 0.006971 0.047834 0.797589 0.075245 0.072361
2 2 0.006676 0.047201 0.805407 0.070213 0.070503
2 2 0.006430 0.047657 0.815583 0.062353 0.067977
2 2 0.006052 0.047224 0.826125 0.055604 0.064995
2 2 0.005929 0.047122 0.829678 0.053305 0.063967
2 2 0.006028 0.047239 0.826945 0.055022 0.064766
2 2 0.006638 0.048519 0.812410 0.063417 0.069016
2 2 0.007116 0.047865 0.792385 0.079152 0.073482
2 2 0.007125 0.044693 0.768701 0.103606 0.075875
2 2 0.007595 0.045103 0.748765 0.119773 0.078763
2 2 0.011182 0.060008 0.722505 0.115680 0.090625
2 2 0.035002 0.121831 0.615242 0.102758 0.125167
0 0 0.309266 0.189756 0.200962 0.165665 0.134351
0 0 0.661190 0.085927 0.045583 0.129876 0.077424
0 0 0.798469 0.049696 0.021573 0.087298 0.042965
0 0 0.844874 0.037563 0.014828 0.071408 0.031327
0 0 0.869274 0.031424 0.011932 0.059054 0.028317
0 0 0.896821 0.024460 0.008694 0.047115 0.022910
0 0 0.918054 0.019081 0.006269 0.039405 0.017191
0 0 0.920686 0.018496 0.006104 0.036890 0.017825
0 0 0.910122 0.021151 0.007282 0.040599 0.020845
0 0 0.913962 0.020200 0.006891 0.038638 0.020309
0 0 0.883173 0.027875 0.010684 0.046711 0.031557
0 0 0.827555 0.041363 0.018367 0.059001 0.053714
0 0 0.601907 0.099040 0.059144 0.120807 0.119102
0 1 0.399637 0.155837 0.109415 0.199511 0.135600
2 1 0.169927 0.229912 0.273349 0.148948 0.177865
2 1 0.083972 0.238677 0.438653 0.077606 0.161092
2 1 0.048196 0.217541 0.575722 0.037302 0.121239
2 1 0.024231 0.145445 0.700545 0.033485 0.096295
2 1 0.017827 0.117412 0.743052 0.034355 0.087355
2 1 0.014442 0.100840 0.767981 0.035160 0.081577
2 1 0.012608 0.091166 0.782301 0.035867 0.078058
2 1 0.011669 0.084931 0.788672 0.037932 0.076796
2 1 0.010137 0.074478 0.798595 0.042215 0.074574
2 1 0.008747 0.063920 0.804954 0.049470 0.072909
2 2 0.007333 0.053890 0.811498 0.057065 0.070214
2 2 0.006692 0.048670 0.811284 0.064005 0.069350
2 2 0.006129 0.045729 0.817500 0.063627 0.067015
2 2 0.006031 0.046395 0.823614 0.058428 0.065532
2 2 0.006099 0.048625 0.829622 0.051446 0.064207
2 2 0.006306 0.050994 0.831054 0.047611 0.064035
2 2 0.006436 0.052784 0.832500 0.044585 0.063695
2 2 0.006995 0.056658 0.827989 0.043085 0.065272
2 2 0.007429 0.058851 0.822781 0.043924 0.067015
2 2 0.007362 0.057289 0.820614 0.047031 0.067704
2 2 0.006983 0.053579 0.820084 0.051723 0.067631
2 2 0.006770 0.051153 0.818253 0.055945 0.067879
2 2 0.006613 0.049639 0.817550 0.058365 0.067834
2 2 0.008316 0.059356 0.802971 0.056035 0.073322
2 2 0.018931 0.107035 0.721899 0.054288 0.097847
2 0 0.215022 0.227741 0.276151 0.128135 0.152951
0 0 0.389600 0.166115 0.123833 0.195521 0.124931
2 0 0.230806 0.220311 0.241355 0.149578 0.157950
2 1 0.107276 0.240648 0.406036 0.086424 0.159616
2 1 0.059535 0.227502 0.528007 0.049116 0.135840
2 1 0.034685 0.171944 0.638090 0.042129 0.113151
2 1 0.010037 0.071780 0.795674 0.046691 0.075818
2 2 0.006938 0.052756 0.818762 0.053604 0.067941
2 2 0.006733 0.051161 0.819354 0.055190 0.067562
2 2 0.006606 0.051198 0.823141 0.052599 0.066456
2 2 0.006135 0.049131 0.830234 0.050409 0.064091
2 2 0.005832 0.047910 0.835418 0.048452 0.062388
2 2 0.006015 0.049731 0.835599 0.046140 0.062516
2 2 0.006131 0.051095 0.836220 0.044141 0.062414
2 2 0.005934 0.050308 0.839542 0.042914 0.061302
2 2 0.005942 0.049447 0.836872 0.045644 0.062094
2 2 0.006223 0.049106 0.827509 0.052267 0.064895
2 2 0.007554 0.053889 0.805393 0.061209 0.071956
2 2 0.012652 0.079954 0.765429 0.056391 0.085574
2 2 0.134139 0.222880 0.386808 0.103932 0.152241
0 0 0.457831 0.144763 0.096693 0.193986 0.106727
0 0 0.381668 0.171502 0.133360 0.187377 0.126093
0 0 0.254095 0.214756 0.225193 0.153391 0.152565
2 0 0.150394 0.238454 0.339777 0.109324 0.162051
2 0 0.079187 0.236700 0.464464 0.067727 0.151923
2 0 0.048739 0.218107 0.573319 0.037846 0.121989
2 1 0.022005 0.132519 0.713101 0.037076 0.095299
2 1 0.012188 0.085415 0.781669 0.041342 0.079386
2 2 0.009630 0.067800 0.795354 0.051173 0.076043
2 2 0.007565 0.056598 0.813682 0.052310 0.069845
2 2 0.006176 0.049465 0.830086 0.050097 0.064176
2 2 0.005654 0.046427 0.836016 0.049888 0.062015
2 2 0.005457 0.044971 0.837299 0.050857 0.061416
2 2 0.005874 0.047363 0.832268 0.051242 0.063252
2 2 0.006884 0.053124 0.821400 0.051404 0.067189
2 2 0.007287 0.056795 0.821180 0.047233 0.067504
2 2 0.006889 0.055740 0.828387 0.043854 0.065130
2 2 0.006570 0.053150 0.829923 0.045818 0.064540
2 2 0.006445 0.049303 0.821429 0.056141 0.066682
2 2 0.006616 0.046095 0.800410 0.076054 0.070826
2 2 0.006724 0.042814 0.768937 0.107540 0.073986
2 2 0.006708 0.041232 0.755736 0.121289 0.075035
2 2 0.006148 0.039666 0.774082 0.107946 0.072159
2 2 0.005612 0.038551 0.794358 0.092857 0.068622
2 2 0.005439 0.038472 0.802210 0.086810 0.067069
2 2 0.005449 0.038569 0.801306 0.087677 0.067000
2 2 0.007051 0.048752 0.798984 0.073022 0.072192
2 2 0.014203 0.086196 0.752537 0.057537 0.089526
2 0 0.131960 0.240381 0.379237 0.092701 0.155721
0 0 0.289633 0.206772 0.206648 0.153989 0.142958
0 0 0.416983 0.159885 0.116652 0.189440 0.117041
0 0 0.441638 0.145341 0.095329 0.206145 0.111548
2 0 0.171982 0.234725 0.307617 0.122500 0.163175
2 0 0.063795 0.230351 0.511259 0.053788 0.140807
2 1 0.036103 0.178199 0.631459 0.040596 0.113643
2 2 0.012036 0.079392 0.774685 0.051358 0.082529
2 2 0.005814 0.043703 0.819510 0.065014 0.065959
2 2 0.005380 0.040047 0.816648 0.072775 0.065149
2 2 0.005444 0.040943 0.819956 0.068659 0.064997
2 2 0.005673 0.041759 0.814503 0.071685 0.066381
2 2 0.005696 0.040417 0.802182 0.084114 0.067591
2 2 0.005701 0.038608 0.785536 0.101145 0.069010
2 2 0.005733 0.037903 0.776637 0.109918 0.069808
2 2 0.005727 0.038235 0.781963 0.104442 0.069633
2 2 0.006146 0.040968 0.785019 0.096802 0.071065
2 2 0.006518 0.044650 0.797554 0.079901 0.071377
2 2 0.011555 0.069055 0.755390 0.077255 0.086745
2 2 0.018387 0.103630 0.723771 0.056559 0.097654
2 2 0.007635 0.050220 0.787902 0.078554 0.075688
2 2 0.006588 0.045814 0.801775 0.074838 0.070985
2 2 0.005860 0.041813 0.807993 0.076197 0.068137
2 2 0.006423 0.041706 0.779583 0.099365 0.072923
2 2 0.006839 0.041563 0.754417 0.121210 0.075971
2 2 0.007305 0.042999 0.742804 0.128757 0.078135
2 2 0.007517 0.046567 0.765861 0.102711 0.077344
2 2 0.007429 0.048650 0.785360 0.083280 0.075281
2 2 0.008009 0.055300 0.797822 0.064574 0.074295
2 2 0.013743 0.088605 0.763428 0.048618 0.085606
0 2 0.313145 0.202356 0.206468 0.144948 0.133082
0 0 0.672186 0.082682 0.041461 0.143479 0.060191
0 0 0.721586 0.069480 0.032691 0.125582 0.050661
0 0 0.755144 0.059554 0.025793 0.122360 0.037150
0 0 0.713458 0.070782 0.032707 0.137804 0.045248
0 0 0.678974 0.080208 0.038998 0.149156 0.052664
0 0 0.621418 0.096016 0.050483 0.166393 0.065689
0 0 0.716133 0.070826 0.033422 0.129029 0.050588
0 0 0.718521 0.070589 0.033880 0.121560 0.055450
0 0 0.570934 0.110170 0.062721 0.172109 0.084066
0 0 0.470518 0.137411 0.086978 0.201454 0.103639
0 0 0.295525 0.194112 0.169164 0.190512 0.150687
2 0 0.182635 0.230396 0.279054 0.139245 0.168670
2 0 0.101709 0.240485 0.409475 0.086385 0.161946
2 0 0.127419 0.240221 0.363003 0.103292 0.166065
2 0 0.112388 0.240760 0.384947 0.095860 0.166045
2 0 0.120260 0.231991 0.349396 0.098753 0.199600
4 0 0.166992 0.200614 0.243711 0.108147 0.280536
4 0 0.250783 0.160479 0.151302 0.113666 0.323770
4 0 0.231345 0.142779 0.142250 0.083439 0.400187
4 0 0.203834 0.123493 0.130715 0.059225 0.482733
4 0 0.255147 0.122523 0.119914 0.064530 0.437885
4 0 0.293532 0.125646 0.116147 0.073324 0.391351
4 0 0.298584 0.125868 0.115515 0.074379 0.385655
4 0 0.293004 0.125907 0.116444 0.073550 0.391095
4 0 0.330445 0.124462 0.109521 0.077935 0.357638
0 0 0.367752 0.118776 0.100113 0.077025 0.336333
0 0 0.437122 0.105339 0.082552 0.070985 0.304002
0 0 0.568181 0.093022 0.061936 0.080980 0.195881
0 0 0.554237 0.105670 0.068877 0.108125 0.163091
0 0 0.486165 0.128441 0.086723 0.144953 0.153719
0 0 0.436490 0.145392 0.099242 0.183732 0.135144
0 0 0.423371 0.150165 0.100590 0.209194 0.116680
0 0 0.415953 0.153936 0.106381 0.202518 0.121212
0 0 0.537793 0.119016 0.069484 0.187675 0.086032
0 0 0.638728 0.091256 0.046897 0.161431 0.061688
0 0 0.631237 0.093315 0.048435 0.163602 0.063411
0 0 0.589207 0.104880 0.057466 0.175120 0.073326
0 0 0.509611 0.126742 0.076555 0.193822 0.093269
0 0 0.381804 0.165458 0.121282 0.203596 0.127860
0 0 0.279327 0.202295 0.188555 0.177315 0.152508
0 0 0.266024 0.203211 0.188363 0.184188 0.158213
0 0 0.253344 0.203080 0.185682 0.193488 0.164406
2 0 0.154647 0.230237 0.284447 0.140930 0.189739
2 0 0.129083 0.227403 0.309295 0.117039 0.217180
2 0 0.114147 0.211973 0.306139 0.092954 0.274787
4 0 0.125921 0.180344 0.228149 0.090757 0.374830
4 0 0.112330 0.141390 0.177994 0.063218 0.505068
4 0 0.102959 0.119088 0.155713 0.044926 0.577314
4 0 0.119357 0.099099 0.125039 0.033823 0.622682
4 0 0.186523 0.097760 0.107785 0.037743 0.570189
4 0 0.241671 0.096247 0.097442 0.040589 0.524051
4 0 0.240042 0.093773 0.095235 0.038691 0.532259
4 0 0.273072 0.092014 0.089344 0.039690 0.505880
4 0 0.305720 0.101347 0.093919 0.049934 0.449080
4 1 0.227463 0.122798 0.125235 0.061372 0.463132
4 1 0.157040 0.141549 0.161001 0.069974 0.470437
4 1 0.145448 0.169304 0.191945 0.099368 0.393935
2 1 0.106068 0.202028 0.307826 0.077179 0.306899
2 1 0.068241 0.209413 0.451477 0.045189 0.225680
2 1 0.056677 0.215498 0.522887 0.040389 0.164549
2 1 0.052947 0.217537 0.547673 0.039446 0.142397
2 1 0.044802 0.204989 0.587924 0.037444 0.124841
2 1 0.037642 0.186635 0.623911 0.037176 0.114637
2 1 0.032445 0.171233 0.651745 0.036806 0.107770
2 1 0.030766 0.164510 0.660622 0.037607 0.106495
2 1 0.026869 0.152562 0.683494 0.035985 0.101091
2 1 0.024286 0.143993 0.699635 0.034884 0.097201
2 1 0.021698 0.133515 0.716168 0.034935 0.093684
2 1 0.028517 0.155510 0.672858 0.038576 0.104540
2 1 0.050867 0.216644 0.563596 0.042436 0.126456
2 1 0.059795 0.227688 0.526969 0.049397 0.136150
2 1 0.052591 0.221850 0.556634 0.041773 0.127153
2 1 0.048096 0.217436 0.576167 0.037201 0.121100
2 1 0.027218 0.150965 0.680395 0.038477 0.102944
2 1 0.015044 0.098959 0.759012 0.041405 0.085579
2 1 0.009375 0.070148 0.805030 0.042784 0.072664
2 1 0.008223 0.063560 0.815380 0.043406 0.069431
2 2 0.007687 0.059642 0.818633 0.045642 0.068396
2 2 0.007409 0.056246 0.816669 0.050778 0.068898
2 2 0.007227 0.052351 0.809190 0.060592 0.070640
2 2 0.006855 0.048686 0.806106 0.067640 0.070713
2 2 0.006486 0.046882 0.810418 0.067070 0.069144
2 2 0.006341 0.047592 0.818222 0.060593 0.067252
2 2 0.006445 0.049930 0.823626 0.053853 0.066146
2 2 0.006837 0.054412 0.826316 0.046680 0.065756
2 2 0.007685 0.060976 0.821637 0.042333 0.067369
2 2 0.008580 0.067700 0.815875 0.038866 0.068979
2 2 0.009308 0.072802 0.810479 0.037029 0.070383
2 2 0.009111 0.072705 0.813751 0.035285 0.069148
2 2 0.008565 0.068858 0.818004 0.036511 0.068063
2 2 0.007430 0.060311 0.825905 0.040438 0.065916
2 2 0.006834 0.054945 0.827786 0.045129 0.065306
2 2 0.006694 0.052786 0.825575 0.049065 0.065881
2 2 0.008359 0.062410 0.809917 0.048035 0.071279
2 2 0.014667 0.096246 0.760809 0.042863 0.085415
2 2 0.224327 0.228419 0.289184 0.114803 0.143268
0 0 0.647365 0.088882 0.045151 0.158884 0.059718
0 1 0.697982 0.075006 0.035476 0.142995 0.048540
0 1 0.678541 0.081174 0.040790 0.137516 0.061979
0 0 0.716815 0.070980 0.034006 0.123530 0.054669
0 0 0.679152 0.080159 0.038964 0.149100 0.052625
0 0 0.405181 0.157118 0.109722 0.206405 0.121574
2 0 0.180385 0.232526 0.292958 0.129676 0.164455
2 0 0.096307 0.239764 0.428321 0.078878 0.156731
2 1 0.060175 0.227958 0.525454 0.049810 0.136603
2 2 0.018889 0.119775 0.734164 0.036794 0.090378
2 2 0.009094 0.071139 0.811805 0.037860 0.070102
2 2 0.006791 0.056655 0.832899 0.040047 0.063608
2 2 0.005842 0.050603 0.842855 0.040472 0.060228
2 2 0.005336 0.047542 0.849148 0.039934 0.058040
2 2 0.005248 0.047369 0.851259 0.038788 0.057337
2 2 0.005313 0.047965 0.850920 0.038332 0.057469
2 2 0.005897 0.051961 0.844640 0.037864 0.059637
2 2 0.006322 0.054682 0.839960 0.037827 0.061210
2 2 0.006386 0.054315 0.837565 0.039691 0.062043
2 2 0.005990 0.050551 0.838640 0.043213 0.061606
2 2 0.005514 0.047381 0.843423 0.043814 0.059868
2 2 0.005443 0.047021 0.844490 0.043544 0.059502
2 2 0.005316 0.045401 0.843390 0.046219 0.059674
2 2 0.004908 0.042174 0.845872 0.048588 0.058459
2 2 0.004924 0.041624 0.843170 0.051156 0.059126
2 2 0.005522 0.043663 0.829906 0.057686 0.063223
2 2 0.006004 0.043967 0.813337 0.069258 0.067435
2 2 0.006153 0.043216 0.801940 0.079351 0.069340
2 2 0.006043 0.042746 0.804174 0.078221 0.068816
2 2 0.006061 0.041806 0.795381 0.087105 0.069647
2 2 0.006355 0.040732 0.766124 0.114355 0.072435
2 2 0.008345 0.046099 0.711462 0.152284 0.081810
2 3 0.009779 0.051584 0.695925 0.156274 0.086439
2 2 0.008937 0.048367 0.703942 0.155014 0.083741
2 2 0.007461 0.039539 0.684154 0.188856 0.079989
2 2 0.006207 0.033584 0.680679 0.204344 0.075185
2 2 0.006787 0.034521 0.651271 0.229572 0.077849
2 2 0.008241 0.037251 0.595665 0.275516 0.083328
2 2 0.011551 0.046189 0.557642 0.290407 0.094211
2 2 0.018820 0.067669 0.550684 0.249372 0.113455
2 2 0.021896 0.084656 0.600655 0.174191 0.118603
2 2 0.016455 0.078943 0.684578 0.116361 0.103664
2 2 0.012109 0.064155 0.718084 0.112890 0.092762
2 2 0.008043 0.046495 0.735919 0.129156 0.080387
2 2 0.006924 0.039351 0.713587 0.163275 0.076863
2 2 0.007304 0.036626 0.642336 0.234585 0.079149
2 2 0.007098 0.031465 0.554984 0.329048 0.077405
2 2 0.006007 0.025806 0.507649 0.389235 0.071302
2 2 0.005985 0.026664 0.535558 0.359628 0.072165
2 2 0.006446 0.030440 0.591093 0.296349 0.075672
2 2 0.006167 0.030405 0.616721 0.271880 0.074828
2 2 0.005854 0.027520 0.575363 0.318499 0.072764
2 2 0.006375 0.025816 0.478298 0.417182 0.072328
3 3 0.007041 0.023558 0.356560 0.544354 0.068487
3 3 0.007173 0.022472 0.305328 0.600849 0.064178
3 3 0.007494 0.021056 0.261327 0.651082 0.059041
3 3 0.008389 0.020044 0.221006 0.696245 0.054315
3 3 0.009390 0.018935 0.181744 0.740623 0.049309
3 3 0.009018 0.016230 0.149340 0.783146 0.042266
3 3 0.007527 0.012572 0.123269 0.822534 0.034098
3 3 0.006155 0.009897 0.105929 0.849884 0.028136
3 3 0.006133 0.009171 0.095490 0.863259 0.025947
3 3 0.006752 0.009088 0.086534 0.872707 0.024919
3 3 0.007447 0.009111 0.079508 0.879723 0.024211
3 3 0.007298 0.008460 0.072552 0.889229 0.022461
3 3 0.006830 0.007717 0.066701 0.898055 0.020697
3 3 0.006071 0.006768 0.060318 0.908296 0.018548
3 3 0.005795 0.006272 0.055979 0.914658 0.017296
3 3 0.006304 0.007000 0.060712 0.907007 0.018977
3 3 0.008362 0.009941 0.079210 0.876986 0.025500
3 3 0.009810 0.017942 0.156949 0.769660 0.045640
3 3 0.032589 0.045085 0.185907 0.654279 0.082140
3 3 0.040621 0.050282 0.190683 0.631158 0.087256
3 3 0.009814 0.016756 0.148525 0.782075 0.042831
3 3 0.009141 0.012289 0.102674 0.844440 0.031456
3 3 0.009398 0.011396 0.092453 0.857835 0.028919
3 3 0.007852 0.008600 0.073427 0.887500 0.022620
3 3 0.008375 0.008351 0.066884 0.894901 0.021488
3 3 0.008583 0.007762 0.058991 0.904978 0.019686
3 3 0.009025 0.007631 0.055568 0.908722 0.019054
3 3 0.009865 0.007974 0.055316 0.907364 0.019481
3 3 0.011048 0.008614 0.056483 0.903365 0.020490
3 3 0.011537 0.008856 0.056441 0.902348 0.020817
3 3 0.012909 0.009820 0.059306 0.895483 0.022483
3 3 0.014249 0.011296 0.066271 0.882819 0.025365
3 3 0.017634 0.014059 0.075913 0.862251 0.030143
3 3 0.019144 0.015090 0.078658 0.855348 0.031761
3 3 0.017983 0.014129 0.076054 0.861631 0.030203
3 3 0.014139 0.011174 0.066928 0.882518 0.025240
3 3 0.010406 0.008467 0.057684 0.902981 0.020462
3 3 0.007615 0.006303 0.048292 0.921530 0.016260
3 3 0.006591 0.005451 0.043601 0.929908 0.014450
3 3 0.006781 0.005537 0.043331 0.929797 0.014554
3 3 0.008033 0.006738 0.049888 0.918211 0.017130
3 3 0.009054 0.007836 0.056214 0.907411 0.019485
3 3 0.009492 0.008394 0.059907 0.901481 0.020725
3 3 0.009239 0.008059 0.057770 0.904946 0.019987
3 3 0.009332 0.008017 0.056837 0.906004 0.019809
3 3 0.009721 0.008074 0.055567 0.906920 0.019718
3 3 0.009832 0.007985 0.054284 0.908477 0.019421
3 3 0.008706 0.007074 0.050551 0.916004 0.017665
3 3 0.007449 0.006209 0.047968 0.922284 0.016090
3 3 0.006966 0.005894 0.047363 0.924239 0.015538
3 3 0.007169 0.006157 0.049182 0.921339 0.016153
3 3 0.007846 0.006854 0.053148 0.914492 0.017661
3 3 0.008647 0.007533 0.055997 0.908829 0.018994
3 3 0.009058 0.007994 0.058619 0.904353 0.019977
3 3 0.009087 0.008218 0.060715 0.901418 0.020561
3 3 0.009765 0.009083 0.065937 0.892789 0.022427
3 3 0.011488 0.010695 0.072850 0.879468 0.025498
3 3 0.014478 0.013197 0.081216 0.861253 0.029855
3 3 0.016029 0.014039 0.081102 0.857918 0.030911
3 3 0.015519 0.013214 0.075803 0.866286 0.029178
3 3 0.013408 0.011211 0.067374 0.882513 0.025493
3 3 0.012973 0.010590 0.064209 0.887993 0.024236
3 3 0.013351 0.010654 0.063513 0.888276 0.024206
3 3 0.013517 0.010700 0.063391 0.888151 0.024240
3 3 0.011894 0.009501 0.060069 0.896337 0.022199
3 3 0.010217 0.008333 0.056748 0.904521 0.020181
3 3 0.009483 0.007723 0.054450 0.909316 0.019028
3 3 0.009408 0.007493 0.052548 0.912089 0.018461
3 3 0.009510 0.007526 0.052391 0.912088 0.018485
3 3 0.010438 0.008158 0.054232 0.907570 0.019602
3 3 0.017522 0.013158 0.069910 0.871260 0.028150
3 3 0.044101 0.030404 0.105487 0.767774 0.052235
3 3 0.161523 0.090184 0.141460 0.501241 0.105592
0 2 0.276097 0.185271 0.166478 0.219446 0.152709
2 2 0.169725 0.234440 0.303997 0.125911 0.165928
2 2 0.122400 0.240733 0.384020 0.093153 0.159694
2 1 0.125770 0.240625 0.378415 0.095111 0.160078
2 1 0.116620 0.240810 0.390269 0.091660 0.160641
2 1 0.125105 0.240582 0.374844 0.097307 0.162161
2 0 0.193078 0.230358 0.282756 0.132154 0.161654
0 0 0.289975 0.199435 0.182587 0.178347 0.149656
0 0 0.310241 0.186353 0.154883 0.195276 0.153247
0 1 0.290585 0.181719 0.151781 0.185717 0.190197
0 1 0.284694 0.179177 0.150785 0.178019 0.207325
0 0 0.311631 0.169487 0.139942 0.162781 0.216159
0 0 0.403720 0.150575 0.109924 0.166278 0.169503
0 0 0.503049 0.127146 0.081775 0.161992 0.126038
0 0 0.551128 0.113312 0.070480 0.140405 0.124675
0 0 0.568494 0.106463 0.066551 0.122471 0.136022
0 0 0.548858 0.106183 0.069859 0.106563 0.168537
0 0 0.455173 0.116575 0.087370 0.093631 0.247251
0 0 0.359153 0.118730 0.101222 0.075445 0.345450
4 1 0.330783 0.121870 0.107504 0.074689 0.365154
0 1 0.354512 0.122787 0.104807 0.080063 0.337831
0 1 0.445178 0.120950 0.091121 0.099247 0.243504
0 1 0.568639 0.105819 0.066449 0.119567 0.139526
0 1 0.668700 0.083503 0.044839 0.118555 0.084404
0 1 0.771332 0.056838 0.026086 0.093622 0.052122
0 0 0.837114 0.039701 0.016194 0.071092 0.035899
0 0 0.869927 0.031303 0.011983 0.057207 0.029581
0 0 0.890945 0.025976 0.009470 0.048271 0.025337
0 0 0.915334 0.019868 0.006815 0.036952 0.021031
0 0 0.921125 0.018396 0.006292 0.032740 0.021446
0 0 0.922264 0.017972 0.006256 0.029843 0.023665
0 0 0.908456 0.021249 0.007814 0.033454 0.029027
0 0 0.891491 0.025636 0.009765 0.041292 0.031816
0 0 0.839867 0.038526 0.016560 0.057505 0.047542
0 0 0.796539 0.049976 0.022764 0.076110 0.054611
0 0 0.701077 0.074209 0.039140 0.100284 0.085289
0 0 0.655517 0.084463 0.047997 0.102796 0.109228
0 0 0.672108 0.080231 0.044739 0.098599 0.104323
0 0 0.673751 0.077507 0.044086 0.087548 0.117108
0 0 0.633261 0.076888 0.048047 0.067318 0.174486
0 0 0.719134 0.059370 0.033401 0.056236 0.131860
0 0 0.766054 0.051579 0.026836 0.054600 0.100931
0 0 0.713520 0.057516 0.032985 0.050593 0.145385
0 0 0.667369 0.067948 0.041080 0.058914 0.164689
0 0 0.575415 0.084565 0.056881 0.066641 0.216498
0 0 0.424750 0.102608 0.081968 0.065295 0.325380
4 0 0.302474 0.102774 0.095561 0.050907 0.448284
4 0 0.255686 0.098554 0.097741 0.043372 0.504647
4 0 0.281646 0.106275 0.101351 0.052040 0.458689
4 0 0.282167 0.132316 0.123444 0.079522 0.382551
4 0 0.234134 0.155965 0.152230 0.101873 0.355798
4 0 0.207929 0.171127 0.170879 0.119132 0.330933
4 0 0.189306 0.169168 0.175454 0.110417 0.355655
4 0 0.179017 0.156407 0.168112 0.090200 0.406264
4 0 0.195725 0.145724 0.153628 0.080605 0.424318
4 0 0.227961 0.158322 0.155627 0.103899 0.354192
4 0 0.220622 0.170968 0.166837 0.122965 0.318608
4 0 0.179345 0.190035 0.205858 0.125444 0.299317
4 0 0.121012 0.175430 0.227679 0.082663 0.393217
4 0 0.106464 0.171991 0.248048 0.065598 0.407899
4 0 0.100426 0.166440 0.249171 0.058135 0.425827
2 0 0.097495 0.197242 0.320669 0.065740 0.318853
2 0 0.091194 0.219264 0.382386 0.070439 0.236718
2 0 0.086750 0.227636 0.412088 0.071385 0.202140
2 0 0.123904 0.230992 0.351905 0.094146 0.199053
0 0 0.283436 0.199010 0.179912 0.184608 0.153034
2 0 0.191863 0.223775 0.251628 0.154248 0.178485
2 1 0.180494 0.217809 0.254717 0.135222 0.211757
4 1 0.191662 0.198119 0.220173 0.124171 0.265875
4 1 0.245987 0.168205 0.157667 0.126477 0.301665
4 4 0.178682 0.139619 0.152583 0.071296 0.457819
4 4 0.210514 0.120975 0.126867 0.057734 0.483910
4 4 0.268929 0.107572 0.104295 0.051955 0.467250
0 4 0.389026 0.093944 0.079000 0.051053 0.386977
0 4 0.492454 0.090475 0.067413 0.059971 0.289686
0 4 0.565812 0.094043 0.062677 0.082407 0.195061
0 4 0.537829 0.113453 0.073620 0.125463 0.149634
0 4 0.539455 0.118344 0.071963 0.163770 0.106468
0 1 0.483915 0.133763 0.083323 0.198959 0.100041
0 1 0.439263 0.145883 0.095866 0.206771 0.112217
0 1 0.362171 0.166435 0.120231 0.216607 0.134556
0 1 0.317289 0.178059 0.136341 0.219884 0.148427
0 1 0.225797 0.212306 0.209095 0.182178 0.170623
2 1 0.178382 0.227862 0.263783 0.153253 0.176720
2 1 0.148882 0.235623 0.308265 0.130871 0.176359
2 1 0.129120 0.239453 0.347882 0.111787 0.171757
2 1 0.086277 0.238939 0.436445 0.077972 0.160367
2 1 0.086664 0.238605 0.443527 0.074676 0.156528
2 1 0.134692 0.240138 0.365033 0.099664 0.160474
0 1 0.274227 0.205755 0.198180 0.169834 0.152003
0 1 0.273736 0.202170 0.186917 0.181876 0.155302
0 1 0.242843 0.211712 0.210435 0.172711 0.162299
2 1 0.215896 0.221035 0.239977 0.157443 0.165650
2 1 0.178309 0.231412 0.284284 0.136985 0.169009
2 1 0.110508 0.240777 0.389244 0.094138 0.165334
2 1 0.067833 0.232665 0.495893 0.058330 0.145279
2 1 0.056008 0.224797 0.542327 0.045344 0.131524
2 1 0.049598 0.218983 0.569545 0.038712 0.123162
2 1 0.048507 0.217867 0.574342 0.037614 0.121670
2 1 0.047661 0.216973 0.578105 0.036766 0.120495
2 1 0.049937 0.219322 0.568061 0.039056 0.123623
2 1 0.051813 0.221132 0.559955 0.040971 0.126130
2 1 0.055063 0.224016 0.546238 0.044349 0.130334
2 1 0.055910 0.224717 0.542733 0.045240 0.131400
2 1 0.056884 0.225500 0.538729 0.046273 0.132614
2 1 0.058569 0.223812 0.527316 0.046143 0.144160
2 1 0.057576 0.220887 0.527727 0.043815 0.149995
2 1 0.053630 0.219283 0.546726 0.040762 0.139599
2 1 0.043397 0.200010 0.596508 0.040222 0.119864
2 1 0.027784 0.153026 0.677117 0.038460 0.103613
2 1 0.019586 0.121027 0.728273 0.038670 0.092444
2 1 0.015616 0.103743 0.756740 0.038481 0.085420
2 1 0.015071 0.101123 0.760784 0.038603 0.084419
2 1 0.015201 0.102905 0.760822 0.037092 0.083980
2 1 0.015506 0.105205 0.759184 0.036039 0.084066
2 1 0.015000 0.101251 0.761748 0.037997 0.084004
2 1 0.016218 0.104317 0.750321 0.041322 0.087823
2 1 0.023856 0.132868 0.697417 0.044315 0.101544
2 1 0.049188 0.205351 0.569127 0.047831 0.128504
2 1 0.056606 0.225279 0.539867 0.045978 0.132269
2 1 0.049764 0.219150 0.568817 0.038881 0.123389
2 1 0.044093 0.209786 0.594243 0.035112 0.116766
2 1 0.033660 0.177014 0.645623 0.035529 0.108174
2 1 0.025437 0.146042 0.691654 0.036977 0.099890
2 1 0.017644 0.113852 0.742620 0.037326 0.088557
2 2 0.033829 0.159616 0.637937 0.051575 0.117044
2 2 0.031055 0.161135 0.657560 0.041321 0.108929
2 2 0.012344 0.084506 0.778104 0.044210 0.080836
2 2 0.010492 0.078746 0.798909 0.037950 0.073903
2 2 0.007477 0.062815 0.829543 0.035732 0.064433
2 2 0.007102 0.060316 0.833084 0.036143 0.063355
2 2 0.007596 0.063321 0.827964 0.036152 0.064967
2 2 0.008369 0.066816 0.818462 0.038234 0.068120
2 2 0.008173 0.064626 0.818495 0.040418 0.068289
2 2 0.007963 0.062663 0.819083 0.042102 0.068189
2 2 0.007588 0.060560 0.822914 0.041995 0.066943
2 2 0.007809 0.062152 0.821339 0.041272 0.067428
2 2 0.007675 0.061408 0.822760 0.041192 0.066966
2 2 0.007575 0.060250 0.822543 0.042555 0.067078
2 2 0.007006 0.056553 0.827471 0.043525 0.065444
2 2 0.007036 0.056963 0.827719 0.042918 0.065364
2 2 0.007408 0.060240 0.826260 0.040298 0.065795
2 2 0.008332 0.066664 0.818915 0.038120 0.067968
2 2 0.008776 0.069988 0.815828 0.036670 0.068739
2 2 0.008991 0.071535 0.814221 0.036113 0.069140
2 2 0.008526 0.068683 0.818447 0.036425 0.067918
2 2 0.008098 0.065372 0.821332 0.037990 0.067208
2 2 0.007149 0.058735 0.828979 0.040230 0.064906
2 2 0.006551 0.054115 0.832921 0.042811 0.063602
2 2 0.006365 0.052753 0.834313 0.043463 0.063106
2 2 0.006722 0.055375 0.831668 0.042200 0.064036
2 2 0.007356 0.059819 0.826555 0.040561 0.065710
2 2 0.008171 0.065230 0.819623 0.039135 0.067840
2 2 0.008792 0.069188 0.814304 0.038314 0.069402
2 2 0.008738 0.068962 0.814951 0.038162 0.069188
2 2 0.007879 0.063463 0.822399 0.039282 0.066978
2 2 0.007255 0.058474 0.825975 0.042354 0.065943
2 2 0.007057 0.055331 0.823107 0.047680 0.066824
2 2 0.007229 0.054202 0.815340 0.054108 0.069121
2 2 0.007312 0.052793 0.808333 0.060608 0.070954
2 2 0.006866 0.050158 0.811770 0.061677 0.069529
2 2 0.006046 0.045836 0.820819 0.061135 0.066164
2 2 0.005902 0.047187 0.830768 0.052480 0.063663
2 2 0.008959 0.067966 0.809017 0.042643 0.071414
2 2 0.027464 0.146604 0.676532 0.043503 0.105897
2 2 0.060293 0.228041 0.524986 0.049938 0.136743
2 2 0.079105 0.235847 0.474185 0.063816 0.147047
2 2 0.181801 0.235860 0.331045 0.103364 0.147931
0 0 0.559281 0.113113 0.064327 0.182636 0.080644
0 0 0.692119 0.076938 0.037068 0.141589 0.052287
0 0 0.643258 0.090010 0.045978 0.160101 0.060653
0 0 0.583264 0.106516 0.058799 0.176659 0.074763
0 0 0.471362 0.137181 0.086745 0.201300 0.103411
0 0 0.322407 0.176750 0.134420 0.219613 0.146810
2 0 0.102717 0.235483 0.372691 0.096960 0.192148
2 0 0.073232 0.226921 0.463288 0.058445 0.178114
2 0 0.057225 0.223131 0.533296 0.044954 0.141394
2 1 0.054481 0.223522 0.548665 0.043738 0.129594
2 1 0.042579 0.198985 0.600555 0.039382 0.118499
2 1 0.034525 0.176390 0.640349 0.038100 0.110636
2 1 0.031812 0.167784 0.654825 0.037836 0.107743
2 1 0.037978 0.186549 0.622729 0.038598 0.114146
2 1 0.064526 0.230797 0.508445 0.054601 0.141632
2 1 0.065726 0.231502 0.503854 0.055945 0.142972
2 1 0.058878 0.227022 0.530644 0.048407 0.135050
2 1 0.056675 0.225334 0.539587 0.046050 0.132354
2 1 0.060011 0.227842 0.526106 0.049632 0.136408
2 1 0.057816 0.226224 0.534934 0.047267 0.133760
2 1 0.062810 0.229652 0.514970 0.052639 0.139928
2 1 0.076200 0.231234 0.457938 0.063982 0.170647
2 1 0.086566 0.231448 0.418874 0.074059 0.189053
2 1 0.089832 0.224810 0.396697 0.072603 0.216058
2 1 0.088416 0.222430 0.397350 0.069556 0.222247
2 4 0.092403 0.214106 0.368932 0.068690 0.255870
2 4 0.087396 0.205532 0.368081 0.059495 0.279496
4 4 0.121623 0.195715 0.297005 0.069320 0.316337
4 1 0.206027 0.196649 0.220856 0.116054 0.260414
2 1 0.150556 0.208582 0.269219 0.104984 0.266660
2 1 0.115987 0.212743 0.307409 0.092862 0.270999
2 1 0.113690 0.214326 0.311126 0.093971 0.266886
2 1 0.129984 0.209925 0.279580 0.104747 0.275764
4 1 0.138562 0.196668 0.257012 0.094386 0.313372
4 4 0.196898 0.174105 0.183756 0.109683 0.335557
4 4 0.221019 0.167284 0.164744 0.115500 0.331453
4 4 0.267748 0.169194 0.152224 0.137263 0.273571
0 4 0.313805 0.167592 0.139029 0.156996 0.222578
0 4 0.409402 0.149533 0.108191 0.167499 0.165375
0 4 0.516450 0.124600 0.077358 0.171800 0.109792
0 1 0.586522 0.105860 0.058854 0.170520 0.078243
0 1 0.595714 0.103286 0.056585 0.169684 0.074731
0 1 0.647638 0.088917 0.045308 0.157449 0.060688
0 1 0.683686 0.079950 0.040405 0.131186 0.064773
0 0 0.727868 0.068180 0.033626 0.104801 0.065525
0 0 0.718631 0.070443 0.035504 0.104249 0.071172
0 0 0.639402 0.091614 0.050167 0.133609 0.085207
0 0 0.515255 0.123642 0.078854 0.156439 0.125810
0 0 0.407042 0.148023 0.108839 0.157363 0.178733
4 0 0.272903 0.157797 0.144086 0.115652 0.309562
4 1 0.228829 0.157037 0.154414 0.102175 0.357546
4 1 0.213145 0.159561 0.160616 0.102068 0.364610
4 1 0.193917 0.168049 0.173067 0.109938 0.355029
4 1 0.198747 0.188768 0.191015 0.140665 0.280805
2 1 0.133532 0.233636 0.318340 0.121659 0.192833
2 1 0.086533 0.239212 0.430104 0.080830 0.163322
2 1 0.064720 0.230292 0.506801 0.054364 0.143823
2 1 0.057795 0.226208 0.535018 0.047244 0.133734
2 1 0.051811 0.221130 0.559961 0.040969 0.126128
2 1 0.044427 0.203351 0.591984 0.039945 0.120293
2 1 0.042146 0.193794 0.601773 0.042322 0.119964
2 1 0.044167 0.197289 0.592093 0.043926 0.122525
2 1 0.053224 0.217516 0.553174 0.045939 0.130147
2 1 0.054677 0.223689 0.547849 0.043943 0.129843
2 1 0.053309 0.222498 0.553591 0.042516 0.128087
2 1 0.050860 0.220227 0.564052 0.039996 0.124865
2 1 0.048622 0.217986 0.573838 0.037728 0.121827
2 1 0.045663 0.213905 0.587088 0.035301 0.118044
2 1 0.036939 0.188494 0.628758 0.034957 0.110851
2 1 0.034558 0.177408 0.640389 0.037406 0.110239
2 1 0.033702 0.172198 0.644244 0.039306 0.110550
2 1 0.039004 0.183619 0.616245 0.043283 0.117849
2 1 0.040468 0.190032 0.609851 0.041543 0.118105
2 1 0.044945 0.202808 0.589333 0.041345 0.121570
2 1 0.037819 0.186099 0.623521 0.038572 0.113989
2 1 0.027329 0.153748 0.680610 0.036416 0.101897
2 2 0.017033 0.112467 0.747964 0.035800 0.086735
2 2 0.010998 0.081861 0.794987 0.037259 0.074895
2 2 0.007923 0.063089 0.820774 0.040637 0.067578
2 2 0.006535 0.054157 0.833434 0.042442 0.063433
2 2 0.006189 0.051474 0.835647 0.044072 0.062618
2 2 0.006164 0.051364 0.836044 0.043944 0.062484
2 2 0.006212 0.051493 0.835063 0.044425 0.062806
2 2 0.006074 0.050725 0.836770 0.044215 0.062216
2 2 0.005621 0.047776 0.841383 0.044678 0.060542
2 2 0.005234 0.044711 0.843771 0.046814 0.059471
2 2 0.005078 0.043090 0.843304 0.049168 0.059361
2 2 0.005289 0.044269 0.840381 0.049655 0.060406
2 2 0.005731 0.048081 0.839012 0.045869 0.061307
2 2 0.006105 0.051780 0.838714 0.041770 0.061632
2 2 0.006355 0.054766 0.839329 0.038123 0.061427
2 2 0.006734 0.058166 0.837266 0.035839 0.061996
2 2 0.007254 0.062256 0.833195 0.034166 0.063128
2 2 0.007777 0.065760 0.828217 0.033658 0.064588
2 2 0.007842 0.065599 0.826716 0.034662 0.065181
2 2 0.007230 0.061170 0.831875 0.036000 0.063726
2 2 0.006581 0.056050 0.836586 0.038436 0.062346
2 2 0.006280 0.052681 0.836347 0.042255 0.062437
2 2 0.006087 0.050463 0.835682 0.045223 0.062545
2 2 0.006225 0.050874 0.832976 0.046499 0.063427
2 2 0.006797 0.053438 0.824656 0.048892 0.066217
2 2 0.009046 0.066066 0.803466 0.048031 0.073390
2 2 0.017819 0.104629 0.731906 0.050990 0.094655
2 2 0.059893 0.203993 0.518794 0.071183 0.146138
2 2 0.043014 0.183304 0.593368 0.053616 0.126697
2 2 0.026946 0.141454 0.677480 0.047133 0.106987
2 2 0.014288 0.089480 0.756891 0.051538 0.087803
2 2 0.011124 0.072446 0.776576 0.057779 0.082075
2 2 0.008079 0.058400 0.806017 0.055181 0.072323
2 2 0.007772 0.058162 0.812895 0.050978 0.070193
2 2 0.007223 0.055710 0.819916 0.049300 0.067851
2 2 0.006640 0.051701 0.823762 0.051568 0.066329
2 2 0.006162 0.048281 0.826513 0.053982 0.065063
2 2 0.005825 0.045612 0.827389 0.056840 0.064333
2 2 0.005699 0.044836 0.828561 0.057055 0.063849
2 2 0.005693 0.044704 0.828221 0.057468 0.063914
2 2 0.005609 0.044974 0.832177 0.054365 0.062875
2 2 0.005505 0.044571 0.834159 0.053523 0.062241
2 2 0.005535 0.044343 0.832259 0.055136 0.062727
2 2 0.005717 0.044019 0.824459 0.061044 0.064761
2 2 0.006049 0.045289 0.818327 0.063647 0.066688
2 2 0.006505 0.047628 0.813021 0.064195 0.068651
2 2 0.006523 0.047632 0.812440 0.064600 0.068805
2 2 0.006091 0.044879 0.814985 0.066607 0.067438
2 2 0.005923 0.043680 0.815368 0.068033 0.066995
2 2 0.006489 0.046291 0.806440 0.071169 0.069610
2 2 0.007558 0.049427 0.782175 0.085458 0.075382
2 2 0.008076 0.048382 0.752734 0.111187 0.079621
2 2 0.007703 0.044645 0.737012 0.131090 0.079551
2 2 0.007876 0.043380 0.714477 0.152997 0.081270
2 2 0.008309 0.043887 0.696600 0.167828 0.083376
2 2 0.008486 0.044490 0.690821 0.172499 0.083703
2 2 0.008524 0.045198 0.691283 0.171961 0.083034
2 2 0.008247 0.042964 0.676013 0.190663 0.082113
2 2 0.007869 0.042307 0.687468 0.182081 0.080274
2 2 0.007859 0.043658 0.703463 0.165425 0.079596
2 2 0.008216 0.048313 0.737912 0.125759 0.079800
2 2 0.019193 0.082331 0.635457 0.152377 0.110643
2 2 0.027328 0.122388 0.648053 0.084565 0.117666
2 2 0.011670 0.069278 0.754918 0.076755 0.087380
2 2 0.023432 0.119235 0.688451 0.061237 0.107645
0 2 0.247589 0.217902 0.236592 0.146196 0.151721
0 0 0.471515 0.137140 0.086703 0.201273 0.103370
0 0 0.442016 0.147619 0.099037 0.200125 0.111202
0 0 0.499806 0.129424 0.079101 0.195836 0.095833
0 0 0.505994 0.127732 0.077489 0.194573 0.094212
0 0 0.474448 0.136342 0.085897 0.200735 0.102579
0 0 0.378129 0.174885 0.140052 0.180848 0.126087
0 0 0.458718 0.148513 0.103208 0.183702 0.105859
0 0 0.568619 0.111933 0.063922 0.177138 0.078387
0 0 0.666085 0.083965 0.041858 0.150659 0.057432
0 0 0.780095 0.054020 0.023343 0.102941 0.039601
0 0 0.825121 0.042366 0.017019 0.083602 0.031892
0 0 0.829678 0.040930 0.016085 0.084249 0.029057
0 0 0.783067 0.052024 0.021427 0.111919 0.031563
0 0 0.690805 0.076969 0.036790 0.145349 0.050086
0 0 0.521917 0.123371 0.073424 0.191203 0.090085
0 0 0.446576 0.143906 0.093740 0.205592 0.110186
0 0 0.297108 0.197173 0.177773 0.179967 0.147978
2 0 0.200581 0.226461 0.261829 0.145482 0.165647
0 0 0.249219 0.211914 0.218104 0.157010 0.163753
0 0 0.458870 0.140025 0.092304 0.186331 0.122470
0 0 0.486169 0.132751 0.084963 0.180295 0.115822
0 0 0.456734 0.139782 0.093766 0.176633 0.133085
0 0 0.450896 0.142654 0.093195 0.199658 0.113596
0 0 0.417867 0.151643 0.102260 0.209987 0.118243
0 0 0.335706 0.173217 0.129718 0.217174 0.144185
0 1 0.323944 0.172190 0.136120 0.186297 0.181448
0 0 0.401503 0.147658 0.110225 0.150922 0.189691
0 0 0.566244 0.108344 0.067100 0.129999 0.128313
0 0 0.674994 0.081167 0.044005 0.109255 0.090579
0 0 0.713126 0.070731 0.037012 0.093982 0.085148
0 0 0.808182 0.046197 0.021242 0.064439 0.059941
0 0 0.897151 0.024389 0.008960 0.042366 0.027133
0 0 0.923136 0.017922 0.006036 0.032854 0.020052
0 0 0.931824 0.015783 0.005110 0.029961 0.017322
0 0 0.949772 0.011348 0.003280 0.024476 0.011123
0 0 0.955516 0.009712 0.002580 0.024512 0.007680
0 0 0.922540 0.017511 0.005384 0.041865 0.012700
0 0 0.841513 0.037727 0.014373 0.080419 0.025968
0 0 0.750775 0.061240 0.027138 0.119805 0.041042
0 0 0.576709 0.108049 0.063842 0.147807 0.103593
0 1 0.323886 0.139209 0.121190 0.097932 0.317784
4 1 0.199119 0.113834 0.122110 0.050514 0.514422
4 1 0.235303 0.096174 0.098270 0.040079 0.530174
4 4 0.369111 0.084254 0.072928 0.040433 0.433274
0 4 0.630912 0.068384 0.043832 0.051552 0.205320
0 4 0.726128 0.063032 0.034093 0.069542 0.107205
0 4 0.743834 0.062294 0.031646 0.081457 0.080770
0 0 0.778898 0.054834 0.025082 0.088663 0.052524
0 0 0.790963 0.051125 0.021660 0.099108 0.037144
0 0 0.705396 0.073659 0.035215 0.133426 0.052304
0 0 0.569246 0.110454 0.062281 0.178346 0.079673
0 1 0.460164 0.139347 0.092396 0.181247 0.126845
0 1 0.394765 0.146310 0.111458 0.141199 0.206268
4 1 0.307479 0.134182 0.120473 0.086696 0.351171
4 1 0.216286 0.123019 0.127656 0.060250 0.472789
4 1 0.178163 0.115785 0.128634 0.050032 0.527386
4 0 0.247169 0.120011 0.119053 0.061066 0.452702
4 0 0.287805 0.111999 0.105542 0.058010 0.436644
4 0 0.293471 0.098627 0.092986 0.046493 0.468423
0 0 0.423281 0.094638 0.076366 0.055601 0.350114
0 0 0.516691 0.092355 0.066495 0.066842 0.257617
0 0 0.609437 0.081141 0.052168 0.069012 0.188241
0 0 0.742521 0.058774 0.031198 0.064807 0.102700
0 0 0.832565 0.039626 0.017661 0.054176 0.055971
0 0 0.853562 0.034452 0.014730 0.048221 0.049035
0 0 0.886348 0.026813 0.010427 0.041834 0.034579
0 0 0.902654 0.022984 0.008356 0.039558 0.026449
0 0 0.896547 0.024513 0.009068 0.041831 0.028040
0 0 0.849768 0.035663 0.015243 0.051212 0.048115
0 0 0.818360 0.042412 0.019661 0.054238 0.065329
0 0 0.792517 0.048102 0.023460 0.058163 0.077758
0 0 0.801259 0.046703 0.022241 0.059222 0.070575
0 0 0.791327 0.048339 0.023634 0.058242 0.078458
0 0 0.811221 0.045323 0.020791 0.062768 0.059897
0 0 0.759510 0.058037 0.028994 0.075396 0.078063
0 0 0.681635 0.077888 0.042910 0.096629 0.100938
0 0 0.547096 0.104403 0.069465 0.100349 0.178687
0 0 0.405809 0.124203 0.098541 0.093743 0.277704
4 0 0.278721 0.120869 0.114549 0.065885 0.419977
4 0 0.278247 0.119601 0.113538 0.064494 0.424119
4 0 0.308462 0.111465 0.102240 0.059857 0.417976
0 0 0.381093 0.108433 0.090905 0.065984 0.353585
0 0 0.397434 0.112979 0.092268 0.074464 0.322855
0 0 0.399216 0.125216 0.100104 0.093764 0.281700
0 0 0.343677 0.141115 0.118880 0.106679 0.289649
0 0 0.355325 0.135148 0.113114 0.099309 0.297104
0 0 0.363564 0.124167 0.104500 0.083798 0.323971
0 0 0.460445 0.114249 0.085390 0.090712 0.249204
0 0 0.394172 0.132239 0.105030 0.105425 0.263134
0 0 0.409624 0.136698 0.104679 0.121500 0.227500
0 1 0.435579 0.136530 0.099594 0.135392 0.192905
0 1 0.458210 0.133841 0.094013 0.142548 0.171388
0 1 0.375591 0.150005 0.117053 0.140969 0.216382
4 1 0.264558 0.170504 0.153810 0.138928 0.272200
4 1 0.187923 0.171279 0.177555 0.113375 0.349868
4 1 0.123099 0.153192 0.185960 0.076041 0.461708
4 1 0.111207 0.139968 0.176895 0.061831 0.510099
4 1 0.098551 0.125083 0.166019 0.047968 0.562379
4 1 0.099061 0.133871 0.183251 0.049831 0.533986
4 1 0.090290 0.143211 0.219701 0.044354 0.502443
4 1 0.077200 0.163167 0.302129 0.038189 0.419315
2 1 0.072427 0.178113 0.357553 0.038055 0.353852
2 1 0.068530 0.188087 0.399331 0.037909 0.306142
2 1 0.069797 0.191999 0.403675 0.039967 0.294563
2 1 0.071058 0.185540 0.382091 0.038998 0.322312
2 1 0.071463 0.180087 0.366448 0.037854 0.344149
4 1 0.075799 0.178889 0.346909 0.040724 0.357678
2 1 0.076050 0.187504 0.367349 0.043279 0.325818
2 1 0.067526 0.190775 0.410635 0.037985 0.293079
2 1 0.059799 0.202811 0.478532 0.036804 0.222054
2 1 0.056709 0.210404 0.512500 0.037998 0.182389
2 1 0.053906 0.212622 0.533059 0.037443 0.162970
2 1 0.051939 0.213242 0.545851 0.036721 0.152247
2 1 0.049660 0.212719 0.558707 0.035369 0.143544
2 1 0.049592 0.212983 0.559602 0.035469 0.142354
2 1 0.048948 0.211507 0.561537 0.034849 0.143159
2 1 0.051798 0.210769 0.541921 0.035477 0.160036
2 1 0.052153 0.209462 0.537134 0.035068 0.166184
2 1 0.059247 0.208144 0.493650 0.038557 0.200403
2 1 0.069758 0.213151 0.452505 0.048008 0.216578
2 1 0.133583 0.226362 0.330551 0.096669 0.212834
2 1 0.098398 0.237762 0.401224 0.087086 0.175530
2 1 0.079056 0.237347 0.455450 0.071543 0.156604
2 1 0.058591 0.226810 0.531796 0.048099 0.134704
2 1 0.055184 0.224118 0.545734 0.044476 0.130488
2 1 0.032260 0.170315 0.652670 0.037034 0.107721
2 1 0.024565 0.141389 0.696396 0.038209 0.099441
2 2 0.018335 0.114867 0.736289 0.039654 0.090856
2 2 0.015477 0.099968 0.754757 0.042785 0.087012
2 2 0.011930 0.082087 0.780918 0.044950 0.080115
2 2 0.008980 0.066670 0.806091 0.045766 0.072493
2 2 0.007058 0.055429 0.823363 0.047403 0.066747
2 2 0.006213 0.050185 0.831276 0.048434 0.063893
2 2 0.005851 0.047875 0.834710 0.048968 0.062597
2 2 0.005852 0.048179 0.835662 0.047962 0.062345
2 2 0.005863 0.048551 0.836503 0.046956 0.062127
2 2 0.005744 0.047411 0.836481 0.048356 0.062007
2 2 0.005520 0.045045 0.835458 0.052019 0.061959
2 2 0.005387 0.042998 0.831947 0.057151 0.062518
2 2 0.005547 0.043327 0.827571 0.059789 0.063767
2 2 0.005634 0.044362 0.828885 0.057461 0.063658
2 2 0.005598 0.045628 0.835015 0.051574 0.062184
2 2 0.005580 0.046677 0.839199 0.047445 0.061098
2 2 0.005641 0.047248 0.839134 0.046793 0.061184
2 2 0.005980 0.048294 0.832138 0.050169 0.063418
2 2 0.006524 0.050380 0.822831 0.053825 0.066441
2 2 0.007123 0.052439 0.812485 0.058229 0.069724
2 2 0.007077 0.051991 0.812253 0.058958 0.069720
2 2 0.006783 0.050685 0.816226 0.057922 0.068385
2 2 0.006165 0.048235 0.826251 0.054218 0.065131
2 2 0.005623 0.045814 0.834846 0.051452 0.062264
2 2 0.005134 0.043302 0.842130 0.049697 0.059737
2 2 0.004869 0.041958 0.846434 0.048481 0.058258
2 2 0.004779 0.041340 0.847340 0.048656 0.057885
2 2 0.004821 0.041105 0.844884 0.050652 0.058538
2 2 0.004859 0.040150 0.839379 0.055786 0.059827
2 2 0.004810 0.038500 0.833355 0.062436 0.060899
2 2 0.004691 0.036960 0.830098 0.067103 0.061147
2 2 0.004652 0.036541 0.829424 0.068238 0.061144
2 2 0.004896 0.037512 0.824041 0.070774 0.062777
2 2 0.005258 0.039179 0.817893 0.072820 0.064849
2 2 0.005709 0.040894 0.808100 0.077764 0.067534
2 2 0.005948 0.041691 0.801765 0.081677 0.068920
2 2 0.005812 0.040627 0.800108 0.084867 0.068586
2 2 0.005539 0.039587 0.805681 0.082170 0.067024
2 2 0.005381 0.038829 0.807694 0.081894 0.066203
2 2 0.005321 0.038573 0.808586 0.081666 0.065854
2 2 0.005347 0.038457 0.806636 0.083346 0.066214
2 2 0.005442 0.037285 0.791559 0.097626 0.068089
2 2 0.005610 0.034862 0.751447 0.136944 0.071136
2 2 0.008190 0.048557 0.746555 0.116695 0.080002
2 3 0.096434 0.134864 0.481965 0.159637 0.127101
0 3 0.766974 0.057432 0.025285 0.108591 0.041719
0 0 0.926913 0.016704 0.005180 0.037648 0.013555
0 0 0.903492 0.022234 0.007319 0.050801 0.016155
0 0 0.793916 0.049045 0.019741 0.108140 0.029159
