3 0 0.332808 0.107490 0.125487 0.333597 0.100618
0 0 0.339272 0.129902 0.129706 0.248603 0.152517
0 0 0.455876 0.126905 0.076595 0.184805 0.155818
0 0 0.410385 0.159251 0.079431 0.120722 0.230210
0 0 0.440445 0.146308 0.074840 0.137636 0.200771
0 0 0.367533 0.166509 0.089353 0.113792 0.262812
0 0 0.337759 0.170389 0.097741 0.110929 0.283182
0 0 0.308100 0.178824 0.105742 0.103380 0.303954
4 0 0.251459 0.192349 0.121862 0.088676 0.345654
4 0 0.206963 0.197948 0.135883 0.077661 0.381545
4 0 0.194498 0.200400 0.146387 0.079065 0.379650
4 0 0.185744 0.202752 0.159227 0.083666 0.368610
4 0 0.173735 0.207692 0.189941 0.092236 0.336396
4 0 0.183742 0.208027 0.205893 0.106686 0.295652
2 0 0.177508 0.188631 0.247545 0.144370 0.241947
2 0 0.172633 0.180288 0.263979 0.159665 0.223436
2 0 0.129531 0.204337 0.326249 0.108459 0.231425
2 0 0.129911 0.220684 0.288978 0.077539 0.282887
4 0 0.130083 0.221045 0.239329 0.057820 0.351724
4 0 0.123007 0.216063 0.205696 0.044784 0.410449
4 0 0.114572 0.217713 0.214843 0.039812 0.413059
4 0 0.113144 0.217721 0.215186 0.038820 0.415130
4 0 0.110617 0.223065 0.248934 0.041837 0.375547
2 0 0.088530 0.225220 0.360693 0.043165 0.282391
2 1 0.076490 0.218927 0.427790 0.043868 0.232924
2 1 0.073693 0.214951 0.452307 0.046464 0.212584
2 1 0.089033 0.221579 0.391292 0.052050 0.246046
2 1 0.101087 0.224286 0.341938 0.054734 0.277955
4 1 0.124429 0.222345 0.251789 0.055889 0.345549
4 4 0.133433 0.216433 0.208840 0.054205 0.387090
4 4 0.135285 0.204564 0.160990 0.046211 0.452949
4 4 0.132675 0.194084 0.133040 0.039626 0.500575
4 4 0.128105 0.181432 0.107628 0.033155 0.549680
4 4 0.130146 0.182964 0.110142 0.034605 0.542143
4 4 0.134325 0.185991 0.115393 0.037752 0.526539
4 4 0.145756 0.197958 0.141767 0.050136 0.464382
4 4 0.142153 0.204651 0.161251 0.051490 0.440454
4 4 0.141174 0.207513 0.170922 0.052761 0.427630
4 4 0.140525 0.204810 0.161708 0.050306 0.442651
4 4 0.132897 0.200439 0.149113 0.042435 0.475116
4 4 0.133011 0.193112 0.130743 0.039460 0.503673
4 4 0.141598 0.190892 0.124884 0.043871 0.498755
4 4 0.137961 0.188501 0.120078 0.040701 0.512759
4 4 0.147716 0.194621 0.133258 0.049763 0.474641
4 4 0.152615 0.197319 0.140258 0.055075 0.454733
4 4 0.209842 0.199476 0.144540 0.086376 0.359767
0 4 0.336518 0.176988 0.106473 0.122827 0.257194
0 0 0.511899 0.124548 0.061523 0.172321 0.129710
0 0 0.526718 0.118423 0.057501 0.174727 0.122632
0 0 0.526617 0.111172 0.057401 0.189395 0.115415
0 0 0.500847 0.110015 0.063538 0.200210 0.125391
0 0 0.492611 0.110126 0.065270 0.199165 0.132828
0 0 0.360394 0.153069 0.100442 0.144484 0.241612
4 0 0.278400 0.184339 0.110425 0.091947 0.334889
4 0 0.186835 0.198006 0.135760 0.067685 0.411714
4 1 0.137950 0.207924 0.172185 0.050411 0.431530
4 1 0.123178 0.211731 0.186931 0.041849 0.436311
4 1 0.121944 0.218112 0.216285 0.045745 0.397915
2 4 0.082453 0.220993 0.388427 0.046373 0.261754
2 4 0.069895 0.211646 0.458613 0.047708 0.212138
2 4 0.080946 0.217631 0.410321 0.051380 0.239721
2 4 0.096271 0.221125 0.365133 0.058949 0.258523
2 4 0.104500 0.222885 0.344582 0.061122 0.266911
2 4 0.109567 0.224692 0.322892 0.058689 0.284161
4 4 0.118126 0.225543 0.292727 0.057632 0.305972
2 4 0.114829 0.224094 0.325867 0.064996 0.270214
2 4 0.099791 0.220550 0.377235 0.064075 0.238349
4 4 0.119343 0.224128 0.295412 0.062406 0.298711
4 4 0.124430 0.221040 0.235609 0.051503 0.367418
4 4 0.121019 0.210113 0.181183 0.039459 0.448226
4 4 0.117472 0.201445 0.154629 0.033594 0.492860
4 4 0.122982 0.186587 0.118413 0.031967 0.540052
4 4 0.133845 0.185830 0.115135 0.037435 0.527755
4 4 0.141388 0.192866 0.129353 0.044575 0.491819
4 4 0.147510 0.194501 0.132969 0.049551 0.475468
4 4 0.240675 0.191813 0.116340 0.077857 0.373314
4 4 0.257111 0.193188 0.132099 0.103628 0.313973
4 4 0.241077 0.197655 0.155762 0.116439 0.289067
0 4 0.273728 0.188826 0.148369 0.143147 0.245930
0 4 0.254646 0.193516 0.164826 0.142425 0.244587
2 4 0.135521 0.217338 0.294395 0.092084 0.260663
2 1 0.153057 0.195549 0.302745 0.131512 0.217137
0 0 0.312587 0.132761 0.141552 0.257604 0.155496
0 0 0.329934 0.109982 0.127246 0.306971 0.125867
3 0 0.336331 0.093359 0.115893 0.344342 0.110075
3 0 0.348022 0.084586 0.105408 0.365794 0.096190
0 0 0.375818 0.100217 0.102846 0.309195 0.111925
0 0 0.379946 0.133975 0.107634 0.221526 0.156919
0 0 0.339138 0.173182 0.111201 0.137105 0.239373
0 0 0.296709 0.185610 0.116915 0.110588 0.290178
4 1 0.218817 0.196397 0.150409 0.098855 0.335521
4 1 0.174220 0.196521 0.170402 0.087543 0.371314
4 4 0.164038 0.199246 0.162138 0.074051 0.400527
4 4 0.159980 0.200820 0.151366 0.064300 0.423535
4 4 0.158005 0.199952 0.148311 0.061659 0.432073
4 4 0.149164 0.202604 0.155259 0.055840 0.437133
4 4 0.144708 0.203729 0.158435 0.052922 0.440207
4 4 0.150938 0.207100 0.171046 0.061327 0.409589
4 4 0.157353 0.214650 0.222624 0.085794 0.319580
2 4 0.185373 0.171832 0.248101 0.178632 0.216062
3 4 0.215162 0.125188 0.213370 0.292037 0.154242
3 4 0.215667 0.092284 0.192367 0.386589 0.113094
3 4 0.233364 0.064631 0.141498 0.479908 0.080598
3 4 0.245885 0.065960 0.135542 0.472844 0.079770
3 4 0.262977 0.079805 0.141583 0.423235 0.092400
3 4 0.286074 0.104278 0.147407 0.337240 0.125002
3 0 0.296595 0.098034 0.137822 0.356180 0.111370
3 1 0.279263 0.109577 0.154732 0.330503 0.125924
3 4 0.290398 0.111324 0.151543 0.328271 0.118464
0 0 0.335472 0.119151 0.127823 0.296716 0.120837
0 0 0.355224 0.152830 0.119978 0.202588 0.169380
2 1 0.120956 0.216513 0.346894 0.090478 0.225159
2 1 0.079153 0.211562 0.455482 0.058283 0.195519
2 1 0.084170 0.215597 0.433739 0.057564 0.208930
2 1 0.101180 0.219830 0.379674 0.066938 0.232377
2 1 0.068120 0.183154 0.513943 0.070502 0.164282
2 1 0.078595 0.188230 0.458128 0.073157 0.201891
2 4 0.101535 0.221741 0.321331 0.055090 0.300303
4 4 0.123728 0.213247 0.196807 0.045579 0.420639
4 4 0.127382 0.201678 0.153262 0.039477 0.478200
4 4 0.119657 0.202435 0.156882 0.035181 0.485845
4 4 0.125916 0.198998 0.146232 0.037495 0.491359
4 4 0.141032 0.211577 0.186946 0.056198 0.404248
2 4 0.131294 0.187246 0.310627 0.117153 0.253679
2 4 0.168985 0.148720 0.289567 0.212243 0.180485
3 4 0.232818 0.119614 0.193786 0.285984 0.167799
3 4 0.287362 0.096782 0.142148 0.336672 0.137035
0 4 0.317526 0.119064 0.132091 0.255009 0.176310
0 4 0.328854 0.154338 0.116959 0.157444 0.242405
4 4 0.211380 0.196126 0.132365 0.077444 0.382684
4 4 0.160237 0.200929 0.151769 0.064654 0.422410
4 4 0.148233 0.202213 0.153965 0.054769 0.440821
4 4 0.143074 0.209394 0.178260 0.056009 0.413262
4 4 0.134910 0.216347 0.208839 0.055565 0.384338
2 4 0.102590 0.211490 0.384191 0.080620 0.221109
2 4 0.085950 0.163446 0.468604 0.118922 0.163078
2 4 0.066055 0.101758 0.527706 0.201951 0.102530
2 4 0.061948 0.080374 0.503549 0.259407 0.094722
2 4 0.054426 0.067268 0.504527 0.288499 0.085280
2 4 0.050962 0.066779 0.522359 0.277841 0.082059
2 4 0.036871 0.058909 0.599109 0.237414 0.067697
2 4 0.031449 0.057388 0.642858 0.206371 0.061933
2 4 0.028177 0.054693 0.666802 0.192329 0.057999
2 1 0.024678 0.051904 0.693573 0.176412 0.053432
2 1 0.024772 0.050844 0.687811 0.183289 0.053284
2 1 0.027772 0.050346 0.651925 0.213428 0.056529
2 1 0.032566 0.047378 0.585437 0.273959 0.060660
2 1 0.034043 0.044506 0.552339 0.307972 0.061139
2 1 0.033462 0.042965 0.549064 0.314316 0.060194
2 1 0.031972 0.042909 0.563001 0.303430 0.058687
2 1 0.030062 0.043254 0.585561 0.284213 0.056910
2 1 0.030706 0.041669 0.568622 0.301883 0.057120
2 1 0.031483 0.038708 0.543113 0.329450 0.057246
2 1 0.031821 0.034515 0.510482 0.366721 0.056461
2 1 0.031308 0.031578 0.492152 0.389890 0.055072
2 1 0.030841 0.029583 0.479313 0.406298 0.053965
2 1 0.030940 0.030645 0.487905 0.396088 0.054422
2 1 0.031547 0.032005 0.493259 0.387756 0.055433
2 1 0.031905 0.038186 0.535498 0.336876 0.057535
2 1 0.026403 0.049905 0.669448 0.198948 0.055296
2 1 0.022054 0.069487 0.758839 0.097112 0.052509
2 1 0.017581 0.077155 0.799337 0.059533 0.046394
2 2 0.018219 0.086412 0.795256 0.052174 0.047939
2 2 0.016456 0.081530 0.807099 0.050271 0.044644
2 2 0.013574 0.073011 0.828160 0.046177 0.039078
2 2 0.010293 0.061592 0.854775 0.041102 0.032239
2 2 0.009777 0.058494 0.858990 0.041728 0.031010
2 2 0.009573 0.058351 0.860720 0.040789 0.030567
2 2 0.010605 0.060154 0.851154 0.045423 0.032664
2 2 0.011690 0.062131 0.841333 0.050055 0.034790
2 2 0.013679 0.061592 0.822424 0.064018 0.038286
2 2 0.014407 0.059157 0.813518 0.073581 0.039337
2 2 0.016189 0.055842 0.791939 0.094033 0.041997
2 2 0.017873 0.054314 0.772710 0.110562 0.044541
2 2 0.022012 0.054991 0.732694 0.139651 0.050652
2 2 0.030040 0.058067 0.664194 0.186605 0.061094
2 2 0.035158 0.050334 0.585021 0.264718 0.064770
2 2 0.037022 0.042313 0.518201 0.338590 0.063873
2 2 0.037477 0.035993 0.467872 0.396650 0.062008
2 2 0.030700 0.046760 0.611545 0.251491 0.059504
2 2 0.034468 0.059896 0.634600 0.204385 0.066650
3 2 0.042175 0.034961 0.421285 0.436122 0.065457
3 2 0.034710 0.023266 0.376735 0.512351 0.052938
3 2 0.035540 0.017091 0.295850 0.606050 0.045468
3 2 0.034384 0.012011 0.228008 0.688701 0.036896
3 2 0.034644 0.010499 0.201596 0.719611 0.033651
3 2 0.034497 0.010871 0.210257 0.710547 0.033828
3 2 0.034146 0.011977 0.231183 0.686793 0.035901
3 2 0.033650 0.013482 0.258006 0.655950 0.038912
3 2 0.034746 0.010838 0.204649 0.714495 0.035272
3 2 0.033646 0.007945 0.157626 0.771723 0.029059
3 2 0.028507 0.004936 0.119420 0.827205 0.019931
3 3 0.026763 0.003506 0.091977 0.863001 0.014754
3 3 0.025121 0.002462 0.069447 0.892213 0.010756
3 3 0.023930 0.001943 0.057593 0.907828 0.008706
3 3 0.022492 0.001536 0.048344 0.920532 0.007096
3 3 0.021781 0.001271 0.041216 0.929768 0.005964
3 3 0.021570 0.001141 0.037323 0.934583 0.005382
3 3 0.021942 0.001053 0.033847 0.938229 0.004928
3 3 0.021414 0.000924 0.030322 0.942969 0.004371
3 3 0.020496 0.000790 0.026935 0.947969 0.003810
3 3 0.019558 0.000685 0.024337 0.952049 0.003372
3 3 0.019908 0.000666 0.023262 0.952909 0.003254
3 3 0.022435 0.000798 0.024942 0.948135 0.003691
3 3 0.027640 0.001198 0.030875 0.935250 0.005037
3 3 0.035211 0.002193 0.045018 0.909347 0.008231
3 3 0.043046 0.004625 0.077283 0.859405 0.015641
3 3 0.047696 0.008910 0.128956 0.786495 0.027943
3 3 0.043291 0.015381 0.234862 0.666426 0.040040
3 3 0.040420 0.020389 0.311400 0.580537 0.047255
3 2 0.041929 0.025799 0.359969 0.519879 0.052424
3 2 0.046082 0.035034 0.412558 0.447661 0.058665
2 2 0.060756 0.055602 0.463613 0.348534 0.071495
2 2 0.085558 0.070953 0.418889 0.341618 0.082982
2 2 0.059673 0.065090 0.506437 0.291464 0.077336
2 2 0.054351 0.043248 0.417624 0.416166 0.068611
3 2 0.044278 0.029360 0.370217 0.497218 0.058927
3 2 0.038267 0.028520 0.399265 0.474766 0.059181
2 2 0.036954 0.035953 0.472203 0.393345 0.061545
2 2 0.030010 0.047152 0.613237 0.251355 0.058247
2 2 0.020012 0.048632 0.732315 0.152334 0.046708
2 2 0.016219 0.046550 0.772394 0.123778 0.041058
2 2 0.019103 0.042899 0.722742 0.170612 0.044644
2 2 0.022818 0.038109 0.646840 0.243952 0.048281
2 2 0.027803 0.030371 0.520556 0.369934 0.051336
3 2 0.028138 0.023350 0.443113 0.456334 0.049064
3 2 0.029663 0.017856 0.356139 0.551624 0.044718
3 2 0.029396 0.016173 0.332825 0.578722 0.042884
3 2 0.029463 0.016786 0.340573 0.569129 0.044048
3 2 0.030692 0.018578 0.354376 0.549609 0.046745
3 2 0.032791 0.018796 0.339711 0.561449 0.047253
3 2 0.035200 0.017244 0.302576 0.600270 0.044709
3 2 0.036369 0.014404 0.254766 0.654022 0.040440
3 2 0.035398 0.011728 0.217093 0.699291 0.036490
3 2 0.033885 0.010356 0.201140 0.720344 0.034275
3 2 0.032968 0.009168 0.184507 0.741572 0.031785
3 2 0.033179 0.008514 0.171263 0.756841 0.030202
3 2 0.033921 0.008021 0.158773 0.770479 0.028806
3 2 0.034586 0.008358 0.162455 0.765211 0.029391
3 2 0.035002 0.009429 0.179933 0.743843 0.031793
3 2 0.034456 0.009105 0.176710 0.748584 0.031144
3 2 0.035042 0.008606 0.164460 0.761748 0.030144
3 2 0.034193 0.007222 0.143166 0.788994 0.026424
3 2 0.033581 0.006596 0.134265 0.801099 0.024460
3 2 0.031717 0.005725 0.124353 0.816279 0.021926
3 2 0.030811 0.005479 0.122593 0.819826 0.021291
3 2 0.030693 0.005599 0.125433 0.816508 0.021767
3 2 0.031389 0.005761 0.126200 0.814496 0.022153
3 2 0.032171 0.005795 0.124168 0.815817 0.022048
3 2 0.031818 0.005455 0.118692 0.823120 0.020916
3 2 0.032127 0.005689 0.122256 0.818251 0.021677
3 3 0.033332 0.006162 0.127182 0.810309 0.023015
3 3 0.035728 0.008504 0.162642 0.764592 0.028534
3 3 0.038830 0.013001 0.224109 0.687754 0.036306
3 3 0.042468 0.023517 0.335809 0.548730 0.049476
3 3 0.049172 0.040016 0.419514 0.425648 0.065650
2 2 0.055785 0.061377 0.478404 0.322084 0.082350
2 1 0.047695 0.067536 0.552267 0.252346 0.080156
2 1 0.050234 0.058407 0.498584 0.313072 0.079704
2 1 0.050780 0.044682 0.423676 0.405382 0.075480
2 1 0.044290 0.039793 0.439102 0.407944 0.068870
2 1 0.038123 0.036762 0.467806 0.394497 0.062812
2 1 0.036424 0.038766 0.496502 0.366370 0.061937
2 2 0.034434 0.038837 0.515217 0.351383 0.060129
2 2 0.031399 0.039788 0.550676 0.320719 0.057417
2 2 0.027591 0.041985 0.607621 0.268604 0.054198
2 2 0.022083 0.046100 0.696141 0.186830 0.048847
2 2 0.018558 0.048997 0.749359 0.138443 0.044643
2 2 0.017493 0.048901 0.762378 0.128076 0.043154
2 2 0.017841 0.048187 0.756623 0.133748 0.043602
2 2 0.022286 0.046980 0.701244 0.179926 0.049564
2 2 0.026289 0.049446 0.669649 0.199468 0.055149
2 2 0.039134 0.058014 0.587302 0.244783 0.070767
3 2 0.074955 0.058044 0.379115 0.401983 0.085902
2 2 0.050469 0.052197 0.476693 0.343911 0.076730
2 2 0.045120 0.039982 0.434227 0.411088 0.069584
2 2 0.039890 0.035387 0.442818 0.418097 0.063809
2 2 0.034238 0.036013 0.497692 0.372907 0.059150
2 2 0.027497 0.042405 0.611764 0.264092 0.054242
2 2 0.023916 0.043915 0.663816 0.217686 0.050666
2 2 0.022555 0.045551 0.688910 0.193580 0.049404
2 2 0.023575 0.044391 0.672115 0.209426 0.050493
2 2 0.027554 0.039852 0.598606 0.280074 0.053914
2 2 0.029461 0.035359 0.541882 0.338891 0.054406
2 2 0.029200 0.032846 0.525419 0.359089 0.053445
2 2 0.027497 0.036943 0.580503 0.301891 0.053166
2 2 0.025916 0.044864 0.652558 0.222900 0.053762
2 2 0.022211 0.053761 0.730366 0.142627 0.051034
2 2 0.027897 0.070169 0.713536 0.127798 0.060599
2 2 0.045012 0.084473 0.614339 0.174949 0.081226
2 2 0.044836 0.081799 0.612475 0.179983 0.080908
2 1 0.048159 0.069682 0.561859 0.238508 0.081792
2 1 0.053088 0.055588 0.471257 0.338510 0.081558
2 2 0.048149 0.049370 0.467634 0.359759 0.075087
2 2 0.040797 0.052053 0.537496 0.299862 0.069792
2 2 0.029933 0.059182 0.663177 0.187091 0.060617
2 2 0.022183 0.062783 0.744077 0.119478 0.051479
2 2 0.019221 0.064246 0.773439 0.095709 0.047385
2 2 0.018420 0.060327 0.775620 0.099835 0.045798
2 2 0.020554 0.054819 0.743867 0.132462 0.048299
2 2 0.021950 0.051193 0.719845 0.157232 0.049781
2 2 0.023037 0.055862 0.724424 0.144553 0.052124
2 2 0.020449 0.068509 0.771464 0.089455 0.050123
2 2 0.030642 0.105626 0.718942 0.077785 0.067006
2 0 0.050406 0.132003 0.621239 0.105205 0.091147
2 1 0.040418 0.111937 0.666538 0.101820 0.079286
2 1 0.039651 0.074843 0.633713 0.177154 0.074639
2 2 0.042310 0.049354 0.521515 0.315480 0.071342
2 2 0.039719 0.037563 0.459952 0.398345 0.064420
2 2 0.034592 0.040480 0.528088 0.335808 0.061032
2 2 0.032949 0.048167 0.592658 0.264395 0.061830
2 2 0.029806 0.056256 0.660185 0.193269 0.060484
2 2 0.029892 0.062467 0.680220 0.165548 0.061873
2 2 0.049473 0.069991 0.558941 0.241396 0.080199
2 2 0.071423 0.068555 0.445387 0.328592 0.086044
2 4 0.083844 0.074678 0.415373 0.334970 0.091135
2 4 0.108818 0.091444 0.373489 0.322948 0.103301
2 4 0.082708 0.121058 0.482774 0.199448 0.114012
2 4 0.063685 0.125216 0.558060 0.147929 0.105109
2 4 0.067873 0.106180 0.520470 0.197074 0.108404
2 4 0.058759 0.070351 0.492387 0.288628 0.089876
2 4 0.050435 0.049712 0.455553 0.367143 0.077157
2 2 0.043815 0.039529 0.440930 0.407321 0.068405
2 2 0.040738 0.045054 0.504505 0.341578 0.068124
2 2 0.033976 0.054850 0.618800 0.227452 0.064922
2 2 0.026744 0.072537 0.725986 0.115357 0.059377
2 2 0.035456 0.089581 0.681178 0.122254 0.071531
2 2 0.036929 0.081998 0.662488 0.146225 0.072360
2 2 0.041026 0.065481 0.595738 0.223873 0.073882
2 2 0.039027 0.052075 0.555173 0.285245 0.068480
2 2 0.031609 0.049618 0.608975 0.249336 0.060462
2 2 0.022159 0.051880 0.717313 0.158701 0.049947
2 2 0.016854 0.055680 0.784274 0.100225 0.042967
2 2 0.013135 0.056772 0.824662 0.068385 0.037046
2 2 0.012052 0.057926 0.836411 0.058392 0.035219
2 2 0.012553 0.059449 0.832273 0.059514 0.036209
2 2 0.014410 0.060975 0.815238 0.069867 0.039510
2 2 0.017784 0.062046 0.784335 0.090799 0.045035
2 2 0.018993 0.061863 0.773447 0.098761 0.046936
2 2 0.030306 0.068013 0.684266 0.154843 0.062571
2 2 0.048360 0.064798 0.535158 0.271988 0.079696
2 2 0.039900 0.048973 0.533050 0.309565 0.068512
2 2 0.039374 0.037620 0.463216 0.395639 0.064150
2 2 0.034154 0.031853 0.465786 0.410485 0.057722
2 2 0.030863 0.034013 0.516596 0.363127 0.055400
2 2 0.025762 0.039567 0.618422 0.264312 0.051937
2 2 0.021787 0.043032 0.688940 0.198090 0.048151
2 2 0.017590 0.047544 0.759091 0.132508 0.043267
2 2 0.015694 0.050901 0.789733 0.102853 0.040819
2 2 0.013744 0.054229 0.817100 0.076889 0.038038
2 2 0.012052 0.053866 0.835677 0.063209 0.035196
2 2 0.015402 0.061569 0.809918 0.071435 0.041677
2 2 0.028243 0.066665 0.702738 0.141977 0.060378
2 2 0.034005 0.057337 0.626966 0.216324 0.065368
2 2 0.042661 0.049199 0.511667 0.325499 0.070974
2 2 0.043996 0.049393 0.498913 0.335881 0.071816
2 2 0.038008 0.059657 0.595482 0.237569 0.069284
2 2 0.026683 0.069113 0.716473 0.129447 0.058284
2 2 0.025428 0.074591 0.735635 0.106915 0.057431
2 2 0.020700 0.077766 0.776746 0.073405 0.051384
4 4 0.143634 0.179244 0.261968 0.112654 0.302499
4 4 0.134846 0.186688 0.241796 0.084052 0.352619
4 4 0.148781 0.182833 0.190979 0.081538 0.395869
4 4 0.144708 0.197177 0.149216 0.052346 0.456553
4 4 0.138216 0.204523 0.202335 0.063107 0.391820
4 4 0.135461 0.208195 0.214288 0.062260 0.379796
4 4 0.123197 0.197853 0.291567 0.081890 0.305494
2 4 0.116035 0.186653 0.337362 0.097849 0.262100
2 4 0.097098 0.161887 0.424054 0.123906 0.193055
2 4 0.104548 0.172076 0.392171 0.115253 0.215952
2 4 0.120627 0.187851 0.322342 0.099842 0.269337
4 4 0.150654 0.192159 0.204664 0.083691 0.368832
4 4 0.152889 0.196985 0.168627 0.067227 0.414272
4 4 0.150815 0.197048 0.139451 0.053470 0.459216
4 4 0.149468 0.195616 0.135729 0.051596 0.467591
4 4 0.152019 0.191789 0.146097 0.059560 0.450536
4 4 0.157188 0.196919 0.181872 0.077666 0.386355
4 4 0.132392 0.199064 0.279030 0.092351 0.297163
2 4 0.096104 0.178115 0.421915 0.106957 0.196909
2 4 0.064913 0.145356 0.559025 0.112989 0.117717
2 4 0.045265 0.124291 0.647399 0.096992 0.086054
2 4 0.043477 0.136574 0.655316 0.078232 0.086401
2 4 0.053972 0.167810 0.590598 0.067589 0.120030
2 4 0.070516 0.203991 0.491235 0.058582 0.175675
2 4 0.088991 0.214600 0.416550 0.065792 0.214066
2 4 0.107389 0.221151 0.340761 0.067155 0.263545
2 4 0.113712 0.222056 0.318482 0.067370 0.278380
2 4 0.109384 0.222428 0.329795 0.064578 0.273815
2 4 0.092036 0.216120 0.407970 0.065965 0.217909
2 4 0.064501 0.194704 0.531948 0.060973 0.147875
2 1 0.041708 0.152971 0.657313 0.059598 0.088410
2 1 0.032083 0.130199 0.710163 0.056934 0.070621
2 1 0.027269 0.107774 0.738485 0.063787 0.062686
2 1 0.025414 0.090730 0.746723 0.078353 0.058779
2 1 0.025947 0.075619 0.731494 0.108888 0.058051
2 1 0.023992 0.065557 0.732620 0.123574 0.054257
2 1 0.025105 0.061671 0.714834 0.143166 0.055224
2 1 0.023711 0.062488 0.730852 0.129285 0.053665
2 2 0.025958 0.068628 0.723498 0.124403 0.057512
2 2 0.041961 0.076473 0.616428 0.188513 0.076625
2 2 0.046146 0.065761 0.560354 0.249122 0.078618
2 2 0.038977 0.051705 0.564954 0.275741 0.068623
2 2 0.036194 0.043328 0.539439 0.316975 0.064065
2 2 0.031308 0.043996 0.590546 0.274683 0.059467
2 2 0.025004 0.054024 0.699826 0.166725 0.054421
2 2 0.022536 0.056851 0.731110 0.137989 0.051514
2 2 0.019846 0.056337 0.755996 0.120197 0.047624
2 2 0.018772 0.057159 0.768299 0.109631 0.046139
2 2 0.018152 0.060568 0.779604 0.096138 0.045537
2 2 0.017332 0.062855 0.790087 0.085245 0.044481
2 2 0.017548 0.062170 0.787315 0.088208 0.044758
2 2 0.017014 0.058702 0.788063 0.092617 0.043603
2 2 0.017039 0.053821 0.779572 0.106449 0.043119
2 2 0.015143 0.053701 0.799424 0.091640 0.040091
2 2 0.014969 0.056499 0.804948 0.083545 0.040039
2 2 0.014088 0.059506 0.817486 0.070026 0.038894
2 2 0.016165 0.062488 0.801279 0.077376 0.042691
2 0 0.018882 0.068733 0.783120 0.081717 0.047548
2 0 0.041651 0.086335 0.645834 0.154878 0.071301
2 1 0.097645 0.095453 0.429489 0.286923 0.090490
3 1 0.152252 0.082188 0.262931 0.407691 0.094937
3 1 0.153899 0.065423 0.222438 0.470254 0.087986
3 1 0.111821 0.049334 0.247109 0.513837 0.077899
3 1 0.074134 0.035635 0.281024 0.542834 0.066373
3 1 0.058005 0.033275 0.327380 0.517518 0.063822
3 1 0.045148 0.035418 0.411553 0.444618 0.063263
2 1 0.037301 0.039793 0.499673 0.359851 0.063382
2 1 0.032272 0.038563 0.537943 0.332949 0.058273
2 1 0.028955 0.042814 0.603055 0.268891 0.056286
2 1 0.024808 0.049762 0.683832 0.188417 0.053181
2 2 0.022554 0.057738 0.732396 0.135720 0.051592
2 2 0.020014 0.063564 0.767593 0.100070 0.048759
2 2 0.020857 0.067616 0.765747 0.095319 0.050462
2 2 0.019001 0.067961 0.782749 0.082448 0.047841
2 2 0.022705 0.073603 0.758047 0.091766 0.053878
2 2 0.041969 0.083127 0.630637 0.166410 0.077857
2 2 0.038783 0.071106 0.629530 0.187705 0.072876
2 2 0.039598 0.055980 0.572030 0.262003 0.070389
2 2 0.038899 0.049131 0.541542 0.302846 0.067581
2 2 0.033255 0.050269 0.597771 0.256267 0.062438
2 2 0.028749 0.056390 0.666802 0.189128 0.058931
2 2 0.029461 0.059466 0.669703 0.181112 0.060258
2 2 0.031416 0.064077 0.665650 0.175589 0.063268
2 2 0.033126 0.066527 0.656979 0.177875 0.065492
2 2 0.034653 0.069320 0.651395 0.177044 0.067588
2 2 0.030850 0.065947 0.673949 0.166477 0.062778
2 2 0.028124 0.058455 0.677373 0.177681 0.058368
2 2 0.025493 0.052322 0.682359 0.185694 0.054132
2 2 0.026552 0.046892 0.647066 0.225236 0.054254
2 2 0.028562 0.041858 0.595696 0.278704 0.055179
2 2 0.030491 0.034095 0.521163 0.359187 0.055064
3 2 0.030749 0.025509 0.438901 0.452556 0.052285
3 2 0.031484 0.018626 0.348631 0.554521 0.046738
3 2 0.033017 0.012579 0.245051 0.671013 0.038340
3 2 0.034278 0.009911 0.190967 0.731448 0.033395
3 2 0.033828 0.007405 0.147674 0.783927 0.027166
3 2 0.033754 0.006256 0.127518 0.809248 0.023224
3 2 0.032045 0.004684 0.102557 0.842677 0.018036
3 2 0.029422 0.003427 0.082565 0.870739 0.013847
3 3 0.026762 0.002369 0.063040 0.897763 0.010066
3 3 0.024858 0.001604 0.045912 0.920549 0.007077
3 3 0.024761 0.001223 0.035057 0.933550 0.005410
3 3 0.024884 0.001000 0.028426 0.941279 0.004412
3 3 0.025231 0.000899 0.025160 0.944768 0.003941
3 3 0.024898 0.000806 0.022774 0.947970 0.003552
3 3 0.023474 0.000688 0.020488 0.952238 0.003112
3 3 0.021495 0.000559 0.018004 0.957313 0.002629
3 3 0.020093 0.000477 0.016319 0.960799 0.002312
3 3 0.019253 0.000431 0.015327 0.962859 0.002130
3 3 0.019360 0.000437 0.015441 0.962611 0.002152
3 3 0.020154 0.000463 0.015768 0.961376 0.002239
3 3 0.021214 0.000509 0.016566 0.959303 0.002408
3 3 0.022400 0.000555 0.017165 0.957321 0.002560
3 3 0.023054 0.000576 0.017337 0.956412 0.002621
3 3 0.023688 0.000583 0.017106 0.956002 0.002621
3 3 0.024186 0.000586 0.016858 0.955760 0.002610
3 3 0.023343 0.000525 0.015565 0.958193 0.002374
3 3 0.021332 0.000442 0.014208 0.961940 0.002079
3 3 0.019295 0.000364 0.012814 0.965736 0.001791
3 3 0.019365 0.000368 0.012914 0.965545 0.001808
3 3 0.021416 0.000441 0.014130 0.961941 0.002072
3 3 0.024219 0.000554 0.015873 0.956892 0.002463
3 3 0.025497 0.000599 0.016378 0.954922 0.002603
3 3 0.025615 0.000613 0.016691 0.954423 0.002658
3 3 0.026075 0.000648 0.017363 0.953128 0.002786
3 3 0.028679 0.000805 0.019797 0.947402 0.003317
3 3 0.033334 0.001108 0.023736 0.937558 0.004264
3 3 0.039310 0.001639 0.030137 0.923068 0.005846
3 3 0.043281 0.002367 0.039792 0.906494 0.008066
3 3 0.048195 0.003623 0.054776 0.881707 0.011699
3 3 0.055337 0.005954 0.077660 0.843204 0.017845
3 3 0.072789 0.011371 0.109288 0.777263 0.029290
3 2 0.088450 0.017903 0.136114 0.716900 0.040634
3 2 0.096663 0.020969 0.143112 0.694050 0.045205
3 2 0.082278 0.018175 0.147323 0.709889 0.042334
3 2 0.065036 0.013099 0.137006 0.749758 0.035100
3 2 0.051902 0.010374 0.136694 0.769915 0.031115
3 2 0.044646 0.010133 0.152612 0.760199 0.032410
3 2 0.039253 0.014603 0.240934 0.664468 0.040743
3 2 0.037393 0.017105 0.286989 0.614343 0.044170
3 2 0.036706 0.019187 0.320166 0.577810 0.046131
3 2 0.037808 0.016960 0.284493 0.617628 0.043110
3 2 0.038190 0.015066 0.256009 0.650332 0.040403
3 2 0.040650 0.012238 0.200415 0.710382 0.036315
3 2 0.043430 0.011662 0.179438 0.730058 0.035412
3 2 0.045542 0.012732 0.185862 0.718519 0.037345
3 2 0.041904 0.016152 0.247051 0.651512 0.043381
3 2 0.037414 0.022234 0.345905 0.542568 0.051879
2 2 0.034397 0.030869 0.454889 0.422273 0.057572
2 2 0.035572 0.038500 0.502460 0.362379 0.061089
2 2 0.036508 0.043431 0.529157 0.327224 0.063681
2 2 0.041249 0.047496 0.515039 0.326837 0.069379
3 2 0.072539 0.045910 0.344632 0.465035 0.071884
3 2 0.118513 0.035610 0.189064 0.597917 0.058895
3 0 0.157529 0.034979 0.139513 0.613322 0.054658
3 0 0.228368 0.041655 0.106530 0.567901 0.055546
3 1 0.279061 0.062229 0.114768 0.475020 0.068922
3 1 0.313201 0.087116 0.121788 0.382296 0.095600
3 1 0.194515 0.108880 0.240100 0.335056 0.121450
2 1 0.090633 0.089893 0.413332 0.295800 0.110343
2 1 0.065772 0.057309 0.406675 0.379084 0.091160
3 1 0.052473 0.044183 0.410178 0.416617 0.076548
2 2 0.037930 0.043052 0.513212 0.341034 0.064772
2 2 0.027426 0.049548 0.654432 0.212420 0.056174
2 2 0.022611 0.056537 0.728288 0.141121 0.051444
2 2 0.018261 0.060603 0.778701 0.096717 0.045718
2 2 0.017495 0.062862 0.788385 0.086545 0.044713
2 2 0.019054 0.063011 0.773680 0.097204 0.047052
2 2 0.022971 0.060704 0.732965 0.131030 0.052330
2 2 0.025610 0.054944 0.692202 0.172338 0.054905
2 2 0.025910 0.050709 0.674168 0.194670 0.054543
2 2 0.025325 0.049136 0.673996 0.197998 0.053545
2 2 0.024762 0.047991 0.675559 0.199016 0.052672
2 2 0.027627 0.044895 0.627887 0.244349 0.055242
2 2 0.031324 0.037454 0.536534 0.337909 0.056779
2 2 0.030985 0.030171 0.483177 0.401366 0.054302
3 2 0.031824 0.026413 0.437355 0.450815 0.053592
3 2 0.033380 0.028333 0.441188 0.441385 0.055714
2 2 0.036842 0.033993 0.458313 0.410065 0.060787
2 2 0.033376 0.051518 0.608531 0.243169 0.063406
2 2 0.034833 0.073965 0.666354 0.155572 0.069276
2 2 0.046882 0.049386 0.477813 0.351712 0.074207
2 2 0.038889 0.034015 0.440647 0.423956 0.062492
3 2 0.036698 0.024081 0.369616 0.515312 0.054294
3 2 0.034036 0.016759 0.303043 0.601705 0.044458
3 2 0.032538 0.015878 0.302259 0.606501 0.042824
3 2 0.029764 0.019508 0.378902 0.525597 0.046229
2 2 0.028187 0.024977 0.461772 0.435263 0.049802
2 2 0.028473 0.031330 0.521115 0.366795 0.052286
2 2 0.030363 0.032236 0.507736 0.375271 0.054393
2 2 0.032316 0.031610 0.481981 0.398088 0.056005
3 2 0.034015 0.027518 0.426847 0.455721 0.055899
3 2 0.033212 0.026168 0.420661 0.465318 0.054640
3 2 0.033867 0.024994 0.402521 0.484491 0.054127
3 2 0.034505 0.025517 0.402774 0.482565 0.054638
3 2 0.038066 0.024074 0.359510 0.523828 0.054522
3 2 0.038726 0.021180 0.323609 0.565013 0.051472
3 2 0.038272 0.019671 0.308875 0.583504 0.049678
3 2 0.035070 0.020906 0.347554 0.546174 0.050295
3 2 0.033153 0.024919 0.407519 0.480403 0.054006
2 2 0.032381 0.032867 0.491818 0.386455 0.056479
2 2 0.034408 0.040781 0.527685 0.336519 0.060607
2 2 0.030672 0.053932 0.640037 0.214683 0.060676
2 2 0.027676 0.066804 0.705783 0.140276 0.059461
2 2 0.027020 0.088832 0.735225 0.088105 0.060818
2 2 0.031275 0.090976 0.707818 0.103542 0.066389
2 1 0.035417 0.074430 0.657990 0.162805 0.069358
2 1 0.042985 0.047640 0.495490 0.343617 0.070268
2 1 0.036978 0.032685 0.446537 0.423372 0.060427
2 1 0.030288 0.028122 0.471286 0.417372 0.052931
2 2 0.029856 0.032277 0.513588 0.370361 0.053918
2 2 0.031575 0.041055 0.561845 0.307222 0.058303
2 2 0.034100 0.055332 0.616044 0.229719 0.064805
2 2 0.038212 0.070123 0.632499 0.186906 0.072260
2 2 0.043051 0.089013 0.638280 0.149020 0.080636
2 2 0.045050 0.102308 0.642465 0.125507 0.084671
2 2 0.052786 0.113592 0.611054 0.128776 0.093792
2 4 0.050580 0.108858 0.617980 0.131636 0.090946
2 4 0.055778 0.115953 0.596231 0.135562 0.096476
2 4 0.046417 0.115726 0.640222 0.110815 0.086819
2 4 0.037599 0.129098 0.684297 0.071393 0.077612
2 4 0.036798 0.151265 0.681051 0.053367 0.077518
0 4 0.252780 0.183574 0.199767 0.197155 0.166723
0 4 0.264804 0.177213 0.168577 0.183434 0.205972
2 4 0.171912 0.187742 0.261155 0.144835 0.234355
2 4 0.125014 0.174134 0.354907 0.143180 0.202766
2 4 0.123481 0.187173 0.362500 0.126160 0.200685
2 4 0.091133 0.210003 0.438070 0.075615 0.185180
2 4 0.063524 0.182925 0.553789 0.071562 0.128200
2 4 0.049391 0.144621 0.629618 0.084539 0.091831
2 4 0.046692 0.135775 0.641426 0.087809 0.088298
2 4 0.034506 0.121487 0.699046 0.071926 0.073035
2 4 0.030606 0.123032 0.718682 0.059560 0.068120
2 4 0.042520 0.159464 0.649961 0.056332 0.091723
2 4 0.064736 0.204815 0.500877 0.048691 0.180880
2 4 0.091799 0.224027 0.343038 0.046457 0.294679
4 4 0.126089 0.219124 0.228938 0.053623 0.372225
4 4 0.154844 0.198452 0.143540 0.057694 0.445470
4 4 0.148141 0.194865 0.133854 0.050200 0.472940
4 4 0.144436 0.192669 0.128721 0.046510 0.487664
4 4 0.150183 0.196013 0.136747 0.052364 0.464693
4 4 0.160685 0.198382 0.150814 0.064982 0.425137
4 4 0.208505 0.194463 0.140253 0.083545 0.373233
4 4 0.215042 0.193791 0.126622 0.074960 0.389584
4 4 0.210303 0.191744 0.114002 0.062997 0.420955
4 4 0.170183 0.187097 0.107328 0.045193 0.490198
4 4 0.122537 0.177082 0.100925 0.029465 0.569991
4 4 0.109586 0.166042 0.086147 0.022172 0.616053
4 4 0.108239 0.164822 0.084672 0.021504 0.620763
4 4 0.116080 0.171736 0.093422 0.025622 0.593140
4 4 0.130500 0.183225 0.110581 0.034862 0.540832
4 4 0.137546 0.188221 0.119538 0.040354 0.514342
4 4 0.146349 0.199419 0.145735 0.051435 0.457062
4 4 0.149639 0.190360 0.183124 0.073957 0.402920
4 4 0.133671 0.193447 0.249353 0.082208 0.341321
4 4 0.120706 0.213102 0.254931 0.058690 0.352571
4 4 0.122076 0.213002 0.192158 0.041875 0.430889
4 4 0.123561 0.205139 0.164092 0.038634 0.468574
4 4 0.125489 0.190840 0.126838 0.034465 0.522369
4 4 0.122114 0.193521 0.133518 0.033497 0.517349
4 4 0.123681 0.192278 0.130367 0.033945 0.519729
4 4 0.141777 0.204407 0.160451 0.051025 0.442340
4 4 0.152929 0.195300 0.174209 0.070611 0.406951
4 4 0.148844 0.195089 0.210718 0.082166 0.363183
4 4 0.142653 0.198453 0.177539 0.060260 0.421096
4 4 0.138491 0.206952 0.184650 0.055157 0.414750
4 4 0.137465 0.199918 0.147305 0.045248 0.470064
4 4 0.136320 0.189529 0.122423 0.040103 0.511626
4 4 0.114612 0.170476 0.091755 0.024807 0.598349
4 4 0.106294 0.163038 0.082559 0.020567 0.627541
4 4 0.117920 0.173291 0.095531 0.026672 0.586586
4 4 0.134637 0.186211 0.115791 0.037997 0.525364
4 4 0.141490 0.190822 0.124739 0.043773 0.499175
4 4 0.139372 0.203629 0.157982 0.048672 0.450344
4 4 0.119698 0.213676 0.195302 0.040641 0.430683
4 4 0.103440 0.224003 0.263404 0.039181 0.369971
2 4 0.079609 0.220685 0.411756 0.044357 0.243592
2 1 0.042724 0.168515 0.639569 0.048016 0.101177
2 1 0.034407 0.145809 0.693966 0.051444 0.074374
2 1 0.032451 0.118319 0.710085 0.068834 0.070310
2 1 0.031527 0.104041 0.713970 0.082340 0.068122
2 1 0.034326 0.102574 0.697588 0.093961 0.071552
2 1 0.039336 0.113934 0.674555 0.093598 0.078578
2 1 0.040720 0.127011 0.669655 0.081398 0.081216
2 1 0.037881 0.136142 0.681657 0.065493 0.078827
2 1 0.036090 0.142159 0.686663 0.056435 0.078652
2 1 0.036843 0.138102 0.686006 0.061371 0.077679
2 1 0.033375 0.124526 0.705633 0.064332 0.072134
2 1 0.030577 0.108265 0.720998 0.072739 0.067422
2 1 0.025785 0.095533 0.747015 0.071750 0.059918
2 1 0.022072 0.091718 0.769933 0.062013 0.054264
2 1 0.017834 0.094589 0.796626 0.043165 0.047786
2 1 0.016114 0.101538 0.804524 0.032593 0.045231
2 1 0.015271 0.100600 0.809873 0.030551 0.043705
2 1 0.017856 0.096221 0.796230 0.041737 0.047955
2 1 0.018953 0.093604 0.789828 0.048058 0.049557
2 1 0.019871 0.099276 0.782817 0.046762 0.051274
2 1 0.020856 0.115258 0.771799 0.038452 0.053635
2 1 0.023108 0.128333 0.754224 0.036554 0.057781
2 1 0.038552 0.146367 0.675232 0.060417 0.079432
2 0 0.176591 0.145554 0.322672 0.242724 0.112459
0 0 0.369130 0.087721 0.099798 0.367634 0.075717
0 0 0.464061 0.071054 0.060768 0.341073 0.063045
0 0 0.473631 0.081795 0.064011 0.306427 0.074135
0 0 0.379593 0.102905 0.102453 0.308702 0.106348
0 0 0.324473 0.115308 0.131038 0.290056 0.139126
3 0 0.204374 0.123727 0.226414 0.285845 0.159639
2 0 0.116196 0.129648 0.367981 0.222904 0.163271
2 1 0.100706 0.115422 0.405815 0.238886 0.139170
2 1 0.080290 0.103062 0.468551 0.234471 0.113627
2 1 0.061618 0.088757 0.528006 0.224837 0.096782
2 1 0.064652 0.081236 0.494449 0.262243 0.097420
2 1 0.071045 0.087542 0.480022 0.257491 0.103900
2 1 0.078175 0.108311 0.484567 0.207826 0.121122
2 1 0.092374 0.155468 0.437876 0.124151 0.190131
2 1 0.109214 0.200912 0.334776 0.075326 0.279771
4 1 0.122473 0.219784 0.231459 0.050491 0.375793
4 1 0.128585 0.208268 0.173618 0.043574 0.445955
4 1 0.128569 0.203596 0.158639 0.041103 0.468092
4 4 0.133674 0.202597 0.155151 0.044010 0.464568
4 4 0.137800 0.204092 0.159436 0.047776 0.450896
4 4 0.139281 0.208446 0.174158 0.051893 0.426222
4 4 0.129700 0.216664 0.216200 0.055033 0.382403
4 4 0.135710 0.216625 0.217197 0.060643 0.369825
4 4 0.150089 0.213302 0.220396 0.076598 0.339614
4 4 0.179694 0.203361 0.215789 0.117009 0.284146
2 4 0.135395 0.190381 0.343769 0.142570 0.187884
2 4 0.043301 0.125568 0.656026 0.091359 0.083747
2 4 0.042078 0.083908 0.631713 0.164153 0.078149
2 4 0.038998 0.060122 0.589670 0.240811 0.070400
2 2 0.030140 0.056389 0.651640 0.201511 0.060320
2 2 0.018785 0.057211 0.766547 0.111471 0.045985
2 2 0.013199 0.062275 0.827673 0.059305 0.037548
2 2 0.009481 0.063352 0.861480 0.035049 0.030638
2 2 0.008741 0.064067 0.867814 0.030202 0.029176
2 2 0.009478 0.063994 0.861615 0.034210 0.030703
2 2 0.010724 0.063101 0.850667 0.042411 0.033097
2 2 0.011811 0.063181 0.840765 0.049123 0.035120
2 2 0.011942 0.062714 0.839277 0.050763 0.035303
2 2 0.011602 0.062804 0.842296 0.048634 0.034664
2 2 0.011155 0.061738 0.845971 0.047396 0.033740
2 2 0.011375 0.061106 0.843612 0.049820 0.034087
2 2 0.012451 0.060302 0.832973 0.058292 0.035982
2 2 0.014005 0.059369 0.817094 0.070927 0.038605
2 2 0.015963 0.058702 0.796826 0.086755 0.041754
2 2 0.018111 0.058348 0.774785 0.103709 0.045046
2 2 0.020381 0.057585 0.750408 0.123375 0.048252
2 2 0.020294 0.056118 0.748207 0.127417 0.047964
2 2 0.019586 0.052964 0.748092 0.132790 0.046568
2 2 0.018610 0.049629 0.750336 0.136646 0.044779
2 2 0.019726 0.046015 0.725170 0.163272 0.045817
2 2 0.020410 0.043098 0.704555 0.185688 0.046249
2 2 0.022989 0.040157 0.655229 0.232819 0.048806
2 2 0.025294 0.037661 0.608166 0.278167 0.050713
2 2 0.027192 0.033331 0.552114 0.335824 0.051539
2 2 0.027580 0.028972 0.510422 0.382348 0.050679
3 2 0.031104 0.023348 0.415633 0.480599 0.049317
3 2 0.034832 0.019869 0.344471 0.554912 0.045917
3 2 0.037755 0.019149 0.313949 0.583586 0.045561
3 2 0.043325 0.032430 0.407387 0.458800 0.058058
3 2 0.093515 0.027006 0.186648 0.640149 0.052682
3 2 0.052442 0.007104 0.096374 0.822410 0.021670
3 3 0.035076 0.002739 0.056344 0.895566 0.010275
3 3 0.027235 0.001485 0.038930 0.926066 0.006285
3 3 0.021959 0.000857 0.027388 0.945792 0.004004
3 3 0.022011 0.000774 0.024622 0.948983 0.003611
3 3 0.021558 0.000693 0.022434 0.952051 0.003264
3 3 0.020689 0.000619 0.020788 0.954935 0.002970
3 3 0.020503 0.000596 0.020141 0.955894 0.002867
3 3 0.020392 0.000579 0.019679 0.956555 0.002795
3 3 0.019742 0.000523 0.018262 0.958915 0.002558
3 3 0.018965 0.000455 0.016458 0.961855 0.002267
3 3 0.018959 0.000427 0.015389 0.963102 0.002123
3 3 0.018973 0.000401 0.014433 0.964197 0.001995
3 3 0.018953 0.000386 0.013873 0.964870 0.001919
3 3 0.019082 0.000383 0.013680 0.964956 0.001899
3 3 0.020529 0.000441 0.014731 0.962185 0.002114
3 3 0.022769 0.000546 0.016607 0.957579 0.002498
3 3 0.025090 0.000683 0.019049 0.952184 0.002994
3 3 0.026857 0.000796 0.020867 0.948098 0.003383
3 3 0.027912 0.000865 0.021892 0.945719 0.003612
3 3 0.028382 0.000873 0.021764 0.945359 0.003621
3 3 0.027459 0.000797 0.020453 0.947938 0.003353
3 3 0.025662 0.000686 0.018709 0.951970 0.002974
3 3 0.023651 0.000591 0.017369 0.955730 0.002658
3 3 0.022328 0.000538 0.016668 0.957983 0.002483
3 3 0.022670 0.000563 0.017239 0.956943 0.002585
3 3 0.024389 0.000640 0.018316 0.953813 0.002842
3 3 0.026306 0.000728 0.019416 0.950429 0.003121
3 3 0.026684 0.000729 0.019184 0.950298 0.003106
3 3 0.025735 0.000673 0.018291 0.952389 0.002913
3 3 0.023212 0.000551 0.016476 0.957259 0.002502
3 3 0.021435 0.000471 0.015122 0.960757 0.002215
3 3 0.020501 0.000428 0.014299 0.962721 0.002052
3 3 0.021574 0.000471 0.015039 0.960707 0.002209
3 3 0.022891 0.000530 0.016026 0.958134 0.002419
3 3 0.024825 0.000622 0.017482 0.954332 0.002739
3 3 0.025799 0.000668 0.018108 0.952538 0.002888
3 3 0.026044 0.000676 0.018184 0.952181 0.002913
3 3 0.025738 0.000646 0.017552 0.953266 0.002798
3 3 0.025771 0.000633 0.017150 0.953708 0.002737
3 3 0.026132 0.000635 0.016977 0.953527 0.002729
3 3 0.026520 0.000655 0.017274 0.952756 0.002795
3 3 0.028569 0.000758 0.018674 0.948872 0.003127
3 3 0.033237 0.001041 0.022330 0.939382 0.004011
3 3 0.041786 0.001664 0.028829 0.921953 0.005768
3 3 0.059118 0.003299 0.040886 0.887009 0.009688
3 3 0.088033 0.007418 0.061132 0.825614 0.017802
3 0 0.132152 0.016313 0.085067 0.735232 0.031236
3 0 0.146189 0.025053 0.111782 0.672618 0.044358
3 1 0.111326 0.024916 0.147914 0.668534 0.047309
3 1 0.084857 0.015002 0.121104 0.743576 0.035461
3 1 0.066890 0.009393 0.099451 0.798883 0.025383
3 1 0.069071 0.008549 0.088484 0.811029 0.022868
3 1 0.086690 0.010568 0.086693 0.790807 0.025242
3 1 0.121114 0.016455 0.093550 0.736040 0.032842
3 1 0.140381 0.026287 0.121073 0.665018 0.047241
3 1 0.117808 0.039293 0.199016 0.576261 0.067621
3 1 0.087672 0.046138 0.289513 0.499269 0.077408
3 1 0.064810 0.051063 0.380823 0.418382 0.084921
3 1 0.059549 0.046453 0.381551 0.430180 0.082267
3 1 0.056577 0.038674 0.352651 0.474969 0.077129
3 1 0.047531 0.030099 0.346227 0.510636 0.065507
3 1 0.040594 0.029389 0.387154 0.480998 0.061865
3 1 0.041522 0.034048 0.419368 0.440469 0.064593
2 1 0.045059 0.042663 0.451221 0.390637 0.070420
2 1 0.047472 0.058046 0.517892 0.299038 0.077552
2 1 0.046940 0.076175 0.584885 0.210332 0.081669
2 1 0.048110 0.097469 0.615050 0.153225 0.086146
2 1 0.046278 0.108269 0.634723 0.123767 0.086964
2 1 0.046548 0.112984 0.634357 0.115046 0.091066
2 1 0.049522 0.101461 0.612785 0.148008 0.088226
2 1 0.048599 0.084581 0.593064 0.188981 0.084776
2 1 0.046345 0.066991 0.562191 0.245338 0.079136
2 1 0.047174 0.057880 0.520581 0.296962 0.077402
2 1 0.047110 0.057216 0.517537 0.301042 0.077095
2 1 0.043459 0.062024 0.564474 0.254792 0.075250
2 1 0.040405 0.070745 0.615203 0.199383 0.074265
2 1 0.037651 0.078736 0.653141 0.157642 0.072830
2 1 0.041169 0.091312 0.649473 0.139605 0.078442
2 1 0.046829 0.109380 0.634991 0.122118 0.086682
2 1 0.064370 0.144386 0.551050 0.104607 0.135588
2 4 0.087459 0.182945 0.431244 0.085760 0.212592
4 4 0.122170 0.197512 0.289271 0.083300 0.307748
4 4 0.137934 0.205800 0.216953 0.069328 0.369985
4 4 0.140991 0.211678 0.195169 0.060927 0.391236
4 4 0.121788 0.219935 0.249056 0.057703 0.351519
2 4 0.113265 0.217265 0.306605 0.066228 0.296638
2 4 0.087208 0.181698 0.448302 0.091478 0.191314
2 4 0.061857 0.138918 0.569042 0.112361 0.117822
2 4 0.048771 0.112673 0.625203 0.124733 0.088619
2 4 0.042061 0.113547 0.659707 0.103169 0.081516
2 4 0.026785 0.112966 0.740952 0.056872 0.062425
2 4 0.023047 0.127099 0.754913 0.037405 0.057536
2 4 0.021912 0.125783 0.761445 0.035033 0.055827
2 4 0.031533 0.149930 0.696584 0.041204 0.080750
2 4 0.041617 0.158684 0.646207 0.053007 0.100485
2 4 0.051737 0.176386 0.588719 0.055311 0.127847
2 4 0.049280 0.173315 0.601933 0.054155 0.121317
2 4 0.049150 0.179588 0.599398 0.050995 0.120868
2 4 0.042154 0.164659 0.643274 0.051213 0.098701
2 4 0.037759 0.137660 0.680371 0.063566 0.080644
2 4 0.031976 0.106532 0.712692 0.079752 0.069048
2 1 0.029321 0.084941 0.718287 0.103759 0.063691
2 1 0.023689 0.072125 0.747029 0.102282 0.054875
2 1 0.019788 0.069667 0.776620 0.084879 0.049046
2 1 0.015147 0.069492 0.814973 0.058779 0.041610
2 2 0.012905 0.068863 0.833060 0.047581 0.037591
2 2 0.012663 0.067909 0.834671 0.047713 0.037043
2 2 0.013563 0.066272 0.826370 0.055289 0.038506
2 2 0.014557 0.067539 0.818238 0.059349 0.040316
2 2 0.015947 0.075477 0.809559 0.055757 0.043260
2 2 0.019307 0.088677 0.787030 0.055359 0.049627
2 2 0.026975 0.104820 0.739596 0.066664 0.061946
2 2 0.030621 0.099124 0.716986 0.086868 0.066401
2 2 0.031380 0.089312 0.706701 0.106110 0.066497
2 2 0.031833 0.079299 0.692689 0.130245 0.065934
2 2 0.025934 0.077040 0.733141 0.105709 0.058176
2 2 0.021381 0.077975 0.767823 0.081035 0.051787
2 2 0.019318 0.081383 0.784432 0.065988 0.048879
2 2 0.019823 0.084485 0.781455 0.064387 0.049850
2 2 0.019398 0.084823 0.784578 0.061976 0.049224
2 2 0.016894 0.084655 0.802398 0.050814 0.045239
2 2 0.014346 0.083872 0.820537 0.040362 0.040883
2 2 0.012533 0.083674 0.833344 0.032828 0.037621
2 2 0.012504 0.085354 0.833043 0.031419 0.037680
2 2 0.012867 0.086686 0.830128 0.031889 0.038430
2 2 0.014102 0.085952 0.822102 0.037192 0.040653
2 2 0.015348 0.081247 0.814270 0.046549 0.042587
2 2 0.017365 0.074625 0.798125 0.064383 0.045502
2 2 0.020997 0.067602 0.762564 0.098427 0.050411
2 2 0.025584 0.061233 0.710199 0.147129 0.055855
2 2 0.027636 0.056175 0.676644 0.181959 0.057585
2 2 0.027581 0.052928 0.665659 0.196900 0.056932
2 2 0.027064 0.050737 0.662361 0.203918 0.055919
2 2 0.026155 0.051593 0.677195 0.189869 0.055188
2 2 0.027312 0.057871 0.688881 0.168074 0.057862
2 2 0.051786 0.075985 0.561213 0.229051 0.081964
3 0 0.131703 0.068711 0.268273 0.441526 0.089787
3 0 0.114426 0.057963 0.273422 0.472198 0.081991
3 0 0.081097 0.041124 0.289461 0.517609 0.070710
3 1 0.063643 0.025671 0.249016 0.605438 0.056233
3 1 0.057395 0.018782 0.211245 0.665682 0.046896
3 1 0.058227 0.019896 0.220303 0.653760 0.047813
3 1 0.069670 0.025816 0.233439 0.616526 0.054549
3 1 0.057149 0.035882 0.349110 0.492237 0.065623
2 1 0.040104 0.036753 0.451064 0.407614 0.064465
2 1 0.037038 0.033137 0.449710 0.419472 0.060643
2 2 0.034020 0.033324 0.479264 0.395284 0.058109
2 2 0.031739 0.037654 0.533663 0.339708 0.057237
2 2 0.030272 0.043328 0.584640 0.284551 0.057210
2 2 0.026618 0.050961 0.664501 0.202770 0.055149
2 2 0.022593 0.056752 0.726023 0.143473 0.051159
2 2 0.020550 0.061901 0.756902 0.111655 0.048992
2 2 0.017201 0.064298 0.791504 0.082752 0.044245
2 2 0.015657 0.067439 0.807986 0.066866 0.042052
2 2 0.014182 0.068431 0.821830 0.055813 0.039744
2 2 0.014927 0.071760 0.817723 0.054146 0.041444
2 2 0.018666 0.080142 0.791788 0.061109 0.048295
2 2 0.055184 0.102667 0.585415 0.166739 0.089995
3 2 0.129238 0.092222 0.315883 0.355025 0.107632
2 2 0.088587 0.087865 0.411099 0.306129 0.106320
2 2 0.060690 0.078515 0.506742 0.260538 0.093514
2 2 0.054813 0.073159 0.525068 0.259401 0.087559
2 2 0.042552 0.066956 0.585692 0.229550 0.075249
2 2 0.025338 0.057231 0.701216 0.161344 0.054872
2 2 0.017459 0.054090 0.774949 0.109779 0.043723
2 2 0.019131 0.055311 0.759897 0.119316 0.046345
2 2 0.021680 0.055940 0.734703 0.137713 0.049965
2 2 0.023719 0.053082 0.705084 0.165920 0.052195
2 2 0.023455 0.051790 0.703817 0.169266 0.051673
2 2 0.020896 0.051004 0.729952 0.149880 0.048268
2 2 0.019215 0.050425 0.748107 0.136299 0.045954
2 2 0.019842 0.051787 0.746169 0.135067 0.047136
2 2 0.021506 0.049672 0.722670 0.156938 0.049214
2 2 0.024883 0.053214 0.698489 0.169273 0.054140
2 2 0.037246 0.057142 0.595299 0.242009 0.068305
2 2 0.036824 0.058735 0.606429 0.229623 0.068390
2 2 0.042306 0.059157 0.563187 0.261730 0.073621
2 2 0.039774 0.068615 0.616696 0.201367 0.073548
