4 0 0.184388 0.297171 0.071024 0.002892 0.444525
4 0 0.131559 0.312288 0.070279 0.002514 0.483360
4 0 0.065989 0.311457 0.068189 0.002445 0.551921
1 0 0.044256 0.577663 0.115141 0.002775 0.260165
1 0 0.022006 0.566764 0.121784 0.002566 0.286879
1 1 0.016388 0.514410 0.118858 0.002817 0.347525
1 0 0.017541 0.522452 0.122787 0.003871 0.333349
4 0 0.014224 0.371513 0.113656 0.002877 0.497730
4 0 0.015193 0.347027 0.185124 0.005649 0.447006
4 0 0.014893 0.335613 0.205688 0.006272 0.437534
4 1 0.014950 0.332743 0.227304 0.006801 0.418202
4 1 0.015390 0.325994 0.249967 0.007552 0.401096
4 1 0.015678 0.309858 0.297983 0.009474 0.367007
4 1 0.016014 0.301894 0.289038 0.011189 0.381865
4 1 0.016150 0.292372 0.266806 0.009701 0.414971
4 1 0.015563 0.296700 0.246084 0.008170 0.433483
4 1 0.015934 0.265193 0.243731 0.007926 0.467215
4 1 0.016902 0.235615 0.285179 0.010365 0.451938
4 1 0.017217 0.207873 0.311333 0.011726 0.451850
4 1 0.017766 0.206464 0.359306 0.013952 0.402513
4 1 0.016114 0.227601 0.328680 0.012478 0.415128
2 1 0.015755 0.234142 0.418385 0.014334 0.317384
2 1 0.015519 0.254119 0.398273 0.013699 0.318390
2 1 0.016558 0.268575 0.443932 0.016247 0.254688
2 1 0.019647 0.331249 0.340314 0.015873 0.292917
1 1 0.023405 0.364321 0.311738 0.016921 0.283616
1 1 0.026846 0.435487 0.234908 0.014151 0.288608
1 2 0.027539 0.359891 0.340218 0.017507 0.254844
2 2 0.029573 0.278444 0.426105 0.022230 0.243648
2 2 0.024715 0.189537 0.624131 0.027954 0.133663
2 2 0.023422 0.206824 0.579921 0.023176 0.166657
2 2 0.017636 0.113090 0.758011 0.027920 0.083343
2 2 0.017341 0.111290 0.787584 0.026794 0.056991
2 2 0.017785 0.116822 0.771732 0.031590 0.062070
2 2 0.018639 0.133814 0.744468 0.033628 0.069452
2 2 0.019628 0.120314 0.749175 0.042729 0.068153
2 2 0.019331 0.098989 0.771456 0.054647 0.055577
2 2 0.019216 0.067698 0.777819 0.089791 0.045476
2 2 0.019495 0.075613 0.778934 0.078075 0.047883
2 2 0.021883 0.092503 0.749743 0.078174 0.057698
2 2 0.022611 0.083215 0.766309 0.078021 0.049844
2 3 0.023856 0.051173 0.718240 0.166093 0.040637
2 3 0.025142 0.039044 0.624837 0.272998 0.037980
3 3 0.026878 0.031840 0.420850 0.479167 0.041265
3 3 0.031165 0.035152 0.394213 0.495215 0.044255
3 3 0.035693 0.040065 0.377566 0.497972 0.048704
3 3 0.039865 0.044568 0.363614 0.499323 0.052629
3 3 0.041590 0.046425 0.358171 0.499606 0.054208
3 3 0.041674 0.046515 0.357913 0.499615 0.054284
3 3 0.042766 0.047688 0.354560 0.499715 0.055270
3 3 0.041080 0.045876 0.359763 0.499537 0.053744
3 3 0.041267 0.046078 0.359176 0.499564 0.053914
3 3 0.043231 0.048187 0.353154 0.499741 0.055687
3 3 0.042066 0.046936 0.356702 0.499658 0.054639
3 3 0.042830 0.047757 0.354365 0.499719 0.055328
3 3 0.045756 0.050894 0.345707 0.499719 0.057923
3 3 0.048525 0.053855 0.337895 0.499404 0.060321
3 3 0.050070 0.055504 0.333682 0.499108 0.061635
3 3 0.049196 0.054571 0.336054 0.499286 0.060893
3 3 0.049414 0.054804 0.335459 0.499244 0.061079
3 3 0.048035 0.053331 0.339254 0.499481 0.059900
3 3 0.045881 0.051028 0.345347 0.499711 0.058032
3 3 0.045038 0.050125 0.347793 0.499752 0.057292
3 3 0.047523 0.052784 0.340683 0.499551 0.059459
3 3 0.048323 0.053639 0.338455 0.499437 0.060147
3 3 0.048653 0.053991 0.337542 0.499383 0.060430
3 3 0.047413 0.052667 0.340991 0.499565 0.059364
3 3 0.047070 0.052299 0.341958 0.499605 0.059067
3 3 0.048249 0.053560 0.338659 0.499448 0.060084
3 3 0.048640 0.053977 0.337580 0.499385 0.060419
3 3 0.050555 0.056020 0.332383 0.498999 0.062044
3 3 0.051020 0.056516 0.331141 0.498887 0.062436
3 3 0.051616 0.057151 0.329565 0.498733 0.062935
3 3 0.053001 0.058624 0.325957 0.498333 0.064085
3 3 0.053168 0.058802 0.325527 0.498281 0.064223
3 3 0.055529 0.061310 0.319547 0.497458 0.066155
3 3 0.055493 0.061272 0.319638 0.497472 0.066126
3 3 0.056590 0.062435 0.316926 0.497038 0.067011
3 3 0.056471 0.062310 0.317216 0.497087 0.066916
3 3 0.058738 0.064711 0.311725 0.496100 0.068726
3 3 0.059280 0.065285 0.310436 0.495845 0.069155
3 3 0.059320 0.065327 0.310341 0.495826 0.069186
3 3 0.059134 0.065129 0.310784 0.495914 0.069039
3 3 0.058767 0.064742 0.311655 0.496086 0.068749
3 3 0.056895 0.062758 0.316178 0.496912 0.067256
3 3 0.054596 0.060320 0.321886 0.497802 0.065396
3 3 0.054207 0.059906 0.322872 0.497938 0.065077
3 3 0.054970 0.060716 0.320947 0.497667 0.065700
3 3 0.053672 0.059337 0.324235 0.498119 0.064638
3 3 0.053988 0.059674 0.323427 0.498013 0.064898
3 3 0.052831 0.058443 0.326396 0.498385 0.063944
3 3 0.053608 0.059269 0.324398 0.498140 0.064585
3 3 0.053807 0.059481 0.323889 0.498074 0.064749
3 3 0.056489 0.062328 0.317173 0.497080 0.066930
3 3 0.055842 0.061642 0.318772 0.497337 0.066408
3 3 0.058211 0.064153 0.312987 0.496341 0.068308
3 3 0.057635 0.063543 0.314377 0.496596 0.067849
3 3 0.058112 0.064048 0.313226 0.496385 0.068229
3 3 0.058652 0.064620 0.311930 0.496139 0.068658
3 3 0.060150 0.066204 0.308386 0.495421 0.069838
3 3 0.058141 0.064079 0.313156 0.496372 0.068252
3 3 0.060424 0.066494 0.307744 0.495284 0.070053
3 3 0.059301 0.065306 0.310388 0.495835 0.069171
3 3 0.057571 0.063475 0.314532 0.496624 0.067798
3 3 0.055352 0.061122 0.319990 0.497525 0.066011
3 3 0.055535 0.061317 0.319533 0.497456 0.066160
3 3 0.054892 0.060634 0.321141 0.497695 0.065637
3 3 0.055465 0.061242 0.319708 0.497482 0.066103
3 3 0.056480 0.062319 0.317194 0.497083 0.066923
3 3 0.057699 0.063610 0.314223 0.496568 0.067900
3 3 0.059841 0.065878 0.309112 0.495574 0.069596
3 3 0.061409 0.067534 0.305459 0.494778 0.070821
3 3 0.059519 0.065537 0.309870 0.495730 0.069343
3 3 0.058857 0.064837 0.311442 0.496044 0.068820
3 3 0.059186 0.065185 0.310660 0.495890 0.069080
3 3 0.059737 0.065768 0.309356 0.495625 0.069514
3 3 0.059566 0.065587 0.309760 0.495708 0.069380
3 3 0.058826 0.064804 0.311516 0.496059 0.068795
3 3 0.057269 0.063155 0.315265 0.496754 0.067557
3 3 0.056674 0.062524 0.316720 0.497004 0.067079
3 3 0.055266 0.061030 0.320206 0.497558 0.065941
3 3 0.055298 0.061064 0.320125 0.497545 0.065967
3 3 0.056013 0.061824 0.318346 0.497270 0.066547
3 3 0.057852 0.063773 0.313852 0.496501 0.068022
3 3 0.059556 0.065577 0.309783 0.495712 0.069372
3 3 0.061546 0.067679 0.305143 0.494706 0.070927
3 3 0.061310 0.067430 0.305687 0.494830 0.070744
3 3 0.060895 0.066992 0.306647 0.495045 0.070421
3 3 0.058098 0.064033 0.313259 0.496391 0.068218
3 3 0.056344 0.062174 0.317530 0.497138 0.066813
3 3 0.056005 0.061815 0.318366 0.497273 0.066540
3 3 0.055755 0.061549 0.318987 0.497371 0.066337
3 3 0.059033 0.065023 0.311022 0.495962 0.068960
3 3 0.058721 0.064693 0.311765 0.496107 0.068713
3 3 0.059867 0.065905 0.309051 0.495561 0.069616
3 3 0.060088 0.066139 0.308531 0.495452 0.069790
3 3 0.062248 0.068420 0.303532 0.494329 0.071471
3 3 0.059603 0.065625 0.309674 0.495690 0.069408
3 3 0.058733 0.064706 0.311736 0.496102 0.068722
3 3 0.059431 0.065444 0.310080 0.495773 0.069273
3 3 0.058590 0.064554 0.312080 0.496168 0.068608
3 3 0.057577 0.063482 0.314517 0.496621 0.067803
3 3 0.057630 0.063538 0.314388 0.496598 0.067845
3 3 0.058846 0.064825 0.311468 0.496050 0.068811
3 3 0.059683 0.065710 0.309485 0.495651 0.069471
3 3 0.061760 0.067905 0.304650 0.494592 0.071093
3 3 0.064699 0.071004 0.298016 0.492933 0.073347
3 3 0.066806 0.073222 0.293399 0.491637 0.074936
3 3 0.064643 0.070946 0.298140 0.492966 0.073305
3 3 0.063063 0.069280 0.301680 0.493879 0.072098
3 3 0.061570 0.067705 0.305086 0.494693 0.070946
3 3 0.061607 0.067744 0.305002 0.494673 0.070975
3 3 0.059707 0.065736 0.309427 0.495639 0.069491
3 3 0.059917 0.065958 0.308933 0.495537 0.069656
3 3 0.058335 0.064284 0.312689 0.496284 0.068407
3 3 0.059065 0.065057 0.310946 0.495947 0.068985
3 3 0.057155 0.063034 0.315543 0.496803 0.067465
3 3 0.056669 0.062519 0.316731 0.497006 0.067075
3 3 0.056447 0.062284 0.317276 0.497097 0.066896
3 3 0.057590 0.063495 0.314485 0.496616 0.067813
3 3 0.057061 0.062934 0.315773 0.496843 0.067390
3 3 0.058023 0.063954 0.313440 0.496425 0.068158
3 3 0.056342 0.062172 0.317535 0.497139 0.066812
3 3 0.054632 0.060357 0.321797 0.497789 0.065425
3 3 0.053451 0.059103 0.324798 0.498191 0.064457
3 3 0.054248 0.059950 0.322767 0.497924 0.065111
3 2 0.055122 0.060878 0.320565 0.497611 0.065824
3 2 0.059097 0.065091 0.310871 0.495932 0.069010
3 2 0.072038 0.078714 0.282395 0.488071 0.078783
3 2 0.095966 0.104538 0.280695 0.429555 0.089246
2 2 0.160548 0.179210 0.283379 0.270643 0.106220
2 1 0.131199 0.233605 0.315145 0.192274 0.127777
1 1 0.101985 0.320718 0.316394 0.105521 0.155382
1 1 0.076906 0.396129 0.301762 0.056450 0.168753
1 1 0.054644 0.446468 0.275025 0.036245 0.187618
1 1 0.040047 0.421902 0.320335 0.031498 0.186218
2 1 0.024735 0.344948 0.409303 0.033595 0.187419
2 1 0.025057 0.261972 0.459354 0.053805 0.199812
2 1 0.023215 0.222497 0.466834 0.048780 0.238674
2 1 0.027090 0.240731 0.442110 0.056612 0.233456
1 1 0.046208 0.471327 0.157051 0.017750 0.307664
1 1 0.073636 0.462399 0.207993 0.029737 0.226235
1 1 0.141775 0.408998 0.234830 0.051343 0.163053
1 1 0.200641 0.377150 0.250031 0.046045 0.126134
1 1 0.243025 0.366073 0.254828 0.034386 0.101688
0 1 0.323150 0.319860 0.226022 0.040292 0.090676
0 1 0.299320 0.270392 0.255536 0.079730 0.095022
1 1 0.258545 0.295191 0.277016 0.069437 0.099811
0 0 0.383727 0.282987 0.220005 0.026563 0.086719
0 0 0.421127 0.257421 0.218540 0.021280 0.081633
0 0 0.457065 0.224212 0.225179 0.024969 0.068575
0 0 0.411216 0.216295 0.267217 0.046014 0.059259
0 0 0.458732 0.211993 0.240298 0.034964 0.054013
0 0 0.493703 0.207698 0.212890 0.032471 0.053238
0 0 0.578700 0.198472 0.154456 0.025776 0.042596
0 0 0.549663 0.198994 0.142707 0.049453 0.059183
0 0 0.635914 0.181800 0.108453 0.028380 0.045452
0 0 0.651815 0.175808 0.095791 0.029831 0.046755
0 0 0.580658 0.224857 0.124607 0.019338 0.050539
0 0 0.433222 0.314148 0.169069 0.017601 0.065959
1 0 0.298119 0.433142 0.171108 0.010822 0.086808
1 0 0.154806 0.486740 0.219742 0.012614 0.126098
1 0 0.097714 0.520523 0.240650 0.012266 0.128846
1 0 0.091020 0.500245 0.263026 0.015004 0.130705
1 0 0.126080 0.430169 0.335003 0.016005 0.092743
1 0 0.154127 0.377620 0.350766 0.021497 0.095990
2 0 0.172322 0.330409 0.369004 0.040144 0.088122
2 0 0.193631 0.331903 0.332130 0.046326 0.096009
1 0 0.178717 0.327852 0.308982 0.067567 0.116882
1 0 0.160787 0.380824 0.287604 0.044243 0.126542
1 0 0.133127 0.386276 0.288876 0.051189 0.140532
1 0 0.153814 0.383009 0.261932 0.047344 0.153900
2 0 0.124021 0.229187 0.303254 0.201911 0.141627
3 0 0.107530 0.116587 0.244027 0.414572 0.117284
3 0 0.083861 0.091047 0.259602 0.478479 0.087010
3 0 0.083354 0.090521 0.260527 0.478927 0.086670
3 0 0.157703 0.139163 0.205325 0.387737 0.110073
0 0 0.296059 0.190483 0.196714 0.211831 0.104913
0 0 0.257570 0.233881 0.239786 0.156130 0.112634
1 0 0.185301 0.314049 0.296380 0.082451 0.121819
1 0 0.115451 0.386080 0.319317 0.046174 0.132978
1 0 0.075110 0.439822 0.294168 0.033842 0.157058
1 0 0.075492 0.394312 0.327777 0.048271 0.154148
2 0 0.082549 0.260441 0.382404 0.129430 0.145176
2 0 0.103349 0.223816 0.397460 0.154577 0.120798
1 0 0.118739 0.361568 0.317557 0.062873 0.139263
1 0 0.114520 0.501620 0.238001 0.015221 0.130638
1 0 0.086597 0.559206 0.197075 0.010300 0.146822
1 0 0.071751 0.580949 0.191378 0.008184 0.147738
1 0 0.054673 0.557470 0.199006 0.012513 0.176338
1 1 0.038792 0.578188 0.202450 0.008908 0.171662
1 1 0.031251 0.577776 0.225397 0.007319 0.158257
1 1 0.031459 0.566499 0.238041 0.007960 0.156041
1 1 0.035221 0.544291 0.230965 0.012405 0.177118
1 0 0.037535 0.542354 0.218202 0.014051 0.187858
1 0 0.042512 0.540944 0.201087 0.016031 0.199427
1 0 0.050937 0.580415 0.189774 0.009303 0.169571
1 0 0.070520 0.564883 0.189065 0.011150 0.164382
1 0 0.113977 0.508850 0.198035 0.019317 0.159820
1 0 0.155649 0.368252 0.180831 0.023305 0.271964
1 0 0.110672 0.556579 0.223578 0.005966 0.103205
1 1 0.117741 0.539896 0.223575 0.007966 0.110822
1 1 0.136042 0.550961 0.193318 0.007243 0.112435
1 0 0.166751 0.567148 0.145591 0.005829 0.114682
1 0 0.258869 0.536927 0.112440 0.003611 0.088153
1 0 0.185443 0.537104 0.155976 0.004983 0.116494
1 0 0.210054 0.479155 0.184377 0.005869 0.120546
1 1 0.219133 0.379436 0.232091 0.010167 0.159173
0 1 0.282706 0.266483 0.254363 0.019306 0.177143
0 0 0.308555 0.216480 0.250251 0.029880 0.194834
0 0 0.352247 0.223665 0.246190 0.042889 0.135010
2 0 0.241819 0.226242 0.334843 0.114223 0.082872
2 0 0.264740 0.252075 0.336437 0.054564 0.092185
0 0 0.424243 0.202928 0.261223 0.039354 0.072251
0 0 0.429030 0.212456 0.253246 0.030150 0.075118
0 0 0.521402 0.198118 0.177064 0.032898 0.070518
0 0 0.511624 0.192419 0.169637 0.028586 0.097734
0 0 0.552257 0.193751 0.140237 0.017150 0.096605
0 0 0.609839 0.206342 0.092768 0.006531 0.084520
0 0 0.545808 0.214543 0.078170 0.004759 0.156720
0 0 0.614542 0.185827 0.068163 0.005818 0.125651
4 0 0.329149 0.233402 0.089279 0.007087 0.341083
1 0 0.341816 0.358199 0.112466 0.008001 0.179519
1 0 0.221446 0.471795 0.127724 0.008356 0.170678
1 0 0.200792 0.513319 0.114856 0.008100 0.162933
1 0 0.139235 0.584098 0.108906 0.007096 0.160665
1 0 0.123814 0.575485 0.111991 0.006901 0.181808
1 0 0.107233 0.596551 0.148622 0.006541 0.141053
1 0 0.110227 0.578558 0.148027 0.008914 0.154275
1 0 0.105957 0.584154 0.151342 0.008173 0.150374
1 0 0.116849 0.584458 0.141983 0.007874 0.148837
1 0 0.112434 0.588130 0.150159 0.007193 0.142084
1 1 0.114920 0.595461 0.144212 0.006401 0.139007
1 1 0.090892 0.600503 0.166927 0.006025 0.135653
1 1 0.077968 0.585589 0.211148 0.005655 0.119641
1 1 0.056850 0.526603 0.321159 0.005151 0.090236
1 1 0.047733 0.499895 0.359685 0.005626 0.087061
1 1 0.047283 0.489369 0.360408 0.007412 0.095528
1 1 0.047860 0.505253 0.321491 0.009499 0.115897
1 1 0.047106 0.551890 0.263014 0.007780 0.130209
1 1 0.054059 0.575804 0.228114 0.006979 0.135045
1 2 0.055207 0.575302 0.210982 0.008369 0.150141
1 2 0.067893 0.571033 0.194243 0.009778 0.157054
1 2 0.084352 0.571810 0.180363 0.009682 0.153793
1 2 0.127946 0.551517 0.173504 0.009934 0.137098
1 2 0.151581 0.529402 0.172251 0.011761 0.135004
1 0 0.200556 0.500843 0.171208 0.010298 0.117096
1 0 0.191870 0.465508 0.209923 0.010037 0.122663
1 0 0.289590 0.407542 0.209257 0.011073 0.082539
1 0 0.316444 0.373257 0.208901 0.018829 0.082570
1 0 0.305131 0.401185 0.179152 0.018283 0.096249
1 0 0.199038 0.485678 0.177047 0.014679 0.123557
1 0 0.129586 0.601633 0.120160 0.005856 0.142764
1 0 0.096834 0.632694 0.118536 0.004577 0.147360
1 0 0.103908 0.609072 0.156519 0.004869 0.125632
1 0 0.134282 0.539734 0.217198 0.006844 0.101943
1 0 0.171037 0.461227 0.266659 0.011322 0.089754
1 0 0.273266 0.326323 0.287345 0.023355 0.089711
0 0 0.431223 0.209984 0.198607 0.020439 0.139747
0 0 0.407268 0.222749 0.215393 0.032823 0.121768
2 1 0.190690 0.312430 0.341962 0.036878 0.118041
2 0 0.223834 0.289479 0.305526 0.057674 0.123487
2 0 0.239492 0.283830 0.315110 0.060204 0.101364
2 0 0.293924 0.265530 0.300705 0.061896 0.077945
2 0 0.274494 0.211711 0.320621 0.116933 0.076240
2 0 0.218347 0.215784 0.359387 0.123253 0.083229
2 0 0.194201 0.169630 0.378558 0.163973 0.093639
2 0 0.113870 0.114500 0.380125 0.294828 0.096676
3 0 0.114195 0.116021 0.318104 0.349948 0.101732
3 0 0.112299 0.112818 0.293054 0.370873 0.110956
3 0 0.105696 0.102973 0.284237 0.387825 0.119269
3 0 0.082181 0.089301 0.262685 0.479954 0.085879
3 0 0.089616 0.124739 0.281971 0.385238 0.118436
3 0 0.095606 0.174006 0.272815 0.317142 0.140432
2 0 0.096476 0.233838 0.261926 0.236086 0.171675
1 0 0.094032 0.283255 0.246218 0.182891 0.193604
1 1 0.095423 0.286618 0.241706 0.181504 0.194748
1 1 0.083144 0.307226 0.254904 0.150561 0.204165
1 2 0.073341 0.364399 0.231948 0.091833 0.238479
1 2 0.086104 0.437055 0.260879 0.027629 0.188333
1 0 0.129700 0.373047 0.259424 0.018468 0.219361
1 0 0.198527 0.287691 0.270483 0.025472 0.217828
1 0 0.218144 0.278022 0.248263 0.050805 0.204767
1 0 0.154838 0.343505 0.236878 0.055187 0.209592
1 0 0.082004 0.399215 0.212831 0.051217 0.254734
1 0 0.042331 0.401367 0.167009 0.022222 0.367071
1 1 0.030253 0.434830 0.142884 0.011844 0.380189
1 1 0.032470 0.488085 0.163668 0.018438 0.297338
1 1 0.039846 0.417377 0.165332 0.020802 0.356643
1 1 0.081678 0.326033 0.250785 0.040269 0.301235
2 0 0.115561 0.259063 0.294461 0.043886 0.287030
4 0 0.165561 0.193730 0.228331 0.039236 0.373141
4 0 0.245152 0.174197 0.209811 0.050869 0.319971
0 0 0.302694 0.188848 0.185431 0.043088 0.279940
0 0 0.352522 0.224074 0.171755 0.024689 0.226959
0 0 0.288450 0.276373 0.238662 0.034601 0.161914
2 0 0.235696 0.257123 0.331394 0.086787 0.089000
1 0 0.230846 0.308715 0.307555 0.057434 0.095451
1 0 0.232403 0.311350 0.298124 0.059205 0.098918
1 0 0.129899 0.417079 0.279914 0.036563 0.136545
1 1 0.089778 0.437398 0.267369 0.039252 0.166202
1 1 0.087947 0.404262 0.277086 0.056512 0.174193
1 0 0.122662 0.381055 0.310876 0.050178 0.135229
2 0 0.129959 0.285965 0.341145 0.115148 0.127783
2 0 0.121001 0.205273 0.352476 0.205378 0.115872
2 0 0.131956 0.197556 0.301285 0.221703 0.147499
1 0 0.216082 0.295764 0.271493 0.080620 0.136041
1 0 0.151507 0.384819 0.261020 0.047968 0.154687
1 1 0.079565 0.389327 0.271329 0.069843 0.189936
1 1 0.042636 0.440458 0.213732 0.032521 0.270653
1 1 0.031451 0.484776 0.187450 0.015915 0.280409
1 1 0.026546 0.478186 0.209455 0.010851 0.274961
1 1 0.027167 0.359073 0.261345 0.014937 0.337479
2 1 0.045178 0.308011 0.311375 0.031180 0.304256
1 0 0.082360 0.335257 0.260150 0.042833 0.279401
1 0 0.125176 0.382138 0.258871 0.028942 0.204873
1 0 0.220677 0.311155 0.294900 0.043041 0.130228
2 0 0.214097 0.208810 0.322295 0.139380 0.115417
3 0 0.125939 0.132679 0.287880 0.358074 0.095428
2 0 0.148476 0.141584 0.309500 0.307912 0.092528
0 0 0.350961 0.208712 0.241707 0.111139 0.087481
0 0 0.419697 0.200415 0.209727 0.077377 0.092785
0 0 0.392409 0.207748 0.200898 0.113461 0.085485
0 0 0.400830 0.212172 0.239488 0.072290 0.075220
0 0 0.454319 0.217949 0.190142 0.034831 0.102759
0 0 0.406830 0.266876 0.201617 0.021190 0.103487
0 0 0.344691 0.307929 0.219263 0.030623 0.097494
1 0 0.253794 0.352480 0.237650 0.044995 0.111081
1 0 0.190198 0.367572 0.187938 0.023263 0.231029
1 0 0.162654 0.343668 0.156967 0.019078 0.317634
4 0 0.202442 0.317272 0.137279 0.015366 0.327641
1 0 0.286670 0.330553 0.151702 0.016408 0.214667
1 0 0.294931 0.317597 0.171763 0.023789 0.191920
0 0 0.342959 0.282643 0.144362 0.017778 0.212259
0 0 0.401012 0.261557 0.134027 0.019280 0.184124
0 0 0.526921 0.240144 0.107345 0.014167 0.111422
0 0 0.581151 0.248798 0.091584 0.013450 0.065017
0 0 0.614034 0.236994 0.051616 0.005222 0.092134
0 0 0.511982 0.319505 0.061530 0.005054 0.101929
1 0 0.366721 0.430494 0.068126 0.004164 0.130495
1 0 0.199856 0.549735 0.094917 0.004315 0.151178
1 0 0.140368 0.615133 0.094018 0.003444 0.147037
1 0 0.120050 0.626461 0.097569 0.003552 0.152367
1 0 0.143607 0.566297 0.106399 0.004118 0.179578
1 0 0.224979 0.486569 0.124196 0.004824 0.159433
1 0 0.226378 0.433498 0.171169 0.007437 0.161519
1 0 0.224184 0.421511 0.175780 0.005743 0.172781
1 0 0.253032 0.355120 0.190417 0.005974 0.195457
1 0 0.253122 0.318155 0.229873 0.010689 0.188162
0 0 0.336667 0.267562 0.203153 0.012978 0.179640
0 0 0.377465 0.220850 0.148067 0.011139 0.242479
0 0 0.394576 0.199979 0.122980 0.009839 0.272625
0 0 0.492537 0.202673 0.094193 0.007808 0.202789
0 0 0.457634 0.223130 0.075963 0.004596 0.238677
0 0 0.382287 0.276350 0.090304 0.006778 0.244281
4 0 0.264854 0.252644 0.051668 0.003789 0.427045
4 1 0.196575 0.334133 0.046486 0.002056 0.420749
1 1 0.168976 0.472067 0.061077 0.002370 0.295510
1 0 0.116294 0.598120 0.075724 0.002984 0.206878
1 0 0.117066 0.642446 0.087119 0.003673 0.149695
1 0 0.165359 0.603432 0.117675 0.003532 0.110003
1 0 0.319421 0.469851 0.137186 0.004185 0.069356
1 0 0.344811 0.400670 0.187457 0.006658 0.060404
1 0 0.313078 0.367935 0.217913 0.009992 0.091081
0 0 0.444636 0.268221 0.188824 0.014124 0.084195
0 0 0.430266 0.257117 0.223444 0.029729 0.059444
0 0 0.432449 0.277920 0.200278 0.026602 0.062750
0 0 0.385434 0.345513 0.171954 0.012911 0.084188
1 0 0.241796 0.372886 0.240146 0.018446 0.126726
1 0 0.340747 0.358716 0.205551 0.018247 0.076739
0 0 0.333111 0.331688 0.173361 0.017674 0.144166
1 0 0.285508 0.356781 0.203136 0.039020 0.115555
4 0 0.158552 0.320753 0.148174 0.011953 0.360568
1 1 0.083782 0.396559 0.200075 0.010841 0.308743
4 1 0.066863 0.351319 0.160598 0.008633 0.412587
1 0 0.083077 0.379925 0.197297 0.013251 0.326449
1 0 0.111187 0.386867 0.182474 0.012525 0.306947
1 0 0.142958 0.476126 0.217759 0.009700 0.153458
1 0 0.155593 0.453069 0.206522 0.008331 0.176484
1 0 0.229045 0.338856 0.234256 0.016818 0.181025
0 0 0.663735 0.146661 0.111708 0.010856 0.067039
0 0 0.654600 0.146919 0.088625 0.006796 0.103060
0 0 0.722462 0.119558 0.063783 0.006400 0.087797
0 0 0.583014 0.161430 0.108735 0.012538 0.134283
0 0 0.593450 0.160398 0.132139 0.019310 0.094703
0 0 0.535345 0.179476 0.159968 0.024961 0.100250
0 0 0.383399 0.192249 0.193552 0.041539 0.189261
0 0 0.389030 0.185720 0.207433 0.091374 0.126444
0 0 0.356873 0.186413 0.199931 0.129650 0.127133
0 0 0.312350 0.186467 0.195819 0.186438 0.118926
0 0 0.347615 0.189911 0.203056 0.139841 0.119577
0 0 0.451601 0.196273 0.160992 0.098341 0.092792
0 0 0.516768 0.213040 0.127156 0.034817 0.108219
0 0 0.543330 0.259106 0.083372 0.009584 0.104608
0 0 0.396644 0.315414 0.065650 0.005610 0.216682
4 0 0.198729 0.243800 0.044076 0.003638 0.509757
4 0 0.149278 0.195731 0.037777 0.002422 0.614792
4 0 0.084598 0.174029 0.056273 0.004045 0.681054
4 1 0.073161 0.134222 0.055251 0.004175 0.733191
4 0 0.091019 0.134261 0.063682 0.006648 0.704390
4 0 0.108770 0.126068 0.060075 0.006953 0.698134
4 0 0.187998 0.192798 0.080777 0.016136 0.522292
4 0 0.246290 0.196614 0.068060 0.012245 0.476792
4 0 0.246464 0.221271 0.097498 0.013813 0.420954
4 0 0.110114 0.173775 0.059405 0.005408 0.651298
4 0 0.150585 0.335126 0.078761 0.004353 0.431175
4 0 0.092705 0.399316 0.082152 0.003185 0.422642
1 0 0.082133 0.526805 0.113860 0.004872 0.272330
1 0 0.056934 0.552739 0.142997 0.007071 0.240259
1 0 0.030989 0.570051 0.141641 0.004861 0.252459
1 0 0.020519 0.460651 0.231889 0.006427 0.280513
1 0 0.019194 0.383115 0.268362 0.008207 0.321122
1 1 0.019873 0.344394 0.304182 0.009744 0.321806
4 1 0.020103 0.296128 0.278404 0.010526 0.394838
4 1 0.020711 0.271897 0.271985 0.011318 0.424089
4 1 0.020444 0.266424 0.265882 0.012708 0.434541
4 1 0.019737 0.303830 0.217726 0.009426 0.449281
4 1 0.019576 0.354670 0.145310 0.005790 0.474654
4 1 0.021535 0.390192 0.107376 0.004774 0.476124
4 1 0.019704 0.358906 0.096284 0.003569 0.521537
4 4 0.028429 0.279201 0.070181 0.002433 0.619756
4 4 0.042001 0.204926 0.060384 0.002655 0.690035
4 4 0.060975 0.122945 0.040692 0.002019 0.773370
4 4 0.048485 0.087506 0.032583 0.001383 0.830043
4 4 0.043990 0.067493 0.023143 0.000763 0.864612
4 4 0.032603 0.084142 0.032988 0.001134 0.849133
4 4 0.030504 0.081636 0.029720 0.000890 0.857251
4 4 0.026314 0.146849 0.049203 0.001562 0.776073
4 2 0.021391 0.223855 0.067237 0.002074 0.685443
4 2 0.015979 0.193650 0.058258 0.001377 0.730736
4 2 0.016213 0.173195 0.055050 0.001319 0.754223
4 0 0.019978 0.224360 0.072551 0.002347 0.680765
4 0 0.019053 0.263763 0.077769 0.002437 0.636977
4 0 0.020906 0.341046 0.096535 0.003782 0.537730
4 1 0.020189 0.338723 0.123866 0.004831 0.512391
4 1 0.018596 0.351221 0.138601 0.005067 0.486516
4 1 0.018863 0.348040 0.168933 0.006650 0.457514
4 1 0.019869 0.359478 0.226498 0.008916 0.385239
1 1 0.020409 0.370264 0.262265 0.010160 0.336903
1 1 0.018741 0.372652 0.292580 0.010522 0.305506
4 1 0.050428 0.062450 0.034984 0.002148 0.849991
4 0 0.063801 0.081404 0.035519 0.002108 0.817167
4 0 0.058323 0.116104 0.036514 0.001617 0.787442
4 0 0.057143 0.242549 0.077337 0.005131 0.617841
1 0 0.034623 0.431177 0.116899 0.007944 0.409358
1 0 0.022261 0.504606 0.170681 0.010722 0.291731
1 1 0.017962 0.413340 0.292427 0.011438 0.264833
2 1 0.017759 0.323220 0.486429 0.013052 0.159539
2 1 0.018742 0.284582 0.546775 0.015747 0.134154
2 1 0.019157 0.256773 0.594525 0.015837 0.113707
2 1 0.020215 0.307372 0.540821 0.011737 0.119855
2 1 0.020592 0.282601 0.598521 0.010762 0.087524
2 1 0.019696 0.229341 0.672699 0.011137 0.067127
2 2 0.018302 0.174712 0.744587 0.011635 0.050764
2 2 0.017159 0.153332 0.771848 0.012092 0.045569
2 2 0.016027 0.135631 0.795207 0.012253 0.040882
2 2 0.015423 0.114318 0.818844 0.014492 0.036923
2 2 0.014986 0.090141 0.850987 0.015137 0.028748
2 2 0.015576 0.098834 0.841358 0.013987 0.030244
2 2 0.017327 0.095344 0.847303 0.013298 0.026728
2 2 0.018465 0.103103 0.834886 0.014164 0.029382
2 2 0.019194 0.101059 0.834907 0.015440 0.029400
2 2 0.019790 0.102649 0.832425 0.015540 0.029596
2 2 0.025479 0.139360 0.780541 0.016135 0.038485
2 2 0.038195 0.204577 0.683387 0.019008 0.054833
2 2 0.049044 0.223952 0.648098 0.021357 0.057550
2 2 0.048552 0.251569 0.609588 0.022074 0.068218
2 2 0.043675 0.229478 0.636100 0.023938 0.066809
2 2 0.041849 0.202656 0.671651 0.024614 0.059229
2 2 0.038884 0.221051 0.666600 0.016989 0.056476
2 2 0.033917 0.215194 0.680991 0.015020 0.054878
2 2 0.025404 0.168506 0.746222 0.014246 0.045622
2 2 0.024459 0.165434 0.746126 0.015880 0.048101
2 2 0.024890 0.167435 0.751058 0.012999 0.043619
2 2 0.024400 0.131930 0.798584 0.012644 0.032442
2 2 0.022104 0.101896 0.830692 0.016607 0.028701
2 2 0.021096 0.089482 0.843469 0.019012 0.026940
2 2 0.018920 0.065987 0.870004 0.023205 0.021885
2 2 0.019402 0.066160 0.871380 0.021981 0.021077
2 2 0.018377 0.046426 0.881043 0.035877 0.018277
2 2 0.017197 0.029818 0.874982 0.063040 0.014964
2 2 0.017957 0.029493 0.851758 0.083988 0.016804
2 2 0.020085 0.028755 0.811894 0.120585 0.018682
2 2 0.022983 0.039992 0.777080 0.132709 0.027236
2 2 0.024468 0.034819 0.692457 0.218750 0.029506
2 2 0.023522 0.027358 0.569877 0.349463 0.029780
2 2 0.027556 0.036329 0.536108 0.360573 0.039434
2 2 0.029669 0.042424 0.521110 0.360939 0.045857
2 2 0.028959 0.040516 0.519354 0.366809 0.044362
2 3 0.026090 0.036280 0.582773 0.317480 0.037377
2 3 0.023111 0.027085 0.619805 0.302807 0.027192
2 3 0.018080 0.021184 0.591320 0.344579 0.024838
2 3 0.016677 0.019684 0.632213 0.309234 0.022191
2 3 0.020913 0.024501 0.606884 0.321398 0.026303
2 3 0.022140 0.025698 0.548898 0.373554 0.029711
2 3 0.028672 0.041486 0.591725 0.297836 0.040281
2 3 0.032492 0.039724 0.506217 0.379768 0.041798
3 3 0.036136 0.044312 0.424077 0.445064 0.050411
3 3 0.031142 0.035128 0.394300 0.495198 0.044232
3 2 0.034350 0.040339 0.390811 0.485388 0.049112
3 3 0.016769 0.019321 0.464331 0.471222 0.028357
2 3 0.023229 0.027010 0.566533 0.353502 0.029726
2 3 0.033828 0.042919 0.605490 0.280530 0.037232
2 3 0.036374 0.055807 0.688407 0.181162 0.038250
2 3 0.044963 0.096521 0.674265 0.128944 0.055306
2 2 0.055385 0.158676 0.616581 0.092613 0.076746
2 2 0.064644 0.319332 0.456745 0.043309 0.115970
1 2 0.057158 0.421254 0.356581 0.026275 0.138732
2 2 0.054491 0.363308 0.408477 0.036325 0.137399
2 2 0.045456 0.318158 0.474580 0.036345 0.125461
2 0 0.037108 0.365268 0.432552 0.025660 0.139411
2 0 0.029374 0.295667 0.464958 0.034649 0.175352
2 1 0.024217 0.243821 0.479703 0.031519 0.220740
2 2 0.025062 0.149749 0.620795 0.056210 0.148185
2 2 0.023729 0.119473 0.703664 0.065263 0.087871
2 2 0.026192 0.131381 0.647636 0.080618 0.114173
2 2 0.028714 0.135138 0.615448 0.104606 0.116095
2 2 0.031602 0.151465 0.554657 0.131728 0.130548
2 2 0.030247 0.111385 0.639363 0.135923 0.083082
2 2 0.025872 0.055056 0.671855 0.199937 0.047280
2 2 0.025576 0.047721 0.652517 0.230739 0.043447
2 2 0.023592 0.033196 0.568119 0.338333 0.036761
2 2 0.019134 0.022353 0.577323 0.354975 0.026214
2 2 0.017337 0.020324 0.589826 0.348209 0.024304
2 2 0.019268 0.022349 0.527755 0.402341 0.028287
2 2 0.029512 0.033861 0.500768 0.398522 0.037337
3 2 0.050847 0.057061 0.407183 0.428502 0.056408
3 2 0.085227 0.094164 0.348571 0.394815 0.077223
3 2 0.078996 0.086313 0.287050 0.466028 0.081613
3 2 0.088630 0.121154 0.283818 0.399970 0.106428
3 2 0.074998 0.131914 0.324590 0.351430 0.117069
2 2 0.061259 0.221038 0.384409 0.172338 0.160956
2 2 0.038769 0.160379 0.484285 0.167845 0.148722
2 2 0.031474 0.149479 0.578343 0.127289 0.113414
2 2 0.026258 0.107388 0.684169 0.107291 0.074895
2 2 0.029245 0.133274 0.691742 0.071501 0.074237
2 2 0.046328 0.226444 0.568443 0.057254 0.101531
2 2 0.074107 0.301131 0.489232 0.039897 0.095633
1 2 0.085096 0.380720 0.373159 0.039023 0.122002
2 2 0.088444 0.352942 0.379442 0.052412 0.126760
2 2 0.086399 0.223089 0.415211 0.149839 0.125462
2 2 0.071533 0.175917 0.507679 0.145645 0.099226
2 2 0.050771 0.128885 0.573483 0.162248 0.084613
2 2 0.029047 0.095657 0.733778 0.086566 0.054952
2 2 0.020079 0.054017 0.760643 0.124802 0.040459
2 2 0.020110 0.081211 0.794318 0.059767 0.044594
2 2 0.018246 0.081648 0.807846 0.049535 0.042725
2 2 0.018335 0.075985 0.816634 0.049843 0.039203
2 2 0.020326 0.064061 0.794970 0.081404 0.039239
2 2 0.024280 0.061325 0.708318 0.157440 0.048636
2 2 0.026051 0.060929 0.625254 0.230004 0.057762
2 2 0.029217 0.074913 0.561535 0.259038 0.075297
2 2 0.033558 0.093919 0.522148 0.257787 0.092588
2 2 0.045652 0.112373 0.502450 0.243789 0.095735
2 2 0.063562 0.130361 0.508911 0.208390 0.088775
2 2 0.069142 0.114511 0.454434 0.275961 0.085952
2 2 0.068786 0.132956 0.482469 0.224301 0.091489
2 2 0.070151 0.135351 0.448253 0.247660 0.098585
2 2 0.072802 0.180501 0.526709 0.126324 0.093664
2 2 0.069150 0.218763 0.545306 0.074918 0.091864
2 2 0.027971 0.065656 0.761271 0.105595 0.039508
2 2 0.031013 0.072566 0.735698 0.116169 0.044554
2 2 0.036283 0.077691 0.685384 0.149330 0.051312
2 2 0.043116 0.081674 0.562141 0.246403 0.066667
2 2 0.055334 0.151041 0.502692 0.184258 0.106675
2 2 0.053831 0.131261 0.448357 0.255927 0.110624
2 2 0.046958 0.075861 0.400777 0.397122 0.079281
3 2 0.034955 0.039266 0.380163 0.497623 0.047993
3 2 0.033927 0.038152 0.383851 0.497075 0.046994
3 2 0.028216 0.031937 0.406095 0.492515 0.041237
3 2 0.031369 0.035375 0.393421 0.495374 0.044460
3 2 0.036216 0.040630 0.375751 0.498198 0.049204
3 2 0.039475 0.044149 0.364868 0.499239 0.052269
3 2 0.037202 0.041696 0.372381 0.498579 0.050142
3 3 0.036076 0.040479 0.376234 0.498140 0.049071
3 3 0.037861 0.044798 0.380441 0.483842 0.053059
3 3 0.039961 0.046064 0.368969 0.490965 0.054041
3 3 0.035527 0.039885 0.378147 0.497897 0.048544
3 3 0.030050 0.033938 0.398599 0.494288 0.043125
3 3 0.026043 0.029561 0.415485 0.489966 0.038945
3 3 0.026067 0.029587 0.415377 0.489998 0.038971
3 3 0.026418 0.029971 0.413821 0.490444 0.039345
3 3 0.031132 0.035117 0.394339 0.495190 0.044222
3 3 0.036163 0.044223 0.392221 0.474707 0.052685
3 3 0.040781 0.060570 0.409806 0.421757 0.067086
3 3 0.041928 0.053307 0.380283 0.463947 0.060535
3 3 0.046422 0.067349 0.387325 0.426585 0.072319
3 3 0.050849 0.078438 0.381963 0.407785 0.080964
3 3 0.055499 0.073931 0.348215 0.445538 0.076817
3 3 0.056964 0.062831 0.316010 0.496883 0.067312
3 3 0.058472 0.064455 0.314495 0.494252 0.068325
3 3 0.083498 0.092388 0.355677 0.392627 0.075810
3 0 0.122505 0.134335 0.317897 0.334106 0.091157
2 0 0.226369 0.189031 0.266255 0.219877 0.098469
2 0 0.238905 0.282841 0.285713 0.087528 0.105014
1 0 0.168644 0.375280 0.296188 0.042616 0.117272
1 0 0.058101 0.460176 0.292397 0.027470 0.161855
1 1 0.043853 0.486697 0.257466 0.023491 0.188493
2 1 0.034936 0.369775 0.374425 0.036989 0.183874
2 1 0.034898 0.293195 0.439656 0.054077 0.178174
2 2 0.032313 0.177050 0.650045 0.054075 0.086517
2 2 0.029180 0.098983 0.750618 0.070146 0.051073
2 2 0.029565 0.108458 0.769300 0.046863 0.045814
2 2 0.033770 0.133804 0.739904 0.040953 0.051569
2 2 0.036118 0.175709 0.695264 0.031810 0.061099
2 2 0.038039 0.153321 0.693011 0.051090 0.064539
2 2 0.039062 0.139703 0.678406 0.073769 0.069060
2 2 0.038467 0.108282 0.667471 0.119653 0.066127
2 2 0.038731 0.093263 0.634673 0.167212 0.066121
2 2 0.033359 0.054511 0.566760 0.293863 0.051507
2 2 0.031683 0.049841 0.576126 0.294835 0.047516
2 2 0.030549 0.043127 0.579666 0.305168 0.041490
2 2 0.032071 0.078654 0.694545 0.141016 0.053714
2 2 0.031213 0.086291 0.705183 0.121222 0.056091
2 2 0.032302 0.114881 0.682181 0.100136 0.070499
2 2 0.032404 0.133416 0.663558 0.090485 0.080137
2 2 0.033893 0.144841 0.647434 0.088252 0.085579
2 2 0.035585 0.131782 0.609298 0.131010 0.092325
2 2 0.035268 0.095960 0.540877 0.239305 0.088589
2 2 0.034364 0.080346 0.495697 0.305801 0.083792
3 2 0.018386 0.021119 0.454477 0.475703 0.030315
3 2 0.019668 0.022540 0.447149 0.478815 0.031828
3 2 0.022419 0.025579 0.432617 0.484408 0.034978
3 2 0.025497 0.028962 0.417941 0.489240 0.038360
3 2 0.027014 0.030624 0.411213 0.491171 0.039978
3 2 0.027904 0.031597 0.407405 0.492181 0.040912
3 3 0.029167 0.032976 0.402158 0.493476 0.042222
3 3 0.028539 0.032290 0.404747 0.492851 0.041572
3 3 0.030093 0.033985 0.398428 0.494326 0.043169
3 3 0.031405 0.035414 0.393282 0.495402 0.044497
3 3 0.032583 0.036694 0.388808 0.496244 0.045671
3 3 0.035228 0.039562 0.379196 0.497757 0.048257
3 3 0.037816 0.042359 0.370318 0.498786 0.050721
3 3 0.034679 0.038968 0.381143 0.497483 0.047726
3 3 0.034118 0.038360 0.383159 0.497183 0.047180
3 3 0.037101 0.041588 0.372721 0.498543 0.050047
3 3 0.033973 0.038202 0.383685 0.497101 0.047039
3 3 0.033016 0.037164 0.387193 0.496527 0.046100
3 3 0.029905 0.033780 0.399178 0.494160 0.042978
3 3 0.029191 0.033002 0.402062 0.493499 0.042246
3 3 0.025597 0.029072 0.417488 0.489376 0.038467
3 3 0.025567 0.029039 0.417624 0.489336 0.038435
3 3 0.031322 0.035323 0.393605 0.495337 0.044413
3 3 0.043066 0.048011 0.353650 0.499733 0.055540
3 3 0.047206 0.052446 0.341573 0.499590 0.059185
3 3 0.050414 0.055870 0.332758 0.499032 0.061926
3 3 0.053099 0.058728 0.325704 0.498303 0.064166
3 3 0.056733 0.062587 0.316574 0.496979 0.067127
3 3 0.058277 0.064223 0.312829 0.496311 0.068360
3 3 0.055759 0.061554 0.318976 0.497370 0.066341
3 3 0.054188 0.059886 0.322919 0.497945 0.065062
3 3 0.055349 0.061119 0.319998 0.497526 0.066008
3 3 0.053524 0.059180 0.324613 0.498167 0.064516
3 3 0.051379 0.056898 0.330192 0.498796 0.062736
3 3 0.049779 0.055192 0.334470 0.499170 0.061388
3 3 0.048900 0.054255 0.336864 0.499340 0.060641
3 3 0.047509 0.052769 0.340723 0.499553 0.059447
3 3 0.047356 0.052606 0.341152 0.499572 0.059315
3 3 0.047127 0.052361 0.341797 0.499599 0.059117
3 3 0.048992 0.054353 0.336611 0.499323 0.060720
3 3 0.051126 0.056628 0.330862 0.498860 0.062524
3 3 0.053201 0.058837 0.325441 0.498270 0.064250
3 3 0.052385 0.057969 0.327553 0.498518 0.063575
3 3 0.052731 0.058338 0.326653 0.498415 0.063862
3 3 0.050175 0.055615 0.333400 0.499085 0.061724
3 3 0.049744 0.055155 0.334564 0.499178 0.061359
3 3 0.048505 0.053833 0.337951 0.499407 0.060303
3 3 0.048187 0.053493 0.338832 0.499458 0.060030
3 3 0.048137 0.053441 0.338969 0.499465 0.059988
3 3 0.049592 0.054993 0.334976 0.499209 0.061230
3 3 0.053267 0.058907 0.325271 0.498250 0.064305
3 3 0.055364 0.061135 0.319960 0.497521 0.066021
3 3 0.054936 0.060681 0.321030 0.497679 0.065673
3 3 0.055527 0.061308 0.319552 0.497459 0.066153
3 3 0.054576 0.060299 0.321937 0.497809 0.065379
3 3 0.054914 0.060658 0.321086 0.497687 0.065655
3 3 0.053830 0.059506 0.323830 0.498066 0.064768
3 3 0.052617 0.058216 0.326949 0.498450 0.063768
3 3 0.050307 0.055755 0.333047 0.499056 0.061835
3 3 0.051226 0.056735 0.330596 0.498835 0.062608
3 3 0.059316 0.065322 0.310352 0.495828 0.069182
3 3 0.059530 0.065549 0.309845 0.495725 0.069351
3 3 0.059789 0.065822 0.309235 0.495600 0.069555
3 3 0.060934 0.067032 0.306558 0.495025 0.070451
3 3 0.060133 0.066186 0.308427 0.495430 0.069825
3 3 0.059557 0.065578 0.309781 0.495712 0.069373
3 3 0.056878 0.062740 0.316220 0.496919 0.067243
3 3 0.056737 0.062591 0.316565 0.496978 0.067129
3 3 0.057848 0.063768 0.313862 0.496503 0.068019
3 3 0.058927 0.064910 0.311276 0.496012 0.068875
3 3 0.059655 0.065681 0.309550 0.495665 0.069450
3 3 0.059784 0.065817 0.309246 0.495602 0.069551
3 3 0.059159 0.065156 0.310723 0.495902 0.069059
3 3 0.058771 0.064745 0.311647 0.496085 0.068752
3 3 0.059120 0.065115 0.310816 0.495921 0.069028
3 3 0.056373 0.062205 0.317459 0.497127 0.066837
3 3 0.056072 0.061886 0.318202 0.497247 0.066594
3 3 0.056959 0.062827 0.316020 0.496885 0.067308
3 3 0.057423 0.063318 0.314892 0.496688 0.067679
3 3 0.056592 0.062438 0.316920 0.497037 0.067013
3 3 0.058057 0.063990 0.313358 0.496410 0.068185
3 3 0.058274 0.064220 0.312836 0.496312 0.068358
3 3 0.060036 0.066083 0.308654 0.495478 0.069749
3 3 0.061370 0.067493 0.305548 0.494798 0.070791
3 3 0.061708 0.067850 0.304770 0.494620 0.071053
3 3 0.057822 0.063741 0.313925 0.496514 0.067998
3 3 0.055171 0.060930 0.320442 0.497593 0.065864
3 3 0.053745 0.059416 0.324046 0.498094 0.064699
3 3 0.053841 0.059518 0.323801 0.498062 0.064777
3 3 0.056093 0.061908 0.318150 0.497239 0.066611
3 3 0.056517 0.062357 0.317105 0.497068 0.066952
3 3 0.056642 0.062491 0.316797 0.497017 0.067053
3 3 0.057698 0.063609 0.314225 0.496569 0.067899
3 3 0.057992 0.063921 0.313515 0.496439 0.068133
3 3 0.058094 0.064029 0.313269 0.496393 0.068215
3 3 0.062973 0.069186 0.301882 0.493929 0.072030
3 3 0.065334 0.071673 0.296612 0.492552 0.073829
3 3 0.070969 0.077593 0.284593 0.488837 0.078008
3 2 0.088964 0.096340 0.250519 0.473800 0.090377
3 2 0.114133 0.146708 0.264009 0.362201 0.112950
2 2 0.118680 0.301546 0.317021 0.116889 0.145864
1 2 0.072375 0.392858 0.295174 0.060404 0.179188
1 2 0.064872 0.442023 0.235181 0.048125 0.209799
1 2 0.045590 0.374647 0.313296 0.058296 0.208171
1 2 0.036390 0.406191 0.324322 0.035328 0.197769
1 2 0.026749 0.427206 0.294877 0.024602 0.226567
1 2 0.024427 0.380631 0.224411 0.015345 0.355186
4 4 0.025705 0.404724 0.148954 0.009407 0.411209
1 4 0.028405 0.435499 0.137668 0.010226 0.388202
4 4 0.040803 0.330283 0.111526 0.008116 0.509272
4 4 0.058032 0.253180 0.116294 0.011288 0.561205
4 4 0.044502 0.162671 0.076359 0.005351 0.711117
4 4 0.044111 0.134221 0.052461 0.002659 0.766548
4 4 0.062555 0.088102 0.031750 0.001539 0.816054
4 4 0.181544 0.131049 0.053714 0.004539 0.629155
4 4 0.147697 0.085440 0.028463 0.002122 0.736277
4 4 0.186322 0.112249 0.033670 0.002340 0.665419
4 4 0.155132 0.102984 0.028419 0.001612 0.711852
4 4 0.104850 0.069669 0.019097 0.000885 0.805499
4 4 0.090952 0.072235 0.017738 0.000665 0.818410
4 4 0.036202 0.268241 0.105426 0.007246 0.582885
4 4 0.030259 0.334857 0.119372 0.007890 0.507622
4 4 0.038740 0.283620 0.108945 0.007975 0.560720
4 4 0.035308 0.219133 0.099647 0.006954 0.638957
4 4 0.044214 0.114906 0.060778 0.004104 0.775998
4 4 0.057706 0.120796 0.091213 0.011617 0.718668
4 4 0.051722 0.090667 0.075609 0.008773 0.773229
4 4 0.074503 0.122818 0.081459 0.010616 0.710603
4 4 0.087019 0.142523 0.099891 0.016975 0.653593
4 4 0.088902 0.140560 0.096176 0.015959 0.658404
4 4 0.120123 0.135234 0.085537 0.012414 0.646692
4 4 0.191043 0.205952 0.172245 0.031559 0.399201
4 4 0.230201 0.200006 0.164286 0.056597 0.348910
4 4 0.241334 0.192550 0.161783 0.065800 0.338533
4 4 0.225483 0.185036 0.143183 0.053804 0.392494
4 4 0.161909 0.147034 0.087154 0.018951 0.584952
4 4 0.205999 0.214286 0.109556 0.017962 0.452197
1 4 0.185484 0.309627 0.189108 0.037274 0.278507
1 4 0.209227 0.368455 0.260629 0.044400 0.117290
1 4 0.199304 0.400673 0.242970 0.034752 0.122300
1 4 0.145208 0.423559 0.228556 0.019457 0.183220
1 4 0.162334 0.372736 0.232499 0.028606 0.203825
1 4 0.148772 0.359599 0.247645 0.044041 0.199943
0 4 0.269037 0.247934 0.164716 0.051125 0.267189
4 4 0.260521 0.221014 0.132393 0.030112 0.355960
4 4 0.122949 0.102701 0.070147 0.012457 0.691746
4 4 0.169836 0.120577 0.078454 0.018551 0.612582
4 4 0.104189 0.062576 0.048286 0.007062 0.777887
4 4 0.092077 0.042806 0.031570 0.003491 0.830055
4 4 0.107191 0.027376 0.017088 0.001504 0.846841
4 4 0.122995 0.037290 0.026233 0.003225 0.810257
4 4 0.114896 0.039642 0.026645 0.003019 0.815799
4 4 0.074569 0.034353 0.024041 0.002014 0.865023
4 4 0.042374 0.017878 0.012898 0.000633 0.926217
4 4 0.043336 0.013167 0.008273 0.000323 0.934901
4 4 0.031836 0.010250 0.005635 0.000145 0.952133
4 4 0.042386 0.012280 0.005529 0.000144 0.939661
4 4 0.028270 0.011710 0.005950 0.000135 0.953934
4 4 0.022045 0.011241 0.005217 0.000091 0.961407
4 4 0.019606 0.019758 0.008755 0.000158 0.951723
4 4 0.025467 0.043519 0.017539 0.000424 0.913051
4 4 0.018326 0.058197 0.026307 0.000650 0.896519
4 4 0.023691 0.080333 0.044406 0.001824 0.849745
4 4 0.036552 0.115243 0.070455 0.005007 0.772743
4 4 0.043210 0.100710 0.074732 0.006734 0.774614
4 4 0.052169 0.096736 0.078863 0.009227 0.763006
4 2 0.059870 0.130247 0.101761 0.014470 0.693651
4 2 0.046652 0.158637 0.097273 0.009649 0.687788
4 2 0.041870 0.241762 0.118432 0.010976 0.586960
4 1 0.034171 0.385811 0.141582 0.012548 0.425889
1 1 0.026755 0.434231 0.132159 0.008984 0.397872
1 4 0.024546 0.467561 0.132250 0.008600 0.367043
1 4 0.019939 0.500895 0.144501 0.007964 0.326702
1 4 0.017951 0.520389 0.135195 0.006624 0.319841
1 4 0.016739 0.485845 0.129652 0.005209 0.362555
1 4 0.016289 0.455894 0.100902 0.003431 0.423484
1 4 0.017475 0.463190 0.106510 0.004081 0.408744
4 4 0.015894 0.423677 0.094475 0.002900 0.463055
4 4 0.015343 0.414732 0.091158 0.002617 0.476150
4 4 0.015588 0.345177 0.081586 0.002140 0.555509
1 1 0.019456 0.474418 0.122152 0.005737 0.378237
1 1 0.020535 0.448619 0.126376 0.006098 0.398372
1 2 0.020435 0.431094 0.123735 0.005693 0.419042
1 2 0.020171 0.449979 0.130029 0.006197 0.393625
1 2 0.020914 0.423908 0.173562 0.009168 0.372448
1 2 0.021456 0.358806 0.268587 0.015014 0.336136
4 2 0.020814 0.328669 0.300130 0.017861 0.332527
1 1 0.019603 0.345326 0.323072 0.017787 0.294212
1 1 0.018559 0.349805 0.346100 0.017916 0.267620
2 1 0.018385 0.332271 0.370397 0.019271 0.259676
2 1 0.018634 0.323304 0.406672 0.020138 0.231252
2 1 0.018863 0.286056 0.466198 0.022325 0.206558
2 1 0.022075 0.308436 0.482953 0.024791 0.161746
2 1 0.026094 0.354744 0.447380 0.022388 0.149393
1 1 0.029487 0.457677 0.335893 0.014874 0.162069
1 1 0.032429 0.504764 0.257795 0.016055 0.188958
1 1 0.034158 0.500878 0.262478 0.016750 0.185737
1 1 0.036610 0.439407 0.271600 0.033857 0.218527
1 1 0.035831 0.424379 0.283975 0.036685 0.219131
1 1 0.035304 0.386280 0.299136 0.050021 0.229258
1 1 0.027323 0.378120 0.350319 0.035710 0.208528
2 1 0.025149 0.344083 0.416828 0.032930 0.181010
2 1 0.022479 0.262195 0.560502 0.029696 0.125128
2 2 0.019523 0.215965 0.641382 0.025556 0.097574
2 2 0.018038 0.184412 0.702351 0.020929 0.074270
2 2 0.017747 0.171053 0.727730 0.018870 0.064600
2 2 0.019149 0.172173 0.724071 0.020015 0.064593
2 2 0.022493 0.207712 0.672652 0.020665 0.076478
2 2 0.024489 0.251778 0.620480 0.017525 0.085729
2 2 0.025918 0.264673 0.607252 0.016405 0.085751
2 2 0.025729 0.241417 0.643395 0.015415 0.074044
2 2 0.026169 0.210143 0.674767 0.019416 0.069505
2 2 0.025926 0.218049 0.664384 0.019101 0.072541
2 2 0.025043 0.197221 0.688478 0.020949 0.068309
2 2 0.021818 0.239028 0.649750 0.013936 0.075467
2 2 0.022321 0.261901 0.626526 0.011943 0.077309
2 2 0.021749 0.288650 0.589544 0.011796 0.088261
2 2 0.022970 0.285387 0.588837 0.012689 0.090117
2 2 0.022634 0.234911 0.643060 0.015661 0.083734
2 2 0.022688 0.218932 0.669707 0.015813 0.072861
2 2 0.021975 0.224470 0.660362 0.014895 0.078299
2 2 0.021372 0.243077 0.648976 0.012616 0.073960
2 2 0.021456 0.241606 0.657881 0.010971 0.068088
2 2 0.020020 0.202202 0.708421 0.011519 0.057838
2 2 0.019917 0.171168 0.751501 0.011116 0.046297
2 2 0.019617 0.153460 0.772878 0.011861 0.042184
2 2 0.019201 0.153078 0.771905 0.012369 0.043448
2 2 0.018807 0.129135 0.798909 0.014470 0.038679
2 2 0.018594 0.123758 0.801872 0.016384 0.039391
2 2 0.018270 0.097865 0.819191 0.026401 0.038274
2 2 0.018354 0.107708 0.801030 0.028376 0.044532
2 2 0.019216 0.116322 0.774320 0.036023 0.054119
2 2 0.020430 0.154683 0.716640 0.034448 0.073798
2 2 0.026082 0.172798 0.657707 0.051844 0.091570
2 2 0.032187 0.254254 0.540852 0.046114 0.126593
2 2 0.042091 0.314213 0.445429 0.048174 0.150094
2 2 0.039916 0.303310 0.458495 0.049336 0.148943
2 2 0.038085 0.316984 0.435793 0.048458 0.160680
2 2 0.049654 0.266114 0.474692 0.071959 0.137580
2 2 0.065687 0.347415 0.395635 0.050412 0.140851
2 2 0.022284 0.145635 0.701936 0.028228 0.101918
2 2 0.020363 0.147522 0.729853 0.025172 0.077090
2 2 0.021293 0.167762 0.701644 0.028128 0.081173
2 2 0.021479 0.159611 0.711296 0.032909 0.074704
2 2 0.022681 0.177537 0.686547 0.033094 0.080141
2 2 0.023132 0.198307 0.612555 0.039752 0.126254
2 2 0.024788 0.174138 0.623026 0.047305 0.130743
2 2 0.026524 0.174812 0.630598 0.051092 0.116972
2 2 0.024832 0.166191 0.657713 0.051774 0.099489
2 2 0.022162 0.186804 0.647313 0.037516 0.106205
2 2 0.022155 0.185135 0.654863 0.039905 0.097941
2 2 0.023352 0.200228 0.616397 0.043998 0.116024
2 2 0.023688 0.130533 0.726565 0.051549 0.067665
2 2 0.021520 0.071683 0.784060 0.079606 0.043132
2 2 0.024034 0.075358 0.742889 0.106959 0.050759
2 2 0.030763 0.088157 0.644516 0.167193 0.069371
2 2 0.034740 0.095033 0.583268 0.206240 0.080719
2 2 0.034459 0.084408 0.561533 0.242532 0.077067
2 2 0.034402 0.069840 0.588853 0.245375 0.061530
2 2 0.032829 0.051183 0.543910 0.321256 0.050822
2 2 0.028831 0.041838 0.576275 0.311360 0.041695
2 2 0.024233 0.031765 0.612248 0.299813 0.031941
2 2 0.020294 0.034654 0.776325 0.143243 0.025483
2 2 0.020019 0.040821 0.839456 0.077287 0.022418
2 2 0.020387 0.041489 0.844272 0.072032 0.021820
2 2 0.019534 0.024442 0.791268 0.147352 0.017405
2 2 0.020818 0.024887 0.734720 0.199235 0.020340
2 2 0.026902 0.038199 0.671131 0.231320 0.032449
2 2 0.037049 0.066606 0.561970 0.274545 0.059830
2 2 0.041488 0.053979 0.440102 0.408070 0.056361
3 2 0.038156 0.045810 0.382172 0.479872 0.053990
3 2 0.037853 0.051838 0.406683 0.444012 0.059613
2 2 0.049164 0.108906 0.458526 0.285517 0.097887
2 2 0.071104 0.196208 0.441904 0.166530 0.124254
2 2 0.099851 0.341936 0.383033 0.056308 0.118871
2 0 0.103572 0.332194 0.404077 0.052440 0.107717
2 0 0.092675 0.359875 0.360517 0.055423 0.131510
1 1 0.082313 0.379187 0.305302 0.065953 0.167246
1 2 0.069567 0.420970 0.300479 0.042918 0.166066
2 2 0.068249 0.285866 0.404113 0.092679 0.149092
2 2 0.044912 0.319600 0.404021 0.061177 0.170289
2 2 0.038579 0.187920 0.504687 0.130054 0.138760
2 2 0.035864 0.244492 0.480223 0.082374 0.157048
2 2 0.035582 0.265081 0.496987 0.058073 0.144277
2 2 0.036641 0.251948 0.541892 0.048836 0.120682
2 2 0.037398 0.269541 0.529176 0.042655 0.121231
2 2 0.038191 0.223304 0.599138 0.043958 0.095407
2 2 0.031973 0.170478 0.695814 0.035452 0.066283
2 2 0.025995 0.104824 0.779839 0.043968 0.045375
2 2 0.022358 0.077021 0.810136 0.053204 0.037281
2 2 0.021853 0.078417 0.826818 0.039802 0.033110
2 2 0.022334 0.074014 0.828052 0.043576 0.032024
2 2 0.021446 0.064012 0.827127 0.056084 0.031332
2 2 0.022313 0.077638 0.812835 0.050538 0.036676
2 2 0.027140 0.110048 0.734739 0.068516 0.059558
2 2 0.032868 0.232734 0.583658 0.043140 0.107600
2 2 0.037349 0.245165 0.534315 0.057306 0.125866
2 2 0.037800 0.257276 0.513401 0.057694 0.133829
2 2 0.035506 0.205294 0.555363 0.080301 0.123536
2 2 0.031328 0.192079 0.599174 0.067502 0.109917
2 2 0.043186 0.354045 0.413155 0.035753 0.153862
2 2 0.044829 0.350833 0.384945 0.039441 0.179951
2 2 0.038758 0.206589 0.587023 0.063259 0.104371
2 2 0.031838 0.161605 0.633948 0.065117 0.107493
2 2 0.027948 0.164644 0.668075 0.051104 0.088230
2 2 0.027378 0.150948 0.672457 0.056720 0.092497
2 2 0.030137 0.168919 0.670483 0.049684 0.080777
2 2 0.036576 0.149333 0.693896 0.054346 0.065849
2 2 0.049514 0.159052 0.633760 0.081642 0.076032
2 2 0.044954 0.209601 0.581178 0.064588 0.099678
2 2 0.037355 0.187574 0.604684 0.069806 0.100581
2 2 0.035956 0.184486 0.603924 0.073637 0.101997
2 2 0.030326 0.158090 0.665771 0.062207 0.083605
2 2 0.030787 0.086890 0.680123 0.140425 0.061775
2 2 0.026881 0.054070 0.636918 0.232629 0.049502
2 2 0.034218 0.075678 0.604616 0.221424 0.064064
2 2 0.045263 0.100889 0.565060 0.205603 0.083186
2 2 0.053547 0.143042 0.439872 0.234341 0.129198
2 2 0.062051 0.203908 0.349109 0.116573 0.268357
2 2 0.073308 0.243471 0.328518 0.087210 0.267493
4 2 0.063631 0.306805 0.189046 0.026973 0.413546
4 2 0.056567 0.310889 0.175670 0.021398 0.435475
4 2 0.075390 0.269164 0.214545 0.030130 0.410771
4 2 0.065179 0.239802 0.161997 0.021470 0.511552
4 1 0.038104 0.181999 0.094227 0.007193 0.678477
4 1 0.039380 0.270064 0.095701 0.006123 0.588732
4 1 0.023913 0.192227 0.073656 0.002979 0.707226
4 1 0.024595 0.205417 0.067317 0.002388 0.700283
4 1 0.028073 0.202092 0.064859 0.002416 0.702560
4 1 0.024240 0.195670 0.070725 0.002717 0.706648
4 4 0.021164 0.122932 0.047763 0.001448 0.806693
4 4 0.029426 0.127063 0.047453 0.001715 0.794342
4 4 0.025797 0.070237 0.028630 0.000831 0.874505
4 4 0.027100 0.048968 0.023636 0.000757 0.899538
4 4 0.034349 0.038974 0.019681 0.000715 0.906281
4 4 0.100450 0.072143 0.037788 0.003615 0.786004
4 4 0.133545 0.073521 0.042589 0.005691 0.744654
4 4 0.144161 0.070947 0.044437 0.006804 0.733650
4 4 0.126972 0.075726 0.042389 0.005301 0.749612
4 4 0.155766 0.093673 0.049367 0.007373 0.693821
4 4 0.207622 0.137901 0.055885 0.009430 0.589161
4 4 0.204344 0.099268 0.038927 0.005274 0.652187
4 4 0.193813 0.091512 0.036188 0.004563 0.673926
4 4 0.044827 0.021844 0.010754 0.000378 0.922198
4 4 0.060476 0.035663 0.016622 0.000773 0.886466
4 4 0.077940 0.037119 0.016972 0.000926 0.867043
4 4 0.123389 0.062037 0.031908 0.003277 0.779390
4 4 0.184056 0.071866 0.032562 0.004170 0.707346
4 0 0.173110 0.138218 0.083486 0.012726 0.592460
4 0 0.266399 0.148842 0.082748 0.014297 0.487714
4 0 0.205996 0.147556 0.096215 0.019542 0.530691
4 4 0.289014 0.139290 0.070257 0.012214 0.489225
4 4 0.137176 0.112504 0.089931 0.022301 0.638087
4 4 0.103464 0.084628 0.076906 0.015548 0.719454
4 4 0.040897 0.053308 0.048721 0.004350 0.852723
4 4 0.027793 0.039773 0.032944 0.001854 0.897637
4 4 0.028782 0.052178 0.039113 0.002201 0.877726
4 4 0.026036 0.068133 0.042799 0.002031 0.861000
4 4 0.035948 0.166993 0.105115 0.007494 0.684451
4 2 0.032555 0.257387 0.121580 0.008158 0.580321
4 2 0.020706 0.317314 0.123591 0.004849 0.533541
4 2 0.021576 0.346480 0.180739 0.008712 0.442494
4 2 0.022290 0.407916 0.143141 0.007396 0.419258
4 1 0.024504 0.407414 0.119659 0.006666 0.441757
4 1 0.022566 0.377337 0.108018 0.005016 0.487063
4 4 0.037998 0.410116 0.118809 0.007094 0.425983
4 4 0.051244 0.308222 0.102744 0.005702 0.532088
4 4 0.071954 0.324835 0.137406 0.007618 0.458187
1 4 0.084948 0.406121 0.138717 0.008498 0.361716
1 4 0.133006 0.471791 0.110592 0.005422 0.279190
4 0 0.115716 0.365492 0.079818 0.003089 0.435885
4 0 0.119584 0.367603 0.085019 0.005451 0.422342
4 1 0.081141 0.334692 0.059985 0.003260 0.520922
4 1 0.068060 0.367151 0.070014 0.003479 0.491297
4 1 0.071712 0.391525 0.087687 0.005852 0.443224
4 1 0.053852 0.369542 0.073969 0.003787 0.498850
4 1 0.035322 0.337377 0.066036 0.002267 0.558997
4 1 0.026391 0.238103 0.065349 0.002149 0.668008
4 1 0.032106 0.231352 0.076990 0.003556 0.655995
4 4 0.057931 0.178772 0.062719 0.003885 0.696693
4 4 0.065719 0.181927 0.068768 0.005130 0.678456
4 4 0.076805 0.167081 0.061424 0.004702 0.689989
4 4 0.061569 0.195232 0.065297 0.004190 0.673713
4 4 0.063206 0.267284 0.074851 0.004875 0.589785
4 4 0.047769 0.376583 0.117228 0.010055 0.448365
4 4 0.042590 0.411410 0.105359 0.007154 0.433486
4 4 0.022686 0.343652 0.101910 0.004500 0.527252
4 4 0.020379 0.372036 0.116054 0.004738 0.486792
4 4 0.018018 0.396701 0.122974 0.004493 0.457814
4 4 0.016332 0.391621 0.103544 0.003180 0.485323
4 4 0.016592 0.396092 0.092648 0.002871 0.491797
4 4 0.016260 0.326604 0.080779 0.002189 0.574168
4 4 0.016867 0.304292 0.078980 0.002190 0.597672
4 4 0.022516 0.306694 0.094343 0.003906 0.572541
4 4 0.025260 0.270873 0.093563 0.004353 0.605951
4 4 0.025145 0.226898 0.075438 0.002939 0.669580
4 4 0.022990 0.191613 0.061703 0.001972 0.721722
4 4 0.021018 0.177763 0.054524 0.001492 0.745203
4 4 0.015978 0.206573 0.060513 0.001438 0.715497
4 1 0.018292 0.298907 0.081978 0.002523 0.598301
4 1 0.019717 0.396698 0.102925 0.004079 0.476581
4 1 0.025937 0.315801 0.096174 0.004418 0.557670
4 1 0.028927 0.247994 0.070374 0.002625 0.650079
4 1 0.031279 0.210530 0.049716 0.001412 0.707062
4 1 0.027806 0.187273 0.045776 0.001177 0.737968
4 1 0.038268 0.318834 0.069141 0.002701 0.571056
1 1 0.031283 0.429450 0.125685 0.008826 0.404755
1 1 0.022702 0.560689 0.132825 0.009108 0.274676
1 1 0.022972 0.503780 0.196474 0.016047 0.260727
1 1 0.024533 0.499450 0.227689 0.017635 0.230693
1 1 0.025776 0.441569 0.305343 0.021782 0.205529
2 1 0.028104 0.358710 0.417021 0.028690 0.167476
2 2 0.027927 0.362953 0.410368 0.028494 0.170258
1 2 0.026861 0.416407 0.371079 0.018550 0.167104
2 2 0.027235 0.368642 0.428142 0.022262 0.153720
2 2 0.027358 0.362184 0.439684 0.022041 0.148733
2 2 0.027123 0.393696 0.402682 0.019436 0.157063
1 2 0.027139 0.410563 0.378183 0.019034 0.165081
1 2 0.025702 0.391292 0.390601 0.021754 0.170651
2 2 0.025664 0.366803 0.423452 0.023136 0.160944
