0 0 0.724365 0.105876 0.086441 0.031941 0.051378
0 0 0.706394 0.081433 0.110355 0.066461 0.035357
0 0 0.713531 0.121924 0.080355 0.025793 0.058397
4 0 0.245199 0.227933 0.077298 0.009272 0.440297
0 0 0.340329 0.240651 0.085009 0.012404 0.321608
4 0 0.256058 0.232300 0.086469 0.011957 0.413216
0 0 0.407007 0.239596 0.106016 0.023239 0.224142
0 0 0.411856 0.234503 0.113752 0.027603 0.212286
0 0 0.452406 0.212127 0.126244 0.037658 0.171565
0 0 0.473044 0.151591 0.174777 0.098556 0.102032
0 0 0.423623 0.094839 0.211708 0.210729 0.059101
0 0 0.416441 0.091844 0.213985 0.220258 0.057472
0 0 0.424401 0.088865 0.211624 0.220297 0.054813
0 0 0.461428 0.129732 0.190619 0.138195 0.080026
3 0 0.059162 0.059479 0.248814 0.598644 0.033901
3 0 0.031966 0.048170 0.225091 0.671463 0.023309
3 0 0.045613 0.071807 0.259587 0.582471 0.040522
3 0 0.042785 0.073490 0.261263 0.580748 0.041715
3 0 0.080800 0.125306 0.294971 0.406961 0.091961
3 0 0.064887 0.109202 0.343974 0.421187 0.060750
2 0 0.093105 0.134760 0.366214 0.315018 0.090903
2 0 0.110032 0.148246 0.330313 0.298993 0.112415
2 0 0.166569 0.187276 0.254478 0.166093 0.225585
4 0 0.233324 0.198904 0.216896 0.113470 0.237405
0 0 0.250251 0.189967 0.226552 0.137428 0.195802
4 0 0.225394 0.202733 0.218394 0.117403 0.236075
2 1 0.213132 0.149928 0.262651 0.230816 0.143474
2 1 0.169484 0.161893 0.272979 0.232929 0.162715
2 1 0.128748 0.175057 0.280541 0.227834 0.187820
4 1 0.116668 0.199655 0.252022 0.146653 0.285002
3 1 0.057010 0.104488 0.289107 0.478172 0.071223
3 1 0.037708 0.090865 0.307023 0.516969 0.047434
3 1 0.017738 0.045977 0.302560 0.618000 0.015725
3 1 0.015264 0.042506 0.316542 0.612185 0.013503
3 1 0.017369 0.047479 0.341907 0.578048 0.015196
3 1 0.024364 0.053060 0.277476 0.623986 0.021113
3 1 0.022067 0.045225 0.235369 0.678534 0.018805
3 1 0.009812 0.022746 0.229520 0.730693 0.007229
3 1 0.004802 0.011801 0.223981 0.756460 0.002956
3 1 0.004716 0.011775 0.262871 0.717916 0.002723
3 1 0.003522 0.008721 0.245361 0.740515 0.001880
3 1 0.004294 0.011546 0.252757 0.728774 0.002629
3 1 0.002545 0.007365 0.234193 0.754451 0.001446
3 1 0.002430 0.007082 0.274504 0.714713 0.001271
3 2 0.002380 0.006368 0.287271 0.702869 0.001112
3 2 0.003298 0.007314 0.316875 0.671142 0.001370
3 2 0.004387 0.009768 0.331584 0.652283 0.001978
3 2 0.005608 0.011175 0.394085 0.586860 0.002272
3 2 0.004909 0.010174 0.356381 0.626464 0.002072
3 2 0.004774 0.010037 0.399585 0.583689 0.001915
3 2 0.006379 0.014621 0.448542 0.527547 0.002910
2 2 0.009322 0.019923 0.582527 0.384284 0.003945
2 2 0.010669 0.024397 0.616268 0.343771 0.004895
2 2 0.012339 0.029139 0.637098 0.315404 0.006020
2 2 0.009640 0.024065 0.564832 0.396572 0.004891
2 2 0.009349 0.024572 0.516446 0.444451 0.005182
3 2 0.009476 0.025339 0.474756 0.484822 0.005607
3 2 0.009134 0.027533 0.436723 0.520346 0.006265
2 2 0.006037 0.018393 0.502294 0.469898 0.003378
2 2 0.004885 0.013385 0.506553 0.472900 0.002277
2 2 0.006058 0.016653 0.576441 0.397999 0.002848
2 2 0.011253 0.028358 0.587988 0.366459 0.005941
2 2 0.011064 0.027275 0.509980 0.445540 0.006141
3 2 0.013237 0.032482 0.463893 0.482222 0.008167
3 2 0.010820 0.026023 0.361205 0.595039 0.006913
3 2 0.008518 0.021175 0.379970 0.585286 0.005052
3 2 0.009838 0.022858 0.336875 0.624349 0.006079
3 2 0.008025 0.018678 0.221943 0.745731 0.005622
3 2 0.007942 0.018578 0.198879 0.768745 0.005857
3 2 0.004401 0.011628 0.171658 0.809128 0.003185
3 2 0.005838 0.016204 0.254066 0.719796 0.004095
3 2 0.005718 0.018041 0.353948 0.618426 0.003867
3 2 0.005109 0.015451 0.328903 0.647237 0.003300
3 2 0.004410 0.012764 0.319591 0.660608 0.002627
3 3 0.004745 0.013168 0.313037 0.666241 0.002809
3 3 0.004085 0.011307 0.271671 0.710490 0.002446
3 3 0.003936 0.011011 0.240154 0.742410 0.002489
3 3 0.003627 0.010570 0.189117 0.794098 0.002588
3 3 0.003735 0.010183 0.172299 0.811153 0.002629
3 3 0.003417 0.009054 0.156090 0.829069 0.002370
3 3 0.003421 0.009170 0.160473 0.824564 0.002371
3 3 0.002158 0.005761 0.143017 0.847728 0.001335
3 3 0.001740 0.004406 0.123639 0.869204 0.001011
3 3 0.001184 0.002697 0.099124 0.896398 0.000597
3 3 0.001553 0.003338 0.111984 0.882355 0.000770
3 3 0.001468 0.003001 0.097136 0.897671 0.000724
3 3 0.001540 0.003304 0.092208 0.902120 0.000829
3 3 0.001916 0.004082 0.086096 0.906768 0.001139
3 3 0.001903 0.004440 0.094713 0.897760 0.001184
3 3 0.002195 0.005456 0.107527 0.883377 0.001445
3 3 0.002601 0.007138 0.114745 0.873569 0.001947
3 3 0.003077 0.008855 0.110871 0.874596 0.002600
3 3 0.002911 0.008256 0.101221 0.885138 0.002475
3 3 0.003327 0.009426 0.108513 0.875863 0.002872
3 3 0.003657 0.009962 0.127118 0.856339 0.002925
3 3 0.003639 0.010051 0.138904 0.844574 0.002832
3 3 0.004460 0.011695 0.156201 0.824285 0.003359
3 3 0.005383 0.012773 0.134647 0.843007 0.004190
3 3 0.005336 0.012478 0.151291 0.827020 0.003875
3 3 0.004243 0.010130 0.140586 0.842040 0.003000
3 3 0.003922 0.008722 0.133192 0.851587 0.002577
3 3 0.006122 0.012102 0.125704 0.851781 0.004291
3 3 0.009486 0.015354 0.142853 0.826304 0.006003
3 3 0.011973 0.019506 0.157820 0.802793 0.007908
3 3 0.007854 0.012945 0.132488 0.841812 0.004901
3 2 0.025955 0.030203 0.195285 0.733967 0.014590
3 0 0.069325 0.041678 0.231941 0.630827 0.026229
3 0 0.213323 0.096775 0.273724 0.314678 0.101500
3 0 0.204129 0.091937 0.277629 0.322837 0.103468
0 0 0.254166 0.174535 0.217300 0.104405 0.249594
4 0 0.283437 0.187266 0.174288 0.057199 0.297810
4 0 0.259883 0.209008 0.116195 0.021916 0.392997
4 0 0.224923 0.214501 0.108097 0.018795 0.433684
4 1 0.186787 0.216850 0.091416 0.013263 0.491685
4 1 0.174696 0.218050 0.128075 0.028431 0.450749
4 1 0.118745 0.187374 0.086591 0.012216 0.595074
4 0 0.171172 0.213934 0.103052 0.017341 0.494501
4 0 0.171274 0.211998 0.092956 0.013789 0.509984
4 0 0.247530 0.235318 0.127022 0.028787 0.361343
4 0 0.263116 0.237216 0.135173 0.033938 0.330557
4 0 0.325135 0.236597 0.070857 0.008095 0.359315
0 0 0.373916 0.238632 0.071243 0.008663 0.307545
0 0 0.425302 0.233771 0.070516 0.009038 0.261373
0 0 0.370885 0.235988 0.062267 0.006384 0.324475
4 0 0.179836 0.200286 0.051976 0.003917 0.563985
4 0 0.103229 0.161604 0.043109 0.002840 0.689218
4 0 0.088749 0.149193 0.037210 0.002152 0.722696
4 0 0.038546 0.099056 0.023807 0.001054 0.837537
4 0 0.017741 0.062893 0.012017 0.000328 0.907021
4 0 0.016741 0.063878 0.014933 0.000520 0.903927
4 0 0.009765 0.050889 0.015466 0.000663 0.923216
4 0 0.013407 0.065174 0.028140 0.002038 0.891242
4 0 0.022791 0.088763 0.045014 0.004566 0.838865
4 0 0.031360 0.119817 0.067316 0.009236 0.772271
4 1 0.033218 0.125119 0.071512 0.010283 0.759867
4 1 0.043491 0.207180 0.186105 0.028170 0.535055
4 1 0.034644 0.241922 0.286870 0.046785 0.389779
2 1 0.028591 0.226411 0.441597 0.081525 0.221877
2 2 0.033797 0.173467 0.490427 0.178169 0.124139
2 2 0.041243 0.154516 0.521648 0.179893 0.102699
2 2 0.028295 0.095725 0.572116 0.261957 0.041907
2 2 0.041274 0.120677 0.585009 0.185940 0.067100
2 2 0.015048 0.034314 0.577577 0.365032 0.008028
3 2 0.007785 0.017135 0.445297 0.526114 0.003670
3 2 0.004015 0.009147 0.369374 0.615759 0.001705
3 2 0.004221 0.008702 0.326098 0.659226 0.001754
2 2 0.014405 0.020555 0.496019 0.463839 0.005183
3 2 0.016953 0.018906 0.409478 0.549088 0.005575
2 2 0.013132 0.016433 0.512084 0.454395 0.003955
3 2 0.010136 0.013932 0.351538 0.620701 0.003693
3 2 0.018405 0.025669 0.324101 0.623132 0.008692
3 2 0.036545 0.051347 0.323746 0.566407 0.021956
3 2 0.034296 0.049571 0.362900 0.533605 0.019627
2 2 0.016740 0.035814 0.506968 0.431142 0.009336
2 2 0.021972 0.047101 0.613650 0.305189 0.012088
2 2 0.016092 0.041429 0.644350 0.288856 0.009273
2 2 0.023996 0.063898 0.659587 0.236499 0.016019
2 2 0.011744 0.035532 0.679261 0.266560 0.006903
2 2 0.020203 0.042166 0.642781 0.284608 0.010242
2 2 0.032486 0.050066 0.628002 0.274931 0.014516
2 2 0.028478 0.046910 0.596978 0.314222 0.013412
2 2 0.025091 0.042722 0.598083 0.322410 0.011695
2 2 0.031601 0.067241 0.563324 0.317422 0.020412
2 2 0.020690 0.047718 0.636240 0.283627 0.011725
2 2 0.028042 0.069687 0.661415 0.219425 0.021430
2 2 0.022351 0.056016 0.756104 0.150228 0.015301
2 2 0.011116 0.038793 0.813303 0.129025 0.007763
2 2 0.016215 0.059503 0.802772 0.105207 0.016303
2 2 0.026897 0.087979 0.715579 0.134870 0.034675
2 2 0.037864 0.105816 0.682881 0.131034 0.042405
2 2 0.062175 0.134639 0.572494 0.167059 0.063634
2 2 0.063212 0.114789 0.550899 0.220656 0.050445
2 2 0.045318 0.091129 0.509709 0.319222 0.034621
3 2 0.031655 0.065889 0.350948 0.525898 0.025611
3 2 0.022945 0.046504 0.242492 0.668727 0.019331
3 2 0.020261 0.037580 0.205570 0.720412 0.016176
3 2 0.023908 0.044590 0.214433 0.697150 0.019918
3 0 0.046811 0.066947 0.250870 0.600340 0.035032
3 0 0.077008 0.083302 0.269495 0.520316 0.049878
3 1 0.049188 0.050709 0.236820 0.635381 0.027903
3 1 0.005298 0.006861 0.103425 0.881882 0.002534
3 2 0.004793 0.006190 0.098802 0.887963 0.002253
3 2 0.006170 0.007463 0.108342 0.875175 0.002850
3 2 0.009272 0.012618 0.134265 0.838802 0.005042
3 2 0.020062 0.025408 0.180950 0.761966 0.011615
3 2 0.038567 0.055165 0.236545 0.641906 0.027817
3 2 0.063362 0.087544 0.269276 0.530890 0.048928
2 2 0.093897 0.162217 0.314194 0.292603 0.137089
2 2 0.099269 0.203934 0.271254 0.187777 0.237766
4 0 0.097246 0.208546 0.212105 0.090578 0.391524
4 0 0.101662 0.204609 0.203877 0.082364 0.407488
4 1 0.095544 0.201399 0.227776 0.107085 0.368196
4 1 0.098931 0.194411 0.223764 0.101787 0.381107
4 2 0.102144 0.204128 0.220854 0.099956 0.372919
2 2 0.070169 0.202724 0.381730 0.156378 0.188998
2 2 0.053832 0.157677 0.456284 0.235423 0.096784
2 2 0.029868 0.088111 0.533375 0.317086 0.031560
2 2 0.022510 0.074340 0.609418 0.272845 0.020887
2 2 0.023123 0.095940 0.685145 0.165318 0.030473
2 2 0.017141 0.057017 0.640826 0.272034 0.012982
2 2 0.014848 0.044949 0.642537 0.287891 0.009775
2 2 0.008844 0.025377 0.593766 0.367153 0.004859
2 2 0.009086 0.025987 0.630322 0.329752 0.004852
2 2 0.011493 0.031919 0.589807 0.360070 0.006712
2 2 0.011523 0.030332 0.495669 0.455456 0.007021
3 2 0.008218 0.021425 0.381872 0.583452 0.005033
3 2 0.006981 0.016599 0.292272 0.679957 0.004190
3 2 0.010807 0.023229 0.323389 0.636060 0.006514
3 2 0.009376 0.020153 0.265193 0.699373 0.005905
3 2 0.009717 0.020362 0.248956 0.714744 0.006221
3 2 0.009628 0.020209 0.267136 0.697071 0.005957
3 2 0.010374 0.023480 0.222104 0.736315 0.007726
3 2 0.017906 0.041949 0.282300 0.642949 0.014896
3 2 0.008904 0.025935 0.288461 0.669551 0.007148
3 2 0.012471 0.035413 0.383916 0.558635 0.009566
3 2 0.009715 0.027762 0.389556 0.566134 0.006833
3 2 0.007009 0.021072 0.415038 0.552393 0.004489
3 2 0.006607 0.021222 0.479969 0.488088 0.004113
2 2 0.005942 0.017321 0.502268 0.471303 0.003165
2 2 0.019374 0.034198 0.595105 0.342715 0.008608
2 2 0.109977 0.108174 0.532247 0.199037 0.050565
2 2 0.151519 0.148682 0.436406 0.172696 0.090697
2 2 0.137905 0.159920 0.419689 0.183203 0.099284
2 2 0.159102 0.150222 0.291393 0.285760 0.113523
0 2 0.319014 0.163881 0.224459 0.153902 0.138744
0 0 0.426078 0.180442 0.174212 0.086275 0.132993
0 0 0.462088 0.193424 0.146536 0.057319 0.140632
0 0 0.340021 0.206296 0.179082 0.076077 0.198523
0 0 0.335554 0.215687 0.162471 0.057130 0.229158
0 0 0.449085 0.166096 0.173533 0.087165 0.124121
0 0 0.494027 0.158897 0.157163 0.070319 0.119594
0 0 0.532560 0.114071 0.169709 0.119907 0.063753
0 0 0.494675 0.165624 0.151418 0.063693 0.124591
0 0 0.395560 0.169538 0.184191 0.083615 0.167095
0 0 0.368331 0.131418 0.224091 0.159996 0.116163
0 0 0.411522 0.125528 0.211633 0.152507 0.098810
0 0 0.340447 0.180759 0.186180 0.075845 0.216769
0 0 0.313618 0.170987 0.214759 0.116258 0.184378
0 0 0.389103 0.208972 0.145929 0.046108 0.209888
0 0 0.408451 0.206476 0.142416 0.044889 0.197768
4 0 0.055763 0.131936 0.053212 0.005054 0.754034
4 0 0.059725 0.134212 0.049906 0.004345 0.751811
4 0 0.051815 0.121670 0.038756 0.002660 0.785099
4 0 0.061166 0.134618 0.047943 0.003973 0.752300
4 0 0.051517 0.125359 0.047108 0.003997 0.772019
4 0 0.081417 0.156981 0.063532 0.006729 0.691341
4 0 0.056952 0.126805 0.039554 0.002709 0.773981
4 0 0.055309 0.122141 0.033945 0.001987 0.786617
4 0 0.055531 0.120565 0.031169 0.001664 0.791070
4 0 0.066426 0.131149 0.033602 0.001860 0.766964
4 0 0.046047 0.112620 0.032598 0.001918 0.806818
4 0 0.066351 0.136468 0.042790 0.003073 0.751318
4 0 0.054827 0.119656 0.030732 0.001622 0.793163
4 0 0.069493 0.134323 0.034857 0.001985 0.759342
4 0 0.061316 0.121075 0.025404 0.001064 0.791141
4 0 0.054176 0.118739 0.030222 0.001572 0.795291
4 0 0.092313 0.156149 0.045032 0.003179 0.703327
4 0 0.080349 0.150201 0.049055 0.003914 0.716480
4 0 0.132232 0.182957 0.054888 0.004534 0.625388
4 0 0.161350 0.202040 0.070905 0.007667 0.558038
4 0 0.253051 0.234844 0.104628 0.018372 0.389106
0 0 0.345206 0.177397 0.195184 0.090222 0.191991
0 0 0.361609 0.217702 0.131694 0.033792 0.255202
4 0 0.234098 0.228749 0.089404 0.012742 0.435007
4 0 0.212191 0.216066 0.065022 0.006305 0.500417
4 0 0.157727 0.193371 0.053935 0.004281 0.590687
4 0 0.081341 0.142246 0.034092 0.001829 0.740493
4 0 0.047303 0.103745 0.019237 0.000643 0.829073
4 0 0.022376 0.070954 0.013445 0.000384 0.892840
4 0 0.015817 0.058592 0.010729 0.000270 0.914591
4 0 0.012742 0.053312 0.010688 0.000287 0.922970
4 0 0.014248 0.057647 0.012519 0.000382 0.915204
4 0 0.014329 0.061531 0.017533 0.000758 0.905850
4 0 0.022419 0.080785 0.027237 0.001627 0.867932
4 0 0.046536 0.122217 0.051930 0.005030 0.774287
4 0 0.070764 0.148648 0.063065 0.006829 0.710694
4 0 0.134602 0.195289 0.086259 0.011924 0.571926
4 0 0.201829 0.225331 0.117878 0.023567 0.431394
4 0 0.253245 0.235353 0.145217 0.040111 0.326074
0 0 0.348572 0.222006 0.148802 0.046696 0.233924
4 0 0.278664 0.230885 0.136725 0.034687 0.319038
4 0 0.194973 0.218988 0.089838 0.012762 0.483439
4 0 0.127338 0.184799 0.064498 0.006421 0.616944
4 1 0.068454 0.139639 0.045732 0.003504 0.742671
4 1 0.028713 0.093988 0.035542 0.002617 0.839140
4 1 0.017046 0.072592 0.028837 0.001989 0.879536
4 1 0.022886 0.086035 0.037081 0.003053 0.850945
4 1 0.025080 0.086820 0.031271 0.002091 0.854738
4 1 0.046105 0.122271 0.053327 0.005330 0.772967
4 1 0.079631 0.162500 0.087234 0.013305 0.657330
4 1 0.122636 0.195343 0.119126 0.024615 0.538279
4 1 0.164372 0.214983 0.155779 0.045245 0.419621
4 1 0.141014 0.208700 0.166095 0.041757 0.442434
4 1 0.158837 0.215925 0.282059 0.058833 0.284347
2 1 0.134887 0.206846 0.378580 0.101637 0.178050
2 1 0.054355 0.132428 0.630656 0.126211 0.056350
2 1 0.074696 0.118284 0.515263 0.242243 0.049514
2 1 0.150932 0.215300 0.353669 0.083847 0.196252
2 1 0.153397 0.214410 0.318614 0.052314 0.261266
2 1 0.092294 0.198049 0.532142 0.050536 0.126979
4 1 0.043644 0.181080 0.343762 0.010061 0.421453
2 1 0.059337 0.177940 0.485554 0.012120 0.265049
2 1 0.063248 0.172352 0.491366 0.010990 0.262044
2 1 0.060651 0.162198 0.622322 0.015271 0.139558
2 1 0.050622 0.143837 0.688917 0.017337 0.099286
2 1 0.037492 0.119489 0.767014 0.020479 0.055526
2 1 0.044056 0.145948 0.705956 0.015186 0.088854
2 1 0.052899 0.146180 0.683664 0.013685 0.103571
2 1 0.063072 0.154817 0.637394 0.013823 0.130894
2 4 0.080011 0.186004 0.442507 0.016789 0.274690
4 4 0.068589 0.176955 0.203831 0.015912 0.534713
4 4 0.083265 0.185030 0.190656 0.022707 0.518341
4 4 0.098248 0.182321 0.130291 0.031070 0.558071
4 4 0.148480 0.197973 0.249793 0.152684 0.251070
2 4 0.142459 0.173122 0.276697 0.222906 0.184816
3 4 0.073618 0.100417 0.284407 0.474823 0.066735
3 4 0.028978 0.045864 0.220251 0.683243 0.021665
3 4 0.011409 0.017833 0.152813 0.810730 0.007216
3 4 0.013711 0.020920 0.163732 0.792887 0.008750
3 4 0.019858 0.026119 0.182142 0.760024 0.011857
3 4 0.029877 0.039163 0.212278 0.699609 0.019073
3 4 0.018875 0.031040 0.189946 0.746596 0.013543
3 4 0.020515 0.036156 0.199767 0.727714 0.015847
3 4 0.020392 0.036496 0.200132 0.727033 0.015947
3 4 0.018119 0.037665 0.202557 0.725978 0.015681
3 4 0.027052 0.053959 0.240148 0.655013 0.023828
3 2 0.030848 0.069749 0.361494 0.511467 0.026442
3 2 0.037275 0.071046 0.292973 0.566858 0.031848
3 2 0.038404 0.075580 0.294718 0.557207 0.034090
3 2 0.013936 0.029937 0.181599 0.762567 0.011961
3 2 0.010402 0.024973 0.166622 0.788641 0.009362
3 2 0.007713 0.018723 0.147649 0.819234 0.006680
3 2 0.006840 0.016768 0.140727 0.829804 0.005861
3 2 0.004509 0.011445 0.141719 0.838879 0.003448
3 2 0.004051 0.010138 0.223451 0.759964 0.002396
3 2 0.003417 0.008034 0.304113 0.682884 0.001552
3 2 0.006866 0.015401 0.427771 0.546741 0.003221
3 2 0.007708 0.017745 0.477667 0.493227 0.003653
2 2 0.009493 0.025086 0.486375 0.473559 0.005487
2 2 0.012240 0.038710 0.511250 0.428831 0.008969
3 2 0.009767 0.031879 0.310356 0.639248 0.008750
3 2 0.014324 0.040859 0.311795 0.619961 0.013062
3 2 0.011806 0.031795 0.272007 0.673939 0.010453
3 2 0.012442 0.041179 0.400972 0.533231 0.012176
3 2 0.017592 0.053631 0.435305 0.474376 0.019097
2 2 0.017111 0.048663 0.460907 0.458749 0.014570
3 2 0.008769 0.022745 0.310280 0.652171 0.006035
3 2 0.004530 0.013129 0.301422 0.678115 0.002804
3 2 0.004026 0.012021 0.268761 0.712595 0.002598
3 2 0.005429 0.015936 0.254271 0.720441 0.003923
3 2 0.006078 0.015997 0.214869 0.758626 0.004430
3 2 0.004313 0.011554 0.197378 0.783804 0.002950
3 2 0.004114 0.012191 0.240756 0.740146 0.002793
3 2 0.003961 0.011506 0.336588 0.645720 0.002226
3 2 0.008842 0.022447 0.386238 0.577093 0.005380
3 2 0.011088 0.031248 0.409315 0.540493 0.007857
3 2 0.015137 0.043255 0.445740 0.484283 0.011585
3 2 0.013013 0.040180 0.408163 0.527974 0.010670
3 2 0.012881 0.038934 0.353153 0.583970 0.011062
3 2 0.016710 0.048110 0.304913 0.613021 0.017246
3 2 0.004490 0.011380 0.170722 0.810259 0.003149
3 2 0.005024 0.013182 0.165098 0.812847 0.003849
3 2 0.004424 0.012075 0.163693 0.816423 0.003384
3 2 0.003030 0.008329 0.134608 0.851800 0.002233
3 2 0.004406 0.011675 0.173952 0.806786 0.003181
3 2 0.005215 0.013731 0.202886 0.774467 0.003701
3 2 0.004049 0.009816 0.164842 0.818630 0.002663
3 3 0.004395 0.012027 0.168494 0.811764 0.003320
3 3 0.001979 0.005678 0.107102 0.883790 0.001451
3 3 0.002295 0.006258 0.116645 0.873180 0.001622
3 3 0.001511 0.004353 0.105160 0.887956 0.001020
3 3 0.001971 0.006051 0.131109 0.859458 0.001410
3 3 0.002629 0.006907 0.127278 0.861378 0.001807
3 3 0.003924 0.009968 0.134623 0.848558 0.002927
3 3 0.002868 0.007648 0.115911 0.871423 0.002150
3 3 0.003249 0.008561 0.103895 0.881655 0.002639
3 3 0.002877 0.007071 0.096250 0.891639 0.002163
3 3 0.004651 0.010537 0.116221 0.865083 0.003509
3 3 0.006457 0.013988 0.132274 0.842349 0.004934
3 3 0.004229 0.009980 0.112865 0.869670 0.003256
3 3 0.003039 0.007920 0.100484 0.886138 0.002421
3 3 0.003253 0.008497 0.103668 0.881959 0.002623
3 3 0.004337 0.010018 0.113373 0.868980 0.003292
3 3 0.005280 0.011237 0.120537 0.859093 0.003852
3 3 0.003577 0.007866 0.102475 0.883555 0.002528
3 3 0.002941 0.006798 0.095340 0.892816 0.002105
3 3 0.002628 0.006311 0.091722 0.897428 0.001911
3 3 0.003699 0.008849 0.106803 0.877827 0.002823
3 3 0.002882 0.007001 0.095968 0.892004 0.002145
3 3 0.002845 0.006737 0.094644 0.893706 0.002068
3 3 0.001358 0.003232 0.067612 0.926911 0.000888
3 3 0.001331 0.003161 0.066948 0.927693 0.000866
3 3 0.001432 0.003103 0.067216 0.927377 0.000872
3 3 0.002508 0.005188 0.085628 0.905082 0.001595
3 3 0.002409 0.004956 0.083929 0.907189 0.001516
3 3 0.002338 0.005157 0.084654 0.906298 0.001554
3 3 0.001617 0.003834 0.079602 0.913905 0.001042
3 3 0.002849 0.006496 0.113425 0.875387 0.001843
3 3 0.002801 0.005843 0.108810 0.880866 0.001680
3 3 0.002720 0.005845 0.119329 0.870510 0.001596
3 3 0.001861 0.004179 0.113065 0.879872 0.001023
3 3 0.001437 0.003290 0.083970 0.910465 0.000839
3 3 0.001257 0.003322 0.073896 0.920672 0.000853
3 3 0.001328 0.003673 0.070253 0.923764 0.000983
3 3 0.001350 0.003400 0.068678 0.925647 0.000925
3 3 0.001483 0.003321 0.069048 0.925215 0.000933
3 3 0.002008 0.004321 0.078353 0.914040 0.001278
3 3 0.002438 0.005040 0.084520 0.906457 0.001543
3 3 0.001784 0.003550 0.072367 0.921254 0.001044
3 3 0.001690 0.003122 0.068900 0.925367 0.000921
3 3 0.004141 0.006277 0.097324 0.890077 0.002181
3 3 0.023442 0.025973 0.185280 0.752887 0.012417
3 3 0.036837 0.041609 0.220052 0.680048 0.021454
3 2 0.037645 0.056984 0.243592 0.630520 0.031259
3 2 0.024514 0.044551 0.215021 0.695830 0.020084
3 2 0.045276 0.090662 0.321316 0.495290 0.047457
2 2 0.048080 0.127938 0.383854 0.367638 0.072491
2 2 0.029189 0.102286 0.445114 0.381799 0.041613
2 2 0.013564 0.056420 0.479567 0.434812 0.015637
2 2 0.012904 0.040473 0.532039 0.405237 0.009347
3 2 0.003120 0.010210 0.451516 0.533581 0.001573
2 2 0.004160 0.013691 0.496978 0.482952 0.002219
2 2 0.007681 0.023162 0.497814 0.466700 0.004644
2 2 0.006995 0.021017 0.488367 0.479500 0.004121
2 2 0.007376 0.022758 0.491870 0.473471 0.004526
2 2 0.006777 0.022662 0.525646 0.440692 0.004223
2 2 0.005217 0.019355 0.521301 0.450821 0.003305
2 2 0.008843 0.031407 0.544291 0.409172 0.006287
2 2 0.045842 0.074236 0.580529 0.274279 0.025113
2 2 0.135699 0.119089 0.504067 0.173183 0.067962
2 2 0.190298 0.141136 0.395488 0.170096 0.102982
2 2 0.215821 0.169923 0.275987 0.164060 0.174209
0 2 0.272052 0.184459 0.224821 0.138364 0.180304
0 2 0.311425 0.180233 0.214576 0.124728 0.169038
0 2 0.354239 0.203932 0.177193 0.075865 0.188771
0 0 0.416759 0.189922 0.169598 0.077608 0.146112
0 0 0.462998 0.178495 0.160031 0.073623 0.124853
0 0 0.504597 0.172766 0.145343 0.061848 0.115446
0 0 0.549872 0.145601 0.145540 0.071684 0.087303
0 0 0.437280 0.125911 0.201198 0.152612 0.082999
0 0 0.407096 0.113472 0.215640 0.185347 0.078446
0 0 0.407114 0.136191 0.208247 0.145336 0.103113
0 0 0.419863 0.158550 0.189542 0.103522 0.128522
0 0 0.394504 0.164562 0.196505 0.112404 0.132026
0 0 0.334590 0.189303 0.198967 0.102436 0.174704
0 0 0.326848 0.216218 0.169366 0.063836 0.223731
0 0 0.355553 0.188772 0.185276 0.082156 0.188244
0 0 0.387312 0.180683 0.178627 0.076876 0.176503
0 0 0.469385 0.161066 0.167571 0.081072 0.120905
0 0 0.461681 0.198303 0.131745 0.041078 0.167193
0 0 0.477509 0.209407 0.116609 0.032434 0.164041
0 0 0.401725 0.229018 0.123643 0.032762 0.212852
0 0 0.439691 0.220697 0.123972 0.035673 0.179968
0 0 0.426599 0.189191 0.164637 0.071868 0.147704
0 0 0.545059 0.164608 0.133927 0.055960 0.100446
0 0 0.476272 0.197783 0.128774 0.040632 0.156540
0 0 0.477913 0.226208 0.084333 0.015069 0.196476
0 0 0.345339 0.242291 0.099617 0.018030 0.294723
4 0 0.296503 0.235392 0.075934 0.009205 0.382966
4 0 0.259099 0.229961 0.075495 0.008862 0.426583
4 0 0.188057 0.205633 0.057218 0.004797 0.544295
4 0 0.094163 0.161724 0.053856 0.004610 0.685646
4 0 0.090608 0.159892 0.054889 0.004835 0.689777
4 0 0.116812 0.176880 0.058387 0.005263 0.642658
4 0 0.092870 0.163298 0.059471 0.005698 0.678662
4 0 0.110466 0.176048 0.064866 0.006641 0.641980
4 0 0.196703 0.218207 0.084603 0.011179 0.489309
4 0 0.239498 0.226176 0.075299 0.008733 0.450294
4 0 0.251727 0.233124 0.094369 0.014514 0.406266
4 0 0.191169 0.212564 0.071590 0.007765 0.516911
4 0 0.168847 0.196405 0.051809 0.003907 0.579032
4 0 0.214183 0.207965 0.047778 0.003258 0.526816
4 0 0.145890 0.177545 0.036295 0.001875 0.638394
4 0 0.133512 0.180112 0.048294 0.003456 0.634626
4 1 0.040862 0.110409 0.038655 0.002818 0.807256
4 1 0.047310 0.129475 0.072690 0.010165 0.740359
4 1 0.074778 0.160448 0.095564 0.016422 0.652788
4 1 0.081112 0.195737 0.180265 0.030420 0.512466
2 1 0.070202 0.207332 0.425266 0.050114 0.247086
2 1 0.060134 0.147454 0.632048 0.043747 0.116618
2 1 0.029601 0.108597 0.664014 0.154213 0.043575
2 1 0.072877 0.187629 0.444191 0.099700 0.195603
2 1 0.075756 0.139019 0.480419 0.204290 0.100516
2 1 0.093782 0.157567 0.412095 0.180293 0.156262
2 1 0.076967 0.183149 0.381546 0.129692 0.228646
4 1 0.075187 0.209635 0.254360 0.045158 0.415660
4 1 0.055711 0.174036 0.154103 0.018059 0.598091
4 4 0.059608 0.204768 0.249385 0.023786 0.462453
2 4 0.037038 0.203290 0.440078 0.016321 0.303274
4 4 0.031786 0.174507 0.321400 0.007732 0.464575
4 4 0.027673 0.190324 0.349727 0.010323 0.421954
2 4 0.026060 0.206507 0.403058 0.014495 0.349881
2 4 0.027953 0.211511 0.505049 0.026652 0.228836
2 4 0.030511 0.195642 0.548154 0.030249 0.195444
2 4 0.031376 0.216217 0.467055 0.021821 0.263532
4 4 0.032718 0.188506 0.353209 0.010547 0.415020
2 4 0.035776 0.184857 0.391900 0.009928 0.377540
2 4 0.032412 0.182102 0.413344 0.008955 0.363187
4 4 0.025618 0.157313 0.290476 0.004917 0.521675
4 4 0.021718 0.180339 0.380202 0.007329 0.410412
4 4 0.023912 0.179645 0.373785 0.007485 0.415173
4 4 0.028396 0.185327 0.362658 0.009199 0.414419
4 4 0.028173 0.182984 0.307874 0.009232 0.471737
4 4 0.027820 0.195535 0.379415 0.011514 0.385716
2 4 0.029371 0.185219 0.579928 0.040138 0.165344
2 4 0.027583 0.101329 0.661194 0.163789 0.046105
2 4 0.039896 0.140531 0.488583 0.250498 0.080493
2 4 0.058546 0.221060 0.349648 0.151005 0.219742
2 4 0.052820 0.164454 0.391292 0.280274 0.111161
2 4 0.037009 0.102106 0.443234 0.368156 0.049495
3 4 0.041169 0.094544 0.406173 0.406789 0.051325
2 4 0.049826 0.124763 0.562577 0.196939 0.065894
2 4 0.057160 0.145368 0.595245 0.124080 0.078148
2 4 0.070242 0.124672 0.651985 0.097450 0.055651
2 4 0.123217 0.183243 0.484181 0.053604 0.155755
4 4 0.094494 0.196992 0.249428 0.025816 0.433270
4 4 0.069587 0.180955 0.235954 0.015512 0.497993
2 4 0.078304 0.189862 0.362650 0.016780 0.352404
2 4 0.080359 0.209007 0.398875 0.028424 0.283336
4 4 0.099957 0.199659 0.251128 0.028412 0.420844
4 0 0.080272 0.170341 0.125083 0.024949 0.599355
4 0 0.050761 0.135773 0.083641 0.013468 0.716357
4 0 0.064487 0.152455 0.100117 0.018764 0.664177
4 0 0.089685 0.178094 0.134453 0.029344 0.568424
4 0 0.094218 0.191424 0.143822 0.038458 0.532078
4 0 0.131869 0.199031 0.111880 0.021211 0.536009
4 0 0.137054 0.202746 0.122116 0.025750 0.512334
4 0 0.155895 0.208004 0.101995 0.017019 0.517086
4 0 0.165997 0.212075 0.103095 0.017376 0.501458
4 1 0.203562 0.225014 0.110497 0.020330 0.440597
4 1 0.168997 0.214012 0.108398 0.019432 0.489160
4 1 0.144488 0.204137 0.107298 0.019158 0.524919
4 1 0.105131 0.184303 0.110406 0.021195 0.578966
4 1 0.055760 0.147876 0.105859 0.013255 0.677251
4 0 0.027817 0.108775 0.077369 0.005076 0.780962
4 0 0.036281 0.134843 0.135609 0.006317 0.686951
4 0 0.049365 0.146689 0.124523 0.010959 0.668464
4 0 0.054645 0.136062 0.068779 0.008719 0.731795
4 1 0.079967 0.158749 0.072124 0.008842 0.680318
4 1 0.094721 0.163831 0.057874 0.005359 0.678215
2 1 0.011441 0.100027 0.838541 0.014790 0.035201
2 1 0.007966 0.052936 0.913590 0.012291 0.013217
2 1 0.005818 0.029520 0.947016 0.012314 0.005331
2 2 0.004568 0.021741 0.952911 0.017581 0.003199
2 2 0.005165 0.028627 0.952808 0.008088 0.005312
2 2 0.008073 0.045161 0.927846 0.006354 0.012567
2 2 0.010141 0.049023 0.920375 0.005449 0.015012
2 2 0.009898 0.046498 0.922331 0.008033 0.013240
2 2 0.007565 0.033916 0.943179 0.007234 0.008106
2 2 0.005946 0.027079 0.952116 0.009313 0.005547
2 2 0.006105 0.032462 0.945652 0.007979 0.007802
2 2 0.008271 0.042855 0.923902 0.012657 0.012316
2 2 0.008388 0.033933 0.934668 0.015300 0.007711
2 2 0.010798 0.036143 0.927072 0.017136 0.008850
2 2 0.012158 0.040774 0.920391 0.016251 0.010424
2 2 0.014911 0.055060 0.902514 0.010521 0.016995
2 2 0.012605 0.047791 0.911273 0.016244 0.012087
2 2 0.009739 0.031129 0.926918 0.026267 0.005948
2 2 0.007973 0.026784 0.933302 0.027475 0.004466
2 2 0.007927 0.032576 0.933684 0.019539 0.006273
2 2 0.009995 0.038726 0.918050 0.024816 0.008413
2 2 0.007077 0.021761 0.909561 0.058487 0.003114
2 2 0.007740 0.030856 0.899375 0.056381 0.005647
2 2 0.007628 0.034533 0.895048 0.056213 0.006579
2 2 0.007740 0.036542 0.899638 0.049055 0.007026
2 2 0.006890 0.034751 0.905614 0.046671 0.006074
2 2 0.006338 0.040625 0.920130 0.024766 0.008141
2 2 0.006227 0.047985 0.916942 0.017436 0.011410
2 2 0.005157 0.037060 0.930622 0.020341 0.006820
2 2 0.007116 0.043688 0.919161 0.020504 0.009531
2 2 0.008198 0.054681 0.897567 0.025786 0.013769
2 2 0.008013 0.056331 0.883469 0.037227 0.014960
2 2 0.016657 0.084169 0.796672 0.070360 0.032142
2 2 0.021620 0.068920 0.779306 0.108089 0.022066
2 2 0.016029 0.055679 0.778990 0.136124 0.013177
2 2 0.015603 0.062035 0.807166 0.100272 0.014924
2 2 0.009949 0.040616 0.823023 0.119301 0.007110
2 2 0.008289 0.028319 0.772994 0.185934 0.004464
2 2 0.010483 0.031363 0.711751 0.240713 0.005690
2 2 0.008380 0.022050 0.698628 0.267178 0.003765
2 2 0.009633 0.023288 0.697299 0.265599 0.004181
2 2 0.029846 0.054987 0.695767 0.204975 0.014425
2 2 0.100635 0.117796 0.599639 0.132704 0.049226
2 2 0.122596 0.157193 0.422862 0.196161 0.101189
2 2 0.124011 0.204504 0.293351 0.150695 0.227440
4 2 0.096822 0.226070 0.210874 0.091190 0.375045
4 2 0.095840 0.217321 0.173725 0.058041 0.455073
4 2 0.103271 0.206277 0.164521 0.048503 0.477427
4 2 0.092182 0.232396 0.230790 0.062128 0.382505
2 2 0.036609 0.229773 0.452313 0.043954 0.237351
2 2 0.028256 0.202844 0.559764 0.035421 0.173715
2 2 0.023291 0.163685 0.675564 0.028803 0.108656
2 2 0.017845 0.139471 0.740677 0.019334 0.082673
2 2 0.019197 0.173607 0.653799 0.016115 0.137281
2 2 0.019595 0.174917 0.650504 0.015120 0.139864
2 2 0.011612 0.118970 0.789356 0.022839 0.057222
2 2 0.008882 0.084497 0.843755 0.033388 0.029478
2 2 0.008111 0.064792 0.875030 0.032112 0.019954
2 2 0.006688 0.044238 0.911062 0.027061 0.010951
2 2 0.007875 0.047092 0.900131 0.031074 0.013829
2 2 0.013621 0.042571 0.743872 0.189026 0.010911
2 2 0.016931 0.046258 0.741552 0.181241 0.014018
2 2 0.014220 0.040345 0.794342 0.139850 0.011242
2 2 0.013355 0.042753 0.803413 0.128335 0.012143
2 2 0.012055 0.048588 0.847555 0.078087 0.013714
2 2 0.011503 0.045069 0.862733 0.068539 0.012156
2 2 0.006859 0.023466 0.882717 0.083170 0.003788
2 2 0.005598 0.018668 0.868380 0.104681 0.002673
2 2 0.007304 0.019329 0.841147 0.129485 0.002735
2 2 0.024630 0.033474 0.820365 0.114224 0.007308
2 2 0.122592 0.096602 0.670761 0.070965 0.039080
2 2 0.206057 0.193393 0.354392 0.107153 0.139004
4 2 0.211039 0.217918 0.202438 0.093728 0.274877
4 2 0.207292 0.223914 0.171978 0.058996 0.337820
4 2 0.178645 0.219747 0.137815 0.033768 0.430025
4 0 0.196362 0.224539 0.127555 0.028259 0.423286
4 0 0.134155 0.201323 0.121438 0.025474 0.517610
4 0 0.145502 0.207427 0.168281 0.054757 0.424033
4 1 0.050076 0.196277 0.197588 0.022189 0.533870
2 1 0.017424 0.214675 0.487940 0.017022 0.262939
2 1 0.013656 0.180923 0.613090 0.010590 0.181741
2 1 0.011211 0.119710 0.777995 0.016099 0.074985
2 1 0.010139 0.084869 0.851635 0.018047 0.035310
2 2 0.009516 0.071322 0.878139 0.017976 0.023047
2 2 0.011345 0.076765 0.869262 0.017272 0.025357
2 2 0.009193 0.042383 0.906384 0.032676 0.009364
2 2 0.010214 0.031844 0.889436 0.062521 0.005985
2 2 0.011390 0.031508 0.881500 0.069717 0.005885
2 2 0.010625 0.024461 0.873975 0.087175 0.003763
2 2 0.011186 0.024903 0.872572 0.087434 0.003906
2 2 0.029824 0.063972 0.784191 0.099552 0.022461
2 2 0.069924 0.123374 0.666741 0.065786 0.074175
2 2 0.060237 0.173573 0.520998 0.101733 0.143459
2 2 0.046221 0.208968 0.437771 0.090725 0.216314
2 2 0.037085 0.211539 0.400277 0.131899 0.219199
4 2 0.042957 0.228850 0.301695 0.084417 0.342081
2 2 0.041137 0.211827 0.414497 0.121213 0.211326
2 2 0.021142 0.119495 0.628660 0.183779 0.046924
2 2 0.006134 0.033165 0.773998 0.180313 0.006390
2 2 0.007292 0.035128 0.828103 0.122754 0.006723
2 2 0.006166 0.027793 0.860630 0.100904 0.004508
2 2 0.005020 0.018739 0.890967 0.082713 0.002561
2 2 0.003430 0.008895 0.878398 0.108343 0.000934
2 2 0.003811 0.009850 0.860349 0.124894 0.001095
2 2 0.005412 0.014884 0.796868 0.180842 0.001993
2 2 0.008559 0.023854 0.758841 0.204538 0.004208
2 2 0.004799 0.011408 0.752672 0.229588 0.001533
2 2 0.004400 0.011131 0.760533 0.222496 0.001440
2 2 0.007891 0.020164 0.807152 0.161113 0.003680
2 1 0.086291 0.098822 0.691280 0.068644 0.054963
2 2 0.127060 0.193811 0.404711 0.042786 0.231632
4 1 0.132073 0.201810 0.166129 0.053255 0.446734
4 1 0.109430 0.190158 0.146454 0.040080 0.513878
4 1 0.121326 0.196810 0.157075 0.046783 0.478007
4 2 0.096662 0.181614 0.134331 0.033396 0.553996
4 2 0.124880 0.215437 0.226172 0.110122 0.323390
2 2 0.059623 0.197171 0.313771 0.215493 0.213942
2 2 0.024042 0.119321 0.499786 0.297166 0.059685
2 2 0.017167 0.081513 0.621664 0.252651 0.027006
2 2 0.017076 0.088404 0.701840 0.162209 0.030471
2 2 0.025988 0.125099 0.509832 0.267617 0.071463
2 2 0.019757 0.082311 0.506473 0.356678 0.034781
2 2 0.013528 0.044768 0.495003 0.434500 0.012202
3 2 0.006963 0.019663 0.479032 0.490450 0.003892
2 2 0.005124 0.013878 0.595814 0.382984 0.002200
2 2 0.006066 0.014769 0.665024 0.311809 0.002331
2 2 0.003451 0.009502 0.752985 0.232925 0.001137
2 2 0.003203 0.008628 0.724449 0.262687 0.001033
2 2 0.005139 0.013174 0.730108 0.249730 0.001849
2 2 0.004848 0.011857 0.717702 0.263943 0.001651
2 2 0.006103 0.014034 0.810248 0.167677 0.001938
2 2 0.006467 0.015538 0.805890 0.169909 0.002196
2 2 0.006306 0.018740 0.794617 0.177691 0.002646
2 2 0.008105 0.028575 0.776611 0.182258 0.004451
2 2 0.011188 0.042096 0.745616 0.193595 0.007506
2 2 0.009395 0.033501 0.729109 0.222254 0.005741
2 2 0.006779 0.022738 0.729845 0.237145 0.003494
2 2 0.010048 0.029773 0.716078 0.238796 0.005305
2 2 0.008399 0.018347 0.728490 0.241704 0.003060
2 2 0.015901 0.027037 0.801828 0.150017 0.005217
2 2 0.020514 0.034918 0.749611 0.187233 0.007724
2 2 0.031894 0.053431 0.588396 0.310302 0.015977
2 2 0.017855 0.039150 0.498575 0.433901 0.010518
2 2 0.023736 0.054038 0.518597 0.388007 0.015623
3 2 0.017455 0.041879 0.425331 0.503241 0.012093
3 2 0.012437 0.032052 0.374064 0.572673 0.008774
3 2 0.007562 0.020974 0.345710 0.620736 0.005018
3 2 0.005395 0.016940 0.409685 0.564666 0.003315
2 2 0.003362 0.010423 0.507873 0.476789 0.001553
2 2 0.003256 0.011011 0.539024 0.445139 0.001570
2 2 0.003501 0.009528 0.580956 0.404673 0.001342
2 2 0.004138 0.010726 0.600508 0.383055 0.001573
2 2 0.004392 0.010549 0.665881 0.317690 0.001488
2 2 0.004002 0.009829 0.694892 0.289969 0.001308
2 2 0.004740 0.012942 0.761674 0.218931 0.001714
2 2 0.030094 0.047636 0.739806 0.170424 0.012039
2 2 0.130924 0.115339 0.586930 0.114256 0.052550
2 0 0.223057 0.176499 0.330580 0.136210 0.133653
0 0 0.271826 0.203310 0.210650 0.114228 0.199986
4 0 0.276368 0.234200 0.156983 0.050152 0.282297
4 1 0.245657 0.230555 0.118563 0.024160 0.381065
4 1 0.226017 0.222938 0.103495 0.017386 0.430164
4 1 0.184995 0.219872 0.112165 0.020974 0.461994
4 1 0.091064 0.173995 0.103066 0.018644 0.613231
4 1 0.048056 0.143535 0.116904 0.010737 0.680768
4 2 0.035995 0.213696 0.238969 0.023767 0.487573
2 2 0.032075 0.225745 0.417942 0.050149 0.274089
2 2 0.033029 0.146856 0.589870 0.120689 0.109556
2 2 0.036366 0.129644 0.620334 0.126656 0.086999
2 2 0.041103 0.123187 0.628795 0.127987 0.078928
2 2 0.047783 0.133774 0.591600 0.132239 0.094604
2 2 0.051950 0.164876 0.561235 0.098591 0.123348
2 2 0.041636 0.181161 0.570828 0.060863 0.145511
2 2 0.031132 0.186075 0.583752 0.043050 0.155991
2 2 0.025699 0.187696 0.596119 0.027680 0.162806
2 2 0.022796 0.161136 0.673205 0.017879 0.124984
2 2 0.025308 0.133850 0.727534 0.016951 0.096357
2 2 0.022018 0.117205 0.766365 0.015323 0.079089
2 2 0.017764 0.109161 0.783989 0.021528 0.067558
2 2 0.017683 0.117677 0.750809 0.029658 0.084173
4 2 0.133713 0.184243 0.056133 0.004748 0.621164
4 0 0.263842 0.227808 0.066701 0.006770 0.434879
4 0 0.158516 0.192130 0.051006 0.003801 0.594547
4 0 0.138720 0.177181 0.039892 0.002301 0.641906
4 0 0.126111 0.169355 0.036903 0.001983 0.665649
4 0 0.075313 0.131108 0.025175 0.000994 0.767410
4 0 0.139699 0.176971 0.038996 0.002192 0.642141
4 0 0.067114 0.137479 0.043560 0.003181 0.748665
4 0 0.029728 0.095931 0.036778 0.002780 0.834784
4 0 0.026916 0.095451 0.045680 0.004483 0.827470
4 0 0.023368 0.103383 0.080820 0.003728 0.788700
4 1 0.020692 0.175911 0.288014 0.007281 0.508102
2 1 0.013182 0.192746 0.464198 0.008617 0.321257
2 1 0.013863 0.179443 0.590972 0.008946 0.206776
2 1 0.015768 0.174928 0.644201 0.011415 0.153688
2 1 0.017804 0.148131 0.716213 0.013975 0.103876
2 1 0.018603 0.117891 0.773153 0.023804 0.066549
2 1 0.026209 0.133863 0.718784 0.033705 0.087438
2 1 0.023308 0.109115 0.738853 0.074742 0.053981
2 1 0.032511 0.173948 0.559098 0.111946 0.122497
2 1 0.044845 0.223700 0.411555 0.100340 0.219561
2 1 0.059743 0.229998 0.313577 0.133162 0.263520
4 1 0.062324 0.219344 0.170735 0.047730 0.499867
4 1 0.065875 0.201049 0.148116 0.040934 0.544027
4 4 0.068731 0.192239 0.142798 0.033345 0.562886
4 4 0.078337 0.193558 0.169078 0.030366 0.528661
4 4 0.081555 0.175160 0.141514 0.024451 0.577319
4 4 0.054284 0.142771 0.094991 0.014323 0.693631
4 4 0.042896 0.130654 0.089959 0.009729 0.726763
4 4 0.061943 0.147597 0.084420 0.011793 0.694246
4 4 0.094287 0.193893 0.207468 0.025345 0.479007
2 4 0.113185 0.218384 0.344607 0.046693 0.277132
4 4 0.104833 0.198797 0.196952 0.034988 0.464429
4 4 0.098841 0.227462 0.209239 0.089788 0.374670
4 4 0.064878 0.209390 0.203067 0.080614 0.442051
4 4 0.065789 0.199652 0.235551 0.114184 0.384824
4 4 0.060367 0.182915 0.176804 0.058403 0.521511
4 4 0.050832 0.179193 0.127583 0.030302 0.612091
4 4 0.039662 0.119706 0.069272 0.009614 0.761746
4 4 0.032687 0.108072 0.059656 0.007402 0.792183
4 4 0.030013 0.103220 0.055826 0.006599 0.804342
4 4 0.019806 0.082075 0.040306 0.003788 0.854024
4 4 0.017451 0.075537 0.034109 0.002789 0.870114
4 4 0.021455 0.082937 0.035155 0.002788 0.857665
4 4 0.013605 0.064402 0.025425 0.001648 0.894920
4 4 0.015402 0.070348 0.030880 0.002362 0.881008
4 4 0.023648 0.094288 0.054338 0.004485 0.823241
4 4 0.026593 0.138057 0.116058 0.007507 0.711785
4 4 0.030377 0.196369 0.257440 0.014429 0.501384
2 4 0.028618 0.234982 0.355705 0.028051 0.352644
4 4 0.033551 0.235205 0.307637 0.031147 0.392460
2 4 0.033287 0.171923 0.478337 0.176713 0.139739
2 4 0.041702 0.218339 0.390816 0.102775 0.246367
2 4 0.050901 0.216117 0.360823 0.119016 0.253142
4 4 0.046555 0.240660 0.288482 0.042835 0.381468
4 4 0.042213 0.233021 0.310546 0.033020 0.381200
4 4 0.046630 0.164086 0.145895 0.013993 0.629396
4 4 0.041217 0.179368 0.168809 0.016376 0.594230
4 4 0.030997 0.128727 0.075978 0.010352 0.753946
4 4 0.032729 0.108145 0.059715 0.007414 0.791996
4 4 0.042053 0.206913 0.218544 0.055875 0.476615
4 4 0.038913 0.202917 0.188611 0.024187 0.545372
4 4 0.038352 0.195052 0.195807 0.019491 0.551298
4 4 0.041506 0.178443 0.214075 0.012649 0.553327
4 4 0.042336 0.151259 0.192608 0.007169 0.606628
4 4 0.043124 0.169518 0.226409 0.009859 0.551089
4 4 0.037935 0.160012 0.234766 0.007167 0.560121
4 4 0.033639 0.177547 0.299786 0.008816 0.480213
4 4 0.025716 0.160132 0.290133 0.005299 0.518721
4 4 0.030164 0.135692 0.196704 0.004025 0.633415
4 4 0.034515 0.137547 0.163971 0.005400 0.658566
4 4 0.028106 0.102479 0.059511 0.005758 0.804146
4 4 0.025845 0.094154 0.046624 0.004733 0.828645
4 4 0.016773 0.071707 0.027986 0.001880 0.881654
4 4 0.015821 0.068714 0.025386 0.001567 0.888512
4 0 0.014489 0.065912 0.024867 0.001544 0.893189
4 0 0.026440 0.095394 0.047623 0.004914 0.825630
4 0 0.025404 0.096113 0.050182 0.005504 0.822797
4 1 0.021296 0.107554 0.058841 0.006427 0.805881
4 1 0.017384 0.098887 0.058083 0.004453 0.821193
4 1 0.016465 0.076893 0.040521 0.002781 0.863341
4 1 0.026014 0.109707 0.088710 0.004291 0.771277
4 1 0.022506 0.145426 0.149052 0.006470 0.676547
4 1 0.017731 0.182331 0.218713 0.009992 0.571233
4 1 0.026225 0.169190 0.153319 0.012119 0.639147
4 1 0.029729 0.107506 0.066850 0.006025 0.789890
4 1 0.023703 0.090714 0.046422 0.004811 0.834350
4 1 0.027950 0.099307 0.052813 0.005998 0.813932
4 1 0.046391 0.137049 0.099436 0.010793 0.706330
4 1 0.054396 0.189888 0.243981 0.016545 0.495191
2 1 0.058740 0.211396 0.355334 0.023623 0.350906
2 1 0.042447 0.213638 0.505050 0.027906 0.210960
2 2 0.025385 0.209790 0.490337 0.017867 0.256621
2 2 0.018692 0.103364 0.802419 0.023221 0.052304
2 2 0.011569 0.055511 0.891731 0.024241 0.016947
2 2 0.008605 0.040294 0.919398 0.021029 0.010674
2 2 0.008302 0.038190 0.928609 0.015229 0.009670
2 2 0.009611 0.042074 0.924410 0.011944 0.011961
2 2 0.008462 0.035529 0.937297 0.010197 0.008515
2 2 0.006788 0.032310 0.944610 0.009218 0.007072
2 2 0.007167 0.037869 0.939436 0.006162 0.009366
2 2 0.005913 0.029915 0.951431 0.006773 0.005968
2 2 0.004475 0.022042 0.964033 0.005961 0.003489
2 2 0.003755 0.014792 0.970416 0.009271 0.001765
2 2 0.002964 0.009534 0.972757 0.013880 0.000865
2 2 0.003756 0.011047 0.967748 0.016345 0.001104
2 2 0.003481 0.010199 0.966278 0.019042 0.001000
2 2 0.003006 0.007868 0.967826 0.020621 0.000678
2 2 0.003022 0.008294 0.963689 0.024237 0.000758
2 2 0.004045 0.013110 0.960661 0.020595 0.001588
2 2 0.003882 0.017146 0.961975 0.014578 0.002419
2 2 0.004019 0.017872 0.962040 0.013749 0.002320
2 2 0.003354 0.013145 0.966574 0.015521 0.001406
2 2 0.004849 0.018161 0.958373 0.016491 0.002126
2 2 0.006280 0.023640 0.953867 0.013054 0.003159
2 2 0.006522 0.022180 0.952346 0.016222 0.002730
2 2 0.005085 0.015082 0.950014 0.028169 0.001650
2 2 0.004723 0.015458 0.948308 0.029864 0.001647
2 2 0.005988 0.021070 0.934733 0.035386 0.002823
2 2 0.008866 0.030158 0.908390 0.047359 0.005227
2 2 0.021781 0.067586 0.625843 0.262458 0.022333
2 2 0.031969 0.085885 0.640130 0.206536 0.035480
2 2 0.039399 0.097571 0.603774 0.218419 0.040837
2 2 0.037779 0.071521 0.570392 0.294734 0.025574
2 2 0.023984 0.048684 0.568417 0.345453 0.013462
2 3 0.026936 0.051906 0.548546 0.357378 0.015233
2 3 0.017474 0.033295 0.493915 0.446370 0.008947
3 3 0.014565 0.027878 0.358064 0.591226 0.008266
3 3 0.012164 0.026568 0.329631 0.623948 0.007689
3 3 0.015596 0.036032 0.357560 0.579899 0.010912
3 3 0.014304 0.036699 0.439840 0.499429 0.009727
3 3 0.015964 0.042236 0.421513 0.507759 0.012528
3 3 0.011676 0.031871 0.329055 0.618144 0.009253
3 3 0.016893 0.056656 0.408354 0.497980 0.020117
3 3 0.012620 0.042090 0.438853 0.494896 0.011540
2 3 0.012294 0.042223 0.472122 0.462581 0.010779
3 3 0.008012 0.027913 0.377696 0.579871 0.006508
3 3 0.007018 0.024536 0.330437 0.632182 0.005827
3 3 0.005860 0.020644 0.280448 0.688074 0.004975
3 3 0.008659 0.024971 0.252273 0.706841 0.007256
3 3 0.007113 0.020005 0.218112 0.748963 0.005807
3 3 0.006713 0.019385 0.214918 0.753433 0.005550
3 3 0.004974 0.014595 0.200579 0.775968 0.003884
3 3 0.003595 0.010836 0.191864 0.791078 0.002627
3 3 0.004149 0.011115 0.173643 0.808125 0.002967
3 3 0.003859 0.009369 0.161970 0.822283 0.002519
3 3 0.002391 0.005903 0.163576 0.826794 0.001336
3 3 0.002729 0.006647 0.180436 0.808679 0.001508
3 3 0.001996 0.004881 0.132615 0.859368 0.001140
3 3 0.002184 0.005355 0.133799 0.857377 0.001285
3 3 0.001908 0.005236 0.127996 0.863639 0.001221
3 3 0.002230 0.005866 0.157954 0.832635 0.001315
3 3 0.002242 0.005620 0.164454 0.826444 0.001241
3 3 0.003615 0.008356 0.172150 0.813741 0.002138
3 3 0.004641 0.011489 0.208832 0.772102 0.002936
3 3 0.004311 0.010734 0.207511 0.774763 0.002681
3 3 0.003982 0.011274 0.188554 0.793334 0.002857
3 3 0.004634 0.012906 0.174027 0.804857 0.003576
3 3 0.006067 0.017325 0.220064 0.751805 0.004738
3 3 0.007100 0.018538 0.225468 0.743592 0.005302
3 3 0.008500 0.022017 0.301522 0.662102 0.005858
3 3 0.005857 0.014711 0.265434 0.710347 0.003652
3 3 0.003749 0.009260 0.251805 0.733170 0.002016
3 3 0.003717 0.008641 0.217065 0.768567 0.002009
3 3 0.004658 0.010057 0.203213 0.779464 0.002610
3 3 0.005008 0.010277 0.173566 0.808209 0.002939
3 3 0.003881 0.007656 0.132004 0.854194 0.002265
3 3 0.004053 0.009161 0.141465 0.842657 0.002664
3 3 0.006315 0.014172 0.176280 0.798873 0.004359
3 3 0.011420 0.025272 0.272188 0.683291 0.007829
3 3 0.009062 0.021492 0.304315 0.659303 0.005828
3 3 0.007367 0.018184 0.304374 0.665488 0.004587
3 3 0.003939 0.011321 0.218686 0.763383 0.002671
3 3 0.004095 0.011164 0.160807 0.820864 0.003070
3 3 0.007271 0.018979 0.187205 0.780588 0.005956
3 3 0.006637 0.017999 0.197402 0.772621 0.005340
3 3 0.007756 0.021505 0.278953 0.686042 0.005744
3 3 0.007251 0.018991 0.257705 0.710908 0.005145
3 0 0.016573 0.033174 0.295449 0.643545 0.011259
3 0 0.110666 0.085365 0.272725 0.473741 0.057503
4 0 0.159988 0.206318 0.086736 0.011883 0.535074
4 0 0.076430 0.159025 0.083044 0.012068 0.669433
4 0 0.067506 0.166117 0.142869 0.017647 0.605861
4 0 0.047535 0.192648 0.215779 0.018409 0.525629
2 0 0.023724 0.238520 0.420432 0.029495 0.287829
2 1 0.017435 0.211862 0.513812 0.034393 0.222497
2 1 0.011125 0.089686 0.759094 0.100829 0.039267
2 1 0.010738 0.078214 0.772355 0.106649 0.032043
2 1 0.010532 0.063748 0.816355 0.086756 0.022610
2 1 0.013229 0.070046 0.831089 0.056434 0.029202
2 1 0.012698 0.058953 0.867159 0.037234 0.023955
2 1 0.018901 0.094647 0.803165 0.019225 0.064062
2 1 0.019136 0.096516 0.799541 0.011827 0.072980
2 1 0.018843 0.110498 0.765576 0.010404 0.094679
2 1 0.017949 0.142393 0.683111 0.011385 0.145161
2 1 0.018433 0.180837 0.559306 0.015649 0.225775
2 1 0.017546 0.205040 0.445068 0.012463 0.319883
2 1 0.018970 0.207823 0.422524 0.013360 0.337323
2 1 0.021811 0.202719 0.449826 0.012928 0.312715
2 1 0.025133 0.202580 0.478347 0.014410 0.279530
2 1 0.031095 0.198011 0.392477 0.012772 0.365645
2 2 0.040951 0.193834 0.425923 0.013375 0.325917
4 2 0.058653 0.176169 0.373285 0.010117 0.381777
4 2 0.059446 0.170811 0.214036 0.012260 0.543447
4 1 0.052682 0.133938 0.068218 0.008647 0.736514
4 1 0.057645 0.155506 0.126557 0.012126 0.648166
4 1 0.064964 0.174250 0.204368 0.014492 0.541926
4 1 0.075566 0.197559 0.334341 0.019905 0.372630
2 1 0.047919 0.221099 0.451123 0.030226 0.249633
2 1 0.025990 0.223925 0.380928 0.021197 0.347960
2 1 0.017874 0.115025 0.754544 0.037193 0.075364
2 2 0.010970 0.053916 0.883243 0.032309 0.019561
2 2 0.012861 0.054188 0.893063 0.020601 0.019287
2 2 0.012137 0.049338 0.904349 0.018051 0.016125
2 2 0.011163 0.035074 0.932899 0.011585 0.009279
2 2 0.010515 0.035464 0.932045 0.012625 0.009352
2 2 0.011293 0.043422 0.918190 0.014009 0.013086
2 2 0.014142 0.064245 0.882505 0.013795 0.025314
2 2 0.017126 0.088749 0.837379 0.013608 0.043137
2 2 0.017989 0.102340 0.807647 0.012713 0.059310
2 2 0.014714 0.103021 0.808493 0.017819 0.055954
2 2 0.017249 0.140898 0.710691 0.024246 0.106916
2 2 0.015389 0.147349 0.689984 0.035777 0.111501
2 2 0.018632 0.192387 0.555319 0.047110 0.186552
2 2 0.020239 0.194507 0.555837 0.042316 0.187100
2 2 0.020552 0.178071 0.599702 0.045201 0.156475
2 2 0.015233 0.131045 0.721444 0.041492 0.090787
2 2 0.014624 0.123435 0.754205 0.028803 0.078933
2 2 0.008858 0.069703 0.869084 0.024095 0.028260
2 2 0.011469 0.077486 0.864231 0.010822 0.035992
2 2 0.008539 0.038737 0.932236 0.009653 0.010835
2 2 0.005860 0.021508 0.959793 0.008744 0.004094
2 2 0.006598 0.026777 0.952341 0.008204 0.006081
2 2 0.005452 0.024995 0.953573 0.010913 0.005066
2 2 0.005630 0.030052 0.942227 0.015192 0.006900
2 2 0.008750 0.042071 0.922831 0.013048 0.013300
2 2 0.010028 0.042213 0.917277 0.016173 0.014309
2 2 0.011658 0.052884 0.898526 0.015853 0.021079
2 2 0.010494 0.051546 0.899666 0.018405 0.019889
2 2 0.010615 0.052962 0.898453 0.018446 0.019524
2 2 0.025540 0.109526 0.804362 0.010497 0.050075
2 2 0.023601 0.111638 0.801656 0.009855 0.053250
2 2 0.016637 0.080700 0.858604 0.011212 0.032847
2 2 0.013862 0.059559 0.892093 0.017804 0.016682
2 2 0.009055 0.035289 0.920772 0.027263 0.007621
2 2 0.006083 0.028732 0.926596 0.032924 0.005665
2 2 0.008038 0.041395 0.908500 0.032504 0.009562
2 2 0.048119 0.069363 0.832335 0.026464 0.023718
2 2 0.094916 0.114407 0.717626 0.029699 0.043352
2 2 0.157064 0.198043 0.427373 0.058122 0.159398
4 2 0.168269 0.216268 0.156394 0.045701 0.413368
4 2 0.145509 0.207394 0.133004 0.031193 0.482900
4 0 0.118166 0.199284 0.167763 0.037759 0.477028
4 0 0.121157 0.208134 0.250062 0.037942 0.382705
4 1 0.104692 0.198069 0.202524 0.031240 0.463475
4 1 0.101308 0.198453 0.218575 0.028277 0.453387
4 1 0.152249 0.219230 0.227662 0.040942 0.359916
4 1 0.265201 0.236227 0.148599 0.043084 0.306888
0 1 0.301545 0.240560 0.129599 0.032023 0.296272
0 0 0.351304 0.240201 0.131163 0.035718 0.241614
0 0 0.424449 0.221205 0.135880 0.044536 0.173929
0 0 0.490373 0.200492 0.124836 0.040117 0.144183
4 0 0.244856 0.231041 0.090036 0.013009 0.421058
4 0 0.066951 0.136724 0.042359 0.003003 0.750963
4 0 0.019405 0.071190 0.019043 0.000817 0.889545
4 0 0.011573 0.056041 0.017453 0.000803 0.914130
4 0 0.010457 0.054485 0.019023 0.000989 0.915046
4 0 0.003722 0.030480 0.009678 0.000350 0.955770
4 0 0.007209 0.045861 0.018039 0.001001 0.927890
4 1 0.010762 0.057525 0.023891 0.001562 0.906260
4 1 0.028892 0.098726 0.046802 0.004619 0.820961
4 1 0.070578 0.155011 0.086147 0.013284 0.674980
4 0 0.115423 0.185077 0.084688 0.011688 0.603123
4 0 0.123907 0.190018 0.086305 0.012059 0.587711
4 0 0.152523 0.196907 0.066520 0.006716 0.577334
4 0 0.305030 0.239031 0.088539 0.013099 0.354300
0 0 0.530321 0.218266 0.076928 0.013846 0.160640
0 0 0.422367 0.238985 0.089121 0.015707 0.233820
0 0 0.385510 0.238788 0.072025 0.009021 0.294656
4 0 0.286504 0.232471 0.070274 0.007696 0.403055
4 1 0.199308 0.217960 0.080932 0.010142 0.491658
4 1 0.188896 0.217246 0.090259 0.012893 0.490706
4 4 0.065919 0.148017 0.074142 0.009781 0.702142
4 4 0.022976 0.089162 0.045300 0.004616 0.837946
4 4 0.015967 0.072668 0.033996 0.002847 0.874522
4 4 0.015674 0.071908 0.033501 0.002778 0.876139
4 4 0.021012 0.084836 0.042227 0.004098 0.847827
4 4 0.020530 0.083742 0.041462 0.003973 0.850293
4 4 0.023639 0.096651 0.060088 0.004298 0.815324
4 4 0.018782 0.079663 0.038654 0.003530 0.859371
4 4 0.013570 0.066224 0.029882 0.002297 0.888027
4 4 0.017935 0.077616 0.037270 0.003321 0.863858
4 4 0.022858 0.088909 0.045118 0.004584 0.838531
4 4 0.021210 0.085282 0.042540 0.004149 0.846818
4 4 0.020083 0.079690 0.032858 0.002474 0.864894
4 4 0.017321 0.073169 0.029003 0.002003 0.878504
4 4 0.026775 0.095437 0.046250 0.004607 0.826931
4 4 0.038734 0.122511 0.079068 0.008751 0.750935
4 4 0.042352 0.126589 0.079994 0.010116 0.740948
4 4 0.031559 0.106055 0.058051 0.007060 0.797275
4 4 0.012284 0.059599 0.021178 0.001171 0.905768
4 4 0.007271 0.046091 0.018163 0.001012 0.927463
4 4 0.006506 0.042920 0.016091 0.000820 0.933664
4 4 0.012006 0.061718 0.027108 0.001954 0.897214
4 4 0.010541 0.057246 0.024440 0.001647 0.906125
4 4 0.012182 0.062240 0.027425 0.001992 0.896160
4 4 0.019425 0.081185 0.039694 0.003692 0.856005
4 4 0.029215 0.101725 0.054667 0.006364 0.808029
4 4 0.040102 0.120396 0.069863 0.009760 0.759880
4 4 0.062221 0.168653 0.179223 0.014116 0.575788
4 4 0.054039 0.161179 0.176839 0.011170 0.596774
4 4 0.047021 0.161517 0.242349 0.007893 0.541220
4 4 0.050964 0.169483 0.332430 0.008199 0.438924
2 4 0.065783 0.175121 0.478843 0.011799 0.268453
2 4 0.044696 0.170708 0.420082 0.007779 0.356736
2 4 0.043639 0.179551 0.411503 0.009587 0.355720
4 4 0.030049 0.135208 0.178952 0.004372 0.651418
4 4 0.030363 0.133856 0.179181 0.004212 0.652388
4 4 0.027561 0.125860 0.153460 0.003800 0.689319
4 4 0.027024 0.120973 0.130286 0.003919 0.717799
4 4 0.020704 0.122684 0.119050 0.004229 0.733332
4 4 0.013433 0.093480 0.068634 0.002657 0.821797
4 4 0.020514 0.098006 0.078367 0.003039 0.800074
4 4 0.020118 0.090114 0.057086 0.003357 0.829325
4 4 0.019647 0.083531 0.043671 0.003613 0.849538
4 4 0.019609 0.081118 0.038590 0.003473 0.857210
4 4 0.024678 0.098363 0.060667 0.004599 0.811693
4 4 0.022446 0.087136 0.041913 0.003956 0.844549
4 4 0.025720 0.091928 0.040928 0.003617 0.837807
4 4 0.064768 0.142427 0.059608 0.006187 0.727010
4 4 0.024959 0.086751 0.031495 0.002125 0.854670
4 4 0.022312 0.076637 0.020566 0.000916 0.879570
4 4 0.014053 0.054391 0.009489 0.000218 0.921848
4 4 0.024402 0.075034 0.014889 0.000461 0.885214
4 4 0.026785 0.082187 0.019712 0.000795 0.870521
4 4 0.050851 0.121041 0.039314 0.002753 0.786041
4 4 0.042179 0.114555 0.044591 0.003758 0.794917
4 4 0.008227 0.048930 0.018729 0.001035 0.923079
4 4 0.013058 0.064776 0.028981 0.002183 0.891002
4 4 0.019785 0.091941 0.063443 0.003124 0.821708
4 4 0.018925 0.130136 0.147754 0.003994 0.699190
4 4 0.023400 0.138716 0.192201 0.004122 0.641561
4 4 0.026815 0.143175 0.216771 0.004344 0.608895
4 4 0.026229 0.138888 0.231680 0.003593 0.599609
4 4 0.024761 0.147779 0.282202 0.003846 0.541412
4 4 0.024819 0.152768 0.337023 0.003968 0.481422
4 4 0.026734 0.142252 0.261239 0.003593 0.566183
4 4 0.022835 0.118331 0.156096 0.002757 0.699981
4 4 0.020814 0.105364 0.104857 0.002764 0.766200
4 4 0.015502 0.078916 0.048876 0.002324 0.854383
4 4 0.012160 0.062175 0.027386 0.001988 0.896291
4 4 0.009650 0.054383 0.022777 0.001467 0.911724
4 4 0.010116 0.055893 0.023650 0.001560 0.908781
4 4 0.014207 0.067984 0.030989 0.002440 0.884380
4 4 0.018494 0.082971 0.046326 0.003187 0.849023
4 4 0.026468 0.136577 0.101858 0.008457 0.726640
4 4 0.019610 0.179947 0.200808 0.010614 0.589021
4 4 0.020631 0.204530 0.295682 0.013652 0.465505
4 1 0.020443 0.203392 0.347611 0.012398 0.416156
2 1 0.018899 0.167683 0.593704 0.031002 0.188712
