0 0 0.735509 0.056933 0.023481 0.016936 0.167142
0 0 0.691221 0.057348 0.022551 0.011168 0.217711
0 0 0.696510 0.054427 0.021011 0.010149 0.217903
0 0 0.655238 0.053994 0.020095 0.007271 0.263402
0 0 0.653226 0.057425 0.021899 0.008357 0.259092
0 0 0.607481 0.060693 0.023003 0.007085 0.301739
0 0 0.503113 0.074507 0.029283 0.006455 0.386641
0 0 0.475223 0.067131 0.025094 0.004402 0.428150
0 0 0.572721 0.065639 0.025040 0.007012 0.329589
0 0 0.615330 0.065095 0.025524 0.008864 0.285187
0 0 0.704395 0.054199 0.021043 0.010737 0.209626
0 0 0.682725 0.066540 0.027831 0.015822 0.207081
0 0 0.780704 0.052107 0.022226 0.024007 0.120956
0 0 0.791527 0.048239 0.020110 0.021546 0.118578
0 0 0.810616 0.044118 0.018288 0.022179 0.104798
0 0 0.771467 0.054892 0.023692 0.025093 0.124855
0 0 0.717919 0.071654 0.032943 0.031564 0.145921
0 0 0.709383 0.072418 0.032960 0.028843 0.156395
0 0 0.583813 0.106088 0.051659 0.030131 0.228309
0 0 0.472696 0.119816 0.057454 0.019273 0.330761
0 0 0.390131 0.142912 0.072319 0.019933 0.374705
0 0 0.439097 0.141086 0.072510 0.026267 0.321041
0 0 0.399196 0.157607 0.084510 0.029481 0.329206
0 0 0.405922 0.154264 0.081968 0.028585 0.329260
0 1 0.392759 0.159894 0.086182 0.029700 0.331465
0 1 0.343343 0.188677 0.110122 0.039887 0.317971
0 1 0.373551 0.176624 0.100330 0.038205 0.311290
0 1 0.372714 0.163994 0.088845 0.028317 0.346130
0 1 0.367600 0.158739 0.084233 0.024399 0.365029
4 4 0.345119 0.153216 0.079201 0.018932 0.403532
0 4 0.375060 0.159668 0.085265 0.026148 0.353859
0 4 0.414536 0.138269 0.069450 0.020875 0.356870
0 4 0.424563 0.121111 0.057192 0.014878 0.382256
4 4 0.368983 0.109509 0.048735 0.008471 0.464302
0 4 0.410644 0.115912 0.053399 0.012190 0.407855
4 4 0.354802 0.122102 0.056824 0.010451 0.455820
4 4 0.368200 0.120239 0.055720 0.010752 0.445089
4 4 0.315217 0.106517 0.046566 0.006086 0.525613
4 4 0.365160 0.097856 0.041529 0.006297 0.489158
4 4 0.391670 0.110082 0.049325 0.009625 0.439299
4 4 0.286445 0.125336 0.058577 0.007908 0.521735
4 4 0.243202 0.117948 0.053817 0.005469 0.579564
4 4 0.247650 0.121575 0.056147 0.006023 0.568605
4 4 0.384414 0.105492 0.046341 0.008323 0.455430
0 4 0.483877 0.097443 0.042596 0.011433 0.364650
0 4 0.653666 0.071950 0.030385 0.015434 0.228565
0 4 0.740391 0.056638 0.023463 0.017662 0.161846
0 0 0.768887 0.046412 0.018134 0.013460 0.153108
0 0 0.817216 0.039384 0.015496 0.016394 0.111510
0 0 0.821491 0.037369 0.014429 0.014813 0.111898
0 0 0.813334 0.036297 0.013568 0.011824 0.124977
0 0 0.762705 0.045427 0.017409 0.011750 0.162709
0 0 0.847997 0.027344 0.009594 0.009061 0.106003
0 0 0.694549 0.049305 0.018207 0.007745 0.230194
0 0 0.624156 0.051259 0.018318 0.005249 0.301018
0 1 0.583573 0.066176 0.025657 0.007570 0.317024
0 1 0.614903 0.064126 0.024978 0.008510 0.287483
0 1 0.591085 0.097371 0.045418 0.023589 0.242538
0 4 0.614743 0.093104 0.043339 0.025000 0.223814
0 4 0.688756 0.081937 0.039161 0.036899 0.153247
0 4 0.715314 0.074225 0.034873 0.035943 0.139645
0 4 0.754438 0.064105 0.029835 0.038419 0.113202
0 4 0.750258 0.066258 0.031471 0.043278 0.108735
0 4 0.747862 0.065252 0.030147 0.035841 0.120897
0 4 0.725838 0.070657 0.032756 0.034121 0.136628
0 4 0.688516 0.081669 0.038907 0.036122 0.154787
0 4 0.641284 0.097149 0.048305 0.041018 0.172245
0 4 0.442966 0.115015 0.053368 0.014274 0.374377
4 4 0.322867 0.125807 0.059046 0.009601 0.482678
4 4 0.185037 0.115548 0.052850 0.003833 0.642732
4 4 0.290633 0.107337 0.047034 0.005507 0.549489
4 4 0.279649 0.114269 0.051370 0.006073 0.548639
4 4 0.406842 0.096660 0.041123 0.007480 0.447895
0 4 0.600885 0.065393 0.025468 0.008172 0.300082
0 4 0.683880 0.077919 0.035604 0.027371 0.175225
0 4 0.658755 0.082965 0.038010 0.025818 0.194452
0 4 0.620539 0.085060 0.037907 0.019455 0.237040
0 4 0.803285 0.046247 0.019364 0.023042 0.108062
0 4 0.690113 0.080292 0.037876 0.034093 0.157626
0 4 0.720109 0.071321 0.032840 0.032086 0.143644
0 4 0.703694 0.075239 0.034780 0.031264 0.155022
0 1 0.769235 0.056551 0.024783 0.027427 0.122005
0 0 0.802490 0.043988 0.017803 0.018578 0.117142
0 0 0.802567 0.043079 0.017228 0.017259 0.119867
0 0 0.813206 0.039944 0.015690 0.016004 0.115157
0 0 0.813860 0.035888 0.013354 0.011523 0.125375
0 0 0.725016 0.048471 0.018284 0.009579 0.198650
0 0 0.731268 0.046641 0.017413 0.009167 0.195512
0 0 0.649762 0.069560 0.028807 0.013558 0.238314
0 0 0.658668 0.077571 0.034211 0.020398 0.209153
0 1 0.675851 0.070512 0.030143 0.017715 0.205780
0 1 0.679104 0.073596 0.032305 0.021036 0.193959
0 4 0.618888 0.083095 0.036538 0.017841 0.243637
0 4 0.501848 0.092409 0.039753 0.010999 0.354991
0 4 0.477363 0.102907 0.045981 0.012765 0.360984
0 4 0.493092 0.101474 0.045357 0.013462 0.346614
0 4 0.599079 0.085141 0.037291 0.016441 0.262046
0 4 0.679354 0.077596 0.035127 0.025472 0.182451
0 4 0.663383 0.084882 0.039709 0.029821 0.182204
0 4 0.666124 0.085436 0.040320 0.031771 0.176349
0 4 0.652861 0.092876 0.045538 0.038877 0.169847
0 4 0.639055 0.087674 0.040498 0.025619 0.207154
0 4 0.495093 0.119598 0.058018 0.022272 0.305019
0 4 0.478393 0.120714 0.058281 0.020476 0.322136
0 4 0.472089 0.119316 0.057076 0.018953 0.332565
4 4 0.391388 0.126060 0.060024 0.013843 0.408684
0 0 0.543792 0.097932 0.044218 0.016764 0.297294
0 1 0.714826 0.063607 0.027022 0.019108 0.175437
0 4 0.795900 0.045830 0.018710 0.019186 0.120374
0 0 0.812351 0.042443 0.017240 0.019650 0.108316
0 0 0.787433 0.050305 0.021328 0.023629 0.117306
0 1 0.821274 0.041976 0.017405 0.023084 0.096261
0 1 0.739273 0.058818 0.024831 0.019772 0.157305
0 1 0.537109 0.119928 0.060145 0.031311 0.251507
0 1 0.334199 0.190500 0.111338 0.038635 0.325328
4 1 0.209380 0.199562 0.116257 0.019362 0.455439
4 1 0.115802 0.180017 0.102463 0.007539 0.594179
4 4 0.040012 0.100507 0.049863 0.000840 0.808777
4 4 0.026315 0.074857 0.034850 0.000340 0.863638
4 4 0.017315 0.055470 0.024302 0.000141 0.902772
4 4 0.052851 0.104591 0.051168 0.001107 0.790283
4 4 0.086615 0.112732 0.054089 0.001870 0.744694
4 4 0.086741 0.097351 0.044153 0.001348 0.770407
4 4 0.072575 0.082482 0.035769 0.000825 0.808350
4 4 0.077231 0.078117 0.033008 0.000769 0.810874
4 4 0.052899 0.061484 0.024747 0.000357 0.860512
4 4 0.050072 0.064891 0.026778 0.000385 0.857875
4 4 0.056292 0.075138 0.032299 0.000566 0.835706
4 4 0.029684 0.051999 0.020976 0.000173 0.897168
4 4 0.090882 0.070947 0.028507 0.000708 0.808955
4 4 0.051397 0.068728 0.028875 0.000441 0.850560
4 4 0.079086 0.101683 0.047292 0.001385 0.770555
4 4 0.081614 0.093768 0.042171 0.001186 0.781262
4 4 0.085972 0.101602 0.046872 0.001472 0.764082
4 4 0.077431 0.108092 0.051564 0.001563 0.761349
4 4 0.205939 0.146401 0.073535 0.007714 0.566410
4 4 0.150822 0.161362 0.085876 0.007163 0.594776
4 4 0.155394 0.196477 0.114501 0.012897 0.520731
4 4 0.131055 0.244770 0.175606 0.016252 0.432317
4 4 0.132016 0.240934 0.168976 0.016239 0.441835
4 4 0.117595 0.259394 0.209629 0.013625 0.399756
4 4 0.110729 0.254822 0.205701 0.011529 0.417220
4 4 0.111366 0.277020 0.253537 0.013707 0.344370
2 1 0.088875 0.293794 0.337354 0.010409 0.269568
2 1 0.074827 0.297560 0.397413 0.008576 0.221624
2 1 0.077543 0.289466 0.344290 0.007457 0.281244
2 1 0.078086 0.290861 0.349052 0.007743 0.274258
4 1 0.081731 0.276714 0.290469 0.006992 0.344094
4 1 0.085604 0.276447 0.283269 0.007675 0.347004
4 1 0.088807 0.267888 0.255799 0.007695 0.379811
4 1 0.088369 0.275086 0.275239 0.008099 0.353207
4 1 0.096399 0.284277 0.290600 0.010721 0.318003
2 1 0.094284 0.288302 0.306794 0.010759 0.299860
2 1 0.085387 0.287214 0.318272 0.008660 0.300466
2 1 0.083689 0.293861 0.348959 0.009305 0.264186
2 1 0.084345 0.298539 0.371900 0.010540 0.234676
2 1 0.067788 0.266386 0.466070 0.013769 0.185986
2 1 0.060211 0.244608 0.510505 0.016203 0.168473
2 1 0.072741 0.267496 0.457465 0.016207 0.186090
2 1 0.077671 0.263608 0.448245 0.019948 0.190528
2 1 0.074202 0.245230 0.453123 0.022698 0.204746
4 1 0.124865 0.264616 0.264699 0.019258 0.326562
4 2 0.105016 0.272572 0.278712 0.014849 0.328851
4 2 0.108667 0.287326 0.284733 0.014446 0.304827
4 2 0.102986 0.288262 0.294420 0.012981 0.301351
2 2 0.079038 0.297052 0.378643 0.009105 0.236161
2 2 0.058881 0.273813 0.482633 0.008805 0.175868
2 2 0.040222 0.233277 0.612954 0.009299 0.104247
2 2 0.027243 0.181515 0.715140 0.011187 0.064915
2 2 0.027311 0.180293 0.704391 0.010658 0.077346
2 2 0.039405 0.222493 0.614985 0.010240 0.112878
2 2 0.030103 0.188016 0.677163 0.010729 0.093988
2 2 0.026341 0.163646 0.718573 0.014232 0.077209
2 2 0.011419 0.091766 0.842128 0.015932 0.038756
2 2 0.014780 0.110033 0.816317 0.016319 0.042552
2 2 0.035294 0.177414 0.684488 0.023190 0.079614
2 2 0.036660 0.166735 0.697333 0.036464 0.062808
2 2 0.040150 0.157042 0.686450 0.060262 0.056095
2 2 0.032795 0.137161 0.721813 0.063308 0.044923
2 2 0.021868 0.102518 0.775155 0.069736 0.030723
2 2 0.042603 0.132774 0.605299 0.172131 0.047194
2 2 0.046146 0.123232 0.578866 0.199934 0.051821
2 2 0.061750 0.112405 0.497342 0.277649 0.050853
2 2 0.074902 0.111292 0.455748 0.301576 0.056482
2 2 0.069413 0.098989 0.408214 0.375591 0.047793
2 2 0.108783 0.130896 0.373948 0.308060 0.078312
3 2 0.119253 0.122322 0.320261 0.359445 0.078719
3 2 0.105291 0.103924 0.311602 0.417581 0.061603
3 2 0.098974 0.095261 0.292741 0.460708 0.052316
3 2 0.096855 0.081698 0.251084 0.530219 0.040144
3 2 0.059590 0.044696 0.173593 0.706031 0.016091
3 2 0.045401 0.032985 0.150413 0.760337 0.010865
3 3 0.039358 0.023844 0.103374 0.826828 0.006596
3 3 0.047579 0.028577 0.114109 0.801299 0.008437
3 3 0.031270 0.017978 0.085992 0.860211 0.004549
3 3 0.030377 0.015460 0.073211 0.877225 0.003727
3 3 0.027318 0.012166 0.057061 0.900785 0.002670
3 3 0.025065 0.012401 0.064584 0.895128 0.002822
3 3 0.032557 0.014300 0.067796 0.881851 0.003496
3 3 0.053351 0.017765 0.065153 0.859029 0.004701
3 3 0.047082 0.013633 0.051042 0.884939 0.003304
3 3 0.078226 0.017925 0.055563 0.843264 0.005022
3 3 0.086178 0.021818 0.075021 0.809892 0.007091
3 3 0.128824 0.031834 0.099831 0.726765 0.012746
3 3 0.118750 0.029587 0.099025 0.740937 0.011701
3 3 0.187156 0.044937 0.119579 0.626999 0.021328
3 3 0.210811 0.061522 0.167076 0.529340 0.031250
0 3 0.312587 0.117952 0.238095 0.265200 0.066167
2 3 0.267146 0.153725 0.315170 0.194635 0.069324
2 3 0.269339 0.176725 0.308289 0.158781 0.086866
0 2 0.410825 0.192013 0.195219 0.101458 0.100485
0 2 0.424150 0.200090 0.177955 0.079786 0.118020
0 2 0.411621 0.205650 0.188019 0.076533 0.118177
0 2 0.458539 0.184689 0.145021 0.072502 0.139249
0 2 0.432883 0.191255 0.142779 0.071231 0.161853
1 2 0.259157 0.261792 0.240240 0.061332 0.177480
1 2 0.204349 0.281570 0.266294 0.055000 0.192786
1 2 0.159575 0.294560 0.284118 0.041356 0.220391
2 2 0.093164 0.268154 0.423977 0.029479 0.185227
2 2 0.069437 0.242541 0.514952 0.027423 0.145647
2 2 0.031362 0.159765 0.709523 0.026267 0.073083
2 2 0.016617 0.103584 0.817320 0.032420 0.030059
2 2 0.022353 0.122842 0.777083 0.034645 0.043078
2 2 0.016383 0.091821 0.806433 0.060541 0.024822
2 2 0.011606 0.069348 0.820962 0.078091 0.019993
2 2 0.010170 0.057354 0.804724 0.108337 0.019415
2 2 0.013514 0.063323 0.741277 0.155921 0.025964
2 2 0.019784 0.081459 0.721279 0.142663 0.034814
2 2 0.031141 0.101732 0.631160 0.186408 0.049559
2 2 0.029852 0.096769 0.626581 0.205055 0.041742
2 2 0.033612 0.101507 0.601719 0.210572 0.052590
2 2 0.037384 0.107923 0.591772 0.197850 0.065071
2 2 0.034788 0.103492 0.602933 0.192430 0.066357
2 2 0.027427 0.085529 0.597516 0.239718 0.049810
2 2 0.029677 0.092186 0.602101 0.208355 0.067681
2 2 0.023429 0.080358 0.627439 0.213068 0.055705
2 2 0.021451 0.066274 0.532470 0.342233 0.037572
3 2 0.018207 0.044008 0.368740 0.550990 0.018055
2 2 0.010782 0.042211 0.515107 0.417424 0.014476
2 2 0.013368 0.050529 0.578086 0.338514 0.019502
2 2 0.054023 0.094861 0.440011 0.346716 0.064388
2 2 0.050983 0.095985 0.437440 0.354811 0.060781
2 2 0.061289 0.101202 0.415547 0.359037 0.062924
3 2 0.074489 0.101642 0.364009 0.402385 0.057475
3 2 0.063578 0.087689 0.351803 0.451105 0.045826
3 2 0.057851 0.085000 0.369631 0.442278 0.045240
3 2 0.049570 0.067766 0.338363 0.511117 0.033184
3 2 0.029153 0.044055 0.287601 0.621620 0.017572
3 2 0.038544 0.052126 0.278750 0.609348 0.021232
3 2 0.047951 0.057295 0.270159 0.600571 0.024024
3 2 0.119445 0.089357 0.250548 0.493573 0.047076
3 3 0.206456 0.126741 0.281300 0.287721 0.097782
0 3 0.324794 0.165666 0.241625 0.145253 0.122662
2 3 0.200360 0.208385 0.405206 0.083205 0.102844
0 3 0.370442 0.222321 0.208235 0.065753 0.133248
0 3 0.277359 0.257131 0.258373 0.056737 0.150400
0 2 0.274447 0.252932 0.218783 0.052966 0.200872
2 1 0.182975 0.290263 0.307616 0.046673 0.172473
1 1 0.228548 0.272260 0.247009 0.062496 0.189687
2 1 0.123770 0.307144 0.382365 0.036802 0.149919
2 1 0.125554 0.307062 0.372348 0.035898 0.159138
2 1 0.115007 0.307368 0.402108 0.032853 0.142664
2 1 0.113376 0.307612 0.399186 0.030503 0.149323
2 2 0.084744 0.274208 0.507307 0.034714 0.099027
2 2 0.039282 0.168094 0.701015 0.049701 0.041907
2 2 0.026897 0.137937 0.762298 0.042113 0.030755
2 2 0.030176 0.151977 0.745925 0.039305 0.032617
2 2 0.029181 0.142800 0.749921 0.044996 0.033102
2 2 0.037033 0.152730 0.707765 0.060296 0.042175
2 2 0.037620 0.147789 0.701136 0.069180 0.044274
2 2 0.059741 0.191963 0.622566 0.068481 0.057248
2 2 0.125536 0.243210 0.482357 0.067863 0.081034
2 2 0.186734 0.234602 0.407835 0.083814 0.087014
2 2 0.193264 0.218829 0.394458 0.109974 0.083475
2 2 0.155328 0.244024 0.428850 0.081140 0.090657
2 2 0.080573 0.203262 0.545186 0.092299 0.078680
2 2 0.046106 0.160806 0.660796 0.079514 0.052777
2 2 0.016176 0.080030 0.742787 0.140770 0.020237
2 2 0.009287 0.059936 0.821258 0.096360 0.013159
2 2 0.003910 0.034668 0.854216 0.101222 0.005984
2 2 0.003478 0.035152 0.897285 0.058525 0.005560
2 2 0.004189 0.040738 0.895074 0.053600 0.006399
2 2 0.009341 0.066074 0.855211 0.055936 0.013437
2 2 0.013051 0.076386 0.815580 0.076766 0.018217
2 2 0.041247 0.158583 0.686846 0.066685 0.046639
2 2 0.060309 0.202029 0.613550 0.064445 0.059667
2 2 0.083880 0.240124 0.540883 0.056096 0.079016
2 2 0.227645 0.274666 0.303444 0.060837 0.133407
0 2 0.382303 0.215109 0.182333 0.069952 0.150303
0 2 0.445236 0.183160 0.129057 0.058519 0.184028
0 2 0.442099 0.172716 0.106700 0.054747 0.223738
0 1 0.345492 0.208342 0.138289 0.053308 0.254570
1 1 0.152899 0.284489 0.252446 0.029684 0.280481
4 2 0.142501 0.268675 0.213623 0.023141 0.352061
1 2 0.117814 0.291131 0.287324 0.018268 0.285463
4 2 0.112258 0.267006 0.235360 0.013611 0.371766
2 2 0.050116 0.198180 0.586248 0.028179 0.137276
2 2 0.024268 0.119780 0.752692 0.041283 0.061977
2 2 0.018695 0.104187 0.793329 0.037850 0.045940
2 2 0.012098 0.080307 0.841775 0.032614 0.033207
0 2 0.265198 0.259466 0.241899 0.052581 0.180855
0 2 0.278398 0.249242 0.207892 0.052086 0.212382
1 2 0.243843 0.257898 0.206816 0.052195 0.239248
1 2 0.157259 0.296293 0.292796 0.041195 0.212458
2 0 0.142834 0.301634 0.313926 0.037842 0.203764
2 1 0.129433 0.298285 0.303439 0.025951 0.242892
2 1 0.085297 0.252462 0.472991 0.036983 0.152267
2 2 0.069056 0.213531 0.552725 0.053891 0.110797
2 2 0.052563 0.185535 0.642075 0.065241 0.054587
2 2 0.085858 0.269785 0.519978 0.042605 0.081773
2 2 0.108494 0.299416 0.455836 0.031512 0.104741
0 2 0.295312 0.250582 0.253733 0.050741 0.149632
0 2 0.348902 0.231551 0.247456 0.049509 0.122583
0 2 0.580337 0.133389 0.085880 0.051783 0.148611
0 2 0.597965 0.114036 0.059951 0.051255 0.176794
0 4 0.557487 0.127970 0.069346 0.054726 0.190471
0 4 0.338559 0.201534 0.123487 0.053236 0.283183
0 4 0.297473 0.217079 0.137195 0.053429 0.294824
4 4 0.175921 0.277003 0.221237 0.044964 0.280876
2 4 0.128284 0.299112 0.307785 0.025824 0.238995
2 4 0.112734 0.307031 0.375144 0.025313 0.179778
2 4 0.104663 0.295754 0.415045 0.029527 0.155012
2 2 0.087925 0.244724 0.469074 0.044696 0.153581
2 2 0.091137 0.277461 0.436976 0.026517 0.167908
2 2 0.124682 0.272875 0.304269 0.026388 0.271786
4 2 0.146950 0.277338 0.234545 0.025309 0.315858
4 2 0.139260 0.262214 0.202377 0.020846 0.375303
4 2 0.116056 0.272446 0.238484 0.014496 0.358518
2 2 0.085584 0.282769 0.353163 0.011734 0.266751
2 2 0.066300 0.234832 0.485628 0.022102 0.191138
2 2 0.011855 0.075959 0.841435 0.037742 0.033009
2 2 0.004297 0.035157 0.880422 0.072006 0.008117
2 2 0.002844 0.027523 0.898994 0.065032 0.005607
2 2 0.003167 0.029154 0.898577 0.062706 0.006395
2 2 0.004289 0.036047 0.896977 0.053109 0.009578
2 2 0.008415 0.060106 0.872533 0.040017 0.018930
2 2 0.008868 0.065191 0.871995 0.034315 0.019631
2 2 0.019061 0.114479 0.795371 0.029227 0.041861
2 2 0.035286 0.174800 0.705653 0.028925 0.055336
2 2 0.072157 0.260480 0.553368 0.032268 0.081728
2 2 0.066843 0.242415 0.584428 0.039387 0.066927
2 2 0.092348 0.274664 0.520223 0.040498 0.072266
2 2 0.063895 0.244641 0.594791 0.034493 0.062180
2 2 0.070432 0.255506 0.569281 0.035771 0.069011
2 2 0.035246 0.159989 0.720228 0.046564 0.037973
2 2 0.024182 0.122717 0.770470 0.053740 0.028891
2 2 0.018905 0.104148 0.793338 0.060387 0.023223
2 2 0.018228 0.109428 0.804771 0.046208 0.021365
2 2 0.018317 0.109567 0.811351 0.037772 0.022993
2 2 0.028508 0.151455 0.754689 0.034966 0.030382
2 2 0.027666 0.145370 0.759007 0.037583 0.030374
2 2 0.052323 0.202127 0.660870 0.041067 0.043612
2 2 0.073412 0.227164 0.605443 0.039410 0.054572
2 2 0.109623 0.250356 0.539880 0.038380 0.061762
2 2 0.198574 0.276928 0.376287 0.050237 0.097975
2 2 0.128029 0.261091 0.460477 0.043007 0.107397
2 2 0.076466 0.256655 0.480743 0.025320 0.160816
2 2 0.088543 0.257462 0.383398 0.022116 0.248481
2 2 0.067188 0.228558 0.472333 0.023502 0.208419
2 2 0.041455 0.181400 0.621326 0.024937 0.130882
4 4 0.020913 0.063534 0.028600 0.000209 0.886743
4 4 0.021147 0.064042 0.028875 0.000214 0.885722
4 4 0.024048 0.070207 0.032254 0.000281 0.873210
4 4 0.016912 0.054534 0.023811 0.000134 0.904609
4 4 0.023652 0.069380 0.031796 0.000271 0.874900
4 4 0.027194 0.076624 0.035846 0.000365 0.859971
4 4 0.032830 0.087528 0.042122 0.000547 0.836973
4 4 0.033239 0.088294 0.042570 0.000561 0.835335
4 4 0.020630 0.062915 0.028266 0.000203 0.887986
4 4 0.019761 0.061003 0.027237 0.000186 0.891814
4 4 0.015422 0.049471 0.021090 0.000104 0.913912
4 4 0.018288 0.044929 0.018168 0.000095 0.918520
4 4 0.020479 0.042289 0.016533 0.000090 0.920608
4 4 0.023953 0.048408 0.019497 0.000131 0.908012
4 4 0.031709 0.052867 0.021297 0.000187 0.893940
4 4 0.039646 0.077791 0.035128 0.000481 0.846954
4 4 0.058521 0.098370 0.046534 0.001037 0.795538
4 4 0.069320 0.122161 0.061770 0.001906 0.744843
4 4 0.147470 0.170360 0.093026 0.008109 0.581035
4 4 0.175782 0.188403 0.106957 0.013001 0.515858
4 4 0.124801 0.191477 0.111600 0.009611 0.562511
4 4 0.070598 0.147616 0.080436 0.003034 0.698316
4 4 0.049290 0.116036 0.059509 0.001334 0.773831
4 4 0.038183 0.097288 0.047916 0.000759 0.815854
4 4 0.030722 0.083532 0.039797 0.000474 0.845476
4 4 0.028167 0.078558 0.036944 0.000393 0.855938
4 4 0.028909 0.080018 0.037777 0.000416 0.852881
4 4 0.032302 0.086537 0.041542 0.000528 0.839091
4 4 0.046264 0.111109 0.056404 0.001158 0.785065
4 4 0.061916 0.135355 0.072096 0.002237 0.728397
4 1 0.076829 0.155963 0.086280 0.003706 0.677221
4 1 0.073812 0.163517 0.096194 0.003425 0.663051
4 1 0.079334 0.180559 0.113418 0.004154 0.622535
4 1 0.066457 0.226534 0.253539 0.005547 0.447922
2 1 0.059056 0.225202 0.386290 0.009966 0.319487
2 1 0.058517 0.218823 0.384749 0.010623 0.327288
2 1 0.045582 0.175776 0.467814 0.016937 0.293892
2 1 0.042546 0.168896 0.526327 0.021258 0.240973
2 2 0.045005 0.164666 0.573997 0.035766 0.180566
2 2 0.068418 0.219284 0.508658 0.035693 0.167948
2 2 0.130583 0.295357 0.350195 0.034630 0.189236
2 2 0.144688 0.295659 0.319602 0.025961 0.214091
2 2 0.108381 0.307369 0.388853 0.024337 0.171060
2 2 0.108995 0.306697 0.420720 0.031419 0.132169
2 2 0.103840 0.298467 0.467729 0.041520 0.088444
2 2 0.089391 0.298514 0.489560 0.028188 0.094347
2 2 0.086267 0.297309 0.497515 0.026671 0.092238
2 2 0.055076 0.238749 0.613241 0.025292 0.067642
2 2 0.049387 0.211353 0.648891 0.033537 0.056832
2 2 0.082004 0.273730 0.526888 0.036070 0.081307
2 2 0.063736 0.259101 0.589407 0.027954 0.059802
2 2 0.060465 0.261800 0.599621 0.024454 0.053661
2 2 0.061595 0.268560 0.597447 0.024105 0.048294
2 2 0.046127 0.217573 0.667785 0.028713 0.039803
2 2 0.027481 0.158108 0.758975 0.027666 0.027769
2 2 0.018917 0.120120 0.809119 0.029832 0.022012
2 2 0.018413 0.113950 0.811187 0.034292 0.022156
2 0 0.036836 0.176537 0.713357 0.036660 0.036610
2 0 0.104480 0.286673 0.499231 0.040463 0.069153
2 1 0.194551 0.268645 0.414746 0.045335 0.076723
4 1 0.240436 0.222665 0.150989 0.024697 0.361213
4 1 0.272536 0.205679 0.127539 0.032661 0.361585
1 1 0.175579 0.280068 0.257756 0.029562 0.257035
2 1 0.072888 0.253966 0.536257 0.031944 0.104946
2 1 0.044526 0.190619 0.676737 0.041223 0.046895
2 1 0.036522 0.172326 0.709816 0.036436 0.044900
2 1 0.020974 0.125058 0.788897 0.028960 0.036111
2 1 0.012106 0.085522 0.849985 0.029351 0.023037
2 1 0.006240 0.051301 0.895713 0.035862 0.010884
2 1 0.004238 0.041574 0.917200 0.029315 0.007672
2 2 0.006264 0.056027 0.900591 0.027027 0.010091
2 2 0.021847 0.133930 0.790887 0.028522 0.024814
2 2 0.040155 0.190526 0.694667 0.032790 0.041861
2 2 0.058356 0.230192 0.616953 0.036604 0.057895
2 2 0.058499 0.225238 0.609185 0.036852 0.070226
2 2 0.050736 0.201416 0.636774 0.039164 0.071910
2 2 0.113327 0.305735 0.421744 0.036794 0.122401
2 2 0.111379 0.299477 0.437150 0.041683 0.110311
2 2 0.091463 0.300624 0.478615 0.027554 0.101744
2 2 0.036442 0.182361 0.709886 0.030077 0.041235
2 2 0.046107 0.222119 0.662790 0.025494 0.043491
2 2 0.017487 0.120477 0.817814 0.024471 0.019751
2 2 0.015743 0.103206 0.828835 0.032345 0.019871
2 2 0.007970 0.060179 0.874192 0.045258 0.012401
2 2 0.006377 0.048986 0.879514 0.054238 0.010884
2 2 0.012343 0.070263 0.832393 0.063275 0.021726
2 2 0.012137 0.069780 0.834174 0.060246 0.023664
2 2 0.012469 0.071958 0.828919 0.062624 0.024029
2 2 0.010239 0.065060 0.850503 0.052733 0.021465
2 2 0.015308 0.087950 0.820363 0.047018 0.029361
2 2 0.013110 0.077815 0.834241 0.050335 0.024499
2 2 0.019136 0.087316 0.777561 0.083115 0.032872
2 2 0.017063 0.068722 0.702553 0.185076 0.026585
2 2 0.015910 0.058242 0.579667 0.324241 0.021939
2 2 0.026393 0.075247 0.481436 0.385565 0.031359
3 2 0.031258 0.069113 0.370116 0.499526 0.029987
3 2 0.030479 0.058724 0.319371 0.568150 0.023276
3 2 0.027498 0.039657 0.236960 0.682124 0.013761
3 2 0.029752 0.037564 0.230708 0.688482 0.013494
3 3 0.026669 0.025094 0.158701 0.781753 0.007783
3 3 0.040074 0.028944 0.147795 0.773708 0.009479
3 3 0.041284 0.021414 0.097658 0.833541 0.006104
3 3 0.062271 0.024076 0.093897 0.812187 0.007569
3 3 0.065906 0.019088 0.068219 0.841234 0.005553
3 3 0.083349 0.021056 0.066504 0.822585 0.006505
3 3 0.050068 0.010674 0.035596 0.901297 0.002365
3 3 0.079446 0.013043 0.032532 0.871897 0.003082
3 3 0.049318 0.006600 0.016848 0.926093 0.001141
3 3 0.061714 0.006958 0.013995 0.916178 0.001155
3 3 0.059582 0.007204 0.013932 0.918127 0.001156
3 3 0.040878 0.005077 0.010827 0.942519 0.000700
3 3 0.037745 0.004441 0.009368 0.947869 0.000577
3 3 0.039639 0.004399 0.008717 0.946684 0.000561
3 3 0.038401 0.004594 0.009805 0.946590 0.000610
3 3 0.054129 0.006105 0.012422 0.926384 0.000961
3 3 0.082989 0.008520 0.015818 0.891013 0.001659
3 3 0.090293 0.008200 0.014163 0.885755 0.001588
3 3 0.083561 0.007607 0.013978 0.893395 0.001460
3 3 0.135743 0.012017 0.019034 0.830357 0.002849
3 3 0.148648 0.013081 0.020064 0.814970 0.003236
3 3 0.162091 0.008709 0.010784 0.816561 0.001856
3 3 0.241847 0.008846 0.008010 0.739298 0.001998
3 3 0.336759 0.013542 0.010791 0.635119 0.003790
3 3 0.229152 0.011846 0.012947 0.743030 0.003025
3 3 0.182803 0.012376 0.016855 0.784753 0.003213
3 3 0.111828 0.014403 0.030043 0.840019 0.003706
3 3 0.163614 0.025912 0.052884 0.748731 0.008860
3 3 0.387666 0.057322 0.080695 0.440478 0.033839
0 3 0.544389 0.085068 0.087096 0.206141 0.077305
0 3 0.419093 0.102741 0.146481 0.236550 0.095134
0 3 0.503300 0.116288 0.111865 0.146667 0.121880
0 3 0.490402 0.126254 0.114911 0.124024 0.144409
0 2 0.531203 0.131894 0.084888 0.072216 0.179799
0 2 0.454779 0.136500 0.116946 0.155950 0.135826
3 2 0.234662 0.130235 0.230490 0.298115 0.106498
3 2 0.127353 0.090150 0.228876 0.505466 0.048156
3 2 0.021447 0.041433 0.280772 0.641707 0.014641
3 2 0.019168 0.043613 0.305654 0.616071 0.015495
3 2 0.014399 0.044555 0.390880 0.533127 0.017040
2 2 0.019685 0.059807 0.482073 0.415472 0.022964
2 2 0.015291 0.050841 0.513767 0.402835 0.017266
3 2 0.020705 0.048742 0.387299 0.523799 0.019454
3 2 0.017144 0.041381 0.360619 0.565956 0.014900
3 2 0.015023 0.034025 0.283724 0.655800 0.011428
3 2 0.013679 0.030349 0.277473 0.668371 0.010129
3 2 0.013829 0.030337 0.270609 0.675262 0.009963
3 2 0.009980 0.036310 0.448693 0.491490 0.013528
2 2 0.012542 0.048829 0.588403 0.331520 0.018707
2 2 0.015722 0.071948 0.746864 0.128102 0.037365
2 2 0.023376 0.105801 0.746985 0.056034 0.067804
2 2 0.051385 0.196078 0.559227 0.027283 0.166028
2 2 0.113309 0.298526 0.319422 0.018908 0.249835
1 2 0.242042 0.262444 0.248288 0.033186 0.214041
0 2 0.326879 0.238590 0.243673 0.041100 0.149758
0 0 0.480596 0.181430 0.157643 0.045469 0.134863
0 0 0.691693 0.097644 0.062630 0.043588 0.104446
0 1 0.796139 0.053553 0.025253 0.041147 0.083907
0 1 0.780608 0.055700 0.025043 0.033575 0.105074
0 1 0.672645 0.085297 0.040677 0.034620 0.166760
0 1 0.478759 0.152087 0.085074 0.051476 0.232603
4 1 0.210631 0.225312 0.141036 0.030494 0.392526
4 1 0.150084 0.249238 0.174774 0.023247 0.402658
4 2 0.133069 0.217088 0.134297 0.015065 0.500482
4 2 0.088828 0.194944 0.298254 0.033778 0.384196
2 2 0.058031 0.183693 0.511194 0.039581 0.207502
2 2 0.033079 0.148382 0.692731 0.036599 0.089209
2 2 0.025301 0.136699 0.746045 0.027932 0.064023
2 2 0.016187 0.102517 0.818560 0.030584 0.032151
2 2 0.018170 0.111018 0.804576 0.030274 0.035961
2 2 0.011190 0.078452 0.855302 0.032349 0.022706
2 2 0.010080 0.070817 0.861221 0.034637 0.023245
2 2 0.015517 0.093917 0.815285 0.034424 0.040858
2 2 0.022076 0.123543 0.764389 0.028478 0.061514
2 2 0.023884 0.136372 0.748313 0.023351 0.068081
2 2 0.032152 0.162845 0.701879 0.025376 0.077748
2 2 0.033071 0.163927 0.709079 0.029028 0.064895
2 2 0.046852 0.213205 0.620301 0.021562 0.098080
2 2 0.044096 0.191481 0.623170 0.025692 0.115561
2 2 0.035558 0.151751 0.674648 0.038607 0.099435
2 2 0.031673 0.126264 0.699606 0.061199 0.081258
2 2 0.049509 0.148624 0.591396 0.120011 0.090461
2 2 0.047182 0.128830 0.548087 0.204423 0.071478
2 2 0.048437 0.121789 0.510063 0.244727 0.074984
2 2 0.041900 0.117740 0.587804 0.185729 0.066827
2 2 0.062862 0.154322 0.561789 0.131813 0.089215
2 2 0.065551 0.165487 0.573175 0.118112 0.077675
2 2 0.070231 0.187717 0.568561 0.102487 0.071004
2 2 0.064575 0.194522 0.592958 0.086106 0.061839
2 2 0.059220 0.182508 0.609733 0.092095 0.056444
2 2 0.080131 0.206449 0.542874 0.097912 0.072633
2 2 0.116752 0.211474 0.443008 0.131882 0.096884
2 2 0.111149 0.213115 0.458782 0.100080 0.116873
2 2 0.120140 0.217718 0.424588 0.080037 0.157517
2 2 0.094490 0.208637 0.462714 0.071007 0.163152
2 2 0.070492 0.195882 0.504490 0.070104 0.159032
2 2 0.085386 0.228363 0.368647 0.027351 0.290254
2 2 0.067850 0.191286 0.494238 0.052350 0.194277
2 2 0.039786 0.120970 0.580229 0.177638 0.081377
2 2 0.010370 0.049690 0.667937 0.256368 0.015635
2 2 0.008485 0.050010 0.790150 0.135643 0.015712
2 2 0.015200 0.081077 0.806745 0.056579 0.040399
2 2 0.017404 0.100418 0.803582 0.036786 0.041811
2 2 0.031900 0.147592 0.716857 0.039348 0.064304
2 2 0.089698 0.269768 0.462160 0.032624 0.145750
2 2 0.120204 0.307482 0.382597 0.033139 0.156579
2 2 0.127466 0.306724 0.378077 0.039730 0.148002
2 1 0.143340 0.304185 0.348630 0.049386 0.154460
2 1 0.176455 0.293286 0.299090 0.055555 0.175614
2 1 0.163568 0.296335 0.297453 0.047416 0.195229
1 1 0.169904 0.292222 0.278937 0.046552 0.212384
1 2 0.188803 0.284092 0.256396 0.050772 0.219937
1 2 0.255410 0.256768 0.206405 0.067767 0.213649
0 2 0.267128 0.250175 0.196686 0.059509 0.226502
0 2 0.356562 0.212093 0.147446 0.074621 0.209278
0 2 0.387557 0.194613 0.123900 0.082184 0.211747
0 2 0.479797 0.160304 0.096385 0.083052 0.180461
0 2 0.516047 0.146801 0.085698 0.077664 0.173790
0 4 0.418772 0.182151 0.112742 0.079789 0.206546
0 4 0.368049 0.207685 0.143263 0.084217 0.196786
0 4 0.309619 0.237201 0.187469 0.079330 0.186381
0 4 0.437381 0.181741 0.120954 0.084348 0.175577
0 4 0.428937 0.196994 0.159911 0.066092 0.148067
0 4 0.414304 0.206425 0.188590 0.050961 0.139720
0 4 0.458148 0.190787 0.173595 0.051585 0.125884
0 4 0.519264 0.158488 0.111576 0.051406 0.159266
0 4 0.595607 0.113315 0.058897 0.047255 0.184926
0 4 0.542020 0.126318 0.065983 0.041101 0.224578
0 4 0.648919 0.093362 0.045619 0.037572 0.174528
4 4 0.276197 0.170945 0.092159 0.017757 0.442942
4 4 0.145232 0.209638 0.126724 0.014715 0.503691
4 4 0.116418 0.231546 0.162230 0.011571 0.478235
4 4 0.111653 0.238107 0.175419 0.010796 0.464026
4 4 0.111005 0.266297 0.228883 0.012483 0.381332
4 4 0.094398 0.231173 0.176017 0.007147 0.491265
4 4 0.084008 0.253469 0.228509 0.006176 0.427838
4 4 0.080480 0.209299 0.152298 0.004623 0.553299
4 4 0.077139 0.162778 0.093586 0.003777 0.662720
4 4 0.055603 0.125932 0.065874 0.001749 0.750841
4 4 0.042724 0.105179 0.052721 0.000971 0.798405
4 4 0.028517 0.080594 0.040863 0.000453 0.849573
4 4 0.052076 0.045605 0.015964 0.000200 0.886156
4 4 0.103565 0.052851 0.018470 0.000437 0.824676
4 4 0.184227 0.065470 0.024096 0.001094 0.725112
4 4 0.121382 0.065042 0.024692 0.000742 0.788143
4 4 0.091382 0.076696 0.031686 0.000838 0.799397
4 4 0.093473 0.078801 0.032812 0.000903 0.794010
4 4 0.069206 0.095733 0.044084 0.001100 0.789876
4 4 0.042716 0.103597 0.051631 0.000939 0.801118
4 4 0.054190 0.123760 0.064462 0.001650 0.755938
4 4 0.041943 0.103845 0.051902 0.000932 0.801379
4 4 0.073105 0.146184 0.079071 0.003039 0.698602
4 4 0.054415 0.124109 0.064688 0.001666 0.755121
4 4 0.061457 0.134685 0.071648 0.002199 0.730010
4 4 0.051016 0.118792 0.061264 0.001440 0.767488
4 4 0.035338 0.092168 0.044855 0.000641 0.826998
4 4 0.023653 0.069383 0.031798 0.000271 0.874894
4 4 0.022097 0.066089 0.029989 0.000235 0.881590
4 4 0.017306 0.055449 0.024291 0.000141 0.902814
4 4 0.017315 0.055469 0.024302 0.000141 0.902773
4 4 0.020487 0.062603 0.028097 0.000200 0.888612
4 4 0.029973 0.070258 0.031513 0.000324 0.867933
4 4 0.031440 0.084904 0.040592 0.000498 0.842566
4 4 0.029119 0.078031 0.036473 0.000396 0.855981
4 4 0.023709 0.060261 0.026252 0.000203 0.889575
4 4 0.030481 0.067185 0.030786 0.000312 0.871236
4 4 0.021711 0.069081 0.039922 0.000332 0.868953
4 4 0.021794 0.063903 0.028694 0.000217 0.885391
4 4 0.018360 0.057861 0.025563 0.000159 0.898057
4 4 0.017292 0.045564 0.018632 0.000095 0.918418
4 4 0.026354 0.048625 0.019242 0.000142 0.905637
4 4 0.027171 0.062130 0.026953 0.000236 0.883510
4 4 0.028691 0.071065 0.032160 0.000322 0.867761
4 4 0.023485 0.067385 0.030559 0.000254 0.878317
4 4 0.028743 0.079938 0.037662 0.000414 0.853243
4 4 0.038999 0.098732 0.048788 0.000795 0.812686
4 4 0.056311 0.127013 0.066579 0.001800 0.748296
4 4 0.093093 0.176140 0.101011 0.005909 0.623847
4 1 0.081552 0.190313 0.124576 0.004517 0.599042
4 1 0.071317 0.198875 0.144347 0.003429 0.582032
4 1 0.067462 0.199491 0.148851 0.003040 0.581157
4 1 0.063858 0.200329 0.156835 0.002811 0.576167
4 1 0.055811 0.194221 0.171792 0.002500 0.575676
4 1 0.045181 0.195895 0.285752 0.003657 0.469516
4 1 0.050590 0.200557 0.273036 0.004322 0.471495
4 1 0.048629 0.183378 0.221396 0.003399 0.543198
4 1 0.047097 0.182601 0.234791 0.003536 0.531974
4 1 0.049034 0.173029 0.182429 0.002886 0.592622
4 1 0.047380 0.155414 0.148486 0.002523 0.646197
4 1 0.047432 0.157799 0.154321 0.002590 0.637858
4 1 0.052873 0.181132 0.195661 0.003561 0.566773
4 1 0.057544 0.159466 0.106213 0.002125 0.674652
4 1 0.062473 0.198881 0.189779 0.003989 0.544877
4 1 0.067038 0.205451 0.172124 0.003607 0.551779
4 1 0.083193 0.214255 0.157718 0.005058 0.539777
4 1 0.090894 0.223051 0.165480 0.006359 0.514216
4 1 0.103460 0.252675 0.207287 0.009752 0.426826
4 1 0.123942 0.248490 0.185595 0.014492 0.427481
4 1 0.128060 0.277528 0.241516 0.019129 0.333767
4 1 0.129410 0.249605 0.184550 0.016161 0.420274
4 1 0.116160 0.201183 0.120709 0.010413 0.551535
0 0 0.786122 0.054714 0.024779 0.035883 0.098502
0 0 0.740354 0.068135 0.031975 0.038686 0.120849
0 0 0.669479 0.092045 0.046788 0.051757 0.139930
0 0 0.518935 0.129275 0.066879 0.035879 0.249033
0 0 0.400914 0.146700 0.075591 0.023205 0.353590
0 0 0.416986 0.141778 0.072242 0.023000 0.345994
0 0 0.513670 0.128677 0.066032 0.033519 0.258102
4 0 0.339116 0.170848 0.093477 0.026150 0.370409
4 1 0.202988 0.166645 0.088770 0.010761 0.530835
4 1 0.113470 0.143063 0.073783 0.004073 0.665610
4 1 0.105829 0.147398 0.077410 0.004138 0.665224
4 1 0.080763 0.131088 0.067189 0.002517 0.718442
4 1 0.060686 0.110277 0.054290 0.001372 0.773376
4 1 0.056321 0.109665 0.054279 0.001286 0.778449
4 1 0.098735 0.119513 0.057984 0.002367 0.721400
4 1 0.118056 0.120560 0.057822 0.002795 0.700767
4 1 0.100335 0.093359 0.041136 0.001376 0.763794
4 1 0.052613 0.068268 0.028543 0.000442 0.850134
4 1 0.047199 0.080972 0.036427 0.000588 0.834814
4 4 0.051802 0.089141 0.041151 0.000769 0.817137
4 4 0.046098 0.086785 0.040151 0.000671 0.826295
4 4 0.055320 0.090660 0.041833 0.000835 0.811352
4 4 0.134164 0.140592 0.071078 0.004515 0.649651
4 4 0.240187 0.168359 0.089881 0.013752 0.487821
0 4 0.328797 0.194425 0.116789 0.037012 0.322976
0 4 0.415161 0.160167 0.087595 0.035432 0.301646
4 4 0.299810 0.188082 0.107411 0.028479 0.376218
4 4 0.150422 0.264326 0.216481 0.019363 0.349408
2 4 0.104363 0.305241 0.370816 0.019362 0.200219
4 4 0.127999 0.287875 0.268828 0.021348 0.293951
2 2 0.103205 0.304461 0.366751 0.018302 0.207280
2 2 0.099657 0.306847 0.404537 0.020582 0.168376
2 2 0.081793 0.292304 0.518888 0.027379 0.079637
2 2 0.069542 0.282444 0.559052 0.023210 0.065752
2 2 0.064795 0.273296 0.584352 0.024564 0.052992
2 2 0.051669 0.259508 0.626713 0.018075 0.044034
2 2 0.047205 0.252288 0.644609 0.016655 0.039243
2 2 0.023418 0.166170 0.770218 0.014938 0.025257
2 2 0.016314 0.124613 0.819855 0.016945 0.022272
2 2 0.008689 0.074877 0.880900 0.021865 0.013669
2 2 0.005325 0.049660 0.908738 0.026388 0.009889
2 2 0.008591 0.072166 0.880182 0.023112 0.015949
2 2 0.010942 0.085332 0.861311 0.023722 0.018693
2 2 0.013379 0.103544 0.843740 0.020445 0.018892
2 2 0.012879 0.099747 0.849337 0.022387 0.015651
2 2 0.011123 0.092587 0.862325 0.020199 0.013766
2 2 0.011598 0.095942 0.858580 0.019797 0.014084
2 2 0.009977 0.085191 0.871413 0.020571 0.012848
2 2 0.010133 0.079947 0.869349 0.026647 0.013923
2 2 0.014716 0.098971 0.835696 0.031737 0.018880
2 2 0.011563 0.083495 0.856226 0.032926 0.015790
2 2 0.014249 0.094956 0.838146 0.033868 0.018781
2 2 0.014172 0.089543 0.828456 0.049368 0.018461
2 2 0.022595 0.116195 0.776788 0.056921 0.027502
2 2 0.023460 0.119927 0.772819 0.055707 0.028088
2 2 0.026583 0.117602 0.743334 0.079280 0.033202
2 2 0.016026 0.081615 0.791323 0.087719 0.023317
2 2 0.020884 0.092721 0.766920 0.084969 0.034507
2 2 0.029630 0.108490 0.707914 0.107376 0.046590
2 2 0.027921 0.087262 0.570920 0.279025 0.034872
3 2 0.081769 0.030722 0.100557 0.776773 0.010178
3 2 0.072770 0.026546 0.094407 0.797734 0.008543
3 3 0.120359 0.036450 0.102361 0.727284 0.013546
3 3 0.142085 0.036863 0.090507 0.716949 0.013597
3 3 0.076384 0.020571 0.068974 0.827909 0.006163
3 3 0.080635 0.019462 0.063305 0.830808 0.005790
3 3 0.083582 0.015911 0.045839 0.850382 0.004285
3 3 0.068522 0.012585 0.038331 0.877470 0.003092
3 3 0.070908 0.010876 0.029745 0.885981 0.002490
3 3 0.045854 0.007493 0.024443 0.920718 0.001491
3 3 0.040397 0.006502 0.021968 0.929906 0.001228
3 3 0.047184 0.006978 0.021225 0.923282 0.001331
3 3 0.048109 0.005868 0.015547 0.929466 0.001009
3 3 0.032778 0.004579 0.014043 0.947891 0.000710
3 3 0.032347 0.004787 0.015018 0.947096 0.000753
3 3 0.036043 0.005409 0.016689 0.940962 0.000896
3 3 0.042615 0.004654 0.011529 0.940491 0.000711
3 3 0.054533 0.005351 0.011457 0.927812 0.000848
3 3 0.056879 0.004994 0.010033 0.927335 0.000759
3 3 0.062223 0.005338 0.010236 0.921375 0.000827
3 3 0.088288 0.006897 0.011344 0.892261 0.001210
3 3 0.118779 0.008512 0.012037 0.859050 0.001621
3 3 0.123341 0.008594 0.012220 0.854154 0.001690
3 3 0.134404 0.011393 0.018569 0.832906 0.002727
3 3 0.128128 0.011770 0.020438 0.836774 0.002890
3 3 0.109313 0.010418 0.019137 0.858715 0.002418
3 3 0.125772 0.013091 0.022465 0.835483 0.003188
3 3 0.195647 0.016966 0.022888 0.759862 0.004637
3 3 0.204073 0.018385 0.024433 0.748072 0.005037
3 3 0.170863 0.015490 0.023280 0.786346 0.004020
3 3 0.125967 0.011709 0.019966 0.839728 0.002629
3 3 0.087355 0.008283 0.016174 0.886584 0.001604
3 3 0.085082 0.008175 0.016932 0.888191 0.001619
3 3 0.090730 0.007488 0.013759 0.886624 0.001398
3 3 0.080169 0.007562 0.015207 0.895646 0.001416
3 3 0.095032 0.008395 0.015157 0.879805 0.001611
3 3 0.100680 0.008731 0.015447 0.873409 0.001732
3 3 0.168144 0.012542 0.016565 0.799840 0.002908
3 3 0.175301 0.012913 0.016943 0.791715 0.003128
3 3 0.234966 0.013821 0.014636 0.733022 0.003554
3 3 0.163846 0.010387 0.012682 0.810778 0.002306
3 3 0.122477 0.008244 0.010681 0.857014 0.001585
3 3 0.048346 0.003970 0.007695 0.939433 0.000555
3 3 0.071826 0.004963 0.007683 0.914782 0.000746
3 3 0.074754 0.005517 0.009358 0.909476 0.000894
3 3 0.114753 0.008087 0.011994 0.863605 0.001561
3 3 0.147548 0.011727 0.018750 0.819135 0.002840
3 3 0.304241 0.025236 0.033928 0.626975 0.009620
0 0 0.596948 0.032048 0.026374 0.326596 0.018035
0 0 0.680217 0.041524 0.031705 0.216491 0.030064
0 1 0.635344 0.050552 0.045786 0.229940 0.038378
0 1 0.602902 0.072869 0.069999 0.189378 0.064853
0 1 0.540548 0.098726 0.113760 0.170919 0.076047
0 1 0.563263 0.112525 0.096859 0.118171 0.109180
0 1 0.543586 0.108616 0.095026 0.142951 0.109821
0 1 0.409964 0.154659 0.141355 0.110409 0.183613
0 1 0.389500 0.200472 0.172276 0.066986 0.170766
0 1 0.505098 0.168683 0.132359 0.065917 0.127943
0 1 0.535638 0.158523 0.124551 0.057783 0.123505
0 1 0.495794 0.168707 0.123753 0.051875 0.159871
4 1 0.065357 0.172181 0.255864 0.014471 0.492126
4 1 0.055285 0.158641 0.252901 0.011312 0.521860
4 1 0.049688 0.139121 0.185029 0.006860 0.619301
4 1 0.036034 0.116158 0.169339 0.004126 0.674343
4 1 0.033312 0.111814 0.174115 0.003946 0.676813
4 1 0.031338 0.105035 0.141270 0.002694 0.719663
4 1 0.032277 0.107348 0.147006 0.002951 0.710417
4 1 0.036987 0.115451 0.146882 0.003425 0.697255
4 1 0.039559 0.117277 0.128309 0.003025 0.711829
4 1 0.044882 0.142746 0.176346 0.004136 0.631890
4 1 0.037681 0.158018 0.296453 0.004919 0.502929
4 1 0.040155 0.169969 0.346271 0.006434 0.437172
4 1 0.045665 0.163495 0.284133 0.007182 0.499526
4 1 0.043132 0.153945 0.294815 0.008110 0.499998
4 1 0.041297 0.127269 0.191533 0.005772 0.634129
4 1 0.043949 0.133822 0.231498 0.008608 0.582123
4 1 0.045122 0.137479 0.227860 0.008185 0.581353
4 1 0.046930 0.151731 0.268594 0.009102 0.523643
4 1 0.037095 0.109948 0.105957 0.002143 0.744858
4 1 0.030463 0.093278 0.075125 0.001081 0.800053
4 1 0.026200 0.080393 0.051840 0.000565 0.841002
4 1 0.025430 0.074448 0.037407 0.000359 0.862355
4 4 0.021457 0.064712 0.029239 0.000221 0.884372
4 4 0.021170 0.064091 0.028902 0.000215 0.885622
4 4 0.018108 0.057287 0.025259 0.000155 0.899191
4 4 0.026715 0.067936 0.030487 0.000280 0.874582
4 4 0.032251 0.086439 0.041485 0.000526 0.839299
4 4 0.042793 0.105297 0.052794 0.000974 0.798141
4 4 0.048676 0.115048 0.058883 0.001297 0.776097
4 4 0.062485 0.136183 0.072650 0.002284 0.726398
4 4 0.083391 0.164374 0.092312 0.004512 0.655411
4 4 0.101059 0.185241 0.107968 0.007261 0.598471
4 4 0.091460 0.174731 0.100149 0.005661 0.627999
4 4 0.094991 0.178353 0.102684 0.006214 0.617758
4 4 0.083252 0.164199 0.092185 0.004494 0.655871
4 4 0.084858 0.166202 0.093643 0.004707 0.650589
4 4 0.074153 0.152422 0.083784 0.003407 0.686235
4 4 0.054893 0.124844 0.065165 0.001699 0.753399
4 4 0.045598 0.110006 0.055714 0.001121 0.787561
4 4 0.046396 0.111327 0.056540 0.001165 0.784572
4 4 0.054406 0.124094 0.064679 0.001665 0.755155
4 4 0.060348 0.136217 0.073779 0.002114 0.727541
4 4 0.070085 0.156818 0.090661 0.003020 0.679415
4 1 0.076717 0.181339 0.116249 0.003874 0.621820
4 1 0.077741 0.191993 0.135362 0.004464 0.590439
4 1 0.082172 0.216931 0.175418 0.005793 0.519685
4 1 0.079851 0.245228 0.254590 0.007470 0.412862
2 2 0.071124 0.254381 0.424944 0.014745 0.234805
2 2 0.044449 0.218051 0.617136 0.016441 0.103923
2 2 0.033878 0.186642 0.700884 0.019368 0.059228
2 2 0.019809 0.134505 0.796884 0.020286 0.028515
2 2 0.026012 0.154255 0.764600 0.025535 0.029597
2 2 0.042491 0.201347 0.675361 0.028060 0.052740
2 2 0.056427 0.244317 0.597440 0.022681 0.079136
2 2 0.101199 0.306317 0.389296 0.019631 0.183557
2 2 0.113992 0.302752 0.339224 0.021268 0.222765
1 2 0.124125 0.292916 0.287623 0.021234 0.274102
4 2 0.124184 0.283406 0.259192 0.018831 0.314386
4 2 0.102076 0.259629 0.222484 0.009864 0.405947
4 2 0.083770 0.269714 0.289469 0.008202 0.348845
2 2 0.007846 0.074772 0.870448 0.011934 0.035000
2 2 0.010379 0.094507 0.839356 0.010107 0.045650
2 2 0.011073 0.097737 0.831922 0.010471 0.048797
2 2 0.013823 0.115464 0.798857 0.009533 0.062324
2 2 0.012485 0.106261 0.816275 0.010315 0.054664
2 2 0.014505 0.117010 0.801262 0.010891 0.056332
2 2 0.011679 0.102808 0.831488 0.010551 0.043474
2 2 0.012316 0.102566 0.834402 0.013153 0.037564
2 2 0.010196 0.086659 0.856833 0.015425 0.030887
2 2 0.009683 0.074360 0.866184 0.025530 0.024244
2 2 0.007320 0.053361 0.876842 0.042472 0.020004
2 2 0.008716 0.053460 0.832822 0.085590 0.019412
2 2 0.005320 0.034735 0.789671 0.160901 0.009373
2 2 0.011867 0.054897 0.721146 0.193107 0.018983
2 2 0.052392 0.134546 0.610390 0.141810 0.060862
2 2 0.149400 0.187978 0.436844 0.121677 0.104102
2 2 0.255413 0.208629 0.290838 0.096057 0.149063
0 2 0.281046 0.180206 0.247801 0.123839 0.167108
0 0 0.294243 0.166471 0.212747 0.132159 0.194380
0 0 0.345377 0.170532 0.168380 0.103232 0.212480
0 0 0.362235 0.173721 0.152961 0.093351 0.217731
0 1 0.392591 0.175199 0.131565 0.084426 0.216219
0 1 0.272702 0.222486 0.261758 0.070978 0.172076
2 1 0.203132 0.251887 0.358607 0.057478 0.128896
2 1 0.179006 0.270891 0.360231 0.050589 0.139283
2 1 0.057126 0.209516 0.604957 0.041568 0.086833
2 1 0.068470 0.262007 0.548747 0.025285 0.095491
2 1 0.081327 0.275269 0.496086 0.027302 0.120016
2 2 0.034554 0.165997 0.712019 0.033763 0.053667
2 2 0.013098 0.081715 0.839509 0.043815 0.021862
2 2 0.006925 0.055127 0.884189 0.042606 0.011153
2 2 0.005234 0.048776 0.904645 0.032850 0.008496
2 2 0.007692 0.063561 0.885951 0.031145 0.011650
2 2 0.005284 0.049161 0.901880 0.035330 0.008345
2 2 0.003719 0.037120 0.908166 0.044671 0.006325
2 2 0.004338 0.043467 0.918939 0.024788 0.008467
2 2 0.010403 0.077967 0.862394 0.027146 0.022090
2 2 0.021336 0.132951 0.783579 0.023517 0.038616
2 2 0.073964 0.279173 0.510800 0.020472 0.115590
2 2 0.195439 0.282303 0.353038 0.038905 0.130315
0 2 0.288771 0.251783 0.250030 0.043802 0.165613
1 2 0.255975 0.261610 0.250663 0.041905 0.189847
2 2 0.208993 0.264419 0.274103 0.039307 0.213178
2 2 0.178520 0.283364 0.295920 0.041240 0.200956
2 2 0.147764 0.254459 0.302858 0.047336 0.247583
2 2 0.048899 0.163017 0.608270 0.060512 0.119302
2 2 0.027547 0.119007 0.727861 0.056443 0.069142
2 2 0.010801 0.076594 0.855552 0.030251 0.026803
2 2 0.026711 0.156655 0.721341 0.017563 0.077729
2 2 0.015405 0.104586 0.818329 0.023133 0.038548
2 2 0.019411 0.101716 0.788232 0.055679 0.034962
2 2 0.014628 0.091399 0.824805 0.034015 0.035153
2 2 0.016635 0.094822 0.804805 0.038993 0.044745
2 2 0.009691 0.057870 0.832367 0.078579 0.021493
2 2 0.012614 0.059195 0.693396 0.217303 0.017492
2 2 0.012869 0.059944 0.677534 0.232683 0.016970
2 2 0.038648 0.131521 0.632960 0.154826 0.042045
2 2 0.095237 0.263798 0.478823 0.044182 0.117960
2 2 0.157782 0.264759 0.402013 0.058948 0.116497
2 2 0.189488 0.275195 0.336043 0.062765 0.136509
2 2 0.008183 0.048780 0.792324 0.137756 0.012957
2 2 0.006471 0.048132 0.881189 0.052351 0.011856
2 2 0.006232 0.049576 0.893017 0.039954 0.011221
2 2 0.005163 0.048445 0.909996 0.026068 0.010327
2 2 0.009544 0.076712 0.871337 0.023780 0.018627
2 2 0.018182 0.113930 0.809245 0.029705 0.028939
2 2 0.056414 0.219183 0.621585 0.039069 0.063749
2 2 0.168945 0.280527 0.404712 0.055577 0.090239
2 2 0.282583 0.247204 0.322965 0.065588 0.081660
0 2 0.393384 0.213250 0.233053 0.067245 0.093068
0 2 0.398906 0.212117 0.221563 0.065894 0.101520
0 2 0.387510 0.180904 0.213372 0.114694 0.103520
0 2 0.316699 0.183125 0.243825 0.157754 0.098597
2 2 0.205988 0.193131 0.312575 0.186514 0.101791
2 2 0.200528 0.221963 0.291394 0.160004 0.126111
2 2 0.075835 0.151648 0.401964 0.303425 0.067128
2 2 0.043835 0.108776 0.432883 0.372798 0.041708
2 2 0.037970 0.100136 0.447105 0.377832 0.036957
2 2 0.038141 0.106792 0.507872 0.307261 0.039934
2 2 0.035624 0.102599 0.522361 0.300855 0.038561
2 2 0.031010 0.094005 0.526028 0.315342 0.033614
2 2 0.022110 0.080797 0.623719 0.245594 0.027780
2 2 0.098576 0.178952 0.485922 0.150661 0.085889
2 2 0.125926 0.214570 0.483316 0.100803 0.075385
2 2 0.284826 0.249129 0.309250 0.066079 0.090716
0 2 0.386165 0.215848 0.228360 0.071290 0.098337
0 2 0.443953 0.195016 0.178784 0.066867 0.115380
0 4 0.551500 0.138811 0.084475 0.071401 0.153813
0 4 0.653050 0.096581 0.049166 0.049562 0.151641
0 4 0.584082 0.111234 0.055915 0.036819 0.211951
4 4 0.350594 0.142723 0.071321 0.015767 0.419595
4 4 0.146149 0.122939 0.058484 0.003529 0.668898
4 4 0.105919 0.113237 0.053466 0.002212 0.725167
4 4 0.068370 0.094815 0.043556 0.001068 0.792192
4 4 0.078053 0.106688 0.050601 0.001527 0.763131
4 4 0.067921 0.120057 0.060413 0.001804 0.749805
4 4 0.082834 0.163674 0.091804 0.004440 0.657248
4 4 0.093285 0.176366 0.101181 0.005940 0.623228
4 4 0.102808 0.241132 0.186587 0.009058 0.460416
2 1 0.092897 0.288393 0.309304 0.010446 0.298960
2 1 0.093941 0.284442 0.339499 0.014099 0.268019
2 1 0.086811 0.277719 0.418633 0.019990 0.196847
2 1 0.077021 0.276909 0.481349 0.020192 0.144529
2 2 0.051988 0.244143 0.600614 0.017478 0.085777
2 2 0.046958 0.220131 0.642290 0.023026 0.067595
2 2 0.041634 0.197402 0.685524 0.030660 0.044780
2 2 0.053364 0.224565 0.634907 0.032942 0.054221
2 2 0.045165 0.208266 0.672536 0.031497 0.042536
2 2 0.043989 0.200563 0.674703 0.032400 0.048345
2 2 0.027723 0.144771 0.758076 0.037891 0.031539
2 2 0.016149 0.101819 0.825257 0.035955 0.020820
2 2 0.018199 0.111972 0.812909 0.034582 0.022339
2 2 0.014939 0.104208 0.834892 0.027610 0.018351
2 2 0.012787 0.092975 0.849674 0.027993 0.016572
2 2 0.011001 0.087291 0.863295 0.024069 0.014344
2 2 0.009005 0.075000 0.878697 0.024694 0.012604
2 2 0.009475 0.077896 0.874989 0.024604 0.013036
2 2 0.012559 0.089482 0.850676 0.030516 0.016767
2 2 0.020452 0.119605 0.798257 0.035651 0.026036
2 2 0.026520 0.131253 0.761589 0.047286 0.033352
2 2 0.008083 0.051504 0.815533 0.112476 0.012404
2 2 0.008103 0.050996 0.813196 0.115114 0.012591
2 2 0.016308 0.079208 0.789201 0.089882 0.025401
2 2 0.019157 0.086434 0.775841 0.088578 0.029990
2 2 0.033973 0.126187 0.700791 0.086744 0.052305
2 2 0.033813 0.127091 0.703496 0.084447 0.051153
2 2 0.043547 0.147672 0.654820 0.082347 0.071614
2 2 0.075845 0.208768 0.528422 0.070371 0.116595
2 2 0.113572 0.266453 0.387129 0.041270 0.191576
1 2 0.192518 0.280866 0.261148 0.039514 0.225954
2 2 0.105300 0.249262 0.439913 0.049190 0.156335
2 2 0.107475 0.251615 0.439912 0.050742 0.150256
2 2 0.104434 0.248420 0.438935 0.053887 0.154324
4 2 0.128584 0.286736 0.265123 0.021287 0.298270
4 2 0.131119 0.266405 0.241509 0.023862 0.337104
2 2 0.090475 0.200929 0.364648 0.051270 0.292678
2 2 0.049423 0.135780 0.564677 0.138479 0.111641
2 2 0.040205 0.112067 0.552948 0.230088 0.064692
2 2 0.041264 0.132782 0.628021 0.104053 0.093881
2 2 0.038650 0.122612 0.623704 0.143985 0.071049
2 1 0.036461 0.111090 0.590049 0.217765 0.044635
2 1 0.053673 0.153781 0.583945 0.143532 0.065070
2 1 0.130346 0.277818 0.385279 0.058976 0.147581
2 1 0.204262 0.283352 0.307338 0.053076 0.151972
1 1 0.246588 0.267820 0.261255 0.060172 0.164164
1 1 0.259392 0.260966 0.235841 0.058769 0.185032
0 1 0.290645 0.245677 0.201873 0.063071 0.198734
0 1 0.357776 0.209677 0.142173 0.076855 0.213519
0 1 0.379692 0.197469 0.126169 0.083907 0.212763
0 1 0.540938 0.140977 0.084870 0.079633 0.153581
0 1 0.509461 0.165924 0.125531 0.059174 0.139910
0 1 0.563367 0.147656 0.114164 0.063528 0.111285
0 0 0.459059 0.187362 0.155941 0.064359 0.133280
0 1 0.333141 0.232784 0.199491 0.057175 0.177408
1 1 0.170419 0.293278 0.287875 0.047309 0.201119
4 1 0.224167 0.259122 0.191697 0.060464 0.264552
1 1 0.149073 0.286458 0.252916 0.031143 0.280410
2 1 0.102836 0.292332 0.308499 0.013698 0.282634
2 1 0.096390 0.291672 0.315524 0.011826 0.284588
4 1 0.105283 0.263427 0.227631 0.010845 0.392814
4 1 0.097964 0.239702 0.187827 0.008066 0.466442
4 1 0.095058 0.203754 0.134282 0.006608 0.560297
4 4 0.081940 0.163127 0.091623 0.004329 0.658982
4 4 0.059937 0.132450 0.070161 0.002076 0.735376
4 4 0.030883 0.089013 0.055383 0.000732 0.823989
4 4 0.031001 0.083463 0.039713 0.000476 0.845347
4 4 0.059240 0.095447 0.044587 0.000979 0.799747
4 4 0.069443 0.075793 0.032003 0.000668 0.822093
4 4 0.091389 0.076056 0.031326 0.000824 0.800407
4 4 0.178072 0.076790 0.030109 0.001480 0.713549
4 4 0.266174 0.072027 0.027085 0.001992 0.632722
4 4 0.275814 0.061817 0.021433 0.001540 0.639396
4 4 0.323262 0.055461 0.018229 0.001529 0.601519
4 4 0.230568 0.064810 0.022669 0.001401 0.680552
4 4 0.262536 0.070125 0.025671 0.001882 0.639785
4 4 0.225676 0.074212 0.027770 0.001794 0.670549
4 4 0.143278 0.071631 0.027793 0.001046 0.756253
4 4 0.071209 0.057101 0.021726 0.000378 0.849587
4 4 0.049218 0.059147 0.023656 0.000314 0.867665
4 4 0.059491 0.058295 0.022748 0.000347 0.859118
