0 0 0.942734 0.007976 0.001506 0.003922 0.043861
0 0 0.918283 0.013975 0.003007 0.004015 0.060719
0 0 0.881329 0.015394 0.003474 0.004690 0.095114
0 0 0.763993 0.014746 0.003521 0.005849 0.211892
0 0 0.800103 0.018448 0.004562 0.006702 0.170185
0 0 0.738595 0.023786 0.006417 0.007884 0.223318
0 1 0.807229 0.029829 0.008076 0.006183 0.148683
0 1 0.847909 0.044233 0.012555 0.004861 0.090443
0 1 0.816429 0.049078 0.014632 0.006522 0.113339
0 1 0.786376 0.078754 0.026076 0.006366 0.102429
0 4 0.800518 0.097639 0.032811 0.004498 0.064534
0 1 0.668612 0.167018 0.066481 0.004655 0.093234
0 1 0.535246 0.200361 0.090008 0.005911 0.168474
0 4 0.387924 0.266628 0.139937 0.006728 0.198783
1 4 0.268894 0.285837 0.170194 0.007738 0.267336
4 4 0.235215 0.265080 0.162445 0.008424 0.328836
4 4 0.174763 0.227915 0.148394 0.009474 0.439454
4 4 0.189261 0.210807 0.132917 0.010606 0.456409
4 4 0.211456 0.184447 0.109865 0.010503 0.483730
4 4 0.269942 0.153233 0.081762 0.009235 0.485828
4 4 0.309185 0.111764 0.053770 0.008669 0.516613
4 4 0.341927 0.080380 0.035028 0.007865 0.534800
0 4 0.448065 0.087888 0.036154 0.008318 0.419576
0 4 0.479749 0.095309 0.039033 0.008239 0.377670
0 4 0.466161 0.093040 0.038179 0.007904 0.394717
4 4 0.368255 0.091527 0.040144 0.008145 0.491928
4 4 0.248130 0.109601 0.055991 0.009082 0.577196
4 4 0.165570 0.099366 0.055660 0.008961 0.670444
4 4 0.085154 0.066244 0.040707 0.007490 0.800404
4 4 0.115882 0.054295 0.029443 0.007480 0.792900
4 4 0.104172 0.051779 0.028688 0.007834 0.807527
4 4 0.130203 0.084356 0.048829 0.008911 0.727701
4 4 0.165338 0.127410 0.075455 0.010182 0.621615
4 4 0.253762 0.173150 0.096753 0.010374 0.465961
4 4 0.270930 0.252512 0.148743 0.010545 0.317270
1 1 0.271085 0.359912 0.220935 0.007527 0.140541
1 1 0.221878 0.382055 0.249399 0.006678 0.139991
1 1 0.199176 0.393054 0.265139 0.006411 0.136220
1 1 0.194921 0.377883 0.257143 0.007591 0.162461
1 1 0.202936 0.361496 0.242601 0.008230 0.184738
1 2 0.198428 0.370817 0.250714 0.007778 0.172263
1 2 0.159949 0.383933 0.278154 0.008494 0.169469
1 2 0.133329 0.364449 0.303947 0.011488 0.186787
2 2 0.076331 0.261953 0.493230 0.021971 0.146515
2 2 0.057248 0.202694 0.601896 0.035487 0.102675
2 2 0.042143 0.153528 0.682282 0.058664 0.063384
2 3 0.030742 0.113318 0.713947 0.104357 0.037635
2 3 0.016504 0.066817 0.667829 0.231455 0.017395
2 3 0.019806 0.068701 0.540723 0.347771 0.022998
2 3 0.024457 0.070888 0.451298 0.422867 0.030490
3 3 0.023984 0.060279 0.365878 0.521876 0.027983
3 3 0.021106 0.055299 0.366691 0.532165 0.024739
3 3 0.027850 0.061706 0.316481 0.562426 0.031537
3 3 0.027198 0.058748 0.300065 0.583345 0.030644
3 3 0.029947 0.049786 0.206477 0.681185 0.032605
3 3 0.034548 0.049097 0.175343 0.705620 0.035391
3 3 0.022349 0.035700 0.163869 0.753953 0.024129
3 3 0.020501 0.027191 0.116191 0.814211 0.021907
3 3 0.019577 0.022994 0.088917 0.848147 0.020366
3 3 0.017228 0.017070 0.067662 0.879617 0.018424
3 3 0.096465 0.110845 0.297928 0.440967 0.053794
3 3 0.214745 0.133950 0.211018 0.355625 0.084661
3 3 0.290070 0.127956 0.149715 0.325654 0.106604
3 3 0.027411 0.023747 0.081348 0.842858 0.024637
3 3 0.016933 0.014361 0.057214 0.893643 0.017849
3 3 0.018752 0.014615 0.057088 0.891017 0.018528
3 3 0.013780 0.010689 0.045124 0.914957 0.015451
3 3 0.011886 0.008347 0.037067 0.929087 0.013613
3 3 0.011172 0.007255 0.032660 0.935928 0.012984
3 3 0.011431 0.006858 0.030070 0.938198 0.013442
3 3 0.011076 0.006415 0.028343 0.941054 0.013112
3 3 0.009744 0.005403 0.025107 0.948077 0.011669
3 3 0.009702 0.005041 0.023162 0.950354 0.011741
3 3 0.008189 0.004243 0.021068 0.956526 0.009974
3 3 0.007800 0.003845 0.019322 0.959441 0.009591
3 3 0.007078 0.003470 0.018207 0.962503 0.008742
3 3 0.007042 0.003205 0.016601 0.964351 0.008801
3 3 0.008400 0.003376 0.015716 0.961868 0.010640
3 3 0.009829 0.003852 0.016602 0.957288 0.012430
3 3 0.009162 0.004042 0.018440 0.956956 0.011400
3 3 0.009748 0.004328 0.019213 0.954621 0.012091
3 3 0.010552 0.004770 0.020494 0.951169 0.013014
3 3 0.010307 0.004626 0.020063 0.952268 0.012736
3 3 0.012510 0.005653 0.022446 0.944055 0.015336
3 3 0.013093 0.005848 0.022714 0.942327 0.016017
3 3 0.015319 0.006144 0.022128 0.938052 0.018356
3 3 0.020479 0.007258 0.024263 0.926523 0.021477
3 3 0.025850 0.008428 0.025901 0.914451 0.025371
3 3 0.017512 0.005786 0.020016 0.937232 0.019454
3 3 0.022065 0.006191 0.019056 0.928764 0.023924
3 3 0.015385 0.003830 0.012443 0.948409 0.019933
3 3 0.023059 0.005629 0.016618 0.929495 0.025199
3 3 0.011992 0.003319 0.012294 0.956822 0.015573
3 3 0.011351 0.003531 0.013759 0.956878 0.014481
3 3 0.010796 0.003474 0.013762 0.957930 0.014038
3 3 0.011268 0.003516 0.013571 0.956946 0.014699
3 3 0.015032 0.004066 0.014070 0.948658 0.018175
3 3 0.011113 0.003118 0.011842 0.959178 0.014749
3 3 0.012790 0.003784 0.013620 0.953055 0.016751
3 3 0.013595 0.003892 0.013529 0.951127 0.017857
3 3 0.017600 0.004780 0.015508 0.941241 0.020872
3 3 0.013640 0.004211 0.014847 0.949597 0.017704
3 3 0.013350 0.004310 0.015491 0.949631 0.017219
3 3 0.014340 0.005097 0.018081 0.944312 0.018170
3 3 0.013306 0.004534 0.016508 0.948635 0.017017
3 3 0.012372 0.004045 0.015098 0.952517 0.015968
3 3 0.010521 0.003814 0.015674 0.956555 0.013437
3 3 0.009328 0.003510 0.015367 0.959901 0.011894
3 3 0.010188 0.003791 0.015898 0.957149 0.012974
3 3 0.010220 0.003506 0.014433 0.958659 0.013181
3 3 0.010687 0.003304 0.013040 0.958982 0.013988
3 3 0.008725 0.002294 0.009599 0.967583 0.011799
3 3 0.006757 0.001868 0.008870 0.973356 0.009149
3 3 0.006973 0.002068 0.009832 0.971802 0.009326
3 3 0.007897 0.002616 0.012030 0.967122 0.010334
3 3 0.008110 0.002898 0.013380 0.965135 0.010477
3 3 0.007035 0.002600 0.012897 0.968382 0.009086
3 3 0.010065 0.003780 0.015971 0.957381 0.012804
3 3 0.016564 0.006244 0.022381 0.936228 0.018584
3 3 0.019917 0.007869 0.027237 0.924416 0.020561
3 3 0.046608 0.025420 0.062575 0.822391 0.043005
3 3 0.046560 0.025648 0.060292 0.821083 0.046416
3 3 0.095526 0.042255 0.079485 0.714402 0.068330
3 3 0.109828 0.038739 0.070371 0.709939 0.071124
3 3 0.101660 0.044132 0.084666 0.703437 0.066104
3 3 0.130412 0.070237 0.130350 0.600437 0.068563
3 3 0.264676 0.100554 0.128124 0.403123 0.103524
3 3 0.205653 0.080825 0.118070 0.502667 0.092785
3 3 0.112467 0.050961 0.088649 0.670578 0.077345
3 3 0.117762 0.052024 0.089929 0.662408 0.077877
3 3 0.123621 0.053658 0.089683 0.651150 0.081889
3 3 0.129722 0.054965 0.092539 0.642180 0.080594
3 3 0.103707 0.051689 0.095364 0.678401 0.070839
3 3 0.106163 0.057891 0.098737 0.655966 0.081243
3 3 0.092394 0.076334 0.159177 0.585719 0.086375
3 3 0.094222 0.100839 0.200234 0.452808 0.151896
3 3 0.069685 0.114618 0.330172 0.337925 0.147600
2 3 0.067546 0.149476 0.408922 0.163305 0.210752
4 3 0.072152 0.177280 0.341372 0.051496 0.357700
4 3 0.059682 0.176128 0.306037 0.020820 0.437333
4 2 0.049444 0.180686 0.358472 0.015886 0.395512
4 2 0.057786 0.189286 0.277435 0.013526 0.461967
4 2 0.065306 0.195651 0.219721 0.011988 0.507333
4 2 0.063208 0.191820 0.158146 0.007487 0.579338
4 2 0.055579 0.177852 0.147801 0.005591 0.613176
4 2 0.054507 0.199181 0.170099 0.005602 0.570612
4 2 0.057903 0.218707 0.194782 0.006924 0.521685
4 1 0.060076 0.226256 0.204077 0.007745 0.501846
4 1 0.063610 0.234685 0.206330 0.008661 0.486714
4 1 0.059383 0.233623 0.294903 0.012438 0.399652
2 1 0.057855 0.224832 0.371506 0.018177 0.327630
2 2 0.055211 0.229740 0.390459 0.017654 0.306935
4 2 0.065146 0.254320 0.324819 0.017100 0.338615
4 2 0.078939 0.269997 0.276650 0.018652 0.355762
4 2 0.140564 0.299554 0.222225 0.015655 0.322002
1 2 0.194136 0.325518 0.223815 0.015895 0.240636
1 2 0.223083 0.352529 0.232620 0.011545 0.180222
1 2 0.238980 0.387097 0.249641 0.008301 0.115982
1 2 0.260677 0.386167 0.241457 0.007463 0.104236
1 2 0.282670 0.381847 0.232868 0.007700 0.094914
1 2 0.338027 0.363828 0.208621 0.007719 0.081805
0 2 0.408882 0.309103 0.185431 0.012778 0.083805
0 2 0.522343 0.257781 0.125793 0.015117 0.078966
0 2 0.580086 0.216852 0.102238 0.019103 0.081720
0 2 0.586167 0.200767 0.091327 0.017741 0.103997
0 2 0.543435 0.218079 0.104094 0.020022 0.114370
0 2 0.470046 0.265623 0.135339 0.015306 0.113686
0 2 0.470460 0.288987 0.147723 0.013211 0.079618
0 2 0.416542 0.320282 0.170487 0.009360 0.083328
0 2 0.377661 0.326774 0.180727 0.009941 0.104898
1 2 0.284345 0.354383 0.216551 0.010079 0.134641
1 2 0.203943 0.364409 0.298001 0.011838 0.121809
1 2 0.232205 0.378120 0.261927 0.010887 0.116862
1 2 0.238544 0.385207 0.249564 0.009294 0.117390
1 2 0.256149 0.384001 0.242935 0.008862 0.108052
1 2 0.218134 0.353650 0.309875 0.015496 0.102844
1 2 0.229686 0.376138 0.260590 0.012824 0.120761
1 2 0.250805 0.379513 0.246900 0.011722 0.111060
1 2 0.252267 0.387231 0.244702 0.007518 0.108281
1 2 0.275055 0.379147 0.232268 0.007032 0.106498
1 1 0.327290 0.356682 0.206125 0.007420 0.102483
1 1 0.260578 0.385536 0.241442 0.007769 0.104675
1 1 0.235158 0.389455 0.251315 0.007361 0.116711
1 1 0.252085 0.389371 0.244932 0.006589 0.107023
1 1 0.285258 0.386034 0.232042 0.005641 0.091025
1 1 0.303799 0.381316 0.224744 0.005859 0.084282
1 1 0.306405 0.374869 0.223489 0.008653 0.086584
1 2 0.327088 0.371193 0.215525 0.007783 0.078410
1 2 0.358250 0.365972 0.203402 0.005802 0.066574
0 2 0.368368 0.360653 0.197406 0.005128 0.068445
0 2 0.368587 0.348147 0.191116 0.005815 0.086334
1 2 0.298970 0.379132 0.225609 0.006598 0.089691
1 1 0.305231 0.367822 0.217790 0.007271 0.101886
1 1 0.330987 0.360236 0.206594 0.006580 0.095602
1 1 0.339300 0.357145 0.203040 0.006605 0.093910
1 1 0.352205 0.355310 0.199009 0.006287 0.087189
1 1 0.341839 0.361424 0.203380 0.005318 0.088038
1 1 0.262162 0.390892 0.241131 0.005424 0.100391
1 1 0.275582 0.387856 0.235845 0.005679 0.095038
1 1 0.237983 0.392748 0.250507 0.005909 0.112854
1 1 0.215429 0.394485 0.259182 0.005840 0.125064
1 1 0.189071 0.391227 0.268668 0.006959 0.144075
1 1 0.200563 0.390413 0.264296 0.007491 0.137237
1 1 0.195682 0.389619 0.265992 0.007775 0.140932
1 1 0.189156 0.391507 0.268675 0.006850 0.143812
1 1 0.182511 0.383498 0.265695 0.007117 0.161179
1 1 0.199425 0.379865 0.255963 0.006899 0.157848
1 2 0.278003 0.375246 0.227949 0.006321 0.112481
1 2 0.342192 0.344742 0.194498 0.006326 0.112242
1 2 0.288667 0.371966 0.222713 0.006023 0.110630
1 2 0.331495 0.360283 0.205695 0.005949 0.096578
1 2 0.345227 0.366203 0.205397 0.005232 0.077941
1 2 0.341179 0.372311 0.209671 0.005139 0.071700
1 2 0.282992 0.385473 0.232914 0.006047 0.092574
1 2 0.296416 0.381384 0.227614 0.006563 0.088023
1 2 0.308938 0.377276 0.220794 0.005714 0.087278
0 2 0.455096 0.303627 0.153385 0.006328 0.081563
0 2 0.445250 0.301726 0.154982 0.007967 0.090075
0 2 0.423371 0.304308 0.160391 0.009511 0.102419
0 2 0.474892 0.282322 0.141042 0.008487 0.093258
0 1 0.485504 0.279527 0.137655 0.007464 0.089850
0 1 0.536233 0.251420 0.117553 0.007044 0.087750
0 1 0.454589 0.277576 0.139211 0.006689 0.121935
0 1 0.414040 0.324639 0.169905 0.005604 0.085811
0 1 0.382578 0.345322 0.186327 0.005307 0.080466
0 1 0.429244 0.325297 0.167488 0.005170 0.072803
1 1 0.319683 0.371897 0.215027 0.005719 0.087674
1 1 0.284651 0.384340 0.232240 0.006378 0.092391
1 1 0.252322 0.387920 0.244738 0.007202 0.107817
1 2 0.206549 0.389541 0.261960 0.007904 0.134046
1 2 0.173697 0.376145 0.305468 0.007207 0.137484
2 2 0.090810 0.281647 0.492991 0.010278 0.124274
2 2 0.068202 0.222842 0.602542 0.012539 0.093876
2 2 0.073252 0.221004 0.606866 0.013185 0.085694
2 2 0.120764 0.314359 0.431694 0.009849 0.123334
1 1 0.148883 0.370594 0.310250 0.008636 0.161637
1 1 0.184883 0.390162 0.270067 0.007271 0.147617
1 1 0.195442 0.388064 0.265841 0.008484 0.142169
1 1 0.232534 0.389647 0.252315 0.007374 0.118131
1 1 0.251450 0.388347 0.245101 0.007063 0.108039
1 1 0.285663 0.388093 0.231882 0.004863 0.089499
1 1 0.254164 0.392371 0.244273 0.005331 0.103860
1 1 0.227236 0.391570 0.254485 0.006721 0.119988
1 1 0.212040 0.392235 0.260245 0.006729 0.128752
1 1 0.206497 0.394612 0.262557 0.005861 0.130473
1 1 0.169694 0.392732 0.276055 0.005704 0.155815
1 1 0.157096 0.388451 0.283430 0.006003 0.165020
1 1 0.175329 0.392277 0.273906 0.006107 0.152381
1 1 0.191363 0.393425 0.268095 0.006170 0.140947
1 1 0.178922 0.390846 0.272374 0.006780 0.151078
1 1 0.179213 0.388478 0.271897 0.007762 0.152650
1 1 0.176456 0.386774 0.272617 0.008386 0.155766
1 2 0.187019 0.386381 0.268654 0.009063 0.148883
1 2 0.170580 0.384889 0.274425 0.008907 0.161200
1 2 0.144117 0.360580 0.317816 0.011995 0.165493
1 2 0.146969 0.357445 0.328244 0.011653 0.155689
1 2 0.175437 0.381787 0.276721 0.009956 0.156099
1 2 0.178344 0.385988 0.271776 0.008859 0.155033
1 2 0.160932 0.350060 0.345713 0.011759 0.131536
2 2 0.169247 0.336855 0.362006 0.015025 0.116868
1 2 0.219061 0.377065 0.274951 0.009886 0.119037
1 2 0.264202 0.386075 0.239916 0.007098 0.102708
1 2 0.315219 0.362432 0.211740 0.006941 0.103667
0 2 0.415457 0.306072 0.161592 0.008291 0.108588
0 2 0.469998 0.275037 0.138365 0.009921 0.106680
0 2 0.618174 0.206482 0.090264 0.010104 0.074976
0 2 0.683523 0.177358 0.072371 0.009092 0.057656
0 2 0.775275 0.130567 0.047365 0.006837 0.039955
0 2 0.726249 0.157861 0.060957 0.007097 0.047836
0 2 0.665941 0.192335 0.079401 0.006979 0.055343
0 2 0.544378 0.262447 0.122633 0.007317 0.063226
0 2 0.446210 0.318759 0.163767 0.007397 0.063867
1 2 0.316589 0.376545 0.219707 0.006533 0.080627
1 2 0.231286 0.391516 0.252956 0.006622 0.117620
1 2 0.189209 0.393378 0.268892 0.006145 0.142376
1 2 0.162087 0.389578 0.278399 0.006365 0.163571
1 1 0.134387 0.379944 0.285941 0.006756 0.192972
1 1 0.148762 0.379353 0.277062 0.006514 0.188309
1 1 0.149932 0.366528 0.266091 0.006637 0.210813
1 1 0.166498 0.357504 0.251453 0.006833 0.217712
1 1 0.151130 0.320807 0.229001 0.007617 0.291445
1 1 0.123763 0.316528 0.238961 0.008185 0.312563
1 1 0.090094 0.331344 0.275431 0.008568 0.294563
1 1 0.084922 0.348234 0.296163 0.008374 0.262307
1 1 0.070851 0.332506 0.295884 0.009067 0.291691
1 1 0.070435 0.330938 0.295416 0.009586 0.293625
1 1 0.072480 0.332389 0.295155 0.010013 0.289963
1 1 0.098326 0.323574 0.263356 0.010041 0.304703
1 0 0.229894 0.304790 0.194108 0.010236 0.260972
0 0 0.520582 0.194632 0.090069 0.010914 0.183803
0 0 0.605124 0.143896 0.060165 0.011539 0.179276
0 0 0.751641 0.100849 0.036351 0.010611 0.100548
0 1 0.853291 0.068012 0.021220 0.007781 0.049697
0 1 0.905352 0.050226 0.013719 0.002940 0.027763
0 1 0.876619 0.076743 0.022704 0.002260 0.021673
0 1 0.901119 0.055112 0.015283 0.002692 0.025794
0 1 0.870093 0.061943 0.018308 0.004086 0.045571
0 1 0.735084 0.137298 0.051372 0.005942 0.070304
0 1 0.727815 0.126760 0.047243 0.006554 0.091627
0 1 0.661059 0.152797 0.061476 0.007628 0.117041
0 1 0.652606 0.187194 0.077778 0.006965 0.075456
0 1 0.714529 0.148778 0.057352 0.006641 0.072699
0 1 0.738386 0.130963 0.048737 0.006534 0.075380
0 1 0.688791 0.143226 0.056104 0.007676 0.104202
0 1 0.616570 0.155214 0.064513 0.008435 0.155268
0 1 0.603439 0.102441 0.039485 0.007460 0.247175
0 1 0.521929 0.092294 0.036596 0.008123 0.341058
0 1 0.588555 0.096249 0.037287 0.009289 0.268620
0 1 0.565296 0.155069 0.066405 0.008544 0.204686
0 1 0.553029 0.126280 0.052337 0.008290 0.260064
0 4 0.524971 0.124758 0.052620 0.009030 0.288621
0 4 0.524989 0.075471 0.028750 0.008476 0.362315
0 1 0.558669 0.108305 0.043194 0.007258 0.282574
0 1 0.605096 0.130769 0.052433 0.006437 0.205265
0 1 0.610548 0.088742 0.032811 0.005914 0.261985
0 1 0.578130 0.053239 0.018137 0.006373 0.344121
0 1 0.626218 0.049899 0.016486 0.007577 0.299820
0 1 0.722015 0.076729 0.026308 0.007426 0.167522
0 4 0.725212 0.079319 0.027045 0.005795 0.162628
0 4 0.757597 0.075770 0.025156 0.005608 0.135869
0 4 0.784758 0.044131 0.012925 0.004812 0.153373
0 4 0.858074 0.038621 0.010542 0.004101 0.088662
0 4 0.847060 0.046748 0.013393 0.004656 0.088143
0 4 0.624528 0.048575 0.015993 0.007776 0.303127
0 4 0.591802 0.032695 0.010071 0.007266 0.358165
0 4 0.556181 0.022068 0.006364 0.006588 0.408799
0 4 0.504346 0.022565 0.006733 0.006655 0.459701
0 4 0.581618 0.014532 0.003777 0.005938 0.394135
0 0 0.714222 0.023839 0.006368 0.004738 0.250833
0 0 0.709042 0.017200 0.004309 0.004758 0.264690
0 0 0.850670 0.019310 0.004608 0.004102 0.121310
0 0 0.677644 0.039798 0.012147 0.006241 0.264170
0 0 0.758644 0.072903 0.023822 0.004632 0.140000
0 0 0.644427 0.139188 0.054954 0.005685 0.155747
0 1 0.555511 0.195321 0.086009 0.005487 0.157672
0 1 0.540550 0.183496 0.081152 0.006313 0.188489
0 1 0.470612 0.188044 0.088205 0.008075 0.245064
0 4 0.578235 0.156935 0.066843 0.008532 0.189455
0 4 0.500032 0.235908 0.113085 0.008642 0.142334
0 4 0.522368 0.227324 0.107167 0.009531 0.133609
0 4 0.376859 0.287108 0.156411 0.010131 0.169491
0 4 0.321499 0.287567 0.164379 0.009990 0.216565
1 4 0.260384 0.338419 0.209755 0.008620 0.182822
1 4 0.261495 0.329094 0.202576 0.008281 0.198554
1 4 0.245666 0.340661 0.214601 0.008259 0.190812
1 4 0.219565 0.327675 0.213096 0.009359 0.230305
1 4 0.156563 0.333765 0.239177 0.009095 0.261400
4 4 0.134207 0.293655 0.215927 0.010086 0.346125
4 4 0.138797 0.232287 0.162658 0.010787 0.455472
4 4 0.131720 0.155517 0.102561 0.011567 0.598635
4 4 0.134107 0.107959 0.065438 0.009880 0.682617
4 4 0.092745 0.080944 0.050888 0.008501 0.766922
4 4 0.077357 0.053512 0.032211 0.006933 0.829986
4 4 0.068252 0.035471 0.020246 0.006459 0.869573
4 4 0.069250 0.036172 0.020748 0.007238 0.866591
4 4 0.143435 0.061533 0.032498 0.008731 0.753803
4 4 0.173909 0.090102 0.048968 0.009641 0.677379
4 4 0.220759 0.152777 0.086634 0.010392 0.529439
4 1 0.266293 0.251013 0.147104 0.008501 0.327089
1 1 0.296849 0.319512 0.186846 0.006583 0.190210
0 1 0.459993 0.226110 0.110321 0.008056 0.195521
0 1 0.540286 0.197666 0.089505 0.008159 0.164384
0 1 0.559921 0.186456 0.082386 0.007674 0.163562
0 1 0.539557 0.207846 0.094936 0.008152 0.149510
0 1 0.539037 0.216343 0.098766 0.006843 0.139010
0 1 0.526700 0.223016 0.102655 0.006132 0.141497
0 0 0.421995 0.283523 0.145501 0.005952 0.143030
1 1 0.273095 0.385816 0.233478 0.004725 0.102887
1 1 0.212447 0.396047 0.260428 0.005336 0.125742
1 1 0.231441 0.396308 0.253188 0.004896 0.114166
1 1 0.240580 0.395724 0.249634 0.004794 0.109268
1 1 0.252871 0.393651 0.244806 0.004959 0.103713
1 1 0.267635 0.389774 0.238977 0.005499 0.098115
1 1 0.317878 0.379703 0.219179 0.005088 0.078153
0 1 0.406555 0.348001 0.182808 0.004740 0.057895
0 1 0.510575 0.291168 0.138968 0.005240 0.054048
0 0 0.584465 0.240119 0.107279 0.006256 0.061881
0 0 0.628333 0.209176 0.089689 0.007161 0.065642
0 1 0.729503 0.151309 0.058016 0.007147 0.054025
0 0 0.735579 0.151532 0.057589 0.006393 0.048907
0 0 0.716171 0.166635 0.064473 0.005260 0.047461
0 0 0.741993 0.147148 0.054869 0.004887 0.051103
0 0 0.804591 0.112000 0.038051 0.003855 0.041504
0 1 0.836680 0.089233 0.028623 0.003865 0.041599
0 0 0.850864 0.088926 0.027914 0.003156 0.029140
0 0 0.832988 0.100653 0.032918 0.003924 0.029516
0 0 0.802528 0.124997 0.042865 0.003501 0.026109
0 0 0.792053 0.134024 0.046536 0.003196 0.024191
0 0 0.846104 0.100664 0.031628 0.002090 0.019514
0 1 0.791724 0.127321 0.044731 0.004702 0.031522
0 1 0.799112 0.117648 0.041031 0.005723 0.036486
0 0 0.772205 0.121251 0.043857 0.007578 0.055109
0 0 0.808147 0.099582 0.033983 0.006972 0.051316
0 0 0.824641 0.096552 0.032240 0.006250 0.040317
0 1 0.853115 0.074774 0.023489 0.006248 0.042374
0 1 0.800435 0.105643 0.036610 0.007141 0.050171
0 1 0.726562 0.136281 0.051339 0.006300 0.079518
0 1 0.607560 0.209994 0.090373 0.005388 0.086686
0 1 0.622985 0.202509 0.085572 0.004989 0.083945
0 1 0.634039 0.164959 0.067530 0.005806 0.127666
0 1 0.636949 0.134893 0.053689 0.007150 0.167320
0 1 0.605515 0.157638 0.065736 0.007339 0.163772
0 1 0.576778 0.171564 0.073773 0.007183 0.170702
0 1 0.465504 0.216441 0.104354 0.007922 0.205778
0 1 0.424715 0.232551 0.117608 0.009332 0.215794
0 1 0.319369 0.247487 0.138326 0.010206 0.284613
1 2 0.242638 0.359622 0.228856 0.008116 0.160768
1 2 0.150361 0.383706 0.281648 0.007655 0.176631
1 2 0.137914 0.380299 0.285516 0.007573 0.188697
1 2 0.127183 0.377045 0.288737 0.007295 0.199740
1 2 0.127763 0.375458 0.288135 0.008036 0.200608
1 2 0.119743 0.360410 0.321453 0.008701 0.189692
1 2 0.132783 0.359236 0.335609 0.008408 0.163964
2 2 0.129026 0.352317 0.354386 0.007949 0.156322
2 2 0.129280 0.348532 0.363088 0.008084 0.151017
2 2 0.118291 0.323711 0.412247 0.009343 0.136408
2 2 0.126859 0.321799 0.415147 0.010104 0.126090
2 2 0.112630 0.298966 0.461751 0.010399 0.116255
2 2 0.136826 0.339697 0.377942 0.009654 0.135880
2 2 0.141428 0.337170 0.382083 0.010082 0.129237
2 2 0.110682 0.248791 0.517394 0.041417 0.081716
2 2 0.086840 0.228918 0.563269 0.030913 0.090060
2 2 0.062849 0.180377 0.649884 0.038060 0.068830
2 2 0.035139 0.120160 0.721607 0.081360 0.041733
2 2 0.022856 0.091654 0.723289 0.130584 0.031616
2 2 0.030182 0.116966 0.694659 0.113445 0.044748
2 2 0.016056 0.069043 0.718494 0.174892 0.021515
2 2 0.020868 0.090299 0.703118 0.155124 0.030590
2 2 0.019268 0.077201 0.652874 0.227771 0.022886
2 2 0.021962 0.083501 0.567490 0.296562 0.030485
2 2 0.024293 0.072199 0.439290 0.432090 0.032127
3 2 0.047275 0.091703 0.322565 0.471226 0.067230
3 2 0.022182 0.037120 0.184659 0.731433 0.024606
3 2 0.022625 0.038681 0.193278 0.720266 0.025150
3 2 0.021144 0.040827 0.226871 0.687362 0.023796
3 2 0.022741 0.036774 0.172183 0.743486 0.024815
3 3 0.023367 0.036236 0.162025 0.753059 0.025313
3 3 0.028787 0.036641 0.128265 0.776003 0.030303
3 3 0.032260 0.030547 0.087805 0.815470 0.033918
3 3 0.021584 0.019699 0.068950 0.866577 0.023190
3 3 0.022315 0.016730 0.055669 0.880572 0.024713
3 3 0.018800 0.013703 0.049299 0.897151 0.021048
3 3 0.016191 0.010250 0.038566 0.916352 0.018641
3 3 0.014567 0.009638 0.038446 0.920629 0.016719
3 3 0.014036 0.009410 0.038301 0.922154 0.016098
3 3 0.016403 0.011578 0.044201 0.909266 0.018552
3 3 0.017946 0.012311 0.044783 0.904638 0.020322
3 3 0.014286 0.010067 0.041025 0.918377 0.016244
3 3 0.011749 0.008250 0.036835 0.929703 0.013463
3 3 0.009856 0.007109 0.034631 0.937086 0.011317
3 3 0.007227 0.005525 0.031431 0.947502 0.008314
3 3 0.006001 0.004528 0.027982 0.954525 0.006963
3 3 0.006262 0.004338 0.025838 0.956209 0.007354
3 3 0.007376 0.004244 0.022587 0.956924 0.008869
3 3 0.008707 0.004532 0.021896 0.954291 0.010574
3 3 0.009561 0.004481 0.020298 0.953894 0.011766
3 3 0.009714 0.004661 0.021060 0.952661 0.011904
3 3 0.008633 0.004128 0.019676 0.956933 0.010630
3 3 0.009238 0.004288 0.019692 0.955384 0.011399
3 3 0.009335 0.004432 0.020351 0.954408 0.011474
3 3 0.009454 0.004561 0.020893 0.953505 0.011586
3 3 0.009505 0.004651 0.021311 0.952913 0.011620
3 3 0.008987 0.004343 0.020369 0.955271 0.011030
3 3 0.008394 0.003824 0.018278 0.959080 0.010425
3 3 0.009094 0.003541 0.015792 0.960029 0.011544
3 3 0.009348 0.003448 0.015017 0.960230 0.011957
3 3 0.008080 0.002878 0.013297 0.965300 0.010446
3 3 0.007320 0.002507 0.012020 0.968598 0.009554
3 3 0.006915 0.002419 0.011955 0.969699 0.009013
3 3 0.006273 0.002229 0.011553 0.971760 0.008185
3 3 0.006594 0.002597 0.013446 0.968911 0.008451
3 3 0.006488 0.002688 0.014168 0.968402 0.008254
3 3 0.006385 0.003058 0.016734 0.965879 0.007944
3 3 0.006179 0.002808 0.015429 0.967825 0.007760
3 3 0.007200 0.003263 0.016711 0.963829 0.008997
3 3 0.005980 0.002742 0.015320 0.968449 0.007508
3 3 0.006030 0.002706 0.014993 0.968675 0.007595
3 3 0.006629 0.002577 0.013275 0.969008 0.008511
3 3 0.007564 0.003013 0.014689 0.965104 0.009630
3 3 0.007006 0.003076 0.015846 0.965266 0.008807
3 3 0.006683 0.002676 0.013819 0.968283 0.008538
3 3 0.008415 0.003154 0.014462 0.963193 0.010776
3 3 0.008186 0.003223 0.015118 0.963061 0.010412
3 3 0.007192 0.002928 0.014671 0.966069 0.009141
3 3 0.007773 0.003172 0.015350 0.963855 0.009849
3 3 0.006726 0.002764 0.014309 0.967645 0.008556
3 3 0.006946 0.002704 0.013636 0.967812 0.008902
3 3 0.005560 0.002381 0.013554 0.971430 0.007075
3 3 0.005083 0.002355 0.014192 0.971962 0.006408
3 3 0.005472 0.002641 0.015526 0.969526 0.006836
3 3 0.005336 0.002497 0.014754 0.970710 0.006704
3 3 0.004361 0.002024 0.013084 0.975006 0.005525
3 3 0.003836 0.001793 0.012297 0.977198 0.004876
3 3 0.004093 0.001889 0.012545 0.976271 0.005202
3 3 0.004628 0.002217 0.014039 0.973294 0.005822
3 3 0.004935 0.002245 0.013665 0.972909 0.006245
3 3 0.004617 0.002181 0.013790 0.973589 0.005822
3 3 0.004888 0.002223 0.013584 0.973117 0.006188
3 3 0.007191 0.002912 0.014577 0.966174 0.009147
3 3 0.009158 0.003350 0.014698 0.961056 0.011738
3 3 0.010973 0.003948 0.015892 0.955176 0.014010
3 3 0.011554 0.003992 0.015559 0.954075 0.014819
3 3 0.011401 0.003752 0.014564 0.955541 0.014742
3 3 0.013458 0.004221 0.015023 0.949866 0.017432
3 3 0.012692 0.004368 0.016289 0.950416 0.016235
3 3 0.014067 0.004868 0.017326 0.945829 0.017911
3 3 0.016748 0.005563 0.018099 0.938261 0.021329
3 3 0.016479 0.006587 0.022432 0.934107 0.020394
3 3 0.016068 0.008657 0.031679 0.924610 0.018985
3 3 0.023035 0.017373 0.056977 0.877160 0.025455
3 3 0.023099 0.028173 0.099762 0.825347 0.023619
3 3 0.025696 0.042019 0.162729 0.743315 0.026242
3 3 0.023104 0.059632 0.325861 0.567590 0.023812
2 2 0.027234 0.087386 0.538367 0.321876 0.025137
2 2 0.077974 0.182453 0.574763 0.111678 0.053132
2 2 0.075787 0.229224 0.523531 0.050628 0.120830
2 2 0.099824 0.282420 0.376715 0.027787 0.213254
4 2 0.106772 0.294156 0.273934 0.017228 0.307910
4 1 0.117433 0.305305 0.236898 0.012946 0.327418
4 1 0.094854 0.275024 0.222718 0.013710 0.393694
4 1 0.065910 0.224078 0.189426 0.008793 0.511793
4 1 0.063821 0.232180 0.198942 0.008403 0.496654
4 1 0.061834 0.218870 0.186280 0.007601 0.525414
4 1 0.068846 0.243127 0.207473 0.010152 0.470401
4 1 0.072395 0.205020 0.167177 0.010218 0.545190
4 1 0.081314 0.187121 0.146528 0.012571 0.572465
4 1 0.077213 0.172902 0.134454 0.010978 0.604453
4 1 0.072847 0.213216 0.175104 0.010551 0.528282
4 1 0.062830 0.179244 0.145863 0.007219 0.604844
4 1 0.064574 0.180026 0.145895 0.007652 0.601854
4 1 0.066350 0.215371 0.180321 0.008724 0.529234
4 1 0.074858 0.258125 0.219733 0.012694 0.434590
4 1 0.069895 0.207723 0.170950 0.009551 0.541881
4 1 0.069325 0.171302 0.135614 0.008735 0.615024
4 1 0.070585 0.146126 0.111575 0.008738 0.662976
4 4 0.089549 0.111332 0.076965 0.013940 0.708215
4 4 0.109807 0.127419 0.086513 0.017990 0.658270
4 4 0.085578 0.068361 0.043168 0.012615 0.790278
4 4 0.071827 0.050327 0.030856 0.008909 0.838082
4 4 0.074299 0.046953 0.028212 0.009618 0.840917
4 4 0.040320 0.005373 0.002341 0.003690 0.948276
4 4 0.036762 0.005105 0.002240 0.003081 0.952811
4 4 0.045234 0.009224 0.004384 0.004283 0.936875
4 4 0.061115 0.009910 0.004439 0.005159 0.919377
4 4 0.120197 0.015214 0.006251 0.006528 0.851810
4 4 0.153787 0.011077 0.003979 0.006352 0.824805
4 4 0.112896 0.014354 0.005943 0.006926 0.859881
4 4 0.092025 0.012886 0.005438 0.004922 0.884728
4 4 0.193360 0.030050 0.012428 0.006109 0.758053
4 4 0.164886 0.030469 0.013188 0.005920 0.785536
4 4 0.223240 0.036379 0.015110 0.006846 0.718425
4 4 0.085675 0.021765 0.010481 0.005436 0.876643
4 4 0.124150 0.021260 0.009221 0.005673 0.839696
4 4 0.087881 0.018714 0.008684 0.005561 0.879161
4 4 0.202358 0.030688 0.012837 0.009687 0.744430
4 4 0.200368 0.053948 0.025647 0.012120 0.707916
4 4 0.193515 0.061133 0.029930 0.010577 0.704845
4 4 0.306374 0.069563 0.030969 0.012458 0.580636
4 4 0.351396 0.047417 0.018615 0.010110 0.572462
0 4 0.517000 0.050659 0.017997 0.009797 0.404547
0 4 0.492771 0.082057 0.032698 0.010554 0.381921
4 4 0.386329 0.090374 0.039346 0.010049 0.473903
4 4 0.350453 0.093468 0.041983 0.009252 0.504844
4 4 0.286126 0.114781 0.057074 0.009929 0.532089
4 4 0.221102 0.109399 0.057814 0.009532 0.602152
4 1 0.227332 0.211676 0.126731 0.010284 0.423978
4 1 0.127699 0.272078 0.200113 0.010085 0.390025
1 1 0.091644 0.321420 0.265179 0.009000 0.312757
1 1 0.084934 0.344817 0.292860 0.008410 0.268979
1 1 0.080600 0.346741 0.297334 0.007366 0.267959
1 1 0.072128 0.320517 0.279952 0.007495 0.319908
1 1 0.090619 0.334569 0.276944 0.007748 0.290120
4 1 0.128748 0.304496 0.227519 0.009700 0.329537
1 1 0.144752 0.319672 0.234010 0.010620 0.290946
1 1 0.129251 0.319954 0.242330 0.011308 0.297157
1 1 0.122344 0.335369 0.258785 0.010256 0.273246
1 1 0.125461 0.356717 0.274451 0.009002 0.234369
1 1 0.128132 0.374164 0.287668 0.008668 0.201369
1 1 0.144111 0.373916 0.281603 0.011674 0.188696
1 1 0.116193 0.342504 0.335854 0.015318 0.190131
2 1 0.107718 0.309023 0.404330 0.020409 0.158519
2 1 0.087464 0.281797 0.455211 0.021421 0.154107
2 1 0.081825 0.258789 0.494619 0.027367 0.137401
2 1 0.055142 0.208264 0.594776 0.025472 0.116346
2 1 0.043353 0.171484 0.658070 0.034670 0.092423
2 1 0.072571 0.249826 0.521153 0.021535 0.134916
1 1 0.147934 0.350873 0.337181 0.013514 0.150497
1 1 0.212701 0.372509 0.249754 0.010244 0.154793
1 1 0.194112 0.363489 0.249679 0.010478 0.182242
1 1 0.171733 0.384980 0.273335 0.008405 0.161547
1 1 0.183627 0.355017 0.244817 0.008471 0.208068
1 1 0.239760 0.342753 0.216888 0.007588 0.193012
1 1 0.289617 0.302165 0.179650 0.010118 0.218450
1 1 0.211444 0.300081 0.196962 0.012708 0.278805
4 1 0.149977 0.277673 0.198459 0.013485 0.360407
4 1 0.154964 0.289810 0.206127 0.012461 0.336638
4 1 0.132635 0.270987 0.198778 0.012357 0.385243
4 1 0.143791 0.305565 0.223211 0.011565 0.315867
1 1 0.109596 0.342475 0.273168 0.010165 0.264597
1 1 0.081113 0.328615 0.284119 0.011479 0.294673
2 1 0.068590 0.313190 0.359307 0.010432 0.248480
2 1 0.055908 0.267629 0.455243 0.014350 0.206870
2 2 0.043190 0.221484 0.543676 0.019028 0.172622
2 2 0.047575 0.233696 0.523236 0.018172 0.177321
2 2 0.051116 0.242310 0.502933 0.019618 0.184024
2 2 0.059062 0.267287 0.433075 0.016490 0.224086
2 2 0.086050 0.328492 0.357928 0.010460 0.217070
2 2 0.076644 0.312445 0.390201 0.010235 0.210475
2 2 0.084166 0.324934 0.367012 0.010238 0.213650
2 2 0.059698 0.272193 0.452835 0.014407 0.200866
2 2 0.045246 0.223495 0.546379 0.018529 0.166351
2 2 0.041859 0.222530 0.531130 0.020119 0.184363
2 2 0.052217 0.250723 0.484967 0.017857 0.194235
2 2 0.048799 0.231095 0.526513 0.021152 0.172442
2 2 0.049560 0.217790 0.572517 0.019647 0.140486
2 2 0.039501 0.160591 0.688227 0.025642 0.086038
2 2 0.043849 0.174435 0.671433 0.020299 0.089985
2 2 0.065657 0.238442 0.562410 0.013615 0.119875
2 2 0.056404 0.225827 0.581013 0.013663 0.123093
2 2 0.042342 0.176893 0.662880 0.020537 0.097347
2 2 0.054889 0.237429 0.534019 0.017998 0.155665
2 2 0.063851 0.255423 0.507223 0.016410 0.157093
2 2 0.078348 0.273929 0.406649 0.017737 0.223336
2 2 0.062896 0.238891 0.471235 0.022153 0.204826
2 2 0.064579 0.237972 0.495773 0.020799 0.180877
2 2 0.081740 0.265088 0.470671 0.017178 0.165323
2 2 0.117016 0.324684 0.337946 0.010658 0.209696
1 2 0.141002 0.359032 0.326759 0.010754 0.162452
2 2 0.099726 0.268381 0.516871 0.012742 0.102280
2 2 0.141972 0.316462 0.421928 0.011163 0.108476
1 2 0.202918 0.347296 0.340794 0.010450 0.098541
1 2 0.193449 0.348997 0.338129 0.011725 0.107701
2 2 0.146067 0.332810 0.381509 0.012847 0.126766
1 2 0.174680 0.360199 0.321702 0.011487 0.131933
1 2 0.246603 0.377811 0.243506 0.010986 0.121093
0 2 0.344404 0.325616 0.186675 0.011643 0.131662
0 2 0.389453 0.303399 0.165369 0.011009 0.130771
0 2 0.369024 0.315021 0.175238 0.010525 0.130192
0 2 0.434522 0.292607 0.153050 0.010997 0.108823
0 0 0.548002 0.240700 0.111852 0.008488 0.090959
0 1 0.706754 0.162308 0.063768 0.006970 0.060200
0 1 0.712826 0.150804 0.058610 0.007545 0.070215
0 1 0.633663 0.170612 0.071441 0.008757 0.115528
0 1 0.564502 0.189744 0.084410 0.009016 0.152328
0 1 0.593547 0.143874 0.059750 0.008381 0.194449
0 1 0.550379 0.114151 0.046716 0.009405 0.279350
0 1 0.572857 0.100004 0.039260 0.008705 0.279174
0 1 0.514666 0.117703 0.049460 0.009348 0.308823
0 1 0.469672 0.143639 0.064295 0.008681 0.313713
0 1 0.558383 0.151566 0.064513 0.007422 0.218117
0 1 0.604609 0.152315 0.063048 0.007024 0.173004
0 1 0.598847 0.198453 0.085895 0.006541 0.110264
0 1 0.404511 0.294693 0.155447 0.007301 0.138047
0 1 0.377851 0.299344 0.161929 0.007508 0.153367
1 1 0.295428 0.349120 0.207959 0.007461 0.140033
1 2 0.228083 0.389045 0.251999 0.006448 0.124425
1 2 0.239560 0.383374 0.244101 0.006272 0.126694
1 2 0.253489 0.379808 0.236563 0.005663 0.124477
1 1 0.336607 0.344331 0.195551 0.006550 0.116961
0 1 0.380149 0.317840 0.172275 0.006835 0.122901
4 1 0.283250 0.251681 0.146037 0.010124 0.308909
0 1 0.308450 0.285003 0.164653 0.009932 0.231961
1 1 0.286941 0.330050 0.199011 0.009689 0.174309
1 1 0.310221 0.339729 0.199094 0.007841 0.143116
0 1 0.336820 0.320903 0.182974 0.008942 0.150360
1 1 0.275024 0.302801 0.184163 0.012059 0.225953
1 1 0.268447 0.275231 0.167486 0.015089 0.273747
0 1 0.312459 0.262847 0.151221 0.013655 0.259818
0 1 0.319335 0.242442 0.136483 0.013231 0.288510
0 1 0.368401 0.244378 0.131062 0.011015 0.245145
0 1 0.374907 0.267834 0.144268 0.009609 0.203381
0 1 0.390036 0.296877 0.158979 0.007724 0.146383
0 1 0.433257 0.282135 0.144546 0.007183 0.132880
0 1 0.485383 0.222738 0.106104 0.007287 0.178487
0 1 0.479322 0.226332 0.108967 0.008005 0.177373
0 1 0.496487 0.239987 0.115456 0.008349 0.139722
0 1 0.503026 0.242612 0.116235 0.008098 0.130029
0 1 0.519773 0.198043 0.090894 0.008214 0.183076
0 1 0.475798 0.171134 0.078981 0.008983 0.265105
4 1 0.332990 0.159688 0.081202 0.010044 0.416077
4 1 0.264318 0.223665 0.129896 0.010752 0.371369
4 1 0.218396 0.215908 0.131474 0.010774 0.423448
4 1 0.165809 0.208457 0.136781 0.012015 0.476938
4 1 0.125511 0.176551 0.121158 0.012027 0.564754
4 1 0.113185 0.215152 0.157730 0.011923 0.502010
4 1 0.082453 0.146114 0.108263 0.011694 0.651477
4 1 0.078727 0.098206 0.067764 0.010551 0.744752
4 1 0.089167 0.069713 0.043403 0.010722 0.786994
4 4 0.157961 0.092693 0.052204 0.010433 0.686710
4 4 0.204811 0.087264 0.045031 0.009635 0.653259
4 4 0.244727 0.064738 0.030000 0.010242 0.650293
4 4 0.130748 0.025374 0.011380 0.007372 0.825126
4 4 0.186593 0.023932 0.009588 0.006900 0.772987
4 4 0.122751 0.016982 0.007057 0.005723 0.847487
4 4 0.095649 0.014097 0.006088 0.006989 0.877177
4 4 0.052219 0.008129 0.003635 0.004730 0.931287
4 4 0.057513 0.007116 0.003047 0.006060 0.926264
4 4 0.043127 0.003889 0.001569 0.004464 0.946951
4 4 0.079028 0.005551 0.002082 0.006844 0.906496
4 4 0.139119 0.013660 0.005354 0.009319 0.832548
4 4 0.216160 0.038178 0.016359 0.009127 0.720176
4 4 0.266396 0.030807 0.011880 0.008481 0.682436
4 4 0.251427 0.033961 0.013512 0.007556 0.693543
4 4 0.349542 0.035228 0.012843 0.007164 0.595222
4 4 0.237491 0.028813 0.011255 0.007468 0.714974
4 4 0.061119 0.015058 0.007423 0.006432 0.909968
4 4 0.044280 0.007816 0.003608 0.004209 0.940088
4 4 0.048455 0.006169 0.002671 0.005258 0.937447
4 4 0.058502 0.005159 0.002061 0.006282 0.927996
4 4 0.070225 0.004560 0.001697 0.006985 0.916532
4 4 0.066357 0.003755 0.001351 0.005683 0.922852
4 4 0.096267 0.005679 0.002014 0.005879 0.890161
4 4 0.142457 0.012310 0.004606 0.006045 0.834583
4 4 0.137122 0.011748 0.004378 0.005388 0.841364
4 4 0.115268 0.014515 0.005943 0.005775 0.858498
4 4 0.116139 0.014639 0.006010 0.006199 0.857013
4 4 0.182729 0.021681 0.008589 0.007452 0.779550
4 4 0.221374 0.020055 0.007417 0.007550 0.743603
4 4 0.338473 0.017651 0.005664 0.008126 0.630085
4 4 0.367354 0.016630 0.005173 0.008995 0.601849
0 4 0.437446 0.169295 0.080171 0.009475 0.303613
0 4 0.369920 0.194521 0.099337 0.009397 0.326824
0 4 0.441762 0.219793 0.108525 0.008882 0.221038
1 4 0.304528 0.355623 0.208682 0.006172 0.124995
1 4 0.241063 0.365762 0.232026 0.006804 0.154346
1 4 0.196573 0.363571 0.245543 0.007544 0.186769
1 4 0.152741 0.372192 0.272870 0.009108 0.193090
1 4 0.104887 0.361600 0.292855 0.009035 0.231623
1 4 0.080493 0.332228 0.286118 0.009515 0.291646
1 4 0.076872 0.326121 0.283330 0.009338 0.304339
1 4 0.078236 0.317930 0.279537 0.011444 0.312854
4 1 0.095541 0.279356 0.225015 0.011824 0.388264
4 1 0.121379 0.279010 0.209598 0.010760 0.379252
4 1 0.156845 0.232058 0.157042 0.010736 0.443319
4 1 0.206420 0.185035 0.111608 0.011886 0.485050
4 1 0.206490 0.195177 0.118942 0.011919 0.467473
4 1 0.183040 0.299767 0.203862 0.011267 0.302063
1 1 0.149331 0.381187 0.281355 0.008540 0.179587
1 1 0.185290 0.383638 0.268756 0.010430 0.151885
1 1 0.134484 0.370493 0.284252 0.011832 0.198939
1 1 0.114464 0.359455 0.289091 0.013099 0.223890
2 2 0.070012 0.288649 0.428676 0.014477 0.198186
2 2 0.057939 0.231375 0.530762 0.028687 0.151237
2 2 0.050452 0.225847 0.521207 0.031677 0.170817
2 2 0.048377 0.227492 0.518926 0.027615 0.177590
2 2 0.041793 0.207868 0.562139 0.026369 0.161831
2 2 0.038783 0.187865 0.603405 0.031096 0.138850
2 2 0.035892 0.175997 0.639799 0.025955 0.122357
2 2 0.021761 0.103177 0.781968 0.036834 0.056259
2 2 0.024373 0.113015 0.771681 0.028435 0.062496
2 2 0.028837 0.122785 0.764496 0.023034 0.060849
2 2 0.024448 0.112862 0.785762 0.019535 0.057392
2 2 0.020593 0.095868 0.818940 0.018545 0.046054
2 2 0.022173 0.092951 0.819378 0.024014 0.041483
2 2 0.014904 0.067262 0.849681 0.040287 0.027866
2 2 0.016490 0.077941 0.837635 0.029656 0.038278
2 2 0.011923 0.057724 0.852681 0.051254 0.026417
2 2 0.009289 0.045149 0.833925 0.092598 0.019040
2 2 0.010375 0.048742 0.834550 0.086488 0.019845
2 2 0.011603 0.054672 0.821609 0.089053 0.023063
2 2 0.011004 0.052627 0.824578 0.090434 0.021357
2 2 0.011156 0.053571 0.799237 0.115038 0.020999
2 2 0.019919 0.092132 0.778334 0.066289 0.043326
2 2 0.032877 0.150772 0.678226 0.042087 0.096039
2 2 0.036625 0.170110 0.639248 0.036234 0.117783
2 2 0.026509 0.126359 0.714084 0.062029 0.071020
2 2 0.021857 0.106401 0.746002 0.070012 0.055728
2 2 0.016643 0.081159 0.764841 0.101640 0.035719
2 2 0.015373 0.070058 0.741479 0.146181 0.026910
2 2 0.012240 0.055011 0.705844 0.209133 0.017773
2 2 0.007204 0.038363 0.719695 0.223983 0.010755
2 2 0.005983 0.033744 0.725482 0.225731 0.009060
2 2 0.006641 0.036744 0.682829 0.264386 0.009400
2 3 0.004767 0.029291 0.680596 0.278531 0.006815
2 3 0.004264 0.027219 0.666353 0.296152 0.006011
2 3 0.004053 0.026188 0.681090 0.282827 0.005842
2 3 0.003436 0.023578 0.634844 0.333443 0.004700
2 3 0.005158 0.031247 0.631291 0.325426 0.006878
2 3 0.004447 0.027464 0.552220 0.410325 0.005544
2 3 0.005047 0.030982 0.578402 0.379268 0.006302
2 3 0.020663 0.079204 0.624458 0.252194 0.023481
2 3 0.009226 0.045291 0.688071 0.246430 0.010981
2 3 0.014493 0.058456 0.745134 0.167636 0.014282
2 3 0.012639 0.054930 0.715848 0.202389 0.014195
2 2 0.017681 0.069724 0.678406 0.214768 0.019422
2 2 0.012193 0.055664 0.646276 0.271016 0.014851
2 2 0.027096 0.092681 0.632303 0.223099 0.024821
2 2 0.078331 0.184348 0.623403 0.067696 0.046221
2 2 0.124490 0.183870 0.545625 0.081669 0.064346
2 2 0.068329 0.123036 0.588709 0.185278 0.034647
2 2 0.057977 0.124611 0.606808 0.178591 0.032013
2 2 0.040919 0.111755 0.635890 0.185587 0.025849
2 3 0.039658 0.119504 0.660234 0.150659 0.029945
2 3 0.038765 0.126287 0.677974 0.121351 0.035622
2 3 0.069895 0.190496 0.547454 0.133079 0.059074
2 3 0.007933 0.042215 0.598390 0.341510 0.009951
2 3 0.010337 0.050549 0.601750 0.324455 0.012908
2 3 0.011503 0.054526 0.579535 0.340527 0.013907
2 3 0.011833 0.055660 0.565314 0.353214 0.013980
2 3 0.009663 0.047930 0.538596 0.392559 0.011252
3 3 0.013724 0.046855 0.375509 0.548724 0.015188
3 3 0.020421 0.051583 0.307413 0.598070 0.022514
3 3 0.031329 0.055153 0.240716 0.637811 0.034991
3 3 0.033821 0.044939 0.163259 0.720822 0.037159
3 3 0.034292 0.038462 0.122559 0.767845 0.036843
3 3 0.028882 0.026914 0.081684 0.831940 0.030580
3 3 0.030673 0.023748 0.067841 0.844356 0.033382
3 3 0.025842 0.017973 0.054902 0.872480 0.028803
3 3 0.018459 0.014568 0.053650 0.892903 0.020420
3 3 0.010029 0.009346 0.047436 0.922141 0.011049
3 3 0.007522 0.007245 0.042324 0.934579 0.008330
3 3 0.006602 0.005964 0.036553 0.943461 0.007420
3 3 0.006386 0.005477 0.033747 0.947145 0.007245
3 3 0.005573 0.005213 0.034783 0.948163 0.006267
3 3 0.005831 0.005319 0.034586 0.947690 0.006573
3 3 0.006931 0.005810 0.034315 0.945075 0.007869
3 3 0.008031 0.006005 0.032391 0.944336 0.009237
3 3 0.010914 0.007363 0.033758 0.935347 0.012619
3 3 0.011313 0.006907 0.030536 0.937972 0.013272
3 3 0.009893 0.005616 0.026042 0.946653 0.011797
3 3 0.008646 0.004787 0.023500 0.952666 0.010400
3 3 0.011989 0.006311 0.026363 0.940968 0.014369
3 3 0.011833 0.006379 0.026938 0.940715 0.014136
3 3 0.016505 0.008713 0.031356 0.923880 0.019545
3 3 0.010504 0.005475 0.024271 0.947081 0.012668
3 3 0.010331 0.005583 0.025120 0.946569 0.012396
3 3 0.009378 0.005166 0.024403 0.949796 0.011257
3 3 0.010399 0.006465 0.029827 0.941107 0.012202
3 3 0.009145 0.005551 0.027051 0.947432 0.010821
3 3 0.012016 0.007535 0.032558 0.933884 0.014007
3 3 0.008807 0.006109 0.031113 0.943754 0.010217
3 3 0.009739 0.007434 0.036821 0.934919 0.011087
3 3 0.011874 0.007716 0.033764 0.932877 0.013769
3 3 0.016059 0.008511 0.032043 0.925323 0.018064
3 3 0.015599 0.006954 0.024886 0.933603 0.018959
3 3 0.019600 0.007848 0.024663 0.923834 0.024056
3 3 0.013431 0.005123 0.019009 0.945568 0.016869
3 3 0.013300 0.004688 0.017194 0.947899 0.016919
3 3 0.011087 0.004113 0.016580 0.954136 0.014083
3 3 0.009426 0.003666 0.016079 0.958877 0.011952
3 3 0.005951 0.003605 0.021389 0.961904 0.007151
3 3 0.008735 0.004688 0.022762 0.953260 0.010555
3 3 0.007326 0.003903 0.020509 0.959344 0.008918
3 3 0.006877 0.003882 0.021247 0.959678 0.008315
3 3 0.006435 0.003727 0.021139 0.960932 0.007767
3 3 0.005937 0.003055 0.017538 0.966148 0.007322
3 3 0.006077 0.002692 0.014822 0.968742 0.007667
3 3 0.004630 0.001994 0.012350 0.975102 0.005923
3 3 0.004051 0.001799 0.011908 0.977061 0.005181
3 3 0.003667 0.001553 0.010648 0.979391 0.004741
3 3 0.003405 0.001494 0.010665 0.980047 0.004390
3 3 0.004010 0.001662 0.010894 0.978246 0.005188
3 3 0.004328 0.001974 0.012750 0.975447 0.005501
3 3 0.005074 0.002343 0.014126 0.972056 0.006400
3 3 0.005509 0.002360 0.013493 0.971627 0.007011
3 3 0.005968 0.002681 0.014932 0.968902 0.007517
3 3 0.007079 0.003063 0.015658 0.965284 0.008916
3 3 0.012224 0.005774 0.023386 0.943722 0.014894
3 3 0.021896 0.010496 0.032398 0.909152 0.026058
3 3 0.123932 0.046941 0.074971 0.666700 0.087457
3 3 0.086773 0.077180 0.191801 0.590009 0.054236
2 3 0.046118 0.095732 0.423528 0.400521 0.034101
2 3 0.086013 0.164555 0.544874 0.170563 0.033996
2 3 0.196638 0.215942 0.401970 0.129774 0.055676
0 2 0.562869 0.210733 0.142417 0.024087 0.059893
0 2 0.522637 0.236048 0.157040 0.025846 0.058429
0 2 0.371668 0.291840 0.287545 0.015819 0.033127
0 1 0.512774 0.298527 0.145039 0.008794 0.034865
0 1 0.681772 0.183387 0.075156 0.008980 0.050705
0 1 0.644244 0.125437 0.049748 0.009947 0.170624
4 1 0.401607 0.092224 0.039954 0.010591 0.455624
4 4 0.136410 0.123224 0.077555 0.014337 0.648474
4 4 0.139713 0.077829 0.043898 0.011220 0.727341
4 4 0.121037 0.059618 0.033149 0.011369 0.774826
4 4 0.068506 0.019527 0.009880 0.006993 0.895094
4 4 0.098943 0.020984 0.009761 0.007243 0.863069
4 4 0.088348 0.018430 0.008600 0.007070 0.877552
4 4 0.091625 0.014839 0.006538 0.006626 0.880372
4 4 0.127820 0.010412 0.003890 0.006557 0.851321
4 4 0.230339 0.013434 0.004584 0.010263 0.741380
4 4 0.180955 0.010450 0.003613 0.009801 0.795180
4 4 0.319907 0.010503 0.003119 0.011207 0.655265
0 4 0.495515 0.024818 0.007847 0.014577 0.457244
0 4 0.598569 0.029962 0.009206 0.011337 0.350927
4 4 0.262759 0.028458 0.010997 0.011924 0.685863
4 4 0.290141 0.019236 0.006669 0.011906 0.672048
4 4 0.139064 0.013462 0.005269 0.009651 0.832554
4 4 0.149738 0.015882 0.006294 0.009345 0.818742
4 4 0.171130 0.020257 0.008097 0.008360 0.792156
4 4 0.136161 0.019798 0.008378 0.008135 0.827529
4 4 0.075828 0.014379 0.006683 0.008040 0.895069
4 4 0.134179 0.019334 0.008156 0.007720 0.830610
4 4 0.311258 0.035754 0.013700 0.009937 0.629351
4 4 0.300355 0.030434 0.011391 0.009835 0.647986
4 4 0.280008 0.028858 0.010931 0.010591 0.669612
0 4 0.495233 0.034965 0.011761 0.011877 0.446165
4 4 0.340272 0.068356 0.029500 0.013123 0.548749
4 4 0.317044 0.080007 0.036108 0.011065 0.555776
4 4 0.237361 0.087095 0.043311 0.010688 0.621544
4 4 0.078874 0.034437 0.018914 0.007631 0.860144
4 4 0.182032 0.038938 0.017601 0.009538 0.751891
4 4 0.234048 0.033529 0.013674 0.008989 0.709760
4 4 0.396611 0.031835 0.011174 0.011168 0.549212
0 4 0.559183 0.037097 0.012165 0.011544 0.380011
0 4 0.592599 0.031688 0.009782 0.008993 0.356938
4 4 0.413871 0.017162 0.005149 0.007371 0.556447
4 4 0.456546 0.017345 0.005105 0.008670 0.512334
4 4 0.233950 0.015046 0.005112 0.005943 0.739948
4 4 0.258713 0.019752 0.006865 0.005236 0.709434
4 4 0.085077 0.017174 0.007868 0.005084 0.884797
4 4 0.036006 0.011496 0.005956 0.002598 0.943944
4 4 0.036538 0.010520 0.005339 0.002713 0.944890
4 4 0.044768 0.025161 0.014645 0.003624 0.911801
4 4 0.049412 0.013723 0.006947 0.004831 0.925086
4 4 0.114668 0.031282 0.015306 0.008894 0.829850
4 4 0.069769 0.038690 0.022620 0.008596 0.860325
4 4 0.111058 0.063549 0.036421 0.009794 0.779177
4 4 0.214507 0.068597 0.033203 0.009115 0.674578
0 4 0.416660 0.116213 0.052114 0.010392 0.404621
0 4 0.576466 0.098029 0.038191 0.008348 0.278965
0 4 0.521808 0.147880 0.064714 0.009596 0.256001
0 4 0.406448 0.142231 0.066927 0.010714 0.373680
0 4 0.452264 0.126062 0.056269 0.011314 0.354091
0 4 0.486894 0.098554 0.040832 0.010279 0.363442
0 4 0.489208 0.094279 0.038885 0.011767 0.365860
4 4 0.421248 0.073407 0.030028 0.011195 0.464122
4 4 0.306428 0.066770 0.029145 0.009533 0.588124
4 4 0.293772 0.073394 0.032813 0.008058 0.591964
4 4 0.316370 0.058856 0.024534 0.007297 0.592944
4 4 0.387728 0.067707 0.027439 0.007514 0.509612
4 4 0.385434 0.050692 0.019332 0.006900 0.537642
4 4 0.328543 0.046397 0.018200 0.007038 0.599822
4 4 0.290281 0.043941 0.017675 0.007263 0.640840
4 4 0.275426 0.065193 0.028949 0.007902 0.622529
4 4 0.251975 0.075725 0.035673 0.008633 0.627994
4 4 0.332348 0.100080 0.046669 0.011340 0.509563
4 4 0.282841 0.068444 0.030977 0.011674 0.606064
0 1 0.528571 0.133707 0.057257 0.009932 0.270534
0 1 0.496671 0.217215 0.102975 0.008595 0.174543
0 1 0.503977 0.177738 0.081262 0.009336 0.227687
0 4 0.545695 0.114601 0.046899 0.008664 0.284140
4 4 0.447769 0.063497 0.024485 0.008446 0.455803
4 4 0.403002 0.052245 0.020050 0.009351 0.515352
0 4 0.476408 0.046235 0.016475 0.009207 0.451675
4 4 0.436639 0.038193 0.013300 0.007390 0.504478
0 4 0.535868 0.030663 0.009581 0.006836 0.417053
4 4 0.375289 0.010551 0.002877 0.004267 0.607016
4 4 0.298709 0.009828 0.002813 0.004128 0.684522
4 4 0.155035 0.010684 0.003763 0.005010 0.825508
4 4 0.151468 0.019016 0.007659 0.006160 0.815698
4 4 0.152439 0.006998 0.002278 0.005516 0.832770
4 4 0.248616 0.008762 0.002643 0.007426 0.732553
4 4 0.251423 0.004411 0.001151 0.007472 0.735543
4 4 0.392939 0.009365 0.002478 0.005132 0.590085
4 4 0.261445 0.029962 0.011484 0.007429 0.689679
4 4 0.251942 0.039350 0.016123 0.007503 0.685083
4 4 0.198643 0.028824 0.011860 0.007898 0.752776
4 4 0.297398 0.040556 0.015981 0.007726 0.638338
4 4 0.310376 0.059748 0.025337 0.008952 0.595587
4 4 0.406315 0.081596 0.034113 0.008844 0.469131
