0 0 0.932911 0.036308 0.004937 0.000107 0.025736
0 0 0.915680 0.024648 0.002511 0.000009 0.057152
0 0 0.827265 0.069074 0.006963 0.000004 0.096694
0 0 0.878615 0.047802 0.005628 0.000019 0.067936
0 0 0.864416 0.025615 0.002491 0.000004 0.107474
0 0 0.886907 0.019919 0.001720 0.000002 0.091453
0 0 0.943918 0.017523 0.001233 0.000001 0.037325
0 0 0.929563 0.013139 0.000959 0.000001 0.056339
0 0 0.982517 0.008840 0.001116 0.000005 0.007522
0 0 0.957942 0.020158 0.003342 0.000027 0.018532
0 0 0.937729 0.026788 0.006501 0.000049 0.028934
0 0 0.932598 0.036445 0.002888 0.000001 0.028068
0 0 0.741629 0.062758 0.007682 0.000012 0.187919
0 0 0.632237 0.225698 0.020103 0.000000 0.121962
0 0 0.543474 0.414423 0.012565 0.000000 0.029538
1 0 0.393970 0.552578 0.024332 0.000000 0.029119
1 1 0.203432 0.704041 0.057364 0.000000 0.035162
1 1 0.147583 0.744182 0.072971 0.000000 0.035264
1 1 0.007241 0.494610 0.468158 0.000058 0.029934
1 1 0.002129 0.506104 0.443878 0.000003 0.047886
1 1 0.110261 0.734210 0.110539 0.000000 0.044989
1 1 0.147814 0.747953 0.072431 0.000000 0.031802
2 1 0.011188 0.385449 0.590828 0.000061 0.012475
2 2 0.003538 0.244390 0.744166 0.000031 0.007875
2 2 0.008229 0.326248 0.655297 0.000001 0.010224
2 2 0.012586 0.419984 0.558033 0.000004 0.009392
1 2 0.404133 0.548388 0.028143 0.000000 0.019336
1 2 0.464127 0.493862 0.022071 0.000000 0.019940
1 2 0.033816 0.662761 0.249702 0.000009 0.053712
1 2 0.005757 0.571618 0.401001 0.000014 0.021611
2 2 0.001235 0.346704 0.640242 0.000001 0.011818
2 2 0.000863 0.208451 0.767998 0.000000 0.022687
2 2 0.001156 0.161442 0.832292 0.000008 0.005101
2 2 0.001035 0.342864 0.634083 0.000000 0.022018
1 2 0.022855 0.768337 0.105418 0.000000 0.103390
1 2 0.026787 0.741185 0.112048 0.000000 0.119980
1 2 0.014656 0.705756 0.131789 0.000000 0.147799
1 2 0.017652 0.712960 0.120986 0.000000 0.148402
1 2 0.096364 0.732302 0.042148 0.000000 0.129185
1 2 0.044249 0.779954 0.077772 0.000000 0.098025
1 2 0.007849 0.669098 0.207909 0.000000 0.115143
1 2 0.014621 0.745196 0.114275 0.000000 0.125908
1 2 0.019176 0.734107 0.101774 0.000000 0.144944
1 2 0.025920 0.757683 0.105118 0.000000 0.111279
1 2 0.018199 0.697368 0.076173 0.000000 0.208261
1 2 0.031178 0.703334 0.046262 0.000000 0.219225
1 2 0.038969 0.690410 0.058863 0.000000 0.211759
1 2 0.037592 0.721316 0.033189 0.000000 0.207903
1 2 0.092430 0.746308 0.041945 0.000000 0.119317
1 2 0.074328 0.756372 0.049383 0.000000 0.119916
1 2 0.102558 0.615341 0.028032 0.000000 0.254069
1 4 0.070088 0.643677 0.044949 0.000000 0.241286
4 4 0.183599 0.129225 0.015249 0.000000 0.671927
4 4 0.169127 0.108751 0.009001 0.000000 0.713120
1 4 0.134382 0.766096 0.037063 0.000000 0.062459
1 4 0.101296 0.774965 0.042417 0.000000 0.081322
1 4 0.119765 0.530050 0.029465 0.000000 0.320721
4 4 0.167042 0.359590 0.024032 0.000000 0.449336
0 4 0.504688 0.166774 0.012012 0.000000 0.316526
4 4 0.316635 0.320587 0.023883 0.000000 0.338895
1 4 0.061425 0.759542 0.040739 0.000000 0.138294
1 4 0.052609 0.753139 0.042088 0.000000 0.152164
1 4 0.149262 0.698999 0.036314 0.000000 0.115425
1 4 0.159608 0.697889 0.039842 0.000000 0.102661
1 4 0.047591 0.733656 0.046639 0.000000 0.172114
1 4 0.036813 0.720456 0.053494 0.000000 0.189237
1 4 0.055238 0.695548 0.062386 0.000000 0.186828
1 4 0.150919 0.554144 0.033782 0.000000 0.261155
1 4 0.241980 0.601840 0.034038 0.000000 0.122141
1 4 0.376404 0.468258 0.018476 0.000000 0.136862
1 4 0.080380 0.734094 0.051169 0.000000 0.134356
1 4 0.116364 0.689047 0.045767 0.000000 0.148822
4 4 0.139836 0.403662 0.022414 0.000000 0.434088
4 4 0.230155 0.310807 0.011574 0.000000 0.447464
1 4 0.189193 0.421059 0.017347 0.000000 0.372401
4 4 0.342515 0.285039 0.014033 0.000000 0.358412
1 4 0.036009 0.757111 0.070651 0.000000 0.136229
1 4 0.049141 0.756075 0.053796 0.000000 0.140988
1 4 0.033732 0.739081 0.076211 0.000000 0.150976
1 4 0.017792 0.727819 0.068021 0.000000 0.186367
1 4 0.015004 0.714706 0.126791 0.000000 0.143499
1 4 0.011032 0.737047 0.146802 0.000000 0.105119
1 4 0.011217 0.637783 0.287624 0.000001 0.063375
2 2 0.002075 0.416922 0.550487 0.000007 0.030509
2 2 0.001568 0.185636 0.808767 0.000009 0.004021
2 2 0.003948 0.309993 0.676831 0.000008 0.009220
1 2 0.388304 0.547426 0.025249 0.000000 0.039022
1 2 0.198355 0.713125 0.055947 0.000000 0.032574
1 2 0.038106 0.758836 0.161755 0.000002 0.041301
1 2 0.151944 0.732958 0.069512 0.000000 0.045587
1 2 0.016726 0.658372 0.291596 0.000003 0.033302
1 2 0.031224 0.636129 0.273956 0.000002 0.058689
2 2 0.002132 0.093788 0.902126 0.000013 0.001941
2 2 0.008223 0.214497 0.774625 0.000019 0.002636
0 2 0.493001 0.446972 0.025738 0.000000 0.034289
1 2 0.404228 0.537217 0.027499 0.000000 0.031056
1 2 0.016560 0.618500 0.350268 0.000000 0.014672
2 2 0.002003 0.135021 0.856852 0.000000 0.006123
1 2 0.106919 0.782765 0.070558 0.000000 0.039759
1 2 0.154227 0.738133 0.064164 0.000000 0.043476
1 2 0.220591 0.702976 0.057639 0.000000 0.018793
1 2 0.248067 0.652716 0.063722 0.000000 0.035495
1 2 0.421306 0.492198 0.044288 0.000000 0.042208
1 2 0.432391 0.484838 0.031468 0.000000 0.051304
2 2 0.002864 0.457909 0.527570 0.000004 0.011653
2 2 0.002342 0.268231 0.709588 0.000000 0.019838
2 2 0.001238 0.166324 0.828645 0.000002 0.003791
2 2 0.000460 0.079963 0.916891 0.000003 0.002683
2 2 0.004562 0.118037 0.869251 0.000069 0.008082
2 2 0.009477 0.172162 0.812391 0.000133 0.005837
1 2 0.389788 0.549997 0.031458 0.000000 0.028757
1 2 0.450038 0.494251 0.029898 0.000000 0.025813
0 2 0.861045 0.116341 0.006856 0.000000 0.015758
0 2 0.765701 0.195791 0.016086 0.000001 0.022421
1 2 0.023682 0.483035 0.480816 0.000297 0.012170
1 2 0.173092 0.624506 0.175312 0.000002 0.027088
0 2 0.455973 0.400034 0.054684 0.000006 0.089303
1 4 0.322919 0.514986 0.069909 0.000003 0.092183
2 4 0.032247 0.280509 0.682652 0.000046 0.004546
1 4 0.082190 0.753830 0.147959 0.000001 0.016020
0 4 0.729612 0.220861 0.019264 0.000001 0.030261
0 4 0.776401 0.171679 0.013803 0.000000 0.038117
1 4 0.449878 0.494134 0.028904 0.000000 0.027085
0 4 0.480820 0.465257 0.022097 0.000000 0.031827
2 4 0.024507 0.303538 0.621993 0.009715 0.040248
2 2 0.080336 0.108277 0.770054 0.003523 0.037810
1 2 0.044518 0.516784 0.409901 0.000017 0.028779
2 2 0.002898 0.217653 0.772079 0.000004 0.007366
2 2 0.006952 0.213647 0.775157 0.000031 0.004213
2 2 0.007736 0.236727 0.752596 0.000110 0.002831
2 2 0.002095 0.130542 0.864577 0.000646 0.002140
2 2 0.002092 0.069762 0.925651 0.001186 0.001310
0 2 0.396830 0.283127 0.286977 0.001573 0.031493
1 2 0.264768 0.510161 0.206721 0.000166 0.018184
2 2 0.004266 0.104965 0.888226 0.001062 0.001481
2 2 0.002450 0.063537 0.932895 0.000468 0.000649
2 2 0.001566 0.044924 0.952694 0.000758 0.000058
2 2 0.000291 0.007060 0.989133 0.003503 0.000013
2 2 0.051661 0.186672 0.759252 0.001175 0.001240
1 2 0.150589 0.491161 0.355853 0.000114 0.002283
2 2 0.011723 0.273988 0.711362 0.000607 0.002320
2 2 0.002328 0.030258 0.965468 0.000064 0.001882
0 2 0.574809 0.371775 0.031803 0.000000 0.021612
0 2 0.734995 0.222126 0.018132 0.000001 0.024747
1 2 0.194552 0.623393 0.087426 0.000001 0.094628
1 2 0.062958 0.722414 0.161051 0.000008 0.053569
2 2 0.024783 0.256863 0.712164 0.000437 0.005754
1 2 0.113970 0.643868 0.222196 0.000005 0.019961
0 2 0.831322 0.145943 0.009066 0.000000 0.013669
0 2 0.507397 0.435042 0.028173 0.000000 0.029388
2 2 0.011163 0.356453 0.617695 0.000759 0.013930
2 2 0.003804 0.140867 0.847943 0.000581 0.006805
2 2 0.055531 0.128779 0.800591 0.006635 0.008465
0 2 0.600722 0.216355 0.171634 0.001583 0.009706
0 2 0.985275 0.011813 0.000674 0.000000 0.002238
0 0 0.909169 0.080262 0.005112 0.000000 0.005456
1 0 0.221589 0.665364 0.074018 0.000000 0.039029
1 2 0.077153 0.750523 0.148383 0.000005 0.023936
2 2 0.004793 0.264127 0.727761 0.000536 0.002783
2 2 0.005392 0.064378 0.928330 0.000659 0.001241
2 2 0.000740 0.040596 0.958332 0.000027 0.000304
2 2 0.000682 0.086205 0.912641 0.000025 0.000448
2 2 0.001728 0.202422 0.793777 0.000210 0.001863
2 2 0.001831 0.056995 0.940038 0.000018 0.001117
2 2 0.008187 0.091463 0.896874 0.003361 0.000115
2 2 0.003746 0.039350 0.949288 0.007545 0.000071
2 2 0.014473 0.049921 0.868883 0.066664 0.000059
2 2 0.021245 0.072993 0.839577 0.066074 0.000111
2 2 0.013488 0.027485 0.826648 0.132357 0.000023
2 2 0.010973 0.027560 0.827270 0.134152 0.000045
2 2 0.011882 0.010808 0.583607 0.393693 0.000010
2 2 0.013689 0.015823 0.571831 0.398647 0.000012
2 2 0.029374 0.044292 0.672535 0.253751 0.000047
2 3 0.014103 0.019423 0.672201 0.294253 0.000020
3 3 0.022695 0.018466 0.424782 0.534043 0.000014
2 3 0.010534 0.012032 0.568533 0.408889 0.000012
3 3 0.004770 0.001735 0.117142 0.876350 0.000003
3 3 0.001845 0.000537 0.085824 0.911793 0.000001
3 3 0.019960 0.010290 0.221123 0.748610 0.000017
3 3 0.012234 0.006174 0.222810 0.758768 0.000014
3 3 0.002700 0.001332 0.102567 0.893397 0.000004
3 3 0.001382 0.000352 0.068413 0.929852 0.000001
3 3 0.002317 0.000896 0.077893 0.918891 0.000003
3 3 0.000746 0.000191 0.067042 0.932021 0.000000
3 3 0.003076 0.000808 0.057843 0.938269 0.000005
3 3 0.003288 0.000875 0.060481 0.935352 0.000003
3 3 0.002696 0.000748 0.055281 0.941272 0.000003
3 3 0.001550 0.000381 0.043532 0.954535 0.000003
3 3 0.012780 0.003928 0.083970 0.899279 0.000043
3 3 0.018305 0.008578 0.100257 0.872762 0.000098
2 3 0.148515 0.214220 0.583283 0.038637 0.015345
2 3 0.193935 0.302191 0.474613 0.013186 0.016075
1 3 0.316778 0.390843 0.271166 0.000544 0.020669
2 2 0.053442 0.287165 0.649267 0.002288 0.007838
2 2 0.001600 0.150917 0.844934 0.000053 0.002496
2 2 0.001214 0.045220 0.951722 0.000043 0.001801
2 2 0.049537 0.446766 0.488615 0.000058 0.015024
2 2 0.009952 0.147233 0.835566 0.000060 0.007189
2 2 0.008330 0.071404 0.916833 0.000534 0.002899
2 2 0.016221 0.269206 0.710744 0.000967 0.002862
2 2 0.003058 0.064921 0.929253 0.000010 0.002758
2 2 0.005095 0.217002 0.774284 0.000042 0.003577
2 2 0.002893 0.049932 0.944747 0.002275 0.000152
2 2 0.009418 0.082943 0.904643 0.002702 0.000294
2 2 0.007916 0.128843 0.843730 0.015082 0.004430
2 2 0.010049 0.099263 0.876772 0.010852 0.003064
2 2 0.001731 0.065000 0.932130 0.000474 0.000665
2 2 0.002867 0.058607 0.937451 0.000514 0.000560
2 2 0.003662 0.072840 0.921235 0.000343 0.001920
2 2 0.002342 0.100042 0.894737 0.000067 0.002812
2 2 0.024331 0.069986 0.893531 0.010759 0.001393
2 2 0.004496 0.094786 0.890097 0.008011 0.002610
2 2 0.005659 0.099157 0.893665 0.000329 0.001191
2 2 0.000847 0.043722 0.954208 0.000221 0.001001
2 2 0.002810 0.044764 0.948930 0.001811 0.001685
2 2 0.001052 0.074223 0.920026 0.001180 0.003519
2 2 0.008620 0.033071 0.823828 0.134335 0.000146
2 2 0.008355 0.029430 0.778818 0.183296 0.000101
3 2 0.007841 0.011505 0.395593 0.584995 0.000067
3 2 0.008779 0.012056 0.394641 0.584458 0.000066
3 2 0.001151 0.001627 0.367439 0.629779 0.000003
3 2 0.001279 0.001608 0.281812 0.715297 0.000005
3 3 0.003969 0.005236 0.246871 0.743882 0.000042
3 3 0.000827 0.000950 0.191858 0.806355 0.000010
3 3 0.000671 0.000224 0.058324 0.940780 0.000001
3 3 0.000952 0.000319 0.063791 0.934937 0.000001
3 3 0.002391 0.000861 0.076446 0.920299 0.000003
3 3 0.001519 0.000295 0.049935 0.948250 0.000001
3 3 0.000906 0.000177 0.027339 0.971577 0.000001
3 3 0.001504 0.000428 0.028070 0.969993 0.000005
3 3 0.004613 0.002815 0.075489 0.917031 0.000051
3 3 0.003889 0.002545 0.050304 0.943196 0.000067
3 3 0.000561 0.000312 0.020873 0.978249 0.000006
3 3 0.001733 0.000845 0.020958 0.976446 0.000019
3 3 0.000203 0.000088 0.020146 0.979562 0.000001
3 3 0.000617 0.000253 0.022546 0.976579 0.000004
3 3 0.000169 0.000069 0.018998 0.980763 0.000001
3 3 0.000245 0.000078 0.021857 0.977820 0.000001
3 3 0.000532 0.000155 0.019958 0.979353 0.000002
3 3 0.000947 0.000289 0.020927 0.977833 0.000003
3 3 0.000836 0.000198 0.017379 0.981585 0.000002
3 3 0.000956 0.000192 0.019832 0.979020 0.000001
3 3 0.000299 0.000064 0.017589 0.982048 0.000000
3 3 0.000338 0.000089 0.016480 0.983093 0.000001
3 3 0.000682 0.000262 0.013315 0.985737 0.000003
3 3 0.000681 0.000223 0.015219 0.983874 0.000003
3 3 0.004635 0.002781 0.037235 0.955257 0.000093
3 3 0.004734 0.003969 0.057218 0.933947 0.000132
2 3 0.035794 0.081083 0.627835 0.254651 0.000637
3 3 0.015002 0.037028 0.449689 0.497428 0.000853
2 3 0.011796 0.017849 0.500180 0.470125 0.000050
2 3 0.015703 0.021749 0.494086 0.468407 0.000055
3 3 0.001169 0.000562 0.070144 0.928121 0.000004
3 3 0.001723 0.000714 0.073545 0.924015 0.000004
3 3 0.001713 0.000426 0.033890 0.963967 0.000004
3 3 0.001494 0.000523 0.031130 0.966847 0.000007
3 3 0.000613 0.000098 0.015850 0.983438 0.000000
3 3 0.000638 0.000169 0.017275 0.981916 0.000002
3 3 0.000718 0.000124 0.019324 0.979833 0.000001
3 3 0.000654 0.000177 0.014958 0.984210 0.000002
3 3 0.001908 0.000732 0.018493 0.978854 0.000012
3 3 0.001524 0.000280 0.017671 0.980523 0.000002
3 3 0.001000 0.000293 0.020146 0.978558 0.000003
3 3 0.000622 0.000154 0.015993 0.983230 0.000001
3 3 0.000486 0.000085 0.015375 0.984053 0.000000
3 3 0.000833 0.000144 0.020790 0.978232 0.000001
3 3 0.000365 0.000118 0.014873 0.984642 0.000001
3 3 0.000644 0.000202 0.016599 0.982553 0.000002
3 3 0.002073 0.000392 0.013566 0.983966 0.000003
3 3 0.002920 0.000610 0.015562 0.980902 0.000006
3 3 0.002288 0.000583 0.012030 0.985092 0.000006
3 3 0.003145 0.000899 0.013042 0.982903 0.000012
3 3 0.004082 0.000788 0.015970 0.979153 0.000007
3 3 0.003620 0.000935 0.019213 0.976220 0.000012
3 3 0.005671 0.003618 0.025184 0.965385 0.000143
3 3 0.022016 0.014727 0.133434 0.829544 0.000279
3 3 0.016061 0.008286 0.134582 0.840988 0.000083
3 3 0.017920 0.010238 0.151116 0.820625 0.000100
3 3 0.024706 0.011347 0.181865 0.781922 0.000160
3 3 0.022412 0.030636 0.312242 0.634238 0.000472
3 3 0.028371 0.020044 0.303704 0.647702 0.000179
2 3 0.057265 0.081927 0.510080 0.349887 0.000841
2 3 0.025404 0.151259 0.710451 0.097451 0.015436
2 3 0.022481 0.105330 0.763455 0.097552 0.011182
2 3 0.055266 0.209274 0.709502 0.019842 0.006116
2 3 0.168346 0.360002 0.457621 0.006291 0.007741
0 2 0.506174 0.382572 0.086392 0.000090 0.024772
1 2 0.188446 0.607354 0.176720 0.000398 0.027082
2 2 0.001999 0.212537 0.779674 0.000339 0.005451
2 2 0.001572 0.197099 0.780545 0.000001 0.020782
1 2 0.027764 0.672282 0.104123 0.000000 0.195830
1 2 0.048163 0.709069 0.081866 0.000000 0.160902
1 2 0.029176 0.631813 0.063507 0.000000 0.275504
1 2 0.013513 0.557813 0.064071 0.000000 0.364603
1 2 0.012142 0.568390 0.167948 0.000000 0.251519
1 2 0.005990 0.577919 0.110082 0.000000 0.306009
1 2 0.019335 0.662975 0.073237 0.000000 0.244453
1 2 0.016622 0.672882 0.075451 0.000000 0.235046
0 2 0.520911 0.397917 0.021649 0.000000 0.059523
0 2 0.620079 0.325132 0.011078 0.000000 0.043711
0 0 0.785045 0.194241 0.006284 0.000000 0.014430
0 0 0.873624 0.112763 0.004198 0.000000 0.009415
1 0 0.046148 0.674897 0.071793 0.000000 0.207163
1 0 0.056726 0.657583 0.050321 0.000000 0.235370
1 2 0.020547 0.692543 0.086391 0.000000 0.200518
1 4 0.027110 0.715819 0.081493 0.000000 0.175578
4 4 0.109292 0.325083 0.037331 0.000000 0.528293
4 4 0.101078 0.374576 0.034441 0.000000 0.489905
0 4 0.612670 0.338052 0.010738 0.000000 0.038540
0 4 0.671926 0.283291 0.016013 0.000000 0.028770
1 4 0.018425 0.644079 0.120373 0.000000 0.217123
1 4 0.018271 0.692215 0.129436 0.000000 0.160078
4 4 0.185465 0.368044 0.028404 0.000000 0.418087
4 4 0.187245 0.334602 0.023626 0.000000 0.454526
1 4 0.027374 0.683697 0.106327 0.000000 0.182602
1 4 0.040329 0.723621 0.093280 0.000000 0.142770
1 4 0.021503 0.739462 0.118598 0.000000 0.120437
1 4 0.040719 0.712910 0.133519 0.000000 0.112851
1 4 0.028327 0.739833 0.104705 0.000000 0.127135
1 4 0.018777 0.705902 0.139744 0.000000 0.135577
2 4 0.009112 0.433331 0.510257 0.000016 0.047283
1 4 0.013178 0.561475 0.373952 0.000004 0.051391
2 4 0.007347 0.271447 0.701858 0.000004 0.019343
2 4 0.016338 0.362102 0.594931 0.000067 0.026562
2 4 0.003238 0.121407 0.872461 0.000036 0.002857
2 2 0.000852 0.055643 0.940983 0.000003 0.002519
1 2 0.217673 0.524411 0.237073 0.000014 0.020830
0 2 0.520511 0.395985 0.055687 0.000016 0.027801
0 2 0.725585 0.254659 0.007442 0.000000 0.012314
0 0 0.758354 0.224923 0.006646 0.000000 0.010078
1 0 0.175531 0.726414 0.062549 0.000000 0.035506
1 0 0.107213 0.757508 0.105033 0.000001 0.030245
1 0 0.022245 0.708575 0.240322 0.000001 0.028857
1 2 0.032457 0.585666 0.350744 0.000001 0.031133
1 2 0.376690 0.532436 0.034840 0.000000 0.056034
1 2 0.276512 0.628477 0.054966 0.000000 0.040045
1 2 0.060307 0.737635 0.135791 0.000001 0.066265
1 4 0.039938 0.743820 0.148696 0.000001 0.067544
1 4 0.050565 0.562974 0.348944 0.000002 0.037514
1 4 0.054245 0.711071 0.184793 0.000005 0.049886
1 4 0.018397 0.500280 0.457322 0.000006 0.023996
2 2 0.001438 0.134404 0.856409 0.000002 0.007748
2 2 0.020900 0.295222 0.675132 0.000031 0.008715
1 2 0.129721 0.687520 0.156431 0.000002 0.026327
1 2 0.022708 0.759556 0.188153 0.000000 0.029584
2 2 0.007371 0.347190 0.627389 0.000001 0.018049
2 2 0.006475 0.351963 0.631457 0.000001 0.010104
2 2 0.002193 0.204696 0.784592 0.000001 0.008518
2 2 0.001500 0.086845 0.909999 0.000002 0.001653
2 2 0.003375 0.135073 0.860482 0.000084 0.000987
1 2 0.456256 0.483910 0.031973 0.000000 0.027862
1 2 0.388961 0.548633 0.039396 0.000000 0.023010
0 2 0.470546 0.467129 0.034804 0.000000 0.027521
0 2 0.795098 0.152605 0.014581 0.000002 0.037713
1 2 0.163061 0.727804 0.061449 0.000000 0.047686
1 2 0.069161 0.774180 0.114152 0.000000 0.042507
1 2 0.010689 0.681907 0.223800 0.000003 0.083601
1 2 0.008423 0.534092 0.394258 0.000003 0.063224
2 2 0.001024 0.101035 0.891633 0.000001 0.006307
2 2 0.002152 0.113386 0.881538 0.000028 0.002897
2 2 0.006000 0.138838 0.848388 0.000261 0.006514
2 2 0.005621 0.103709 0.884516 0.000060 0.006095
2 2 0.000221 0.041042 0.957766 0.000002 0.000969
2 2 0.000933 0.120876 0.876462 0.000028 0.001701
2 2 0.000538 0.061962 0.936188 0.000002 0.001310
2 2 0.002265 0.113077 0.882961 0.000020 0.001676
2 2 0.000984 0.060876 0.937491 0.000016 0.000634
2 2 0.000574 0.054369 0.943962 0.000003 0.001091
2 2 0.002186 0.066725 0.929946 0.000301 0.000842
2 2 0.001486 0.126852 0.869962 0.000018 0.001681
2 2 0.001722 0.113205 0.884472 0.000004 0.000597
2 2 0.002290 0.069948 0.927078 0.000027 0.000658
2 2 0.017378 0.115852 0.865042 0.000734 0.000994
2 2 0.097725 0.389041 0.509834 0.000277 0.003122
0 2 0.699150 0.231405 0.055839 0.000260 0.013346
0 2 0.673026 0.288667 0.029483 0.000003 0.008821
1 2 0.032874 0.487810 0.457763 0.000081 0.021472
2 2 0.009519 0.172595 0.809013 0.000058 0.008815
2 2 0.000407 0.053489 0.945444 0.000043 0.000617
2 2 0.002387 0.037512 0.959329 0.000105 0.000665
2 2 0.002885 0.155763 0.838440 0.000018 0.002895
2 2 0.002154 0.150373 0.844018 0.000006 0.003449
2 2 0.002426 0.036773 0.959428 0.001222 0.000152
2 2 0.018711 0.078416 0.902134 0.000561 0.000178
0 2 0.514954 0.411771 0.052109 0.000007 0.021158
1 2 0.421194 0.515812 0.045691 0.000000 0.017302
0 2 0.590471 0.351052 0.036411 0.000002 0.022065
0 0 0.478798 0.461738 0.039293 0.000000 0.020171
0 0 0.538695 0.416093 0.023112 0.000000 0.022100
0 0 0.691065 0.278506 0.014163 0.000000 0.016265
0 0 0.581309 0.380995 0.019704 0.000000 0.017992
0 0 0.634774 0.327168 0.020358 0.000000 0.017700
1 2 0.228151 0.675707 0.037866 0.000000 0.058276
1 2 0.223051 0.685642 0.037143 0.000000 0.054164
1 0 0.425669 0.514739 0.035060 0.000000 0.024532
0 0 0.561286 0.396933 0.025454 0.000000 0.016327
1 4 0.310146 0.615059 0.038936 0.000000 0.035859
1 4 0.449918 0.493949 0.023627 0.000000 0.032506
0 4 0.906688 0.069482 0.004364 0.000000 0.019467
0 4 0.709305 0.244192 0.013114 0.000000 0.033388
1 4 0.121428 0.726627 0.073634 0.000000 0.078310
1 4 0.059103 0.744540 0.138013 0.000002 0.058343
1 4 0.174369 0.719651 0.053579 0.000000 0.052402
1 4 0.439504 0.490347 0.016290 0.000000 0.053860
1 4 0.045693 0.732103 0.099385 0.000000 0.122819
1 4 0.028464 0.738928 0.150305 0.000001 0.082302
1 4 0.077006 0.738693 0.135864 0.000000 0.048437
1 4 0.061770 0.768222 0.123236 0.000001 0.046771
2 4 0.003429 0.371731 0.587103 0.000015 0.037722
2 2 0.002742 0.197058 0.774362 0.000006 0.025833
2 2 0.002583 0.083191 0.907885 0.000021 0.006319
2 2 0.002338 0.151233 0.841212 0.000098 0.005120
2 2 0.043218 0.247358 0.702099 0.000005 0.007321
1 2 0.040933 0.648482 0.302665 0.000003 0.007917
2 2 0.000604 0.093692 0.904792 0.000005 0.000907
2 2 0.002760 0.163600 0.832146 0.000003 0.001492
2 2 0.010375 0.136869 0.850197 0.000139 0.002420
1 2 0.080930 0.539403 0.370451 0.000162 0.009053
2 2 0.004709 0.270148 0.720029 0.000189 0.004924
2 2 0.005397 0.098178 0.892525 0.000030 0.003870
2 2 0.001815 0.121057 0.876314 0.000043 0.000770
2 2 0.000971 0.032136 0.966440 0.000025 0.000427
2 2 0.005041 0.141290 0.850407 0.000007 0.003255
2 2 0.003534 0.112862 0.881014 0.000019 0.002570
1 2 0.320021 0.432118 0.233412 0.000092 0.014357
1 2 0.422265 0.471035 0.091671 0.000014 0.015015
0 2 0.726519 0.243684 0.014611 0.000000 0.015186
0 2 0.523771 0.428577 0.027136 0.000000 0.020516
1 2 0.133911 0.751927 0.070163 0.000000 0.043999
1 2 0.046804 0.773100 0.138409 0.000001 0.041686
2 2 0.002279 0.163158 0.829187 0.000069 0.005306
2 2 0.001876 0.090393 0.903944 0.000053 0.003734
2 2 0.011091 0.304781 0.677974 0.000235 0.005918
2 2 0.004861 0.160572 0.829541 0.000086 0.004940
2 2 0.054903 0.315654 0.624596 0.000139 0.004708
1 2 0.188585 0.630169 0.170142 0.000002 0.011102
2 2 0.001088 0.173277 0.823767 0.000035 0.001832
2 2 0.000427 0.058185 0.939149 0.000000 0.002239
2 2 0.000817 0.046566 0.952007 0.000266 0.000344
2 2 0.001124 0.066201 0.932042 0.000247 0.000387
2 2 0.000414 0.073586 0.924701 0.000004 0.001296
2 2 0.000537 0.041832 0.957194 0.000038 0.000399
2 2 0.001099 0.071290 0.927083 0.000016 0.000512
2 2 0.001277 0.078612 0.919598 0.000013 0.000500
2 2 0.000978 0.032292 0.966424 0.000187 0.000119
2 2 0.001303 0.024032 0.974312 0.000209 0.000143
2 2 0.002788 0.080128 0.915905 0.000234 0.000945
2 2 0.002359 0.046510 0.949579 0.000705 0.000847
2 2 0.004572 0.035362 0.957277 0.002756 0.000033
2 2 0.000578 0.009510 0.983955 0.005942 0.000015
2 2 0.001363 0.010499 0.978148 0.009979 0.000011
2 2 0.002286 0.022066 0.965184 0.010445 0.000018
2 2 0.003754 0.033889 0.957250 0.005084 0.000023
2 2 0.003656 0.028930 0.964806 0.002593 0.000016
2 2 0.005622 0.036952 0.932907 0.024474 0.000045
2 2 0.002896 0.018535 0.949651 0.028892 0.000026
2 2 0.000468 0.017326 0.980626 0.001514 0.000066
2 2 0.000835 0.034420 0.963698 0.000945 0.000103
2 2 0.002771 0.023835 0.965269 0.008110 0.000016
2 2 0.002695 0.015237 0.966057 0.015994 0.000017
2 2 0.008462 0.052954 0.918365 0.020146 0.000073
2 2 0.002339 0.014671 0.959695 0.023274 0.000021
2 2 0.008780 0.030670 0.784490 0.175918 0.000141
2 2 0.007866 0.031318 0.747638 0.212924 0.000254
2 2 0.010856 0.024510 0.724454 0.240139 0.000041
2 2 0.005956 0.010674 0.717445 0.265912 0.000013
2 2 0.008477 0.027114 0.674919 0.289343 0.000148
2 2 0.005714 0.012316 0.621715 0.360217 0.000038
2 2 0.004557 0.007840 0.540231 0.447355 0.000017
2 2 0.007594 0.012121 0.539151 0.441101 0.000032
3 2 0.001987 0.002250 0.397431 0.598329 0.000002
3 2 0.001624 0.002330 0.364657 0.631385 0.000004
3 2 0.002748 0.001707 0.196687 0.798855 0.000003
3 3 0.008088 0.006381 0.291750 0.693772 0.000010
2 3 0.008507 0.023562 0.645022 0.322823 0.000085
2 3 0.006321 0.014224 0.552832 0.426546 0.000077
3 3 0.001895 0.001930 0.281393 0.714777 0.000004
3 3 0.002405 0.002768 0.327681 0.667139 0.000008
3 3 0.005142 0.003229 0.175084 0.816533 0.000012
3 3 0.007527 0.004509 0.244845 0.743104 0.000015
3 3 0.001390 0.000823 0.085194 0.912587 0.000006
3 3 0.000734 0.000606 0.123507 0.875150 0.000003
3 3 0.002357 0.001424 0.108139 0.888068 0.000012
3 3 0.003644 0.002608 0.121618 0.872095 0.000035
3 3 0.003178 0.006449 0.437384 0.552963 0.000026
3 3 0.000948 0.000781 0.169729 0.828540 0.000003
3 3 0.012590 0.017315 0.391329 0.578674 0.000092
3 3 0.005796 0.006544 0.338251 0.649376 0.000034
3 3 0.000460 0.000260 0.080127 0.919152 0.000001
3 3 0.000625 0.000460 0.076964 0.921945 0.000006
3 3 0.002569 0.002403 0.192911 0.802103 0.000014
3 3 0.001802 0.001358 0.133547 0.863283 0.000009
3 3 0.000846 0.000444 0.067105 0.931601 0.000005
3 3 0.000733 0.000399 0.048031 0.950831 0.000005
3 3 0.000793 0.000506 0.050719 0.947974 0.000009
3 3 0.001025 0.000464 0.048569 0.949937 0.000006
3 3 0.001528 0.000665 0.041613 0.956184 0.000010
3 3 0.002235 0.000930 0.063623 0.933205 0.000007
3 3 0.000399 0.000310 0.049517 0.949768 0.000006
3 3 0.000802 0.000708 0.055078 0.943390 0.000021
3 3 0.002511 0.000789 0.039976 0.956717 0.000007
3 3 0.000776 0.000206 0.041172 0.957844 0.000001
3 3 0.000635 0.000129 0.018558 0.980676 0.000001
3 3 0.000386 0.000107 0.024917 0.974589 0.000001
3 3 0.002414 0.000806 0.023317 0.973451 0.000013
3 3 0.000659 0.000140 0.022486 0.976714 0.000001
3 3 0.000392 0.000194 0.018182 0.981228 0.000003
3 3 0.000633 0.000266 0.020968 0.978129 0.000004
3 3 0.000332 0.000100 0.016479 0.983088 0.000001
3 3 0.000181 0.000048 0.019335 0.980436 0.000000
3 3 0.003066 0.002504 0.082752 0.911618 0.000059
3 3 0.004650 0.002781 0.095152 0.897371 0.000046
3 3 0.014059 0.008739 0.089424 0.887519 0.000259
3 3 0.046176 0.053029 0.313493 0.586363 0.000939
0 3 0.637145 0.200630 0.122834 0.004071 0.035319
0 0 0.830781 0.100389 0.044590 0.002233 0.022006
0 0 0.640805 0.310269 0.034911 0.000004 0.014012
0 2 0.471930 0.448184 0.065234 0.000020 0.014632
1 2 0.049984 0.724618 0.120783 0.000000 0.104614
1 2 0.077920 0.734404 0.096184 0.000000 0.091492
1 2 0.146694 0.654208 0.049717 0.000000 0.149382
1 2 0.154792 0.674516 0.049525 0.000000 0.121168
1 2 0.031757 0.706644 0.085496 0.000000 0.176102
1 2 0.040955 0.743641 0.069556 0.000000 0.145848
1 4 0.215118 0.618152 0.039618 0.000000 0.127112
1 4 0.166352 0.689330 0.062054 0.000000 0.082264
1 4 0.240839 0.648427 0.040576 0.000000 0.070158
1 4 0.171314 0.667947 0.054450 0.000000 0.106290
1 4 0.107492 0.661874 0.049025 0.000000 0.181609
1 4 0.180670 0.648589 0.046370 0.000000 0.124371
1 4 0.197896 0.596032 0.028592 0.000000 0.177480
1 4 0.174606 0.615094 0.035948 0.000000 0.174352
1 4 0.369187 0.386696 0.035565 0.000000 0.208552
0 4 0.445271 0.224409 0.030917 0.000006 0.299398
0 4 0.675837 0.167089 0.012924 0.000000 0.144150
0 4 0.688691 0.183152 0.016760 0.000001 0.111397
0 4 0.601969 0.200246 0.008605 0.000000 0.189180
0 4 0.586797 0.177090 0.011101 0.000000 0.225013
1 4 0.107327 0.751638 0.063765 0.000000 0.077270
1 4 0.104506 0.716891 0.077710 0.000000 0.100894
1 4 0.198445 0.621026 0.037007 0.000000 0.143521
1 4 0.246855 0.601013 0.029657 0.000000 0.122475
0 4 0.787268 0.184602 0.007431 0.000000 0.020698
1 4 0.400196 0.526753 0.021737 0.000000 0.051315
1 4 0.073600 0.648958 0.044236 0.000000 0.233207
1 4 0.079428 0.619224 0.046820 0.000000 0.254528
1 4 0.139598 0.592096 0.035371 0.000000 0.232935
1 4 0.312765 0.492732 0.017860 0.000000 0.176644
1 4 0.343166 0.345246 0.022841 0.000000 0.288747
0 4 0.616299 0.146333 0.008011 0.000000 0.229357
0 4 0.497370 0.227552 0.015083 0.000000 0.259995
0 4 0.494709 0.198460 0.013723 0.000000 0.293107
4 4 0.302333 0.304250 0.032087 0.000000 0.361330
0 4 0.423647 0.337180 0.028623 0.000000 0.210550
0 4 0.758684 0.121531 0.012103 0.000002 0.107680
0 4 0.593390 0.235354 0.017397 0.000000 0.153859
0 4 0.608771 0.273899 0.013511 0.000000 0.103819
0 4 0.519033 0.339093 0.021686 0.000000 0.120188
0 4 0.589019 0.320689 0.018506 0.000000 0.071786
0 4 0.549736 0.350860 0.016121 0.000000 0.083283
0 4 0.693644 0.127977 0.008690 0.000000 0.169690
0 4 0.700329 0.127659 0.011677 0.000001 0.160334
0 4 0.604895 0.115637 0.014870 0.000008 0.264591
0 4 0.733774 0.047066 0.005564 0.000009 0.213588
0 4 0.807069 0.041994 0.003382 0.000001 0.147554
0 4 0.819070 0.026597 0.002269 0.000001 0.152064
1 4 0.208509 0.638501 0.031278 0.000000 0.121713
1 4 0.248667 0.659614 0.027990 0.000000 0.063729
0 4 0.402829 0.373731 0.033786 0.000000 0.189653
0 4 0.480552 0.319547 0.027120 0.000000 0.172781
1 4 0.326607 0.582159 0.023825 0.000000 0.067410
1 4 0.255872 0.638115 0.027748 0.000000 0.078266
1 4 0.168319 0.697345 0.048629 0.000000 0.085707
1 4 0.146761 0.706607 0.044219 0.000000 0.102413
1 4 0.134832 0.715639 0.057577 0.000000 0.091952
1 4 0.130028 0.743521 0.060371 0.000000 0.066080
1 4 0.113228 0.745996 0.060548 0.000000 0.080228
1 4 0.138878 0.735777 0.052317 0.000000 0.073028
1 4 0.339905 0.581440 0.039748 0.000000 0.038907
0 0 0.613452 0.337144 0.016243 0.000000 0.033161
1 1 0.129403 0.722333 0.046789 0.000000 0.101475
1 1 0.159785 0.700272 0.042788 0.000000 0.097156
1 1 0.140041 0.716343 0.038895 0.000000 0.104721
1 1 0.132158 0.727805 0.036803 0.000000 0.103233
1 1 0.046854 0.732112 0.050868 0.000000 0.170166
1 1 0.064351 0.672050 0.034028 0.000000 0.229570
1 1 0.101067 0.713060 0.049586 0.000000 0.136287
1 0 0.108234 0.700937 0.050108 0.000000 0.140722
1 0 0.304498 0.567557 0.021653 0.000000 0.106292
1 0 0.113227 0.706986 0.053430 0.000000 0.126357
1 0 0.133056 0.749128 0.072545 0.000000 0.045271
1 0 0.349640 0.559842 0.034478 0.000000 0.056040
1 0 0.312856 0.569790 0.024209 0.000000 0.093145
1 0 0.184711 0.683814 0.037995 0.000000 0.093480
0 0 0.522379 0.428127 0.024565 0.000000 0.024929
0 0 0.780535 0.195099 0.008156 0.000000 0.016211
0 0 0.761943 0.206553 0.006218 0.000000 0.025286
0 0 0.728680 0.233505 0.006758 0.000000 0.031057
0 0 0.474696 0.472563 0.019103 0.000000 0.033639
0 0 0.498046 0.441946 0.020560 0.000000 0.039448
1 0 0.066177 0.774156 0.061500 0.000000 0.098168
1 0 0.059791 0.771884 0.072191 0.000000 0.096133
1 1 0.101581 0.765152 0.062068 0.000000 0.071198
1 1 0.190649 0.690630 0.034117 0.000000 0.084604
1 1 0.203499 0.678349 0.062227 0.000000 0.055926
0 1 0.560119 0.340558 0.021805 0.000000 0.077518
1 0 0.398730 0.555410 0.017267 0.000000 0.028593
1 0 0.337028 0.608420 0.020382 0.000000 0.034171
1 0 0.305868 0.626293 0.033315 0.000000 0.034524
1 0 0.314718 0.612829 0.038112 0.000000 0.034340
1 0 0.375827 0.497264 0.021619 0.000000 0.105290
1 0 0.189131 0.683860 0.040998 0.000000 0.086011
1 1 0.040398 0.786552 0.079020 0.000000 0.094031
1 1 0.033856 0.767384 0.097079 0.000000 0.101681
1 1 0.019225 0.746148 0.109782 0.000000 0.124845
1 1 0.028705 0.750903 0.083586 0.000000 0.136806
1 1 0.112838 0.776255 0.052234 0.000000 0.058673
1 1 0.090267 0.761954 0.079562 0.000000 0.068217
1 1 0.064530 0.757671 0.084176 0.000000 0.093623
1 1 0.063055 0.730489 0.100129 0.000000 0.106327
1 1 0.027910 0.707283 0.192887 0.000001 0.071918
1 2 0.017102 0.695889 0.214445 0.000001 0.072564
1 2 0.112694 0.761969 0.092793 0.000000 0.032543
1 2 0.098901 0.657569 0.200508 0.000001 0.043021
2 2 0.002816 0.411084 0.562639 0.000002 0.023460
2 2 0.000522 0.174503 0.813998 0.000000 0.010977
2 2 0.007257 0.124957 0.859864 0.000004 0.007918
1 2 0.033946 0.513137 0.424033 0.000004 0.028881
1 2 0.073071 0.698637 0.184931 0.000002 0.043360
1 2 0.115782 0.725061 0.107828 0.000000 0.051329
1 2 0.384564 0.498388 0.034910 0.000000 0.082137
1 2 0.115485 0.713004 0.096076 0.000000 0.075434
1 2 0.023334 0.720853 0.182900 0.000000 0.072912
2 2 0.010159 0.460458 0.495129 0.000002 0.034253
2 2 0.000617 0.164238 0.831908 0.000003 0.003234
2 2 0.000873 0.098368 0.898085 0.000014 0.002660
2 2 0.000582 0.047972 0.950397 0.000003 0.001047
2 2 0.000626 0.092891 0.904971 0.000005 0.001507
2 2 0.001626 0.129535 0.863289 0.000000 0.005550
2 2 0.003243 0.200539 0.791036 0.000000 0.005181
2 2 0.035861 0.238276 0.718156 0.000115 0.007591
1 2 0.155867 0.590473 0.231055 0.000031 0.022573
2 2 0.012920 0.424891 0.553702 0.000023 0.008465
2 2 0.004342 0.160705 0.828641 0.000005 0.006307
2 2 0.003270 0.248004 0.746000 0.000015 0.002711
2 2 0.001454 0.098247 0.897333 0.000001 0.002965
2 2 0.027643 0.467392 0.492060 0.000006 0.012899
2 2 0.004112 0.200067 0.788409 0.000001 0.007411
2 2 0.001167 0.131779 0.864001 0.000001 0.003052
2 2 0.002854 0.104337 0.890328 0.000005 0.002477
0 2 0.590569 0.332513 0.057320 0.000038 0.019561
1 2 0.314463 0.590387 0.081954 0.000006 0.013190
2 2 0.002769 0.297010 0.691186 0.000005 0.009030
2 2 0.003110 0.345211 0.641102 0.000009 0.010568
2 2 0.000865 0.066016 0.932492 0.000057 0.000569
2 2 0.000325 0.054834 0.944421 0.000007 0.000412
2 2 0.001740 0.078264 0.917043 0.000002 0.002952
2 2 0.000518 0.077137 0.919783 0.000001 0.002561
2 2 0.000472 0.032283 0.966904 0.000035 0.000305
2 2 0.000528 0.072147 0.926633 0.000027 0.000665
2 2 0.000885 0.056036 0.942505 0.000023 0.000551
2 2 0.000996 0.060614 0.937761 0.000061 0.000568
2 2 0.001927 0.046050 0.951335 0.000040 0.000648
2 2 0.000741 0.047423 0.951278 0.000227 0.000331
2 2 0.000901 0.028697 0.970026 0.000271 0.000105
2 2 0.000799 0.044288 0.954492 0.000206 0.000215
2 2 0.001010 0.042066 0.956225 0.000372 0.000327
2 2 0.001673 0.074876 0.922950 0.000245 0.000257
2 2 0.002244 0.051391 0.944945 0.001167 0.000253
2 2 0.006573 0.075288 0.916378 0.001446 0.000315
2 2 0.002220 0.020642 0.976147 0.000973 0.000017
2 2 0.005055 0.052958 0.940269 0.001654 0.000064
2 2 0.012126 0.039471 0.934030 0.014332 0.000040
2 2 0.050990 0.092287 0.827454 0.029149 0.000120
1 2 0.222410 0.501072 0.255000 0.000348 0.021169
2 2 0.058909 0.298270 0.630783 0.000047 0.011991
2 2 0.007717 0.135163 0.844224 0.000002 0.012895
2 2 0.002771 0.163132 0.828968 0.000023 0.005107
2 2 0.080689 0.351048 0.551830 0.000007 0.016426
1 2 0.268524 0.608275 0.094267 0.000001 0.028933
1 2 0.161988 0.729697 0.076956 0.000000 0.031359
1 2 0.281749 0.648029 0.040215 0.000000 0.030007
2 2 0.041384 0.448802 0.494488 0.000036 0.015290
1 2 0.130386 0.733369 0.101538 0.000001 0.034706
1 4 0.036096 0.597954 0.348162 0.000009 0.017778
1 4 0.032613 0.475760 0.469203 0.000013 0.022411
0 4 0.472872 0.434154 0.044452 0.000001 0.048521
1 4 0.192342 0.674704 0.101597 0.000003 0.031353
2 4 0.002219 0.229489 0.759763 0.000037 0.008492
2 4 0.003518 0.119197 0.870267 0.000070 0.006948
2 2 0.000215 0.015641 0.984062 0.000013 0.000069
2 2 0.000208 0.018660 0.980996 0.000007 0.000129
2 2 0.000365 0.054139 0.944661 0.000009 0.000826
2 2 0.001138 0.069291 0.927970 0.000001 0.001600
2 2 0.000731 0.064571 0.934325 0.000039 0.000334
2 2 0.000965 0.046201 0.952476 0.000006 0.000351
2 2 0.001339 0.040425 0.957699 0.000204 0.000333
2 2 0.002550 0.079279 0.917548 0.000360 0.000263
2 2 0.007453 0.165519 0.822140 0.000907 0.003981
2 2 0.003192 0.167442 0.825395 0.000252 0.003720
2 2 0.000882 0.081707 0.916788 0.000002 0.000622
2 2 0.000517 0.078369 0.920623 0.000004 0.000487
2 2 0.003536 0.087266 0.908421 0.000078 0.000699
2 2 0.018889 0.233452 0.746216 0.000144 0.001299
2 2 0.001170 0.104707 0.892391 0.000308 0.001425
2 2 0.000464 0.025694 0.972773 0.000167 0.000903
2 2 0.016411 0.109841 0.870876 0.000116 0.002756
2 2 0.015612 0.262287 0.717404 0.000718 0.003979
1 2 0.363925 0.443860 0.147680 0.000097 0.044438
2 2 0.049135 0.331497 0.600347 0.001717 0.017304
2 2 0.000520 0.021358 0.977832 0.000202 0.000089
2 2 0.000407 0.024820 0.974585 0.000113 0.000075
2 2 0.001978 0.105417 0.889592 0.000027 0.002985
2 2 0.001463 0.077118 0.918996 0.000013 0.002410
0 2 0.480236 0.420938 0.066276 0.000031 0.032520
1 2 0.146391 0.697810 0.135194 0.000017 0.020588
2 2 0.004018 0.232413 0.758498 0.000014 0.005057
2 2 0.013130 0.272350 0.701427 0.000000 0.013092
2 2 0.000742 0.039098 0.959716 0.000017 0.000427
2 2 0.000897 0.108982 0.889100 0.000004 0.001017
2 2 0.000562 0.090188 0.907921 0.000011 0.001318
2 2 0.001067 0.078507 0.919632 0.000094 0.000701
2 2 0.002793 0.088029 0.906298 0.000002 0.002878
2 2 0.001854 0.104445 0.893006 0.000056 0.000638
2 2 0.001640 0.114720 0.882678 0.000022 0.000941
2 2 0.001787 0.071995 0.925046 0.000001 0.001171
2 2 0.000317 0.033101 0.966351 0.000014 0.000217
2 2 0.000944 0.067016 0.931609 0.000051 0.000380
2 2 0.000467 0.038431 0.960873 0.000004 0.000225
2 2 0.002414 0.107762 0.889334 0.000035 0.000455
2 2 0.002282 0.095446 0.901050 0.000368 0.000854
2 2 0.001896 0.068336 0.928747 0.000196 0.000824
2 2 0.254552 0.334113 0.386761 0.001727 0.022847
1 2 0.114607 0.449992 0.418356 0.000416 0.016630
2 2 0.003556 0.221376 0.766349 0.000043 0.008676
2 2 0.001281 0.057438 0.937073 0.000006 0.004202
2 2 0.002634 0.314479 0.673998 0.000004 0.008885
2 2 0.002214 0.226755 0.759487 0.000001 0.011543
2 2 0.001996 0.040998 0.955343 0.000006 0.001657
2 2 0.024069 0.407676 0.561441 0.000080 0.006734
2 2 0.001711 0.121300 0.876166 0.000085 0.000737
2 2 0.000698 0.019682 0.978559 0.000004 0.001058
2 2 0.023201 0.292034 0.664403 0.000007 0.020355
2 2 0.016371 0.356631 0.612836 0.000023 0.014138
2 2 0.007367 0.223103 0.764832 0.000058 0.004641
2 2 0.007157 0.129838 0.858100 0.000028 0.004876
1 2 0.187017 0.438346 0.358724 0.000011 0.015902
1 2 0.199042 0.640902 0.140920 0.000014 0.019123
2 2 0.005325 0.284083 0.698545 0.000448 0.011599
2 2 0.001997 0.219783 0.759416 0.000019 0.018785
2 2 0.000795 0.063896 0.934885 0.000027 0.000396
2 2 0.000711 0.073246 0.925565 0.000019 0.000459
2 2 0.023682 0.158054 0.814265 0.000802 0.003197
2 2 0.013583 0.105134 0.876954 0.003350 0.000980
2 2 0.002343 0.108584 0.887186 0.000055 0.001832
2 2 0.001503 0.141257 0.856440 0.000011 0.000788
2 2 0.002214 0.111569 0.884601 0.000014 0.001603
2 2 0.001448 0.065222 0.932278 0.000381 0.000671
2 2 0.004001 0.111147 0.880523 0.000301 0.004028
2 2 0.017431 0.160843 0.818107 0.000261 0.003359
2 2 0.041071 0.286005 0.662191 0.006232 0.004501
2 2 0.009982 0.082456 0.902002 0.004227 0.001332
2 2 0.002264 0.112297 0.884552 0.000216 0.000671
2 2 0.002913 0.148477 0.847310 0.000179 0.001120
2 2 0.000731 0.061354 0.937581 0.000119 0.000216
2 2 0.000345 0.040399 0.959130 0.000027 0.000099
2 2 0.000713 0.027398 0.971686 0.000026 0.000177
2 2 0.002180 0.091248 0.906021 0.000018 0.000533
2 2 0.061984 0.166337 0.710946 0.059876 0.000858
2 2 0.113986 0.126175 0.726092 0.033089 0.000657
2 2 0.003601 0.182047 0.812194 0.000051 0.002107
2 2 0.000934 0.054303 0.944027 0.000083 0.000653
2 2 0.003606 0.069967 0.925496 0.000203 0.000728
2 2 0.003347 0.080932 0.914974 0.000094 0.000653
2 2 0.046729 0.157909 0.789479 0.000203 0.005680
2 2 0.083155 0.340915 0.565414 0.000256 0.010259
2 2 0.002831 0.122396 0.872929 0.000047 0.001797
2 2 0.001111 0.077941 0.919145 0.000008 0.001795
2 2 0.001106 0.060224 0.938104 0.000025 0.000541
2 2 0.005042 0.166885 0.825314 0.000008 0.002751
2 2 0.012867 0.078076 0.907796 0.000220 0.001041
2 2 0.061041 0.193461 0.742880 0.001136 0.001481
2 2 0.007280 0.243046 0.745584 0.000411 0.003679
2 2 0.003917 0.140908 0.851518 0.000021 0.003637
2 2 0.000959 0.091024 0.907445 0.000014 0.000558
2 2 0.000929 0.064165 0.934631 0.000036 0.000239
2 2 0.001511 0.062224 0.935847 0.000080 0.000338
2 2 0.000909 0.058010 0.940699 0.000122 0.000260
1 2 0.161970 0.505437 0.314644 0.000941 0.017008
2 2 0.052821 0.262583 0.675471 0.002603 0.006522
2 2 0.002571 0.151356 0.844637 0.000353 0.001083
2 2 0.000728 0.026886 0.971885 0.000011 0.000491
2 2 0.002602 0.089950 0.906091 0.000603 0.000754
2 2 0.006948 0.109512 0.881577 0.001187 0.000777
2 2 0.081150 0.446088 0.448102 0.001325 0.023336
2 2 0.020563 0.238443 0.728086 0.002189 0.010720
2 2 0.000858 0.145781 0.848135 0.000010 0.005216
2 2 0.002143 0.159540 0.829211 0.000016 0.009091
2 2 0.001387 0.084881 0.913005 0.000011 0.000716
2 2 0.000585 0.072034 0.926475 0.000004 0.000901
2 2 0.000445 0.065395 0.931688 0.000015 0.002457
2 2 0.003457 0.209197 0.779579 0.000001 0.007766
2 2 0.000264 0.028591 0.970885 0.000026 0.000234
2 2 0.000438 0.047134 0.952199 0.000050 0.000179
2 2 0.000414 0.034575 0.964898 0.000011 0.000102
2 2 0.000614 0.056750 0.942361 0.000040 0.000234
2 2 0.002270 0.102052 0.895231 0.000209 0.000239
2 2 0.001963 0.067922 0.929588 0.000158 0.000368
2 2 0.002750 0.074667 0.921310 0.000149 0.001125
2 2 0.002920 0.115508 0.880263 0.000081 0.001229
2 2 0.010207 0.049840 0.919303 0.020596 0.000055
2 2 0.005048 0.020889 0.947428 0.026612 0.000024
2 2 0.001386 0.019076 0.948106 0.031371 0.000061
2 3 0.002516 0.017746 0.929205 0.050474 0.000059
2 3 0.012460 0.063702 0.829016 0.094335 0.000487
2 3 0.011916 0.050074 0.807409 0.130323 0.000278
2 3 0.004715 0.022256 0.759032 0.213900 0.000097
2 3 0.004217 0.022632 0.733264 0.239731 0.000155
3 3 0.011258 0.014329 0.397461 0.576868 0.000084
3 3 0.012203 0.020152 0.483635 0.483900 0.000110
2 3 0.014239 0.023526 0.554191 0.407956 0.000089
3 3 0.010851 0.011122 0.362372 0.615620 0.000035
3 3 0.009198 0.009185 0.360943 0.620629 0.000044
3 3 0.009727 0.016871 0.417830 0.555460 0.000111
3 3 0.015688 0.031989 0.466939 0.485019 0.000366
3 3 0.011393 0.028180 0.463972 0.495881 0.000574
3 3 0.009630 0.014400 0.474274 0.501621 0.000075
3 3 0.013015 0.018065 0.375358 0.593442 0.000120
3 3 0.009704 0.017319 0.432980 0.539831 0.000166
3 3 0.005331 0.012628 0.394684 0.587181 0.000175
3 3 0.005600 0.005840 0.203291 0.785204 0.000065
3 3 0.005867 0.008560 0.294976 0.690526 0.000071
3 3 0.006165 0.003382 0.113739 0.876688 0.000026
3 3 0.005258 0.003171 0.105636 0.885901 0.000034
3 3 0.003055 0.002046 0.065767 0.929090 0.000042
3 3 0.005046 0.002989 0.068185 0.923716 0.000065
3 3 0.002237 0.001421 0.073945 0.922373 0.000025
3 3 0.006908 0.007182 0.150131 0.835677 0.000101
3 3 0.000974 0.000262 0.038549 0.960213 0.000002
3 3 0.001674 0.000630 0.041435 0.956254 0.000007
3 3 0.001687 0.000341 0.027068 0.970902 0.000003
3 3 0.001938 0.000538 0.037340 0.960179 0.000005
3 3 0.000839 0.000367 0.030569 0.968218 0.000007
3 3 0.000863 0.000334 0.027556 0.971242 0.000005
3 3 0.001671 0.000590 0.045739 0.951994 0.000006
3 3 0.002353 0.000874 0.042460 0.954303 0.000010
3 3 0.002526 0.000754 0.029687 0.967023 0.000010
3 3 0.002348 0.000785 0.043772 0.953088 0.000008
3 3 0.000727 0.000438 0.026738 0.972087 0.000011
3 3 0.000308 0.000243 0.027033 0.972409 0.000007
3 3 0.002808 0.001591 0.027239 0.968314 0.000048
3 3 0.001695 0.000936 0.023815 0.973529 0.000024
3 3 0.001955 0.001063 0.019518 0.977436 0.000027
3 3 0.000807 0.000397 0.023733 0.975055 0.000008
3 3 0.003237 0.000699 0.024494 0.971563 0.000007
3 3 0.002890 0.000619 0.020129 0.976356 0.000006
3 3 0.002136 0.000576 0.030677 0.966605 0.000006
3 3 0.001643 0.000475 0.022568 0.975309 0.000006
3 3 0.000777 0.000497 0.024514 0.974199 0.000013
3 3 0.000501 0.000269 0.024500 0.974725 0.000005
3 3 0.002254 0.000641 0.022520 0.974576 0.000008
3 3 0.001440 0.000405 0.021156 0.976994 0.000005
3 3 0.001634 0.000342 0.027804 0.970217 0.000003
3 3 0.002211 0.000415 0.021024 0.976346 0.000003
3 3 0.002554 0.001635 0.024221 0.971536 0.000054
3 3 0.004017 0.002357 0.025593 0.967954 0.000079
3 3 0.002877 0.001210 0.016932 0.978956 0.000024
3 3 0.002141 0.000697 0.019903 0.977249 0.000010
3 3 0.004837 0.001697 0.031465 0.961971 0.000030
3 3 0.005694 0.002133 0.040175 0.951967 0.000030
3 3 0.003119 0.001393 0.024321 0.971136 0.000031
3 3 0.001199 0.000387 0.022757 0.975653 0.000005
3 3 0.002518 0.001214 0.027384 0.968854 0.000029
3 3 0.004530 0.001832 0.037143 0.956453 0.000042
3 3 0.003104 0.001188 0.022676 0.973010 0.000023
3 3 0.001981 0.000633 0.016752 0.980625 0.000009
3 3 0.004181 0.002279 0.049445 0.944050 0.000045
3 3 0.004538 0.002572 0.032858 0.959943 0.000089
3 3 0.058813 0.088743 0.413128 0.426421 0.012896
2 3 0.087539 0.094696 0.531179 0.276459 0.010126
2 3 0.166696 0.269444 0.496745 0.021064 0.046051
1 3 0.134399 0.429711 0.365011 0.020106 0.050774
0 3 0.327902 0.316024 0.256173 0.005603 0.094299
1 2 0.189696 0.471692 0.205735 0.000330 0.132546
1 2 0.267494 0.403020 0.232057 0.000653 0.096776
1 2 0.234327 0.497797 0.175829 0.000342 0.091706
1 4 0.075780 0.465596 0.157805 0.000218 0.300601
1 4 0.146513 0.426492 0.133942 0.000411 0.292642
0 4 0.658796 0.267654 0.027503 0.000002 0.046045
0 0 0.620771 0.306895 0.032016 0.000002 0.040315
0 0 0.528746 0.168734 0.018180 0.000001 0.284339
4 4 0.281288 0.292726 0.049985 0.000011 0.375990
0 4 0.619214 0.185895 0.028617 0.000033 0.166241
0 4 0.711209 0.127372 0.020064 0.000065 0.141290
0 4 0.591032 0.305439 0.030456 0.000001 0.073073
0 4 0.884330 0.081241 0.006385 0.000001 0.028044
0 4 0.672435 0.042419 0.005175 0.000010 0.279961
0 4 0.568765 0.065254 0.010289 0.000043 0.355650
0 4 0.461663 0.155125 0.016086 0.000001 0.367126
0 4 0.487465 0.206042 0.021317 0.000001 0.285176
0 4 0.425995 0.210379 0.011490 0.000000 0.352136
0 4 0.502047 0.194953 0.010642 0.000000 0.292358
0 4 0.618374 0.290049 0.023270 0.000000 0.068306
0 4 0.700066 0.207416 0.018290 0.000001 0.074228
0 4 0.490198 0.276956 0.012747 0.000000 0.220098
0 4 0.675338 0.115595 0.006080 0.000000 0.202987
0 4 0.907545 0.022416 0.001889 0.000002 0.068148
0 4 0.705325 0.111415 0.008491 0.000000 0.174770
0 4 0.440966 0.334687 0.059123 0.000041 0.165183
0 4 0.679044 0.164415 0.023738 0.000027 0.132776
0 4 0.675020 0.021751 0.001848 0.000001 0.301380
0 4 0.559368 0.022453 0.001993 0.000001 0.416185
0 4 0.758968 0.022202 0.001909 0.000001 0.216921
0 4 0.633803 0.025787 0.002284 0.000001 0.338125
0 4 0.661064 0.013011 0.000842 0.000000 0.325082
0 4 0.640589 0.013268 0.000871 0.000000 0.345273
0 4 0.399862 0.204703 0.026330 0.000003 0.369102
0 4 0.433569 0.187373 0.027677 0.000010 0.351372
0 4 0.930275 0.021684 0.001807 0.000002 0.046232
0 4 0.919224 0.027169 0.001987 0.000001 0.051619
0 4 0.918566 0.030749 0.001406 0.000000 0.049278
0 4 0.750224 0.133717 0.006836 0.000000 0.109223
1 4 0.404373 0.422429 0.048276 0.000001 0.124920
0 4 0.732743 0.187360 0.012438 0.000000 0.067459
0 4 0.669982 0.280361 0.017422 0.000000 0.032236
0 4 0.746346 0.206270 0.018031 0.000001 0.029352
0 4 0.823287 0.143306 0.021532 0.000132 0.011743
0 0 0.907652 0.084953 0.004129 0.000000 0.003265
1 0 0.224996 0.566583 0.023320 0.000000 0.185102
1 1 0.412974 0.450825 0.017393 0.000000 0.118808
1 1 0.202542 0.638769 0.040178 0.000000 0.118511
1 1 0.318158 0.557269 0.027806 0.000000 0.096768
1 1 0.121528 0.721715 0.076496 0.000000 0.080262
1 0 0.289113 0.602555 0.036549 0.000000 0.071782
1 0 0.251239 0.515209 0.030279 0.000000 0.203273
1 0 0.187482 0.568580 0.037438 0.000000 0.206500
0 4 0.571696 0.317434 0.022036 0.000000 0.088833
0 4 0.420861 0.406271 0.035417 0.000000 0.137451
1 4 0.061674 0.693562 0.067078 0.000000 0.177685
1 4 0.075686 0.690701 0.061969 0.000000 0.171644
1 4 0.261687 0.562889 0.036021 0.000000 0.139403
1 4 0.334987 0.487228 0.031871 0.000000 0.145914
0 4 0.463431 0.445538 0.035358 0.000000 0.055673
1 4 0.409768 0.481180 0.053382 0.000001 0.055669
0 4 0.770831 0.173780 0.009248 0.000000 0.046140
0 4 0.736832 0.224761 0.008195 0.000000 0.030212
1 4 0.203961 0.586157 0.036477 0.000000 0.173405
1 4 0.193034 0.502676 0.043397 0.000000 0.260893
1 4 0.186821 0.462518 0.050714 0.000000 0.299947
1 4 0.329807 0.426488 0.031387 0.000000 0.212317
0 4 0.593037 0.294856 0.018033 0.000000 0.094074
0 4 0.733665 0.160298 0.015147 0.000001 0.090889
0 4 0.942208 0.034919 0.001364 0.000000 0.021509
0 4 0.867397 0.087396 0.004225 0.000000 0.040982
0 4 0.663631 0.264276 0.011974 0.000000 0.060119
0 4 0.589305 0.292677 0.014267 0.000000 0.103751
1 0 0.423553 0.511462 0.021005 0.000000 0.043979
1 0 0.265901 0.647084 0.040203 0.000000 0.046813
0 0 0.474423 0.429514 0.022576 0.000000 0.073487
0 4 0.623293 0.295066 0.014023 0.000000 0.067618
0 0 0.729735 0.232302 0.014922 0.000000 0.023040
0 0 0.604909 0.357562 0.018900 0.000000 0.018629
1 0 0.213000 0.632487 0.030661 0.000000 0.123851
1 1 0.093473 0.728418 0.072466 0.000000 0.105643
1 1 0.067217 0.742060 0.091908 0.000000 0.098815
1 1 0.125902 0.727734 0.065360 0.000000 0.081004
0 0 0.621663 0.328218 0.015019 0.000000 0.035100
0 0 0.690231 0.275755 0.010540 0.000000 0.023473
1 0 0.143642 0.720449 0.042408 0.000000 0.093500
1 0 0.152478 0.722428 0.043758 0.000000 0.081336
1 1 0.164043 0.732810 0.047796 0.000000 0.055350
1 1 0.189797 0.721957 0.043204 0.000000 0.045042
0 0 0.631335 0.270242 0.081002 0.000248 0.017174
0 0 0.695573 0.175702 0.064594 0.052348 0.011783
4 0 0.292185 0.287091 0.014057 0.000000 0.406666
1 0 0.125584 0.436446 0.025373 0.000000 0.412597
1 0 0.036041 0.647961 0.068098 0.000000 0.247900
1 0 0.025684 0.640492 0.093448 0.000000 0.240376
1 1 0.129710 0.685654 0.123483 0.000001 0.061151
1 1 0.287337 0.480984 0.124156 0.000023 0.107500
1 2 0.073787 0.685508 0.056052 0.000000 0.184653
1 2 0.034048 0.661172 0.072387 0.000000 0.232393
1 2 0.055874 0.733569 0.125191 0.000001 0.085366
1 2 0.068107 0.727744 0.135198 0.000002 0.068949
1 2 0.079842 0.749280 0.097508 0.000000 0.073370
1 2 0.079536 0.757618 0.087623 0.000000 0.075223
1 2 0.055093 0.757774 0.130863 0.000001 0.056269
1 2 0.105947 0.744576 0.095160 0.000000 0.054316
1 2 0.254953 0.640314 0.068368 0.000000 0.036365
0 2 0.468458 0.457128 0.028324 0.000000 0.046091
0 0 0.913012 0.064814 0.006812 0.000012 0.015351
0 0 0.940698 0.041787 0.009997 0.000271 0.007246
0 0 0.947810 0.031647 0.002203 0.000001 0.018340
0 0 0.951813 0.025029 0.003874 0.000053 0.019231
0 0 0.974542 0.013894 0.005098 0.000050 0.006417
0 0 0.973874 0.013534 0.003414 0.000023 0.009155
0 0 0.992424 0.004480 0.001333 0.000005 0.001758
0 0 0.992425 0.004480 0.001333 0.000005 0.001757
0 0 0.992425 0.004480 0.001333 0.000005 0.001757
0 0 0.992425 0.004480 0.001333 0.000005 0.001757
