0 0 0.426712 0.156075 0.139296 0.028333 0.249584
0 0 0.581553 0.135157 0.137023 0.034901 0.111365
0 0 0.614013 0.131174 0.080820 0.009232 0.164761
0 0 0.571145 0.149960 0.105544 0.017630 0.155721
0 0 0.538659 0.170038 0.141195 0.019317 0.130791
4 0 0.280863 0.167474 0.078786 0.005319 0.467558
0 0 0.451215 0.158148 0.071661 0.006499 0.312477
4 0 0.147339 0.110796 0.044766 0.003010 0.694089
4 0 0.233351 0.110318 0.047645 0.002702 0.605984
4 0 0.376765 0.123069 0.057648 0.003581 0.438938
0 0 0.410594 0.129763 0.066440 0.004884 0.388319
0 0 0.681926 0.099646 0.095827 0.014010 0.108591
0 0 0.665656 0.109098 0.127150 0.035673 0.062423
0 0 0.532177 0.140517 0.162525 0.050295 0.114486
0 0 0.574695 0.123114 0.154184 0.044330 0.103677
0 0 0.623440 0.106638 0.125078 0.024604 0.120239
0 0 0.660801 0.084020 0.099775 0.012301 0.143103
0 0 0.773437 0.063207 0.102378 0.024164 0.036814
0 0 0.660490 0.100608 0.139373 0.045443 0.054086
0 0 0.619864 0.094727 0.153982 0.114421 0.017006
0 0 0.426268 0.057624 0.204748 0.300750 0.010610
3 0 0.222468 0.068429 0.253277 0.428965 0.026861
0 0 0.382095 0.100696 0.243528 0.230570 0.043111
0 0 0.493552 0.149150 0.183729 0.077933 0.095636
0 0 0.467498 0.158588 0.158667 0.043599 0.171648
4 0 0.191998 0.175288 0.175751 0.037038 0.419926
4 1 0.098230 0.135391 0.079765 0.006974 0.679640
4 0 0.093150 0.093960 0.043571 0.003457 0.765862
4 0 0.078725 0.103549 0.060725 0.003031 0.753970
4 0 0.051405 0.048380 0.022867 0.000503 0.876844
4 1 0.087980 0.111905 0.062914 0.004145 0.733057
4 1 0.066300 0.113121 0.083470 0.002666 0.734444
4 1 0.086062 0.082270 0.036931 0.002475 0.792261
4 1 0.071902 0.093433 0.054939 0.002216 0.777510
4 1 0.055567 0.090646 0.071549 0.002260 0.779978
4 1 0.066088 0.102212 0.076989 0.004081 0.750630
4 1 0.053944 0.096716 0.091175 0.004438 0.753727
4 1 0.055050 0.077752 0.065984 0.005483 0.795731
4 4 0.046938 0.051187 0.038407 0.003413 0.860055
4 4 0.044827 0.049109 0.037977 0.003396 0.864691
4 4 0.043787 0.055666 0.054061 0.007400 0.839086
4 4 0.049727 0.080039 0.083244 0.008365 0.778626
4 4 0.034249 0.143263 0.262323 0.004209 0.555956
4 4 0.054705 0.170087 0.204379 0.004867 0.565962
4 4 0.091225 0.104061 0.053387 0.003913 0.747414
4 4 0.096462 0.117209 0.062718 0.005235 0.718377
4 4 0.065866 0.071478 0.044589 0.004124 0.813943
4 4 0.066344 0.071946 0.044662 0.004127 0.812922
4 4 0.084756 0.110607 0.065370 0.004439 0.734827
4 4 0.078018 0.099067 0.056562 0.002782 0.763572
4 4 0.085674 0.111913 0.064502 0.003965 0.733946
4 4 0.052887 0.150767 0.177244 0.004355 0.614746
4 4 0.064404 0.132685 0.130909 0.008403 0.663599
4 4 0.066039 0.146448 0.144273 0.007610 0.635629
4 4 0.082675 0.139290 0.100435 0.006280 0.671320
4 4 0.075222 0.132103 0.102591 0.005813 0.684271
4 4 0.058828 0.103899 0.102689 0.009052 0.725532
4 4 0.058946 0.080105 0.072850 0.012698 0.775402
4 4 0.068030 0.084332 0.059473 0.006328 0.781837
4 4 0.085857 0.105595 0.058005 0.003616 0.746928
4 4 0.035810 0.161126 0.272481 0.002628 0.527955
4 4 0.048943 0.155606 0.193799 0.003351 0.598300
4 4 0.062372 0.146965 0.140523 0.004050 0.646090
4 4 0.055202 0.135606 0.144206 0.004093 0.660893
4 4 0.059481 0.103161 0.086874 0.003657 0.746827
4 4 0.055346 0.076783 0.059996 0.003578 0.804297
4 4 0.050883 0.092743 0.085472 0.002877 0.768025
4 4 0.070780 0.096762 0.067483 0.005016 0.759959
4 4 0.075465 0.100063 0.069644 0.007146 0.747683
4 4 0.079495 0.138790 0.101513 0.005181 0.675020
4 4 0.082869 0.103732 0.058070 0.003311 0.752019
4 1 0.079690 0.072487 0.031577 0.001810 0.814436
4 1 0.061597 0.087548 0.056446 0.001557 0.792852
4 1 0.061322 0.047693 0.018898 0.000662 0.871425
4 1 0.054502 0.043658 0.019199 0.000719 0.881921
4 1 0.049459 0.071024 0.051318 0.001278 0.826921
4 1 0.039669 0.054027 0.035555 0.000382 0.870367
4 0 0.051374 0.103538 0.090869 0.001462 0.752757
4 0 0.041322 0.054349 0.036350 0.000412 0.867566
2 0 0.043960 0.066842 0.817105 0.010616 0.061477
0 0 0.817022 0.032758 0.073135 0.006461 0.070624
0 0 0.747341 0.041501 0.117353 0.088225 0.005579
2 0 0.112199 0.316450 0.525150 0.011334 0.034866
0 0 0.892289 0.075370 0.023138 0.006465 0.002738
0 0 0.870981 0.046201 0.051940 0.028452 0.002425
3 0 0.120287 0.126618 0.255989 0.425898 0.071208
2 0 0.036014 0.249381 0.620190 0.021986 0.072429
2 0 0.159421 0.340495 0.443112 0.015381 0.041591
4 0 0.158020 0.262623 0.196762 0.020328 0.362267
4 0 0.105753 0.201272 0.149432 0.019161 0.524383
4 0 0.064965 0.213835 0.271882 0.008506 0.440812
4 0 0.129077 0.183872 0.126611 0.005627 0.554814
4 0 0.056247 0.219299 0.325197 0.007822 0.391435
1 0 0.147251 0.283737 0.281487 0.011679 0.275846
2 0 0.331685 0.235853 0.338268 0.023965 0.070228
2 0 0.057063 0.100444 0.806617 0.029563 0.006313
2 0 0.063779 0.132677 0.719260 0.066547 0.017737
0 0 0.384494 0.245015 0.280905 0.035180 0.054406
0 0 0.391080 0.229673 0.146248 0.008472 0.224527
0 0 0.476728 0.136791 0.094115 0.010743 0.281623
0 0 0.413349 0.105838 0.116277 0.014228 0.350309
0 0 0.474029 0.094838 0.091944 0.008204 0.330985
0 0 0.616754 0.097426 0.090721 0.009637 0.185463
0 0 0.739541 0.088446 0.090898 0.015658 0.065457
0 0 0.652907 0.124727 0.128002 0.071996 0.022368
0 0 0.524964 0.236413 0.079994 0.013380 0.145249
4 0 0.284910 0.168889 0.062244 0.005318 0.478638
4 0 0.085253 0.070313 0.029138 0.001466 0.813830
4 0 0.086747 0.077902 0.036561 0.002382 0.796408
4 0 0.073196 0.079147 0.046382 0.004319 0.796955
4 0 0.095533 0.112990 0.064448 0.008153 0.718876
4 1 0.105910 0.117497 0.057714 0.006175 0.712704
4 1 0.097109 0.100893 0.047631 0.004147 0.750220
4 1 0.092575 0.092976 0.043003 0.003366 0.768080
4 0 0.098745 0.103851 0.049390 0.004468 0.743547
4 0 0.074374 0.091763 0.064163 0.008783 0.760917
4 0 0.082584 0.085129 0.063746 0.007829 0.760712
4 0 0.094157 0.094179 0.106256 0.021605 0.683802
4 0 0.156934 0.114493 0.136165 0.029582 0.562825
4 0 0.191028 0.155069 0.192316 0.053019 0.408569
4 1 0.051883 0.141334 0.155328 0.002872 0.648583
2 4 0.055536 0.231588 0.410106 0.004232 0.298537
2 4 0.028317 0.122168 0.819926 0.005923 0.023667
0 4 0.353052 0.210410 0.293033 0.032804 0.110702
0 0 0.345796 0.172045 0.146204 0.032774 0.303180
4 0 0.236938 0.202600 0.092854 0.011078 0.456529
4 0 0.154312 0.148251 0.068626 0.007910 0.620901
4 0 0.227371 0.156726 0.068242 0.006685 0.540975
4 0 0.238568 0.148942 0.302767 0.003111 0.306611
0 0 0.551634 0.093806 0.053664 0.002776 0.298119
0 0 0.542810 0.110604 0.044131 0.002028 0.300427
0 0 0.597018 0.145161 0.046957 0.002958 0.207905
4 0 0.279208 0.190092 0.075555 0.008533 0.446613
4 0 0.137093 0.117449 0.050756 0.004125 0.690576
4 0 0.157618 0.145882 0.066239 0.007226 0.623035
4 4 0.113973 0.108606 0.049287 0.004172 0.723963
4 4 0.093743 0.094978 0.044162 0.003553 0.763563
4 4 0.090937 0.122306 0.071514 0.005100 0.710143
4 4 0.070848 0.159046 0.143590 0.005810 0.620706
4 4 0.033772 0.169026 0.324368 0.004040 0.468795
2 4 0.011698 0.120286 0.584760 0.006565 0.276691
2 2 0.012323 0.113178 0.567374 0.012298 0.294827
2 2 0.015068 0.125299 0.538333 0.012613 0.308687
4 2 0.024381 0.146058 0.370721 0.003882 0.454957
4 2 0.042257 0.164462 0.243425 0.003298 0.546558
4 2 0.042979 0.179366 0.277848 0.004425 0.495381
4 2 0.051183 0.174444 0.226692 0.004839 0.542842
4 2 0.052817 0.152729 0.190174 0.006150 0.598131
4 2 0.038574 0.149375 0.254059 0.005482 0.552510
2 2 0.017559 0.136142 0.519309 0.013007 0.313983
4 2 0.042258 0.139216 0.210566 0.005559 0.602402
4 2 0.046785 0.152021 0.225052 0.008314 0.567828
4 2 0.076184 0.073343 0.035562 0.002383 0.812527
4 2 0.050773 0.085656 0.083492 0.005193 0.774885
4 2 0.047415 0.120556 0.177939 0.016251 0.637839
4 2 0.062220 0.106843 0.106647 0.013473 0.710817
4 2 0.063018 0.106675 0.095556 0.007429 0.727323
4 2 0.047941 0.121047 0.170820 0.012830 0.647361
4 2 0.073786 0.163957 0.168708 0.017802 0.575747
4 2 0.074785 0.206365 0.215650 0.012735 0.490465
2 1 0.044297 0.245259 0.444052 0.022323 0.244069
2 1 0.036593 0.231028 0.491697 0.025038 0.215644
2 2 0.015283 0.146153 0.571690 0.006736 0.260138
2 1 0.007044 0.108650 0.750181 0.015094 0.119031
2 2 0.006476 0.107939 0.767345 0.013755 0.104485
2 2 0.005117 0.091164 0.786987 0.017189 0.099543
2 2 0.007095 0.083745 0.746144 0.069715 0.093301
2 2 0.004934 0.055507 0.729410 0.174013 0.036137
2 2 0.010913 0.094856 0.671491 0.131096 0.091643
2 2 0.042527 0.151742 0.396598 0.132026 0.277106
4 1 0.079905 0.185728 0.307254 0.029490 0.397624
4 1 0.134320 0.118792 0.080088 0.010468 0.656332
4 4 0.253670 0.182746 0.122870 0.023993 0.416721
4 0 0.238641 0.219317 0.163464 0.053985 0.324593
2 0 0.252762 0.216715 0.405707 0.062053 0.062763
2 0 0.305919 0.224728 0.330455 0.044135 0.094763
2 0 0.182046 0.207846 0.507003 0.055471 0.047634
0 0 0.455463 0.197513 0.245933 0.044703 0.056387
0 0 0.403544 0.203178 0.303839 0.042031 0.047409
0 0 0.750452 0.092167 0.116709 0.015695 0.024976
4 0 0.101758 0.205513 0.277178 0.094834 0.320717
4 0 0.105724 0.169867 0.124588 0.027296 0.572525
4 1 0.123890 0.158350 0.084733 0.014146 0.618881
4 1 0.098800 0.103951 0.049449 0.004479 0.743321
4 1 0.097055 0.100797 0.047574 0.004137 0.750437
4 1 0.098712 0.103791 0.049354 0.004461 0.743682
4 1 0.085976 0.112203 0.064589 0.004006 0.733227
4 1 0.080341 0.139333 0.101220 0.005309 0.673796
4 1 0.037342 0.156165 0.277801 0.005464 0.523229
4 1 0.027972 0.140023 0.331701 0.006599 0.493705
2 2 0.024082 0.146289 0.417755 0.009432 0.402442
4 2 0.023174 0.140916 0.412103 0.008854 0.414953
4 2 0.042487 0.126450 0.157932 0.002080 0.671050
4 2 0.053797 0.124333 0.131241 0.004131 0.686498
4 2 0.031274 0.124568 0.250823 0.005740 0.587595
4 2 0.040203 0.101115 0.130296 0.003251 0.725136
4 2 0.023382 0.118224 0.322317 0.006802 0.529274
4 2 0.031205 0.127947 0.251566 0.004494 0.584788
4 2 0.041412 0.116894 0.158811 0.003713 0.679170
4 2 0.035158 0.123232 0.228908 0.007943 0.604759
4 2 0.050099 0.154599 0.226368 0.012440 0.556495
4 2 0.048241 0.125547 0.148389 0.003747 0.674076
4 2 0.040695 0.160882 0.277128 0.007756 0.513539
2 2 0.028753 0.164574 0.399963 0.008425 0.398285
4 2 0.057460 0.151775 0.168918 0.005494 0.616353
4 1 0.046106 0.159251 0.239996 0.007642 0.547005
2 2 0.027748 0.169557 0.464441 0.020033 0.318221
2 2 0.019507 0.142944 0.508799 0.015216 0.313534
2 2 0.005543 0.089012 0.770055 0.028081 0.107310
2 2 0.002107 0.055128 0.850194 0.051569 0.041002
2 2 0.000847 0.021864 0.787033 0.179418 0.010837
2 2 0.000806 0.016460 0.682222 0.291985 0.008528
2 2 0.002093 0.023203 0.553362 0.408328 0.013014
2 2 0.002001 0.025443 0.633758 0.325467 0.013332
2 2 0.002770 0.041976 0.742198 0.191515 0.021541
2 2 0.001319 0.033320 0.830436 0.118948 0.015978
2 2 0.001618 0.043614 0.843717 0.089645 0.021407
2 2 0.000630 0.018089 0.858218 0.115846 0.007218
2 2 0.000648 0.010911 0.607101 0.376096 0.005244
3 2 0.000850 0.009468 0.433318 0.551303 0.005060
3 2 0.000628 0.006700 0.403963 0.585386 0.003324
3 3 0.000312 0.003560 0.351259 0.643213 0.001655
3 3 0.000536 0.005382 0.376443 0.615080 0.002558
3 2 0.000452 0.004423 0.390312 0.602933 0.001880
3 2 0.000608 0.004635 0.307947 0.684634 0.002176
3 3 0.000480 0.003866 0.289626 0.704189 0.001839
3 3 0.000618 0.003830 0.211558 0.781943 0.002051
3 3 0.000471 0.002449 0.165834 0.830008 0.001239
3 3 0.000349 0.001217 0.083091 0.914686 0.000656
3 3 0.000328 0.001012 0.067922 0.930181 0.000556
3 3 0.000400 0.001577 0.116420 0.880828 0.000776
3 3 0.000251 0.001143 0.103000 0.895017 0.000588
3 3 0.000221 0.000907 0.075708 0.922654 0.000510
3 3 0.000244 0.000738 0.042736 0.955786 0.000496
3 3 0.000335 0.000698 0.027592 0.970854 0.000520
3 3 0.000977 0.001964 0.041948 0.953562 0.001549
3 2 0.001182 0.002645 0.064308 0.930055 0.001810
3 3 0.001461 0.006212 0.184928 0.803763 0.003636
3 3 0.001846 0.006414 0.150155 0.837561 0.004024
3 3 0.000777 0.006554 0.419052 0.570829 0.002788
3 3 0.000345 0.001706 0.119553 0.877452 0.000944
3 3 0.000624 0.002010 0.081076 0.915025 0.001266
3 3 0.000826 0.001567 0.037978 0.958438 0.001191
3 3 0.000558 0.001174 0.037223 0.960186 0.000859
3 3 0.000468 0.000920 0.029043 0.968859 0.000710
3 3 0.000635 0.001534 0.044329 0.952335 0.001167
3 3 0.000699 0.002133 0.072241 0.923479 0.001449
3 3 0.000570 0.001673 0.065315 0.931342 0.001100
3 3 0.000490 0.001295 0.051451 0.945890 0.000875
3 3 0.000504 0.001267 0.045292 0.952032 0.000906
3 3 0.000351 0.000771 0.029837 0.968463 0.000578
3 3 0.000389 0.000721 0.026038 0.972318 0.000535
3 3 0.000430 0.000774 0.027129 0.971101 0.000565
3 3 0.001090 0.001965 0.042832 0.952662 0.001451
3 3 0.002590 0.003983 0.062107 0.928630 0.002691
3 2 0.003908 0.014120 0.315410 0.659906 0.006655
2 1 0.003167 0.033501 0.723890 0.225108 0.014333
2 2 0.003415 0.061870 0.798637 0.105086 0.030992
2 2 0.006342 0.076048 0.727604 0.125640 0.064366
2 1 0.004966 0.038832 0.576092 0.359509 0.020601
3 1 0.022133 0.070669 0.392285 0.465471 0.049442
2 0 0.026757 0.106410 0.540758 0.270763 0.055311
2 1 0.038521 0.216935 0.478270 0.091542 0.174732
2 1 0.035970 0.201000 0.475038 0.113877 0.174114
4 1 0.050475 0.200266 0.345868 0.034506 0.368885
4 1 0.064267 0.201516 0.262939 0.022540 0.448738
4 1 0.052131 0.195498 0.318564 0.026755 0.407051
2 1 0.038396 0.191390 0.391626 0.016819 0.361769
4 1 0.054467 0.215338 0.318401 0.015248 0.396546
4 1 0.082807 0.189925 0.169439 0.011325 0.546504
4 1 0.093282 0.104459 0.056060 0.006024 0.740175
4 1 0.057017 0.151354 0.214000 0.028146 0.549483
4 1 0.054504 0.124346 0.175870 0.033177 0.612103
4 0 0.075769 0.148221 0.145072 0.020303 0.610635
4 0 0.054633 0.149868 0.198399 0.012690 0.584411
4 0 0.073641 0.116446 0.097817 0.012060 0.700034
4 1 0.086637 0.091573 0.047292 0.004243 0.770254
4 1 0.087083 0.085769 0.039931 0.002923 0.784294
4 1 0.099324 0.108070 0.052760 0.004811 0.735035
4 1 0.073738 0.127596 0.093742 0.003918 0.701007
4 1 0.073001 0.115581 0.079321 0.003225 0.728872
4 1 0.073517 0.124296 0.089718 0.003715 0.708754
4 1 0.064683 0.133549 0.114756 0.003497 0.683515
4 1 0.069106 0.143657 0.122832 0.004481 0.659923
4 1 0.063211 0.140548 0.131849 0.004472 0.659920
4 4 0.040155 0.155278 0.260553 0.006197 0.537816
4 4 0.041571 0.153206 0.246205 0.006047 0.552970
4 4 0.068519 0.133882 0.114771 0.005239 0.677590
4 4 0.057462 0.123289 0.118452 0.003764 0.697033
4 4 0.059844 0.112285 0.097238 0.003493 0.727141
4 4 0.078586 0.105809 0.063228 0.003131 0.749247
4 4 0.079714 0.115557 0.073059 0.003717 0.727952
4 4 0.049436 0.145982 0.171811 0.002900 0.629870
4 4 0.077537 0.117631 0.077390 0.003665 0.723776
4 4 0.067448 0.133995 0.111057 0.003750 0.683750
4 4 0.074658 0.146449 0.119899 0.005708 0.653285
4 4 0.060095 0.130760 0.130999 0.005774 0.672371
4 4 0.068829 0.112415 0.079722 0.002798 0.736237
4 4 0.053346 0.128251 0.127576 0.002428 0.688400
4 4 0.071235 0.117521 0.083596 0.003194 0.724453
4 4 0.097095 0.100868 0.047616 0.004144 0.750278
4 4 0.105504 0.104763 0.059280 0.006279 0.724174
4 4 0.073828 0.080980 0.048206 0.004686 0.792301
4 4 0.072177 0.077071 0.044702 0.004005 0.802046
4 4 0.060722 0.056220 0.029032 0.001677 0.852350
4 4 0.059890 0.138164 0.135385 0.004172 0.662390
4 4 0.064103 0.122902 0.099843 0.002939 0.710213
4 4 0.098702 0.103772 0.049343 0.004459 0.743724
4 4 0.057554 0.106692 0.085719 0.001930 0.748106
4 4 0.054162 0.063067 0.036079 0.000906 0.845786
4 0 0.032255 0.033583 0.018194 0.000147 0.915821
4 0 0.036327 0.037784 0.020177 0.000207 0.905505
4 0 0.058607 0.050646 0.024045 0.001133 0.865570
4 0 0.226769 0.061009 0.044811 0.001900 0.665511
4 0 0.283119 0.080399 0.111395 0.012227 0.512859
4 0 0.208784 0.084227 0.060946 0.004115 0.641928
4 0 0.130504 0.078903 0.028174 0.001118 0.761301
4 0 0.069392 0.057994 0.024002 0.001055 0.847557
4 1 0.067667 0.120886 0.092206 0.003099 0.716142
4 1 0.073990 0.102506 0.063182 0.002693 0.757630
4 0 0.063898 0.126856 0.105939 0.003105 0.700202
4 1 0.072813 0.133424 0.102682 0.004182 0.686898
4 1 0.060584 0.139833 0.132221 0.003489 0.663874
4 2 0.042219 0.158626 0.228971 0.002967 0.567217
4 2 0.035092 0.171079 0.308185 0.003263 0.482381
2 2 0.015280 0.146337 0.573914 0.006963 0.257505
2 2 0.018068 0.152746 0.549087 0.010419 0.269680
2 2 0.016964 0.146202 0.514603 0.004742 0.317488
2 2 0.024228 0.153857 0.409306 0.005220 0.407390
4 2 0.032081 0.171366 0.346339 0.004067 0.446147
2 2 0.020867 0.146398 0.426992 0.003883 0.401861
2 2 0.020638 0.149060 0.441260 0.004052 0.384989
4 2 0.030141 0.165881 0.333027 0.002536 0.468414
2 2 0.017270 0.161257 0.508376 0.002047 0.311051
2 2 0.011753 0.146748 0.610847 0.002024 0.228628
2 2 0.013457 0.150676 0.579277 0.002332 0.254258
2 2 0.006221 0.112517 0.740202 0.002928 0.138133
2 2 0.011935 0.132447 0.629045 0.007983 0.218590
2 2 0.019840 0.149639 0.488761 0.007506 0.334254
2 2 0.026122 0.177574 0.491760 0.014589 0.289955
2 0 0.038199 0.192366 0.422218 0.033565 0.313653
2 1 0.051979 0.209161 0.358267 0.042026 0.338566
4 2 0.035052 0.151354 0.311744 0.010797 0.491054
2 2 0.023439 0.136016 0.421967 0.016706 0.401872
4 2 0.040683 0.113267 0.164219 0.005455 0.676376
4 2 0.036493 0.121871 0.232613 0.013080 0.595943
4 2 0.038461 0.148275 0.291334 0.015854 0.506076
4 2 0.036349 0.132920 0.230691 0.005282 0.594759
4 2 0.047226 0.149084 0.199301 0.004609 0.599780
4 2 0.033075 0.167361 0.359043 0.008439 0.432083
4 2 0.058211 0.157189 0.189899 0.009676 0.585024
2 2 0.030750 0.187551 0.466955 0.019251 0.295493
2 1 0.034393 0.212831 0.515978 0.022243 0.214554
2 2 0.076101 0.276607 0.414532 0.040435 0.192326
2 1 0.056537 0.257560 0.390454 0.030135 0.265313
2 2 0.012915 0.160040 0.696446 0.020316 0.110284
4 2 0.028804 0.158671 0.395641 0.010872 0.406012
2 2 0.020224 0.139528 0.499212 0.021142 0.319893
2 2 0.017176 0.128794 0.540772 0.030859 0.282400
2 2 0.018913 0.136615 0.519490 0.023401 0.301582
2 2 0.015527 0.125537 0.543428 0.017578 0.297931
2 2 0.012738 0.119256 0.618715 0.031876 0.217415
2 2 0.019747 0.133917 0.493729 0.023197 0.329410
2 2 0.019187 0.136533 0.534113 0.039498 0.270669
2 2 0.020581 0.135378 0.505871 0.041116 0.297053
2 2 0.014187 0.126514 0.615471 0.047598 0.196231
2 1 0.009953 0.108386 0.675536 0.054284 0.151841
2 2 0.008950 0.103947 0.692724 0.049992 0.144386
2 2 0.004345 0.064452 0.746084 0.120986 0.064133
2 2 0.009225 0.094061 0.667333 0.093864 0.135517
2 0 0.023798 0.137645 0.479255 0.129543 0.229758
2 1 0.025798 0.147558 0.478761 0.085597 0.262287
2 2 0.021966 0.148267 0.524997 0.047095 0.257676
2 2 0.017126 0.133838 0.554408 0.027563 0.267065
2 2 0.015378 0.135508 0.576032 0.015602 0.257479
4 2 0.043154 0.156685 0.255306 0.008435 0.536420
2 2 0.024554 0.173018 0.437559 0.003640 0.361230
2 2 0.012663 0.142840 0.633511 0.007202 0.203784
2 2 0.008973 0.124293 0.725820 0.017215 0.123700
2 2 0.011677 0.130679 0.673303 0.023936 0.160405
2 2 0.012279 0.125558 0.684335 0.034794 0.143033
2 1 0.025879 0.159829 0.547019 0.079891 0.187382
2 2 0.039488 0.193723 0.428016 0.053737 0.285036
4 2 0.094097 0.202049 0.200955 0.074141 0.428758
4 1 0.086591 0.186003 0.173583 0.021714 0.532109
4 1 0.138992 0.206260 0.164052 0.023839 0.466856
4 2 0.089712 0.176182 0.171873 0.052579 0.509655
4 2 0.091539 0.174379 0.170442 0.068001 0.495640
4 2 0.066486 0.112850 0.112608 0.018830 0.689226
4 1 0.060715 0.136234 0.151479 0.011026 0.640547
4 0 0.165079 0.257955 0.216205 0.042342 0.318418
4 0 0.124217 0.159216 0.085341 0.014374 0.616852
4 0 0.115587 0.141159 0.074634 0.010748 0.657871
4 1 0.110317 0.131587 0.068010 0.008076 0.682011
4 1 0.071722 0.152934 0.132533 0.005416 0.637395
4 1 0.070082 0.098331 0.073797 0.006981 0.750809
4 1 0.061614 0.096179 0.085879 0.008576 0.747753
4 1 0.067777 0.097862 0.084489 0.013396 0.736477
4 1 0.046481 0.141110 0.218778 0.013064 0.580566
4 2 0.025291 0.147872 0.407853 0.010053 0.408930
2 2 0.006726 0.103245 0.716143 0.006071 0.167815
2 2 0.020381 0.144281 0.463419 0.007709 0.364210
2 1 0.016888 0.137108 0.556546 0.019795 0.269663
2 2 0.009776 0.117739 0.697551 0.028239 0.146695
2 2 0.011498 0.119624 0.652756 0.029325 0.186796
2 2 0.006899 0.100080 0.745111 0.026216 0.121694
2 2 0.003080 0.069582 0.833885 0.016375 0.077078
2 2 0.002000 0.059365 0.876870 0.018280 0.043485
2 2 0.000601 0.034311 0.937639 0.011819 0.015631
2 2 0.000240 0.016380 0.955694 0.022487 0.005199
2 2 0.000173 0.011434 0.948286 0.036398 0.003709
2 2 0.000223 0.012305 0.920193 0.062706 0.004572
2 2 0.000202 0.010777 0.898927 0.085858 0.004235
2 2 0.000225 0.010564 0.883294 0.101767 0.004149
2 2 0.000179 0.007934 0.888303 0.100863 0.002721
2 2 0.000214 0.010220 0.930491 0.055896 0.003179
2 2 0.000213 0.011497 0.943926 0.040834 0.003530
2 2 0.000272 0.013524 0.933098 0.048599 0.004507
2 2 0.000259 0.012068 0.931154 0.052666 0.003853
2 2 0.000306 0.013322 0.921191 0.060686 0.004495
2 2 0.000597 0.012952 0.760678 0.220393 0.005380
2 2 0.001391 0.025556 0.724008 0.235888 0.013156
2 2 0.000767 0.021784 0.809527 0.157312 0.010609
2 2 0.000455 0.011055 0.747361 0.236378 0.004750
2 2 0.000431 0.011568 0.793134 0.190130 0.004737
2 2 0.000122 0.004282 0.844121 0.150227 0.001248
2 2 0.000099 0.005612 0.948082 0.044801 0.001406
2 2 0.000150 0.007559 0.941847 0.048393 0.002051
2 2 0.000214 0.008189 0.906985 0.082168 0.002443
2 2 0.000909 0.020468 0.807507 0.162286 0.008829
2 2 0.000739 0.012410 0.684365 0.297165 0.005321
2 2 0.000478 0.007735 0.582460 0.405917 0.003410
2 2 0.000489 0.007939 0.637833 0.350568 0.003171
2 2 0.000335 0.007035 0.703894 0.286071 0.002665
2 2 0.000218 0.005289 0.715048 0.277542 0.001903
2 2 0.000431 0.007597 0.644091 0.344812 0.003069
2 2 0.000720 0.010829 0.595514 0.387904 0.005033
2 2 0.000609 0.010450 0.612060 0.371933 0.004949
2 2 0.000422 0.007706 0.563806 0.424339 0.003727
2 2 0.000533 0.009458 0.640346 0.345504 0.004160
2 2 0.000360 0.006748 0.624595 0.365493 0.002804
2 3 0.000501 0.009960 0.745804 0.239965 0.003769
2 2 0.000697 0.016878 0.795432 0.179632 0.007361
2 2 0.001121 0.025975 0.794408 0.165913 0.012583
2 2 0.000960 0.024326 0.810649 0.152530 0.011535
2 2 0.004136 0.048270 0.709212 0.213839 0.024543
2 0 0.007407 0.052557 0.710268 0.208148 0.021620
2 1 0.041050 0.139445 0.644785 0.120669 0.054051
2 2 0.036488 0.206079 0.480107 0.070858 0.206468
2 1 0.018877 0.162709 0.609214 0.046247 0.162953
2 2 0.016445 0.128267 0.683963 0.046817 0.124508
4 2 0.074524 0.229182 0.259626 0.018772 0.417897
4 2 0.095156 0.226843 0.201880 0.023910 0.452210
2 1 0.031910 0.221430 0.531644 0.034230 0.180787
4 1 0.041218 0.172476 0.318310 0.013045 0.454951
4 1 0.037385 0.172885 0.336792 0.009470 0.443469
4 2 0.051188 0.177714 0.265023 0.012709 0.493365
4 1 0.063250 0.179633 0.219005 0.014455 0.523657
4 1 0.071348 0.192715 0.199081 0.009662 0.527194
4 1 0.037312 0.172367 0.319292 0.006293 0.464736
2 2 0.009475 0.132000 0.693809 0.006081 0.158636
2 2 0.023832 0.169406 0.483838 0.009064 0.313861
4 2 0.032321 0.159338 0.318502 0.004326 0.485513
4 1 0.029482 0.159130 0.380708 0.009100 0.421580
2 2 0.014346 0.137257 0.593707 0.011526 0.243165
2 2 0.016180 0.145753 0.509713 0.003124 0.325231
2 2 0.015753 0.148509 0.556087 0.005370 0.274281
4 2 0.029144 0.157722 0.369925 0.007129 0.436081
2 2 0.025889 0.156563 0.417149 0.008639 0.391760
2 2 0.017589 0.154753 0.562979 0.010076 0.254603
2 2 0.018048 0.159748 0.562403 0.009180 0.250621
2 2 0.020138 0.167476 0.520385 0.005870 0.286132
2 2 0.009100 0.126465 0.685061 0.005147 0.174227
2 2 0.015534 0.150011 0.542503 0.003391 0.288560
4 2 0.025728 0.159350 0.359369 0.002060 0.453493
2 2 0.026141 0.171480 0.416015 0.004016 0.382348
2 2 0.026607 0.178000 0.437449 0.005154 0.352791
4 2 0.033812 0.168473 0.340800 0.006165 0.450750
2 2 0.025490 0.149875 0.420786 0.012428 0.391421
4 2 0.028638 0.133691 0.303294 0.006128 0.528249
2 2 0.005085 0.093953 0.775474 0.007604 0.117884
2 2 0.002861 0.071377 0.846798 0.011310 0.067653
2 2 0.018413 0.140098 0.495919 0.008948 0.336622
4 2 0.028142 0.146306 0.328469 0.004280 0.492803
4 2 0.052156 0.124684 0.145767 0.006322 0.671070
4 1 0.055972 0.124681 0.143223 0.009534 0.666590
4 1 0.057792 0.109782 0.113566 0.008949 0.709911
4 1 0.051967 0.111609 0.133031 0.009659 0.693734
4 1 0.046125 0.120898 0.165769 0.007936 0.659272
4 1 0.038849 0.132980 0.220986 0.006379 0.600806
4 1 0.049180 0.150981 0.186108 0.003487 0.610243
4 2 0.040765 0.156444 0.230736 0.002745 0.569311
4 2 0.050854 0.138667 0.152992 0.002678 0.654809
4 1 0.044827 0.151516 0.200884 0.002858 0.599914
4 1 0.045133 0.164818 0.231131 0.003653 0.555265
4 2 0.039409 0.131218 0.175235 0.001687 0.652452
4 2 0.039105 0.157831 0.243168 0.002693 0.557204
4 2 0.041803 0.180056 0.295258 0.005467 0.477417
4 2 0.065051 0.166807 0.168765 0.005779 0.593598
4 1 0.059815 0.194307 0.237309 0.008167 0.500402
2 2 0.031134 0.171966 0.407345 0.012237 0.377317
2 2 0.023475 0.158439 0.458749 0.008755 0.350582
2 2 0.007832 0.107850 0.684661 0.006458 0.193199
2 2 0.006001 0.095617 0.733884 0.007681 0.156817
2 2 0.003401 0.086709 0.850674 0.005601 0.053615
2 0 0.035276 0.186113 0.535394 0.012483 0.230733
4 4 0.168120 0.202785 0.107077 0.022531 0.499488
4 4 0.114112 0.194430 0.131886 0.018911 0.540661
4 4 0.086159 0.260839 0.276938 0.039762 0.336303
4 4 0.094498 0.141588 0.089550 0.007119 0.667246
4 4 0.087350 0.124051 0.076784 0.005150 0.706664
4 4 0.081773 0.112993 0.078296 0.008565 0.718373
4 4 0.071065 0.106455 0.089933 0.012693 0.719853
4 4 0.067327 0.084371 0.063746 0.008976 0.775579
4 4 0.065491 0.087284 0.076128 0.013369 0.757728
4 4 0.093799 0.098872 0.064628 0.007851 0.734850
4 4 0.114156 0.147416 0.084402 0.014285 0.639740
4 4 0.093090 0.118247 0.075393 0.011692 0.701578
4 4 0.070815 0.093784 0.074280 0.012391 0.748730
4 4 0.065914 0.122273 0.129083 0.020066 0.662664
4 4 0.080381 0.119552 0.102102 0.024488 0.673476
4 4 0.098457 0.140781 0.100745 0.022364 0.637653
4 4 0.076272 0.106007 0.085739 0.016687 0.715296
4 4 0.070796 0.094850 0.076316 0.013168 0.744870
4 4 0.058037 0.080886 0.076787 0.014368 0.769921
4 4 0.058576 0.081100 0.075911 0.013955 0.770458
4 4 0.056839 0.076602 0.070267 0.011882 0.784411
4 4 0.053523 0.070555 0.064854 0.010183 0.800885
4 4 0.070683 0.093649 0.074293 0.012404 0.748971
4 4 0.067147 0.089242 0.073204 0.012226 0.758181
4 4 0.084676 0.110225 0.076859 0.012584 0.715655
4 4 0.073057 0.116842 0.090319 0.006605 0.713177
4 4 0.074358 0.092942 0.058523 0.004390 0.769786
4 4 0.061748 0.135031 0.131264 0.005300 0.666658
4 4 0.063119 0.103241 0.074190 0.002109 0.757340
4 4 0.087647 0.084807 0.038350 0.002670 0.786527
4 4 0.070735 0.121183 0.098463 0.006359 0.703260
4 4 0.067146 0.091932 0.078494 0.014296 0.748132
4 4 0.079594 0.123654 0.112021 0.030507 0.654224
4 4 0.051359 0.065182 0.058078 0.008114 0.817267
4 4 0.096306 0.106693 0.055365 0.005799 0.735837
4 4 0.096768 0.124664 0.075113 0.009272 0.694184
4 4 0.080512 0.137823 0.102795 0.006590 0.672281
4 4 0.062918 0.129646 0.120736 0.005196 0.681503
4 4 0.065951 0.162010 0.158389 0.005482 0.608167
4 4 0.050634 0.182654 0.247582 0.005510 0.513620
4 4 0.082234 0.185023 0.162986 0.010450 0.559307
4 4 0.063891 0.206785 0.247895 0.010661 0.470769
4 1 0.065065 0.161198 0.190697 0.005827 0.577213
2 4 0.290252 0.112281 0.454856 0.007210 0.135401
0 4 0.930946 0.011618 0.051830 0.003384 0.002222
0 0 0.984521 0.004871 0.007045 0.000203 0.003360
0 0 0.982857 0.003475 0.011561 0.001688 0.000418
0 0 0.863461 0.044922 0.035553 0.002032 0.054033
0 0 0.671413 0.134895 0.039768 0.002343 0.151581
4 0 0.167174 0.097094 0.034318 0.001570 0.699844
4 0 0.085728 0.081740 0.036637 0.002436 0.793460
4 0 0.087109 0.083941 0.037865 0.002602 0.788483
4 4 0.090894 0.090141 0.041374 0.003112 0.774479
4 4 0.102999 0.111811 0.054203 0.005417 0.725570
4 4 0.064047 0.099276 0.068229 0.002023 0.766425
4 0 0.077847 0.083423 0.041596 0.002130 0.795004
4 1 0.083068 0.105096 0.059315 0.003395 0.749127
4 1 0.094175 0.141819 0.090097 0.007101 0.666809
4 1 0.107022 0.168684 0.108647 0.012582 0.603065
4 1 0.070319 0.144553 0.136899 0.009767 0.638462
4 1 0.063749 0.137996 0.132799 0.005916 0.659540
4 1 0.046390 0.151902 0.195111 0.002949 0.603648
4 1 0.037053 0.169699 0.288609 0.003215 0.501423
4 0 0.057737 0.156199 0.167834 0.004187 0.614042
4 1 0.040105 0.158642 0.249361 0.003690 0.548202
4 1 0.042722 0.141576 0.185987 0.002235 0.627480
4 1 0.039238 0.148188 0.217467 0.002266 0.592840
4 1 0.043351 0.146478 0.194758 0.002476 0.612938
4 2 0.043239 0.172226 0.262376 0.004393 0.517767
4 2 0.027412 0.154552 0.373884 0.005916 0.438236
4 2 0.030169 0.151760 0.330561 0.005375 0.482135
4 2 0.027374 0.151593 0.344283 0.003630 0.473120
4 2 0.033361 0.157338 0.278681 0.002283 0.528337
4 2 0.040370 0.165574 0.256512 0.003213 0.534331
4 1 0.041371 0.177976 0.283657 0.004165 0.492831
4 1 0.048243 0.164389 0.215916 0.003814 0.567638
4 2 0.029467 0.157200 0.310495 0.002052 0.500785
4 1 0.030336 0.180702 0.381079 0.003635 0.404248
2 2 0.015453 0.157952 0.568582 0.003518 0.254496
2 2 0.006303 0.105673 0.735328 0.004815 0.147880
2 2 0.001643 0.058258 0.885278 0.004022 0.050798
2 2 0.004614 0.096097 0.775895 0.002939 0.120454
2 2 0.014860 0.157271 0.564298 0.002506 0.261065
2 1 0.023496 0.174849 0.448258 0.002982 0.350415
4 2 0.029047 0.173201 0.369209 0.002960 0.425583
2 2 0.018691 0.163937 0.489188 0.002181 0.326003
2 2 0.006232 0.106745 0.728066 0.003378 0.155579
2 2 0.010499 0.127959 0.619714 0.003361 0.238466
2 1 0.019148 0.150609 0.480051 0.004565 0.345627
2 2 0.023174 0.162332 0.486571 0.011361 0.316563
2 2 0.015891 0.155058 0.585023 0.007160 0.236869
2 2 0.006788 0.110086 0.744308 0.007818 0.131000
2 2 0.002412 0.071272 0.857752 0.004153 0.064411
2 1 0.011811 0.135148 0.607890 0.003967 0.241184
2 2 0.020159 0.204981 0.637524 0.013492 0.123843
4 0 0.062360 0.229448 0.300685 0.015823 0.391685
4 1 0.064835 0.190912 0.213684 0.008343 0.522226
4 1 0.072577 0.139971 0.112119 0.004575 0.670758
4 1 0.038606 0.162980 0.259855 0.002927 0.535631
4 1 0.030404 0.149434 0.277197 0.001783 0.541182
4 1 0.031976 0.151062 0.269999 0.001932 0.545030
2 2 0.025491 0.172872 0.411327 0.002820 0.387491
2 2 0.027564 0.182957 0.421477 0.003787 0.364216
2 2 0.013764 0.151836 0.586312 0.002970 0.245117
2 2 0.002892 0.078287 0.846692 0.005128 0.067001
2 2 0.002270 0.070228 0.867839 0.004873 0.054790
2 2 0.001043 0.048661 0.917071 0.004167 0.029057
2 2 0.002606 0.076904 0.842128 0.002084 0.076278
2 2 0.001736 0.064151 0.880115 0.002159 0.051840
2 2 0.001635 0.060532 0.887953 0.003362 0.046518
2 2 0.003539 0.089297 0.817851 0.002691 0.086623
2 2 0.003401 0.086400 0.823989 0.003223 0.082987
2 2 0.003002 0.080950 0.841806 0.004210 0.070033
2 2 0.005239 0.103281 0.774960 0.004214 0.112306
2 2 0.002055 0.064498 0.874315 0.006190 0.052942
2 2 0.001227 0.049061 0.908401 0.008775 0.032537
2 2 0.000641 0.035330 0.935606 0.011334 0.017088
2 2 0.000429 0.028335 0.942118 0.018882 0.010236
2 2 0.000194 0.016456 0.965158 0.013331 0.004860
2 2 0.000188 0.014149 0.959869 0.021411 0.004383
2 2 0.000152 0.010420 0.949803 0.036306 0.003319
2 2 0.000188 0.011834 0.939308 0.044593 0.004076
2 2 0.000130 0.007672 0.927683 0.062039 0.002477
2 2 0.000124 0.007548 0.939686 0.050365 0.002277
2 2 0.000090 0.006217 0.949119 0.042826 0.001748
2 2 0.000092 0.006172 0.953690 0.038401 0.001647
2 2 0.000186 0.012061 0.964606 0.019943 0.003204
2 2 0.000291 0.019898 0.965581 0.009214 0.005016
2 2 0.000245 0.017225 0.961361 0.016131 0.005039
2 2 0.000292 0.019192 0.954393 0.020029 0.006094
2 2 0.000180 0.013075 0.956869 0.025751 0.004125
2 2 0.000151 0.009801 0.945434 0.041498 0.003116
2 2 0.000143 0.008471 0.917034 0.071364 0.002987
2 2 0.000146 0.007137 0.884443 0.105751 0.002523
2 2 0.000115 0.005753 0.874546 0.117601 0.001986
2 2 0.000114 0.005036 0.851891 0.141271 0.001688
2 2 0.000146 0.005607 0.834353 0.157973 0.001921
2 2 0.000164 0.006242 0.862593 0.128973 0.002027
2 2 0.000204 0.008366 0.937007 0.052231 0.002193
2 2 0.000476 0.016458 0.969369 0.011058 0.002639
2 1 0.000691 0.031211 0.944038 0.015055 0.009005
2 2 0.001237 0.050802 0.906524 0.022073 0.019364
2 2 0.000502 0.027739 0.932352 0.028848 0.010559
2 2 0.000220 0.012599 0.932230 0.050505 0.004446
2 2 0.000201 0.014122 0.955895 0.025299 0.004484
2 2 0.000218 0.015773 0.956129 0.022783 0.005096
2 2 0.000284 0.022850 0.954269 0.014890 0.007708
2 2 0.000248 0.022145 0.959194 0.011336 0.007077
2 2 0.000238 0.021825 0.962297 0.007784 0.007854
2 2 0.000164 0.017415 0.969623 0.007587 0.005210
2 2 0.000218 0.019513 0.964302 0.010216 0.005750
2 2 0.000152 0.011376 0.964316 0.020932 0.003224
2 2 0.000164 0.010318 0.959939 0.026753 0.002827
2 3 0.000111 0.006295 0.946894 0.045048 0.001652
2 2 0.000339 0.022535 0.951123 0.018564 0.007438
2 2 0.000620 0.025254 0.948955 0.018329 0.006842
2 2 0.003363 0.065555 0.886396 0.016215 0.028471
2 2 0.004836 0.086332 0.866714 0.016977 0.025142
2 1 0.004338 0.103125 0.831882 0.012165 0.048491
2 1 0.004266 0.102556 0.832823 0.011000 0.049356
2 2 0.001307 0.052338 0.905024 0.005901 0.035429
2 2 0.004342 0.094809 0.810862 0.006678 0.083308
2 2 0.013236 0.154307 0.624758 0.004336 0.203363
2 1 0.018254 0.181702 0.578245 0.004748 0.217052
2 1 0.017670 0.172583 0.596188 0.008465 0.205095
2 1 0.011246 0.145522 0.672144 0.006040 0.165048
2 2 0.014654 0.148990 0.525134 0.001681 0.309541
2 2 0.004712 0.098707 0.784699 0.003610 0.108273
2 1 0.003123 0.083651 0.837994 0.003773 0.071459
2 2 0.000569 0.035134 0.942093 0.006711 0.015493
2 2 0.000487 0.029597 0.937777 0.019994 0.012146
2 2 0.001455 0.036540 0.879356 0.068180 0.014469
2 0 0.005744 0.074977 0.831504 0.048692 0.039082
2 0 0.037649 0.221148 0.483938 0.041534 0.215731
4 1 0.122996 0.212216 0.142151 0.028668 0.493969
4 1 0.094686 0.213204 0.182649 0.019254 0.490206
4 1 0.063546 0.168551 0.175562 0.005750 0.586592
4 1 0.037661 0.169113 0.282825 0.003223 0.507178
4 1 0.035226 0.171755 0.307930 0.003220 0.481868
4 1 0.028547 0.166912 0.386840 0.005296 0.412406
2 2 0.022773 0.162813 0.432344 0.003199 0.378871
2 2 0.014366 0.144246 0.546980 0.002918 0.291490
4 1 0.026732 0.160346 0.361099 0.002675 0.449148
4 1 0.044734 0.169394 0.243300 0.003828 0.538744
4 2 0.054061 0.131779 0.143108 0.004357 0.666696
4 2 0.068286 0.081258 0.056670 0.006884 0.786903
4 4 0.048449 0.060769 0.054915 0.007346 0.828520
4 4 0.041465 0.047497 0.041738 0.004292 0.865007
4 4 0.056800 0.065161 0.047652 0.005052 0.825335
4 4 0.070595 0.073739 0.041936 0.003513 0.810217
4 4 0.065193 0.070951 0.044690 0.004160 0.815006
4 4 0.068330 0.083879 0.061079 0.008121 0.778592
4 4 0.080861 0.096353 0.056873 0.004870 0.761043
4 4 0.081593 0.075341 0.033119 0.001991 0.807957
4 4 0.050340 0.139527 0.168658 0.004448 0.637027
4 4 0.062762 0.121276 0.104134 0.003712 0.708116
2 4 0.021237 0.184180 0.525698 0.004366 0.264518
2 4 0.011281 0.159780 0.683708 0.003997 0.141233
2 4 0.005131 0.116563 0.824048 0.004860 0.049399
2 0 0.003113 0.102451 0.858926 0.004147 0.031364
2 4 0.008977 0.156009 0.754375 0.008610 0.072028
2 4 0.025959 0.192722 0.494402 0.007124 0.279793
4 4 0.035233 0.158320 0.277086 0.003085 0.526276
4 4 0.046294 0.160948 0.221149 0.004024 0.567585
4 4 0.044157 0.162597 0.240350 0.004626 0.548270
4 4 0.056578 0.139281 0.158643 0.007166 0.638332
4 4 0.071842 0.093235 0.069728 0.009796 0.755400
4 4 0.069547 0.090979 0.071602 0.011488 0.756384
4 4 0.062999 0.072205 0.049893 0.005364 0.809539
4 4 0.078199 0.092691 0.059593 0.007324 0.762193
4 4 0.057863 0.076354 0.067370 0.010746 0.787667
4 4 0.063669 0.097795 0.100042 0.025284 0.713210
4 4 0.048784 0.075559 0.090936 0.022493 0.762229
4 4 0.040034 0.058396 0.072123 0.014499 0.814949
4 4 0.040933 0.051863 0.051903 0.006962 0.848340
4 4 0.039943 0.048008 0.045078 0.005172 0.861799
4 4 0.037276 0.042192 0.037573 0.003588 0.879371
4 4 0.054841 0.057312 0.037289 0.003004 0.847554
4 4 0.052263 0.048227 0.026766 0.001496 0.871249
4 4 0.051362 0.046787 0.025698 0.001380 0.874773
4 4 0.063140 0.070498 0.046867 0.004673 0.814822
4 4 0.061972 0.075048 0.056574 0.007114 0.799292
4 4 0.067320 0.084725 0.064398 0.009182 0.774375
4 4 0.058997 0.077558 0.067356 0.010662 0.785427
4 4 0.058415 0.083102 0.080811 0.016072 0.761600
4 4 0.053881 0.068202 0.059013 0.008246 0.810658
4 4 0.077704 0.091609 0.092597 0.018212 0.719878
4 4 0.056271 0.065189 0.059035 0.007867 0.811637
4 4 0.087152 0.112729 0.076612 0.012377 0.711130
4 4 0.085654 0.087896 0.043805 0.003600 0.779045
4 4 0.099548 0.119491 0.063034 0.005709 0.712217
4 4 0.049073 0.150290 0.181982 0.003082 0.615573
4 4 0.052982 0.156173 0.181466 0.003739 0.605640
4 4 0.059746 0.164949 0.178881 0.005016 0.591408
4 4 0.046082 0.179221 0.260791 0.004712 0.509194
4 4 0.035033 0.177067 0.332849 0.004270 0.450779
4 2 0.032418 0.150695 0.311167 0.006162 0.499559
4 2 0.034279 0.138963 0.280568 0.009149 0.537042
4 2 0.044145 0.143331 0.236229 0.013182 0.563113
4 2 0.042654 0.156289 0.269364 0.011738 0.519956
4 2 0.045938 0.168897 0.268145 0.009691 0.507329
4 2 0.049825 0.170744 0.251937 0.010256 0.517238
4 2 0.041199 0.161959 0.307353 0.017808 0.471681
4 2 0.034777 0.160656 0.363440 0.020376 0.420751
2 2 0.030436 0.192596 0.602596 0.020626 0.153746
2 2 0.095837 0.176481 0.526071 0.071543 0.130069
4 2 0.181240 0.271685 0.166098 0.074962 0.306014
1 0 0.113371 0.292746 0.288420 0.047307 0.258156
2 0 0.055850 0.262006 0.431025 0.022681 0.228438
4 1 0.047545 0.161944 0.213192 0.003598 0.573720
4 1 0.037523 0.167341 0.278739 0.003101 0.513295
4 1 0.029414 0.171379 0.358972 0.002847 0.437389
2 1 0.014526 0.153157 0.567274 0.002812 0.262230
2 1 0.009332 0.132220 0.652121 0.002069 0.204259
2 2 0.009230 0.127973 0.640139 0.001960 0.220699
2 2 0.003581 0.103796 0.829128 0.001635 0.061860
2 2 0.022991 0.186205 0.535521 0.003043 0.252240
4 0 0.133001 0.278246 0.275959 0.011324 0.301471
1 1 0.227078 0.295977 0.198867 0.021609 0.256470
4 1 0.223549 0.268238 0.156425 0.026593 0.325195
4 1 0.057875 0.214387 0.292432 0.009854 0.425451
2 2 0.024455 0.183189 0.466136 0.003867 0.322353
2 2 0.013655 0.163753 0.620623 0.003092 0.198878
2 2 0.016138 0.167468 0.566345 0.002846 0.247203
2 2 0.015092 0.163942 0.578037 0.002622 0.240307
2 2 0.014474 0.166872 0.610424 0.003291 0.204938
2 2 0.012407 0.152053 0.602096 0.001879 0.231565
2 1 0.015029 0.155569 0.537793 0.001779 0.289831
2 2 0.019473 0.169704 0.498837 0.002650 0.309336
4 1 0.071151 0.210697 0.260656 0.005607 0.451888
2 2 0.066971 0.250002 0.381032 0.008482 0.293514
2 2 0.027054 0.214814 0.616485 0.006561 0.135085
2 2 0.012363 0.166604 0.676797 0.004966 0.139270
2 2 0.004524 0.111650 0.815507 0.003429 0.064890
2 2 0.001758 0.066661 0.891718 0.004225 0.035639
2 2 0.000812 0.044352 0.930511 0.004684 0.019641
2 2 0.000389 0.031543 0.954200 0.004439 0.009429
2 2 0.000352 0.029172 0.956256 0.005142 0.009079
2 2 0.000576 0.037181 0.942617 0.007465 0.012161
2 2 0.000620 0.039058 0.940704 0.005121 0.014497
2 2 0.001517 0.062315 0.901629 0.004555 0.029985
2 2 0.002849 0.083922 0.856615 0.004557 0.052056
2 2 0.004631 0.104356 0.808481 0.004843 0.077689
2 2 0.005832 0.093512 0.873143 0.003794 0.023719
2 2 0.044403 0.126140 0.790603 0.019397 0.019456
2 0 0.027354 0.102347 0.838928 0.017967 0.013404
2 1 0.010206 0.140536 0.817552 0.006748 0.024958
2 2 0.003819 0.090291 0.877205 0.008385 0.020300
2 2 0.000633 0.036740 0.938238 0.006429 0.017960
2 2 0.000508 0.032379 0.944569 0.008728 0.013817
2 2 0.000312 0.023675 0.949138 0.018412 0.008464
2 2 0.001098 0.042152 0.902188 0.028949 0.025614
2 2 0.000372 0.017713 0.920891 0.054370 0.006655
2 2 0.000206 0.010929 0.913610 0.071248 0.004007
2 2 0.000125 0.006020 0.862446 0.129248 0.002161
2 2 0.000028 0.002089 0.915154 0.082202 0.000527
2 2 0.000025 0.001833 0.902679 0.094999 0.000464
2 2 0.000042 0.002585 0.888323 0.108330 0.000720
2 2 0.000040 0.002876 0.931962 0.064396 0.000725
2 2 0.000078 0.004326 0.912554 0.081819 0.001222
2 2 0.000063 0.003624 0.918993 0.076363 0.000957
2 2 0.000096 0.003663 0.824708 0.170418 0.001116
2 3 0.000091 0.003655 0.858863 0.136360 0.001032
2 3 0.000071 0.002999 0.829101 0.166945 0.000884
2 0 0.000294 0.020061 0.964188 0.010213 0.005244
2 2 0.000452 0.028978 0.939886 0.020063 0.010621
2 2 0.000189 0.016471 0.964003 0.014287 0.005050
2 2 0.000289 0.021915 0.948041 0.021700 0.008055
2 2 0.000339 0.020426 0.933619 0.037677 0.007939
2 2 0.000442 0.022075 0.915833 0.052549 0.009101
2 2 0.000230 0.010951 0.910273 0.074662 0.003884
2 2 0.000239 0.009056 0.907666 0.080275 0.002765
2 2 0.000126 0.005829 0.953772 0.038993 0.001280
2 2 0.000091 0.005625 0.962457 0.030537 0.001289
2 2 0.000151 0.009691 0.951061 0.036190 0.002907
2 2 0.000281 0.018124 0.944528 0.030603 0.006464
2 2 0.000613 0.029998 0.904229 0.051245 0.013914
2 2 0.000536 0.028742 0.916170 0.042018 0.012535
2 2 0.000768 0.032067 0.873476 0.077475 0.016214
2 2 0.000313 0.020453 0.939605 0.031845 0.007784
2 2 0.000291 0.017679 0.939348 0.036238 0.006444
2 2 0.000302 0.018372 0.943456 0.031405 0.006465
2 2 0.000240 0.014123 0.942975 0.037918 0.004744
2 2 0.000625 0.019313 0.952613 0.022968 0.004481
2 1 0.001283 0.029903 0.942592 0.019481 0.006741
2 2 0.001241 0.041006 0.933726 0.013207 0.010820
2 2 0.000798 0.036517 0.931945 0.018621 0.012120
2 2 0.000223 0.017397 0.961238 0.015807 0.005336
2 2 0.000305 0.024049 0.958564 0.009713 0.007369
2 2 0.000256 0.021118 0.956441 0.015136 0.007050
2 2 0.000143 0.012601 0.964418 0.018967 0.003870
2 2 0.000086 0.007384 0.965973 0.024536 0.002021
2 2 0.000072 0.006085 0.965848 0.026412 0.001583
2 2 0.000062 0.005460 0.969784 0.023362 0.001331
2 2 0.018379 0.188277 0.658010 0.004713 0.130621
2 0 0.009743 0.154408 0.778649 0.005056 0.052145
2 1 0.001423 0.056333 0.901137 0.004949 0.036157
2 2 0.000150 0.014147 0.969895 0.011814 0.003993
2 2 0.000110 0.008528 0.968899 0.020274 0.002189
2 2 0.000123 0.008070 0.953985 0.035539 0.002283
2 2 0.000134 0.007904 0.929157 0.060258 0.002547
2 2 0.000248 0.013125 0.920813 0.060968 0.004846
2 2 0.000162 0.010000 0.926927 0.059348 0.003563
2 2 0.000079 0.005432 0.927088 0.065696 0.001705
2 2 0.000082 0.007096 0.958825 0.031895 0.002102
2 2 0.000074 0.006631 0.966602 0.024902 0.001790
2 1 0.000171 0.014572 0.964507 0.016332 0.004418
2 2 0.000222 0.016985 0.959272 0.018159 0.005363
2 2 0.000293 0.020818 0.950667 0.021031 0.007192
2 2 0.000364 0.018496 0.926009 0.048165 0.006965
2 2 0.000247 0.011804 0.917158 0.066661 0.004130
2 2 0.000281 0.014147 0.938064 0.042899 0.004608
2 2 0.000156 0.011135 0.971101 0.014883 0.002726
2 2 0.000133 0.010389 0.976867 0.010321 0.002291
2 2 0.000154 0.011856 0.975653 0.009672 0.002666
2 2 0.000148 0.013736 0.974639 0.008118 0.003359
2 2 0.000130 0.011850 0.974265 0.010762 0.002992
2 2 0.000166 0.013200 0.969260 0.013846 0.003528
2 2 0.000344 0.019805 0.958806 0.015566 0.005479
2 2 0.000715 0.034683 0.936892 0.016561 0.011149
2 2 0.000331 0.021688 0.956145 0.015279 0.006557
2 2 0.000260 0.019597 0.957961 0.015983 0.006199
2 2 0.000092 0.009025 0.970815 0.017547 0.002520
2 2 0.000070 0.007158 0.968147 0.022580 0.002045
2 2 0.001489 0.057850 0.898570 0.004842 0.037249
2 2 0.004151 0.097027 0.803367 0.002882 0.092573
2 2 0.001201 0.052665 0.911865 0.004981 0.029288
2 2 0.001021 0.047061 0.920237 0.008571 0.023110
2 2 0.001080 0.048402 0.915994 0.005663 0.028861
2 2 0.000639 0.036925 0.938044 0.007681 0.016711
2 2 0.000661 0.035156 0.933365 0.012739 0.018079
2 1 0.002619 0.071692 0.854066 0.006731 0.064892
2 2 0.001693 0.059290 0.892082 0.008359 0.038576
2 2 0.001148 0.049332 0.914423 0.011511 0.023585
2 2 0.001298 0.054842 0.910157 0.007548 0.026155
2 2 0.000992 0.046777 0.921824 0.008563 0.021844
2 2 0.000268 0.022955 0.959073 0.010573 0.007131
2 2 0.000449 0.031616 0.949482 0.005377 0.013076
2 2 0.000357 0.030082 0.956535 0.004232 0.008793
2 2 0.000375 0.029299 0.954311 0.005843 0.010172
2 2 0.000793 0.042725 0.931301 0.006341 0.018840
2 2 0.000309 0.025543 0.956313 0.009896 0.007940
2 2 0.000421 0.031366 0.951653 0.005080 0.011480
2 2 0.004375 0.107231 0.810544 0.002737 0.075113
2 2 0.020868 0.177616 0.505418 0.003425 0.292672
4 2 0.036182 0.184548 0.338873 0.004326 0.436071
2 2 0.058557 0.247805 0.416100 0.008590 0.268948
0 0 0.405091 0.236195 0.245509 0.017024 0.096181
2 0 0.278284 0.227796 0.409388 0.033757 0.050775
1 1 0.221181 0.327304 0.262079 0.020547 0.168890
4 1 0.079523 0.257659 0.305640 0.024567 0.332611
4 1 0.051056 0.198273 0.282159 0.007372 0.461140
4 1 0.030587 0.176679 0.388008 0.005478 0.399248
2 1 0.020869 0.161006 0.474241 0.004279 0.339605
2 1 0.013775 0.152200 0.557247 0.001652 0.275127
2 2 0.018068 0.158939 0.479473 0.001841 0.341679
4 2 0.027580 0.172285 0.382643 0.002834 0.414659
4 2 0.041426 0.171591 0.266361 0.003690 0.516932
4 1 0.064375 0.125088 0.102621 0.003058 0.704858
4 1 0.049160 0.123358 0.128374 0.001997 0.697111
4 1 0.057827 0.103833 0.081297 0.001856 0.755188
4 1 0.079860 0.120999 0.079186 0.004041 0.715913
4 1 0.099439 0.139290 0.085175 0.008893 0.667203
4 1 0.075474 0.132498 0.107547 0.007840 0.676641
4 1 0.052410 0.135460 0.154058 0.004340 0.653732
4 1 0.053953 0.125640 0.131197 0.003820 0.685389
4 1 0.074967 0.110983 0.071966 0.003139 0.738945
4 1 0.068762 0.139887 0.117733 0.004210 0.669407
4 1 0.075533 0.092840 0.051875 0.002381 0.777371
4 1 0.068827 0.096580 0.060732 0.002174 0.771687
4 1 0.055258 0.101344 0.082952 0.001895 0.758551
4 1 0.054522 0.100415 0.083524 0.001954 0.759585
4 1 0.064957 0.118427 0.092322 0.002801 0.721493
4 1 0.036029 0.162386 0.274624 0.002710 0.524252
4 1 0.048834 0.154091 0.190918 0.003260 0.602897
4 1 0.041627 0.156449 0.226445 0.002809 0.572669
2 1 0.017635 0.184787 0.605766 0.005983 0.185829
4 0 0.046695 0.166540 0.227388 0.003813 0.555564
4 1 0.056488 0.215311 0.295751 0.011098 0.421352
4 1 0.069612 0.188885 0.196700 0.008828 0.535975
4 1 0.095779 0.262718 0.254634 0.046464 0.340405
4 1 0.066699 0.183934 0.199803 0.009060 0.540504
4 1 0.060455 0.168511 0.183656 0.005382 0.581996
4 4 0.058532 0.164199 0.193496 0.007654 0.576119
4 4 0.050418 0.155225 0.200427 0.005360 0.588570
4 4 0.056521 0.120092 0.125836 0.006281 0.691270
4 4 0.060928 0.076542 0.058064 0.006100 0.798366
4 4 0.028933 0.142902 0.313843 0.004615 0.509706
4 4 0.053889 0.105461 0.089233 0.001709 0.749708
4 4 0.073887 0.168912 0.153486 0.007117 0.596598
4 4 0.095154 0.110834 0.062062 0.007504 0.724446
4 4 0.045592 0.058134 0.055520 0.007715 0.833038
4 4 0.035046 0.046560 0.060072 0.010079 0.848243
4 4 0.042349 0.059325 0.067248 0.012129 0.818949
4 4 0.050682 0.067902 0.065745 0.010725 0.804946
4 4 0.086630 0.112149 0.076579 0.012389 0.712254
4 4 0.075483 0.131908 0.103633 0.006452 0.682525
4 4 0.100396 0.117574 0.064219 0.007966 0.709844
4 4 0.102996 0.111805 0.054200 0.005416 0.725583
4 4 0.083559 0.128489 0.086460 0.005599 0.695893
4 4 0.084975 0.099264 0.059634 0.007127 0.749000
4 4 0.067612 0.083624 0.061895 0.008396 0.778474
4 4 0.059783 0.080798 0.072363 0.012443 0.774614
4 4 0.062685 0.089557 0.084163 0.017154 0.746441
4 4 0.076412 0.117994 0.099122 0.015360 0.691113
4 4 0.095829 0.120218 0.072805 0.009977 0.701171
4 4 0.086360 0.105505 0.066770 0.009116 0.732249
4 4 0.096392 0.129381 0.086738 0.015914 0.671576
4 4 0.064455 0.083942 0.068528 0.010713 0.772361
4 4 0.060440 0.075531 0.060328 0.008276 0.795423
4 4 0.061022 0.094143 0.095740 0.019793 0.729302
4 4 0.056761 0.088387 0.098345 0.025360 0.731148
4 4 0.076791 0.101600 0.076691 0.012940 0.731979
4 4 0.070974 0.082925 0.055173 0.006397 0.784531
4 4 0.103224 0.123616 0.068407 0.009103 0.695650
4 4 0.092828 0.099000 0.049772 0.004638 0.753763
4 4 0.057371 0.074807 0.062822 0.007938 0.797062
4 4 0.048656 0.066516 0.067701 0.011633 0.805494
4 4 0.062351 0.089497 0.084884 0.017522 0.745746
4 4 0.100115 0.128008 0.102269 0.021854 0.647754
4 4 0.097317 0.192850 0.149920 0.014972 0.544941
4 4 0.082506 0.151802 0.114924 0.006591 0.644177
4 4 0.065358 0.192144 0.214476 0.008591 0.519431
4 4 0.082038 0.124622 0.081401 0.004450 0.707489
4 4 0.083343 0.093218 0.050104 0.003829 0.769507
4 4 0.084834 0.091036 0.047157 0.003772 0.773202
4 4 0.099843 0.109552 0.054911 0.005629 0.730064
4 4 0.109563 0.124941 0.062400 0.007279 0.695816
4 4 0.078869 0.159724 0.131046 0.006872 0.623489
4 4 0.039342 0.167063 0.266507 0.003223 0.523864
4 4 0.029086 0.165332 0.341636 0.002449 0.461497
4 4 0.033169 0.168451 0.314246 0.002868 0.481265
4 4 0.040534 0.169512 0.266017 0.003474 0.520462
4 4 0.045201 0.169115 0.240370 0.003851 0.541463
4 4 0.051975 0.162752 0.198378 0.004058 0.582837
4 4 0.045065 0.208542 0.341954 0.008308 0.396131
4 0 0.106894 0.201986 0.158245 0.012470 0.520405
4 0 0.278987 0.254418 0.119534 0.028257 0.318805
0 4 0.364967 0.251185 0.103197 0.019978 0.260673
0 4 0.422619 0.244539 0.092512 0.015904 0.224427
4 4 0.158533 0.147039 0.066862 0.007370 0.620196
0 0 0.338138 0.298680 0.195474 0.041030 0.126678
2 4 0.159908 0.285298 0.440768 0.032667 0.081359
2 4 0.021656 0.217366 0.631582 0.028466 0.100931
4 4 0.059544 0.149768 0.151588 0.003957 0.635143
4 4 0.051616 0.203802 0.292513 0.008264 0.443805
2 4 0.160423 0.247618 0.340460 0.008656 0.242843
0 4 0.291306 0.235978 0.287525 0.042774 0.142418
0 0 0.336232 0.248703 0.121844 0.019402 0.273819
4 1 0.156378 0.189016 0.099544 0.018993 0.536069
4 4 0.095075 0.133491 0.086675 0.010546 0.674213
4 4 0.073142 0.085665 0.053181 0.004677 0.783334
4 4 0.073828 0.090052 0.056951 0.004751 0.774418
4 4 0.040135 0.132900 0.199563 0.004064 0.623338
4 4 0.026774 0.152900 0.335332 0.002336 0.482658
4 4 0.028911 0.156473 0.313283 0.001991 0.499343
2 2 0.012573 0.144078 0.551880 0.001225 0.290244
2 2 0.012121 0.146081 0.579155 0.001407 0.261238
2 2 0.009550 0.138975 0.655177 0.001736 0.194562
2 2 0.016251 0.156658 0.510853 0.001765 0.314474
2 2 0.016817 0.157396 0.500580 0.001785 0.323421
2 2 0.019228 0.163937 0.478076 0.002160 0.336599
2 2 0.017568 0.167694 0.531624 0.002626 0.280488
2 2 0.017720 0.160427 0.494108 0.001958 0.325787
2 2 0.013058 0.150128 0.580820 0.001988 0.254006
2 2 0.009705 0.129564 0.662081 0.004061 0.194589
2 2 0.020202 0.160542 0.460939 0.002656 0.355660
2 2 0.017102 0.151655 0.484246 0.002033 0.344963
2 2 0.021940 0.165197 0.433951 0.002215 0.376697
2 2 0.019560 0.170326 0.503420 0.002906 0.303788
2 2 0.009552 0.151138 0.711466 0.003590 0.124254
2 1 0.030067 0.218819 0.591822 0.005896 0.153396
2 1 0.012343 0.173373 0.735615 0.009260 0.069409
2 2 0.013100 0.171011 0.672065 0.005687 0.138137
2 2 0.015719 0.156932 0.525903 0.001822 0.299624
2 2 0.010305 0.140656 0.619635 0.001314 0.228090
2 2 0.004506 0.102168 0.785910 0.002032 0.105384
2 2 0.004192 0.105159 0.803679 0.001729 0.085241
2 2 0.003036 0.086033 0.845490 0.003469 0.061972
2 2 0.004730 0.106272 0.797186 0.003194 0.088618
2 2 0.009207 0.133348 0.670792 0.002610 0.184044
2 2 0.007761 0.127238 0.704451 0.002327 0.158223
2 2 0.006779 0.119407 0.729610 0.002630 0.141574
2 2 0.012097 0.147036 0.614807 0.002669 0.223392
2 2 0.020516 0.178473 0.515887 0.003583 0.281541
2 1 0.019499 0.184822 0.563662 0.004976 0.227042
2 2 0.027391 0.197230 0.475472 0.005897 0.294011
2 2 0.019287 0.172722 0.540382 0.004903 0.262706
2 2 0.011227 0.141232 0.651851 0.004725 0.190965
2 2 0.009376 0.133969 0.701371 0.006019 0.149264
2 2 0.005074 0.097225 0.780756 0.006528 0.110417
2 2 0.002344 0.071804 0.853096 0.002496 0.070260
2 2 0.003499 0.082653 0.804709 0.002951 0.106189
2 2 0.001552 0.057134 0.892315 0.004670 0.044328
2 2 0.005628 0.107123 0.761480 0.003645 0.122125
2 1 0.008662 0.141038 0.699644 0.002090 0.148565
2 2 0.007609 0.134659 0.748894 0.004442 0.104396
2 2 0.007387 0.135653 0.759298 0.004786 0.092875
2 2 0.002163 0.070609 0.873646 0.004392 0.049191
2 2 0.000712 0.039512 0.934658 0.007870 0.017248
2 2 0.000994 0.046523 0.920859 0.006635 0.024989
2 2 0.000883 0.042748 0.924887 0.006934 0.024547
2 2 0.000502 0.032170 0.944838 0.008708 0.013782
2 2 0.000195 0.019337 0.963397 0.010959 0.006113
2 2 0.000316 0.023388 0.954165 0.014543 0.007589
2 1 0.000420 0.029561 0.949022 0.010381 0.010617
2 2 0.000354 0.026347 0.953542 0.008580 0.011177
2 2 0.000472 0.033229 0.948376 0.004392 0.013531
2 2 0.000931 0.050279 0.926416 0.003964 0.018410
2 2 0.010156 0.081044 0.878455 0.018873 0.011471
2 2 0.012498 0.084115 0.875854 0.016563 0.010970
2 0 0.002594 0.068638 0.897322 0.012016 0.019430
2 1 0.001994 0.072746 0.890173 0.011080 0.024007
2 2 0.000326 0.024840 0.950646 0.015624 0.008564
2 2 0.000225 0.021031 0.963354 0.009117 0.006273
2 2 0.000097 0.010274 0.976237 0.010751 0.002641
2 2 0.000108 0.010606 0.970334 0.015916 0.003036
2 2 0.000105 0.008378 0.956430 0.032533 0.002555
2 2 0.000059 0.005309 0.963761 0.029461 0.001411
2 2 0.000043 0.003359 0.953141 0.042648 0.000808
2 2 0.000043 0.002943 0.945824 0.050521 0.000669
2 2 0.000076 0.003615 0.910924 0.084479 0.000906
2 2 0.000081 0.003456 0.891108 0.104474 0.000881
2 2 0.000100 0.003830 0.870094 0.124945 0.001031
2 2 0.000082 0.003687 0.908181 0.087137 0.000914
2 2 0.000108 0.004109 0.893405 0.101338 0.001040
2 2 0.000074 0.002683 0.832420 0.164122 0.000700
2 2 0.000123 0.003327 0.757486 0.238082 0.000982
2 2 0.000093 0.002392 0.724726 0.272130 0.000660
2 3 0.000163 0.003552 0.681800 0.313349 0.001135
2 3 0.000173 0.003761 0.671644 0.323172 0.001250
2 2 0.000122 0.002683 0.600874 0.395404 0.000917
3 3 0.000160 0.002548 0.465463 0.530869 0.000960
3 3 0.000135 0.002246 0.469370 0.527430 0.000819
3 3 0.000167 0.002635 0.488188 0.508056 0.000954
3 3 0.000157 0.001950 0.375962 0.621210 0.000722
3 3 0.000244 0.002739 0.368458 0.627452 0.001107
3 3 0.000379 0.003416 0.307041 0.687597 0.001567
3 3 0.000241 0.002115 0.249153 0.747532 0.000959
3 3 0.000088 0.000670 0.143233 0.855721 0.000288
3 3 0.000071 0.000666 0.230874 0.768169 0.000221
3 3 0.000058 0.000601 0.230852 0.768287 0.000202
3 3 0.000131 0.000951 0.180233 0.818305 0.000380
3 3 0.000193 0.001177 0.177262 0.820894 0.000474
3 3 0.000475 0.002525 0.209531 0.786375 0.001094
3 3 0.000516 0.004465 0.419228 0.574108 0.001683
2 3 0.000233 0.003820 0.617673 0.377034 0.001240
2 2 0.000128 0.003109 0.771997 0.223944 0.000822
2 2 0.000106 0.002657 0.778021 0.218551 0.000665
2 3 0.000093 0.002151 0.727082 0.270134 0.000540
2 3 0.000113 0.002470 0.720326 0.276447 0.000644
2 3 0.000076 0.001784 0.682881 0.314795 0.000463
2 3 0.000093 0.002055 0.629806 0.367439 0.000607
3 3 0.000168 0.001555 0.288247 0.709452 0.000577
3 3 0.000290 0.002117 0.258373 0.738367 0.000853
3 3 0.000417 0.001941 0.133249 0.863384 0.001008
3 3 0.000263 0.001412 0.147173 0.850498 0.000653
3 3 0.000147 0.000927 0.150683 0.847850 0.000393
3 3 0.000195 0.001222 0.165643 0.832410 0.000531
3 3 0.000220 0.001264 0.159035 0.838933 0.000549
3 3 0.000158 0.000892 0.139926 0.858651 0.000374
3 0 0.000364 0.002328 0.355293 0.641340 0.000675
2 1 0.002716 0.013993 0.809098 0.172109 0.002084
2 2 0.002652 0.024371 0.923425 0.046262 0.003291
2 1 0.000249 0.018010 0.959093 0.017106 0.005542
2 2 0.000554 0.035872 0.943660 0.006664 0.013250
2 2 0.001632 0.066573 0.893720 0.002602 0.035472
2 2 0.017160 0.171394 0.558604 0.003167 0.249676
4 2 0.054270 0.183222 0.233879 0.005993 0.522636
4 1 0.059932 0.182231 0.211874 0.006608 0.539355
4 2 0.047796 0.168020 0.226076 0.004015 0.554093
4 2 0.040934 0.155934 0.228589 0.002732 0.571810
4 2 0.057319 0.143609 0.145813 0.003415 0.649843
4 1 0.068334 0.162396 0.153952 0.005794 0.609524
4 1 0.067476 0.197816 0.218964 0.009771 0.505972
4 1 0.043314 0.172619 0.258603 0.003927 0.521537
2 1 0.028592 0.192460 0.442434 0.004996 0.331518
2 2 0.008827 0.134083 0.679061 0.002197 0.175832
2 2 0.009653 0.139377 0.656603 0.001892 0.192474
2 2 0.014470 0.152124 0.535925 0.001576 0.295905
4 2 0.025604 0.167899 0.391002 0.002462 0.413034
2 2 0.027379 0.180345 0.414331 0.003515 0.374430
2 2 0.027985 0.191078 0.445342 0.004807 0.330787
2 2 0.030537 0.190053 0.410739 0.004657 0.364014
2 1 0.024548 0.197460 0.519189 0.006450 0.252354
2 1 0.035657 0.205792 0.408643 0.007234 0.342675
4 1 0.067988 0.212233 0.244894 0.012500 0.462385
4 4 0.050205 0.173321 0.228124 0.004646 0.543705
4 1 0.053657 0.161867 0.190909 0.004162 0.589405
4 1 0.072312 0.242894 0.289199 0.023308 0.372287
4 1 0.094673 0.250222 0.238304 0.035525 0.381276
2 4 0.069882 0.259993 0.331078 0.033471 0.305576
4 4 0.077960 0.247162 0.278179 0.027134 0.369565
4 4 0.059781 0.179993 0.207904 0.006356 0.545966
4 4 0.058777 0.134222 0.141232 0.006256 0.659512
4 4 0.071607 0.139389 0.117935 0.005949 0.665120
4 4 0.082143 0.114372 0.069837 0.003868 0.729780
4 4 0.066731 0.081387 0.050346 0.002771 0.798766
4 4 0.057376 0.093253 0.075897 0.003144 0.770330
4 4 0.068751 0.077404 0.047339 0.003813 0.802692
4 4 0.065167 0.072855 0.047705 0.004799 0.809474
4 4 0.059164 0.077424 0.066716 0.010427 0.786270
4 4 0.061018 0.075461 0.059089 0.007877 0.796555
4 4 0.060117 0.069511 0.049881 0.005460 0.815032
4 4 0.077336 0.098511 0.070363 0.010641 0.743149
4 4 0.074008 0.083054 0.051003 0.005299 0.786636
4 4 0.085908 0.094344 0.051675 0.005172 0.762902
4 4 0.075467 0.109991 0.070382 0.003125 0.741034
4 4 0.071846 0.113455 0.077879 0.003044 0.733776
4 4 0.075971 0.100385 0.059949 0.002884 0.760811
4 4 0.068018 0.105924 0.081700 0.005219 0.739139
4 4 0.077767 0.090135 0.056342 0.006481 0.769275
4 4 0.076301 0.096452 0.068711 0.010138 0.748398
4 4 0.069244 0.078593 0.050877 0.005401 0.795884
4 4 0.062267 0.076144 0.058043 0.007514 0.796032
4 4 0.069482 0.091712 0.054856 0.002035 0.781915
4 4 0.068472 0.106723 0.072997 0.002539 0.749269
4 4 0.049077 0.148720 0.178664 0.003004 0.620536
4 4 0.075351 0.182589 0.172591 0.008924 0.560546
4 4 0.043683 0.140896 0.180738 0.002273 0.632410
4 4 0.061135 0.094548 0.065271 0.001736 0.777310
4 4 0.070323 0.085690 0.058187 0.006067 0.779734
4 4 0.061403 0.081988 0.071158 0.011865 0.773586
4 4 0.079090 0.118038 0.102257 0.024701 0.675914
4 4 0.040228 0.052400 0.055051 0.007977 0.844343
4 4 0.048877 0.056006 0.044237 0.004564 0.846317
4 4 0.077789 0.085161 0.049113 0.004789 0.783147
4 4 0.097963 0.103756 0.050066 0.004616 0.743599
4 4 0.090216 0.100181 0.054186 0.005649 0.749769
4 4 0.078842 0.096016 0.060013 0.005813 0.759317
4 4 0.094175 0.106835 0.054326 0.004310 0.740354
4 4 0.086299 0.112382 0.064547 0.004042 0.732729
4 4 0.075127 0.104813 0.064828 0.002863 0.752370
4 4 0.065415 0.099079 0.066664 0.002086 0.766756
4 4 0.068677 0.074215 0.042333 0.002859 0.811917
4 4 0.044649 0.053582 0.047418 0.005511 0.848839
4 4 0.058578 0.071436 0.056070 0.007129 0.806786
4 4 0.076940 0.082441 0.046394 0.004243 0.789981
4 4 0.093431 0.094440 0.043850 0.003502 0.764777
4 4 0.063009 0.160462 0.162404 0.005030 0.609094
4 4 0.070847 0.127171 0.096708 0.003657 0.701616
4 0 0.121262 0.138067 0.069250 0.008877 0.662544
4 4 0.114740 0.136146 0.069648 0.009205 0.670261
4 4 0.123915 0.158414 0.084778 0.014163 0.618730
4 4 0.097663 0.101890 0.048221 0.004253 0.747972
4 4 0.094151 0.102062 0.050057 0.004004 0.749725
4 4 0.084653 0.135560 0.091834 0.005472 0.682480
4 4 0.096231 0.099329 0.046707 0.003984 0.753750
4 4 0.078245 0.084065 0.047049 0.004349 0.786292
4 0 0.053098 0.058000 0.040934 0.003727 0.844241
4 0 0.077183 0.063221 0.090330 0.014999 0.754267
4 0 0.091648 0.064034 0.127218 0.027628 0.689472
4 0 0.092827 0.059140 0.100585 0.016142 0.731307
4 0 0.108472 0.064478 0.148868 0.035041 0.643141
