0 0 0.881651 0.051791 0.022346 0.008572 0.035640
0 0 0.848605 0.089831 0.024971 0.001902 0.034691
0 0 0.724610 0.157302 0.045126 0.002470 0.070493
0 0 0.759106 0.154124 0.032590 0.000727 0.053454
0 0 0.817750 0.076881 0.041936 0.019617 0.043817
0 0 0.912758 0.037152 0.012958 0.002805 0.034326
0 0 0.878903 0.065414 0.015488 0.000753 0.039442
0 0 0.794261 0.132553 0.023409 0.000316 0.049461
0 0 0.782793 0.091544 0.037091 0.007423 0.081149
0 0 0.925799 0.034651 0.009505 0.001005 0.029040
0 0 0.863741 0.042695 0.007003 0.000094 0.086467
0 0 0.737157 0.087906 0.011275 0.000042 0.163620
0 0 0.816544 0.082408 0.009068 0.000026 0.091955
0 0 0.790463 0.091908 0.013322 0.000086 0.104221
0 0 0.825591 0.076625 0.007749 0.000017 0.090018
0 0 0.826720 0.059793 0.009710 0.000106 0.103672
0 0 0.768203 0.099442 0.012525 0.000047 0.119783
0 0 0.564226 0.240789 0.020112 0.000012 0.174861
0 0 0.563018 0.250890 0.018466 0.000007 0.167619
0 0 0.453232 0.297074 0.021313 0.000006 0.228376
4 0 0.027487 0.212203 0.053665 0.000005 0.706640
4 0 0.049162 0.223765 0.049859 0.000011 0.677202
4 0 0.032281 0.236064 0.067772 0.000011 0.663872
4 0 0.027722 0.299054 0.109345 0.000015 0.563864
4 1 0.013035 0.245830 0.137564 0.000025 0.603546
4 1 0.024145 0.289675 0.085506 0.000003 0.600671
4 1 0.065258 0.253138 0.049496 0.000009 0.632100
4 1 0.029071 0.265608 0.079500 0.000008 0.625812
4 1 0.046526 0.297286 0.088215 0.000022 0.567951
4 1 0.035897 0.266496 0.072921 0.000009 0.624678
4 0 0.072029 0.400802 0.123983 0.000043 0.403142
4 0 0.085473 0.316247 0.082677 0.000054 0.515549
4 1 0.076969 0.337770 0.102249 0.000073 0.482940
4 1 0.080946 0.335515 0.109014 0.000124 0.474400
4 0 0.203860 0.317846 0.141764 0.008992 0.327539
4 0 0.072911 0.352714 0.093680 0.000028 0.480668
4 1 0.079049 0.322885 0.107110 0.000143 0.490813
4 0 0.084113 0.343893 0.153865 0.000688 0.417440
1 0 0.096655 0.436504 0.146901 0.000119 0.319822
4 0 0.066616 0.348912 0.100195 0.000034 0.484243
1 0 0.313204 0.429647 0.119774 0.000986 0.136390
1 1 0.314146 0.443024 0.117176 0.000678 0.124976
1 1 0.204643 0.468624 0.206326 0.002547 0.117859
1 1 0.167012 0.478808 0.236586 0.002468 0.115127
1 1 0.261242 0.459482 0.169244 0.002021 0.108012
0 0 0.334929 0.275207 0.251435 0.041146 0.097282
0 0 0.631703 0.184917 0.073679 0.009571 0.100130
0 0 0.726883 0.118338 0.063105 0.029715 0.061958
0 0 0.588022 0.137624 0.093633 0.039604 0.141117
0 0 0.874763 0.054682 0.022127 0.006461 0.041966
0 0 0.808643 0.059620 0.016254 0.000935 0.114547
0 0 0.419035 0.331830 0.048998 0.000138 0.199999
0 0 0.552671 0.279741 0.042746 0.000186 0.124656
0 0 0.830601 0.046981 0.019114 0.004624 0.098679
0 0 0.518579 0.284564 0.053299 0.000420 0.143138
0 0 0.725528 0.107435 0.030899 0.001613 0.134526
0 0 0.724882 0.125372 0.029905 0.000834 0.119007
0 0 0.781880 0.097371 0.023046 0.000741 0.096962
0 0 0.571976 0.193838 0.043839 0.000703 0.189643
0 0 0.393147 0.361293 0.074433 0.000613 0.170514
0 1 0.419491 0.357832 0.065175 0.000380 0.157121
0 1 0.600767 0.197098 0.058448 0.002517 0.141170
0 0 0.930125 0.028789 0.009172 0.001658 0.030255
0 0 0.870682 0.041803 0.014010 0.002071 0.071434
0 0 0.917095 0.023513 0.008099 0.001753 0.049540
0 0 0.796604 0.096913 0.020709 0.000498 0.085276
0 0 0.912788 0.034096 0.008242 0.000514 0.044360
0 0 0.907590 0.031065 0.011582 0.003025 0.046738
0 0 0.899728 0.034609 0.010316 0.001200 0.054147
0 0 0.851895 0.049865 0.017284 0.002615 0.078342
0 0 0.872957 0.066120 0.025570 0.006714 0.028640
0 0 0.907411 0.043742 0.019155 0.009545 0.020147
0 0 0.954930 0.020310 0.008822 0.006746 0.009192
0 0 0.901922 0.039221 0.020430 0.018579 0.019848
0 0 0.858693 0.038085 0.033278 0.050114 0.019830
0 0 0.828515 0.035980 0.040350 0.076312 0.018842
0 0 0.843519 0.025239 0.035628 0.082994 0.012620
0 0 0.866518 0.033268 0.031351 0.051762 0.017101
0 0 0.815266 0.027967 0.036596 0.104998 0.015173
0 0 0.809827 0.092325 0.041054 0.013317 0.043477
0 0 0.831424 0.057875 0.015522 0.000912 0.094267
0 0 0.732845 0.142776 0.021581 0.000135 0.102662
0 0 0.398987 0.304082 0.051102 0.000208 0.245621
0 0 0.579670 0.164706 0.052095 0.002613 0.200915
0 0 0.767497 0.083354 0.022614 0.001102 0.125433
0 0 0.871990 0.044782 0.013026 0.001198 0.069005
0 0 0.907591 0.029094 0.011042 0.003075 0.049198
0 0 0.867825 0.053732 0.013722 0.000794 0.063926
0 0 0.861296 0.042322 0.016766 0.004191 0.075426
0 0 0.882353 0.028760 0.009496 0.001469 0.077922
1 0 0.188732 0.261174 0.256886 0.038722 0.254486
1 1 0.112836 0.403578 0.348420 0.022647 0.112519
1 1 0.097896 0.381374 0.351920 0.026585 0.142224
2 1 0.064856 0.385005 0.450556 0.022252 0.077330
2 2 0.044990 0.334773 0.474501 0.033818 0.111918
2 2 0.037764 0.362317 0.480416 0.011761 0.107742
2 2 0.039485 0.365276 0.491819 0.013323 0.090098
2 2 0.026626 0.270343 0.569972 0.017675 0.115384
2 2 0.032330 0.283981 0.497520 0.032411 0.153757
2 2 0.067167 0.296936 0.461238 0.047873 0.126786
2 2 0.028830 0.375677 0.538486 0.005676 0.051331
2 2 0.045605 0.411919 0.490152 0.006191 0.046132
2 2 0.020135 0.368416 0.531203 0.002532 0.077714
2 2 0.042616 0.363682 0.504935 0.018041 0.070725
2 3 0.045964 0.357169 0.443382 0.016539 0.136946
2 3 0.146940 0.208295 0.421519 0.149110 0.074136
2 3 0.059332 0.367434 0.493565 0.009634 0.070035
2 3 0.020588 0.320677 0.567268 0.011137 0.080331
2 3 0.027998 0.298705 0.544553 0.017121 0.111623
2 3 0.022126 0.334096 0.530770 0.007806 0.105202
2 2 0.023892 0.241596 0.601673 0.044594 0.088244
2 2 0.031779 0.234189 0.552841 0.070751 0.110440
2 2 0.027907 0.255730 0.573837 0.047139 0.095386
2 2 0.011941 0.144584 0.706095 0.061601 0.075779
2 3 0.027840 0.233712 0.575145 0.059155 0.104148
2 3 0.016231 0.158188 0.653434 0.073472 0.098673
2 3 0.021343 0.141730 0.607157 0.181560 0.048210
2 3 0.030082 0.189463 0.574649 0.137083 0.068722
3 3 0.254296 0.104775 0.286096 0.288776 0.066057
2 3 0.066182 0.150975 0.529622 0.173369 0.079851
0 3 0.879414 0.041302 0.032504 0.027465 0.019315
0 0 0.929866 0.028539 0.014168 0.013442 0.013986
0 0 0.811877 0.098552 0.041199 0.008503 0.039868
0 0 0.647861 0.217207 0.056055 0.001813 0.077063
0 1 0.511366 0.279613 0.113656 0.005902 0.089464
0 0 0.883604 0.052846 0.024735 0.013477 0.025338
0 0 0.857939 0.072506 0.029196 0.008189 0.032170
0 0 0.856409 0.075499 0.028838 0.006695 0.032558
0 0 0.908169 0.045470 0.018678 0.007455 0.020228
0 0 0.892031 0.049705 0.024119 0.011446 0.022700
0 0 0.539882 0.088939 0.014244 0.000076 0.356860
4 0 0.238636 0.214049 0.015200 0.000003 0.532112
4 0 0.217915 0.208199 0.016280 0.000003 0.557603
4 1 0.195524 0.233053 0.019137 0.000003 0.552284
4 1 0.089527 0.279104 0.049270 0.000011 0.582089
4 1 0.121579 0.251615 0.042474 0.000026 0.584306
4 0 0.228233 0.223362 0.019875 0.000007 0.528523
4 0 0.166233 0.162485 0.016960 0.000008 0.654314
4 0 0.308373 0.246146 0.016705 0.000003 0.428773
0 0 0.551097 0.068007 0.012063 0.000098 0.368736
0 0 0.682002 0.083660 0.015652 0.000183 0.218503
0 0 0.409595 0.205933 0.025301 0.000038 0.359133
4 1 0.333413 0.293723 0.031833 0.000026 0.341005
0 0 0.472377 0.183786 0.035653 0.000279 0.307906
0 0 0.634270 0.098867 0.025682 0.000786 0.240395
0 0 0.664183 0.119899 0.016114 0.000058 0.199746
4 0 0.247845 0.246151 0.033762 0.000049 0.472193
0 0 0.805807 0.047355 0.009770 0.000230 0.136838
0 1 0.372732 0.308115 0.033174 0.000029 0.285950
0 0 0.728710 0.074623 0.015534 0.000290 0.180843
0 0 0.588973 0.183998 0.021255 0.000038 0.205736
0 0 0.702590 0.113862 0.027829 0.000793 0.154925
0 0 0.735051 0.087548 0.030928 0.003335 0.143137
0 0 0.730630 0.086088 0.029084 0.002674 0.151524
0 0 0.733795 0.102511 0.023570 0.000597 0.139527
0 0 0.592314 0.225414 0.026917 0.000055 0.155300
0 0 0.384062 0.331447 0.045883 0.000095 0.238513
0 0 0.411140 0.338182 0.046833 0.000105 0.203741
0 0 0.525518 0.149222 0.035285 0.000605 0.289371
0 0 0.788116 0.080918 0.018048 0.000487 0.112431
0 1 0.503020 0.319964 0.029264 0.000021 0.147732
0 0 0.633890 0.184458 0.027587 0.000129 0.153937
0 1 0.483090 0.323232 0.031484 0.000026 0.162169
0 1 0.466274 0.321999 0.031503 0.000025 0.180199
0 0 0.484289 0.284138 0.036109 0.000071 0.195393
0 0 0.669648 0.162430 0.027529 0.000213 0.140180
0 0 0.454107 0.327587 0.035401 0.000038 0.182866
0 0 0.766057 0.102248 0.015732 0.000115 0.115848
0 0 0.888756 0.032816 0.010001 0.001193 0.067234
0 0 0.758528 0.093930 0.021750 0.000605 0.125187
0 0 0.496201 0.309491 0.024378 0.000010 0.169919
0 0 0.446878 0.322904 0.033181 0.000030 0.197006
0 0 0.687243 0.150549 0.021317 0.000095 0.140796
0 0 0.873701 0.044494 0.007609 0.000121 0.074075
0 0 0.871423 0.037540 0.011966 0.001517 0.077555
0 0 0.790671 0.066807 0.008904 0.000045 0.133573
0 0 0.766385 0.094820 0.011847 0.000044 0.126905
0 0 0.586037 0.205290 0.026099 0.000064 0.182511
0 0 0.853147 0.045626 0.012686 0.000929 0.087612
0 0 0.477857 0.291547 0.022949 0.000009 0.207638
0 0 0.871041 0.048338 0.013643 0.001124 0.065853
0 0 0.856778 0.057610 0.009874 0.000144 0.075594
0 0 0.498716 0.283987 0.025964 0.000018 0.191314
0 0 0.571862 0.214234 0.025107 0.000045 0.188753
0 0 0.702903 0.134898 0.021638 0.000151 0.140409
0 0 0.842381 0.058360 0.013699 0.000536 0.085023
0 0 0.780154 0.094428 0.016906 0.000213 0.108299
0 0 0.866019 0.060977 0.009425 0.000101 0.063478
0 0 0.554125 0.229637 0.033410 0.000119 0.182709
0 0 0.661224 0.189718 0.022015 0.000048 0.126996
0 0 0.728069 0.151968 0.021027 0.000098 0.098840
0 0 0.483987 0.315867 0.032029 0.000030 0.168087
0 0 0.562330 0.299275 0.020174 0.000006 0.118215
0 0 0.693044 0.156076 0.024334 0.000151 0.126394
0 0 0.923530 0.027646 0.008778 0.001486 0.038560
0 0 0.877339 0.038988 0.007659 0.000198 0.075815
0 0 0.899087 0.035937 0.007418 0.000252 0.057306
0 0 0.885157 0.042283 0.008353 0.000226 0.063982
0 0 0.705898 0.138869 0.022121 0.000152 0.132960
0 0 0.538206 0.255162 0.024380 0.000021 0.182231
0 0 0.418481 0.353996 0.060671 0.000286 0.166566
1 0 0.387061 0.411246 0.065207 0.000100 0.136387
1 1 0.323500 0.448804 0.098947 0.000275 0.128474
1 1 0.275020 0.473932 0.101140 0.000135 0.149773
1 1 0.285079 0.457323 0.113424 0.000356 0.143819
0 0 0.661339 0.171336 0.058587 0.004785 0.103952
0 0 0.746633 0.121450 0.025116 0.000463 0.106339
0 1 0.415397 0.392149 0.056095 0.000079 0.136281
0 0 0.799805 0.076186 0.035896 0.012829 0.075284
0 0 0.711512 0.105844 0.033959 0.002468 0.146217
0 0 0.820512 0.079206 0.022597 0.001557 0.076129
0 0 0.915494 0.031825 0.007998 0.000580 0.044103
0 0 0.914504 0.030675 0.006893 0.000343 0.047585
0 0 0.823165 0.081234 0.016048 0.000326 0.079227
0 0 0.814441 0.110436 0.015185 0.000092 0.059847
0 0 0.861459 0.057468 0.011351 0.000270 0.069451
0 0 0.813376 0.112739 0.015306 0.000089 0.058490
0 0 0.419452 0.345362 0.051784 0.000155 0.183247
0 0 0.858866 0.054200 0.012269 0.000456 0.074210
0 0 0.768402 0.113154 0.021862 0.000343 0.096238
1 0 0.271830 0.469273 0.124085 0.000402 0.134410
1 0 0.249634 0.464845 0.159023 0.001231 0.125268
1 1 0.198092 0.493783 0.138616 0.000215 0.169294
1 1 0.159189 0.439112 0.183340 0.001354 0.217005
1 0 0.214285 0.431311 0.177387 0.002833 0.174184
0 0 0.527626 0.203207 0.086565 0.010728 0.171874
1 1 0.222654 0.544094 0.138160 0.000114 0.094979
1 1 0.284698 0.425748 0.124052 0.001037 0.164465
1 1 0.128399 0.485724 0.158055 0.000156 0.227666
1 1 0.136008 0.436291 0.146844 0.000304 0.280553
4 1 0.015825 0.211673 0.099328 0.000025 0.673148
4 0 0.048969 0.189482 0.043450 0.000019 0.718080
4 1 0.018239 0.194945 0.078664 0.000021 0.708130
4 1 0.018465 0.195923 0.077500 0.000019 0.708093
4 1 0.024215 0.210420 0.074751 0.000020 0.690594
4 4 0.025501 0.168697 0.050745 0.000017 0.755041
4 4 0.029926 0.177148 0.044767 0.000009 0.748149
4 4 0.016251 0.142513 0.064000 0.000056 0.777179
4 4 0.028651 0.105720 0.025452 0.000021 0.840155
4 4 0.016581 0.190188 0.075858 0.000016 0.717357
4 4 0.036715 0.245248 0.342444 0.004588 0.371006
1 4 0.034841 0.392732 0.281774 0.000428 0.290225
1 4 0.027324 0.398573 0.294009 0.000234 0.279860
1 4 0.027087 0.401548 0.350452 0.000502 0.220411
1 1 0.088708 0.436735 0.286088 0.002619 0.185851
1 1 0.049719 0.464870 0.343260 0.000726 0.141426
1 1 0.039741 0.475993 0.364317 0.000408 0.119541
1 1 0.031223 0.446584 0.410003 0.000603 0.111588
1 1 0.024026 0.354912 0.336517 0.000803 0.283742
1 1 0.023339 0.374019 0.330472 0.000443 0.271727
2 1 0.002285 0.223338 0.484410 0.000208 0.289759
2 2 0.002545 0.240366 0.562456 0.000312 0.194321
2 2 0.000485 0.079681 0.743124 0.000368 0.176341
2 2 0.002079 0.210204 0.508442 0.000224 0.279051
2 2 0.002368 0.218863 0.526311 0.000287 0.252171
2 2 0.003079 0.244030 0.540247 0.000402 0.212242
2 2 0.001329 0.161964 0.602946 0.000263 0.233499
2 2 0.001753 0.164070 0.646260 0.000545 0.187372
2 2 0.001385 0.145895 0.611591 0.000391 0.240738
2 2 0.001606 0.189857 0.560762 0.000216 0.247559
1 2 0.073825 0.412690 0.341919 0.005856 0.165709
2 2 0.049340 0.322989 0.440723 0.010170 0.176778
2 2 0.036818 0.291461 0.521607 0.006003 0.144111
2 3 0.033686 0.275479 0.576630 0.007004 0.107200
2 3 0.046199 0.333777 0.407718 0.011727 0.200579
1 3 0.157764 0.390227 0.314595 0.010105 0.127309
0 0 0.835616 0.065850 0.036123 0.027794 0.034617
0 0 0.557578 0.232513 0.121663 0.012886 0.075360
0 0 0.490818 0.282277 0.124638 0.008089 0.094178
1 1 0.208171 0.463983 0.211494 0.003243 0.113110
1 1 0.159625 0.541425 0.189094 0.000253 0.109603
1 1 0.138483 0.465182 0.191664 0.000722 0.203949
1 1 0.124635 0.514672 0.224705 0.000494 0.135494
1 1 0.103950 0.516772 0.218657 0.000261 0.160360
1 1 0.095747 0.507190 0.241871 0.000400 0.154792
1 1 0.329326 0.361060 0.097077 0.001645 0.210891
1 1 0.182880 0.449792 0.171698 0.001140 0.194490
0 1 0.628875 0.173117 0.084958 0.022843 0.090207
1 0 0.244167 0.395953 0.153423 0.003869 0.202588
1 1 0.077505 0.531650 0.299935 0.000390 0.090519
2 1 0.014957 0.348058 0.505203 0.001533 0.130248
2 1 0.013126 0.298162 0.532967 0.004786 0.150959
2 1 0.011178 0.293061 0.524888 0.003286 0.167587
2 2 0.012910 0.282724 0.450768 0.003387 0.250211
2 2 0.004953 0.126155 0.751255 0.015099 0.102538
2 2 0.010443 0.282582 0.499732 0.002952 0.204292
2 2 0.013975 0.286037 0.471418 0.004172 0.224398
2 2 0.007089 0.231453 0.564362 0.002933 0.194163
2 2 0.011690 0.239603 0.611829 0.005902 0.130976
2 2 0.046060 0.235936 0.479889 0.039072 0.199043
2 2 0.055579 0.268257 0.474237 0.034186 0.167740
2 2 0.017000 0.303629 0.519436 0.007711 0.152225
2 2 0.013533 0.267411 0.545214 0.007326 0.166516
2 2 0.005276 0.223380 0.592825 0.001970 0.176549
2 3 0.000721 0.061040 0.857461 0.002819 0.077960
2 3 0.000711 0.062358 0.868083 0.002754 0.066094
2 3 0.001168 0.081859 0.835806 0.003251 0.077917
2 3 0.002685 0.118487 0.774900 0.005390 0.098537
2 3 0.005352 0.170027 0.688683 0.006208 0.129730
2 3 0.002741 0.092081 0.804748 0.012487 0.087944
2 3 0.001030 0.013816 0.647861 0.324423 0.012870
2 3 0.001783 0.016274 0.531260 0.437468 0.013214
3 3 0.003308 0.017270 0.390200 0.574617 0.014606
3 3 0.005184 0.023338 0.385644 0.566951 0.018883
3 3 0.005902 0.021684 0.326062 0.632633 0.013719
3 3 0.002812 0.015993 0.408293 0.557817 0.015085
3 3 0.001475 0.005269 0.227148 0.762424 0.003684
3 3 0.003892 0.015373 0.315176 0.655290 0.010269
3 3 0.002406 0.007463 0.225051 0.760445 0.004634
3 3 0.005119 0.012366 0.236731 0.736844 0.008939
3 3 0.003761 0.008847 0.205400 0.776319 0.005673
3 3 0.002632 0.006681 0.196379 0.790093 0.004215
3 3 0.003743 0.013608 0.295062 0.678300 0.009287
3 3 0.003276 0.011654 0.273683 0.704122 0.007265
3 3 0.004984 0.010586 0.209961 0.767025 0.007444
3 3 0.004325 0.008056 0.176691 0.805658 0.005270
3 3 0.001748 0.002932 0.121032 0.872409 0.001879
3 3 0.002552 0.004913 0.154162 0.835218 0.003155
3 3 0.004450 0.010428 0.215160 0.763237 0.006725
3 3 0.004917 0.007996 0.163968 0.817820 0.005299
3 3 0.004271 0.007474 0.167016 0.816332 0.004907
3 3 0.006278 0.011552 0.196069 0.778388 0.007714
3 3 0.005213 0.007167 0.144720 0.838086 0.004813
3 3 0.001064 0.001885 0.107785 0.888081 0.001185
3 3 0.003396 0.006406 0.165740 0.820302 0.004156
3 3 0.004643 0.004944 0.111568 0.875478 0.003367
3 3 0.001367 0.001999 0.100218 0.895071 0.001346
3 3 0.005802 0.008177 0.152849 0.827673 0.005500
3 3 0.002915 0.003756 0.117307 0.873248 0.002774
3 3 0.000927 0.000658 0.044506 0.953469 0.000440
3 3 0.011485 0.012514 0.172761 0.789515 0.013725
3 3 0.018540 0.033084 0.282026 0.632362 0.033987
3 3 0.218170 0.094215 0.279282 0.308399 0.099934
2 3 0.046314 0.157189 0.418929 0.260492 0.117076
2 3 0.067897 0.220515 0.372816 0.171288 0.167484
2 3 0.059787 0.204972 0.392070 0.177923 0.165248
2 3 0.027865 0.124787 0.495764 0.260986 0.090598
2 3 0.043692 0.213091 0.443972 0.101284 0.197961
2 2 0.049280 0.194811 0.436599 0.173920 0.145391
2 3 0.022958 0.117501 0.532950 0.238512 0.088079
2 3 0.006166 0.191544 0.594191 0.004041 0.204057
2 3 0.005197 0.219938 0.550111 0.001630 0.223124
2 3 0.002650 0.182127 0.626534 0.000907 0.187782
2 3 0.004457 0.226573 0.483766 0.000803 0.284401
2 3 0.002242 0.157617 0.618175 0.000895 0.221070
2 3 0.004154 0.223416 0.448415 0.000604 0.323411
4 2 0.009035 0.187841 0.370920 0.003178 0.429026
2 2 0.005192 0.209831 0.403376 0.000895 0.380706
2 2 0.004843 0.236908 0.428946 0.000646 0.328657
2 2 0.012636 0.243358 0.423687 0.003953 0.316366
2 2 0.009160 0.252606 0.401901 0.001787 0.334546
2 2 0.010334 0.261103 0.414511 0.002263 0.311789
4 2 0.012557 0.241632 0.337711 0.002657 0.405444
2 2 0.014444 0.297756 0.365162 0.001132 0.321505
4 2 0.011341 0.251486 0.346424 0.001646 0.389104
1 2 0.038147 0.380656 0.334019 0.001638 0.245540
4 2 0.014010 0.252496 0.288383 0.001165 0.443946
4 2 0.011098 0.243796 0.355213 0.002234 0.387658
4 2 0.030167 0.145679 0.147114 0.008557 0.668483
1 2 0.114599 0.362249 0.219868 0.006680 0.296605
0 2 0.598551 0.187893 0.143547 0.018983 0.051026
0 2 0.568409 0.230380 0.134325 0.010648 0.056237
0 0 0.778472 0.059728 0.061114 0.069965 0.030720
0 0 0.641368 0.196997 0.070918 0.006844 0.083874
1 0 0.227139 0.452359 0.229193 0.003469 0.087840
1 0 0.162081 0.507459 0.252103 0.001750 0.076607
1 1 0.120687 0.510092 0.303869 0.001805 0.063546
1 1 0.165179 0.514207 0.245395 0.001428 0.073790
1 1 0.144630 0.524993 0.264662 0.001181 0.064535
0 1 0.575833 0.179631 0.132925 0.034343 0.077268
1 1 0.181969 0.442409 0.249262 0.007706 0.118655
1 1 0.159964 0.473637 0.249550 0.003128 0.113720
1 1 0.150991 0.486780 0.241954 0.001852 0.118425
1 1 0.150060 0.440545 0.288920 0.009739 0.110736
1 1 0.127344 0.337204 0.246362 0.027326 0.261764
4 1 0.220882 0.322642 0.116003 0.003748 0.336725
1 1 0.157496 0.434481 0.191622 0.001793 0.214609
1 1 0.149893 0.411137 0.209537 0.003877 0.225555
0 0 0.476882 0.175175 0.104660 0.019359 0.223925
0 1 0.361346 0.207174 0.096516 0.010992 0.323972
1 1 0.094394 0.414188 0.211777 0.001101 0.278540
1 1 0.099687 0.421085 0.225146 0.001518 0.252563
0 1 0.480692 0.170759 0.115870 0.034315 0.198365
4 1 0.225840 0.308003 0.085874 0.001199 0.379084
1 1 0.152267 0.383597 0.173384 0.002748 0.288005
1 1 0.104217 0.420013 0.227567 0.001846 0.246356
1 1 0.107971 0.404226 0.219766 0.002338 0.265699
1 1 0.082375 0.412420 0.258817 0.002123 0.244265
1 1 0.128498 0.438922 0.183970 0.000782 0.247828
1 1 0.203328 0.412927 0.157880 0.002002 0.223862
0 0 0.440312 0.204327 0.063413 0.002195 0.289753
1 1 0.290418 0.424967 0.082912 0.000141 0.201562
1 1 0.224025 0.417903 0.108590 0.000343 0.249138
1 1 0.265365 0.412869 0.088265 0.000199 0.233301
1 1 0.231821 0.365105 0.097461 0.000642 0.304972
1 1 0.179840 0.354553 0.130727 0.001899 0.332980
0 0 0.481302 0.151053 0.055456 0.003759 0.308430
0 0 0.341549 0.295404 0.083200 0.001653 0.278194
0 0 0.573042 0.128754 0.065793 0.012167 0.220244
0 0 0.820188 0.047776 0.024021 0.011573 0.096442
0 0 0.925414 0.032571 0.011842 0.003276 0.026898
0 0 0.883506 0.050410 0.018369 0.003872 0.043843
0 0 0.856538 0.057513 0.018815 0.002381 0.064753
0 0 0.795117 0.074533 0.025525 0.002971 0.101854
0 0 0.844408 0.074077 0.023151 0.002413 0.055951
0 0 0.868738 0.048497 0.015997 0.002204 0.064564
0 0 0.451533 0.361329 0.068081 0.000496 0.118561
0 0 0.745060 0.115427 0.035854 0.002579 0.101080
0 0 0.814544 0.061196 0.029154 0.011314 0.083791
0 0 0.507478 0.331804 0.049766 0.000191 0.110761
4 0 0.067913 0.324309 0.166823 0.000907 0.440047
4 0 0.128397 0.302866 0.118724 0.001588 0.448425
1 0 0.022334 0.367152 0.261112 0.000141 0.349263
4 1 0.011173 0.304456 0.258023 0.000080 0.426269
4 1 0.039528 0.311195 0.185741 0.000468 0.463068
4 1 0.010564 0.242830 0.216390 0.000160 0.530055
4 1 0.010693 0.255834 0.227709 0.000144 0.505620
4 1 0.011928 0.255689 0.212579 0.000139 0.519665
4 1 0.014726 0.338190 0.229915 0.000043 0.417126
4 1 0.013297 0.288947 0.233692 0.000119 0.463945
2 1 0.003853 0.235975 0.457607 0.000469 0.302095
2 1 0.004289 0.236462 0.443973 0.000545 0.314732
2 1 0.006926 0.251034 0.432366 0.001194 0.308480
2 1 0.002858 0.192805 0.518016 0.000567 0.285754
2 2 0.004599 0.213721 0.426847 0.000750 0.354082
2 2 0.002545 0.173695 0.520575 0.000593 0.302593
2 2 0.000760 0.076071 0.735885 0.000867 0.186417
2 2 0.003763 0.232716 0.449547 0.000445 0.313530
2 2 0.002432 0.132012 0.605204 0.001599 0.258753
2 2 0.017824 0.235652 0.587589 0.004073 0.154862
0 0 0.626766 0.192822 0.092083 0.013497 0.074832
1 0 0.196807 0.484242 0.220817 0.002354 0.095780
1 0 0.236827 0.430097 0.187936 0.004847 0.140293
2 0 0.310323 0.234589 0.330584 0.045967 0.078537
1 0 0.257035 0.476718 0.168079 0.001348 0.096820
0 0 0.647724 0.162240 0.077333 0.018178 0.094526
0 0 0.646141 0.138453 0.092569 0.035265 0.087572
1 0 0.220934 0.436071 0.201080 0.005069 0.136847
1 0 0.217016 0.464577 0.195617 0.002447 0.120342
1 0 0.203402 0.452457 0.220224 0.004646 0.119272
1 1 0.086540 0.476689 0.273716 0.000941 0.162115
1 1 0.083388 0.482990 0.284043 0.000901 0.148678
1 1 0.130699 0.413581 0.327456 0.017118 0.111146
1 0 0.120459 0.468753 0.293827 0.002412 0.114549
1 0 0.211970 0.369419 0.253875 0.026919 0.137816
1 1 0.095968 0.485388 0.272354 0.001033 0.145256
1 1 0.073207 0.471024 0.317334 0.001309 0.137125
1 1 0.086908 0.493146 0.310342 0.001234 0.108370
1 1 0.068346 0.512659 0.360934 0.000805 0.057255
1 1 0.086774 0.522700 0.322310 0.000807 0.067409
1 1 0.179616 0.514135 0.229127 0.001278 0.075844
0 1 0.752495 0.130277 0.068894 0.010263 0.038071
1 1 0.377353 0.382707 0.162195 0.002559 0.075187
0 0 0.879420 0.051694 0.029059 0.015875 0.023951
1 0 0.312948 0.412031 0.183066 0.003253 0.088703
1 1 0.185805 0.520773 0.219405 0.001000 0.073016
0 1 0.697909 0.161023 0.084184 0.010199 0.046686
0 0 0.512898 0.256424 0.156696 0.011929 0.062053
0 0 0.768404 0.151105 0.045044 0.001161 0.034285
0 0 0.894498 0.056268 0.021855 0.005341 0.022038
0 0 0.433082 0.408161 0.117764 0.000242 0.040752
1 1 0.327291 0.544949 0.087181 0.000021 0.040558
0 1 0.453106 0.412580 0.097705 0.000108 0.036501
1 1 0.411346 0.449988 0.086413 0.000092 0.052161
1 1 0.394145 0.462693 0.088675 0.000092 0.054394
1 1 0.400418 0.409674 0.144183 0.000518 0.045208
1 2 0.397496 0.439386 0.109907 0.000218 0.052993
1 2 0.297340 0.536900 0.112843 0.000079 0.052836
0 2 0.480375 0.381764 0.088764 0.000205 0.048892
0 2 0.539776 0.339896 0.070130 0.000187 0.050011
1 2 0.309024 0.504245 0.137526 0.000173 0.049032
0 2 0.508113 0.333856 0.112571 0.000690 0.044770
1 2 0.303371 0.483871 0.162778 0.000357 0.049623
0 2 0.436344 0.398852 0.118352 0.000346 0.046106
1 2 0.351757 0.452190 0.146742 0.000375 0.048936
0 2 0.440074 0.366993 0.147022 0.000950 0.044960
1 2 0.376356 0.437839 0.135534 0.000366 0.049904
0 2 0.430229 0.380881 0.143821 0.000720 0.044348
1 2 0.349302 0.425316 0.180230 0.000776 0.044375
0 2 0.415020 0.346967 0.196665 0.002247 0.039102
1 3 0.202741 0.431834 0.337571 0.001393 0.026460
1 3 0.198885 0.414337 0.357219 0.002122 0.027436
0 3 0.539725 0.158895 0.265136 0.019317 0.016927
2 3 0.244873 0.259882 0.479334 0.004531 0.011381
2 3 0.325283 0.321500 0.329394 0.003854 0.019969
2 3 0.027778 0.242023 0.716346 0.002325 0.011528
2 3 0.216145 0.182213 0.569167 0.023257 0.009218
1 0 0.054118 0.505925 0.409907 0.000693 0.029357
1 0 0.031041 0.475614 0.475315 0.000403 0.017628
2 1 0.031231 0.462490 0.486216 0.000594 0.019469
2 1 0.009902 0.298927 0.628697 0.003510 0.058964
2 1 0.014231 0.312983 0.634852 0.003825 0.034110
2 2 0.009402 0.275084 0.677535 0.001876 0.036104
2 2 0.014671 0.347712 0.586882 0.002215 0.048520
2 2 0.007667 0.226689 0.729731 0.002688 0.033225
2 2 0.011487 0.289579 0.605995 0.005999 0.086941
2 2 0.016716 0.286131 0.661318 0.009580 0.026255
2 2 0.007610 0.209156 0.731126 0.004895 0.047213
2 3 0.010090 0.198531 0.762087 0.010170 0.019123
2 3 0.029920 0.281138 0.629639 0.019641 0.039662
1 3 0.066140 0.494612 0.397833 0.001411 0.040004
2 3 0.264563 0.142572 0.513584 0.057307 0.021974
2 3 0.322707 0.137410 0.419063 0.094082 0.026738
2 3 0.116484 0.162344 0.668047 0.034003 0.019123
2 3 0.179233 0.096010 0.646707 0.070529 0.007522
0 3 0.460742 0.184632 0.323618 0.014505 0.016504
0 2 0.383494 0.377384 0.201228 0.001380 0.036515
0 2 0.544893 0.266186 0.159034 0.002363 0.027524
0 1 0.505108 0.249691 0.216860 0.003327 0.025014
0 1 0.587084 0.167259 0.205684 0.016152 0.023821
1 1 0.330132 0.536928 0.089145 0.000029 0.043766
1 1 0.342808 0.534336 0.081688 0.000020 0.041148
0 1 0.554592 0.320590 0.088488 0.000276 0.036054
1 1 0.362586 0.503349 0.087593 0.000043 0.046429
1 1 0.386660 0.492103 0.072362 0.000030 0.048844
1 1 0.368063 0.511908 0.075485 0.000023 0.044519
1 1 0.393990 0.482747 0.071689 0.000036 0.051539
1 1 0.386194 0.488177 0.074186 0.000037 0.051406
1 1 0.357470 0.508924 0.083530 0.000040 0.050036
1 1 0.395280 0.485175 0.070008 0.000030 0.049507
1 1 0.347799 0.517269 0.086230 0.000038 0.048663
0 1 0.453361 0.433453 0.056825 0.000036 0.056325
1 1 0.374813 0.485824 0.082247 0.000062 0.057054
0 1 0.454105 0.417599 0.068695 0.000086 0.059514
0 1 0.471527 0.419642 0.053143 0.000034 0.055654
1 1 0.438052 0.452601 0.058369 0.000026 0.050953
1 1 0.434378 0.449860 0.062793 0.000036 0.052932
0 1 0.567784 0.331389 0.055983 0.000087 0.044757
1 1 0.421060 0.461863 0.064131 0.000034 0.052913
1 1 0.421483 0.474454 0.059320 0.000017 0.044726
1 1 0.150401 0.575073 0.232075 0.000239 0.042213
1 1 0.129599 0.590856 0.241783 0.000176 0.037585
1 1 0.167596 0.553557 0.236576 0.000317 0.041954
1 1 0.149743 0.569882 0.236763 0.000277 0.043335
0 1 0.591732 0.174669 0.203471 0.009899 0.020228
0 1 0.570762 0.161233 0.227311 0.020452 0.020243
1 1 0.060846 0.509386 0.396022 0.000804 0.032942
2 1 0.039506 0.424958 0.498064 0.003141 0.034331
1 1 0.045175 0.464885 0.457471 0.001433 0.031036
2 1 0.027675 0.410678 0.536039 0.001870 0.023738
2 1 0.008346 0.269447 0.477628 0.001857 0.242722
2 1 0.007203 0.268354 0.499460 0.001538 0.223445
2 1 0.007393 0.267813 0.491755 0.001571 0.231469
2 1 0.007124 0.262557 0.473931 0.001397 0.254991
2 1 0.019568 0.333485 0.436852 0.002539 0.207556
2 1 0.008436 0.266285 0.462226 0.001810 0.261243
2 1 0.006564 0.268035 0.517038 0.001385 0.206979
2 2 0.003030 0.172714 0.654008 0.001548 0.168700
2 2 0.005295 0.236112 0.515005 0.001202 0.242386
2 2 0.002706 0.175338 0.644532 0.001128 0.176296
2 2 0.001997 0.098254 0.796560 0.005163 0.098026
2 2 0.001900 0.087115 0.806436 0.006647 0.097902
2 2 0.000981 0.056639 0.871064 0.007109 0.064207
2 2 0.007763 0.179128 0.657347 0.010356 0.145405
2 2 0.000521 0.042956 0.910791 0.004979 0.040753
2 2 0.001880 0.056468 0.858953 0.028057 0.054642
2 2 0.001771 0.059556 0.864667 0.021913 0.052093
2 2 0.001219 0.041091 0.877648 0.029125 0.050916
2 2 0.005795 0.112926 0.744671 0.027530 0.109079
2 2 0.008735 0.144899 0.698032 0.027952 0.120382
3 2 0.001133 0.010113 0.433325 0.550742 0.004687
3 3 0.005730 0.027497 0.387112 0.562554 0.017106
3 3 0.000606 0.004560 0.319350 0.673236 0.002249
3 3 0.004174 0.018570 0.342545 0.623234 0.011477
3 3 0.002774 0.009489 0.253371 0.728485 0.005881
3 3 0.004391 0.021351 0.368169 0.592939 0.013149
3 3 0.002376 0.008443 0.249713 0.734273 0.005195
3 3 0.000920 0.003889 0.216775 0.776120 0.002296
3 3 0.002852 0.010565 0.271490 0.708572 0.006521
3 3 0.000590 0.001850 0.146707 0.849753 0.001099
3 3 0.002808 0.007488 0.208533 0.776453 0.004719
3 3 0.004966 0.013038 0.242947 0.730674 0.008376
3 3 0.001376 0.003191 0.148589 0.844859 0.001985
3 3 0.003890 0.008591 0.197050 0.784931 0.005538
3 3 0.002890 0.004063 0.122128 0.868244 0.002675
3 3 0.001785 0.003632 0.144273 0.848011 0.002298
3 3 0.002135 0.005039 0.173317 0.816334 0.003174
3 3 0.003512 0.004383 0.117188 0.871991 0.002927
3 3 0.001676 0.003452 0.142894 0.849800 0.002178
3 3 0.002165 0.005275 0.178778 0.810465 0.003317
3 3 0.002621 0.004431 0.139016 0.851058 0.002873
3 3 0.000902 0.001837 0.115492 0.880630 0.001139
3 3 0.007064 0.013937 0.214156 0.755619 0.009224
3 3 0.001956 0.003473 0.132022 0.860325 0.002224
3 3 0.001313 0.002339 0.116177 0.878692 0.001480
3 3 0.001273 0.002507 0.125640 0.869006 0.001574
3 3 0.000996 0.002019 0.118910 0.876819 0.001256
3 3 0.001767 0.003313 0.133905 0.858907 0.002107
3 3 0.006245 0.009222 0.162682 0.815653 0.006198
3 3 0.001485 0.002642 0.120834 0.873360 0.001678
3 3 0.001091 0.002501 0.136439 0.858423 0.001546
3 3 0.001791 0.003023 0.122673 0.870575 0.001938
3 3 0.002216 0.003540 0.125307 0.866644 0.002293
3 3 0.002791 0.003725 0.115341 0.875683 0.002459
3 3 0.004537 0.006191 0.137597 0.847533 0.004142
3 3 0.001373 0.001844 0.091595 0.903997 0.001191
3 3 0.000861 0.001126 0.076331 0.920963 0.000719
3 3 0.005461 0.005256 0.107543 0.878118 0.003622
3 3 0.000808 0.001363 0.094068 0.902909 0.000853
3 3 0.000694 0.001026 0.079232 0.918403 0.000645
3 3 0.004203 0.005267 0.124680 0.862314 0.003536
3 3 0.003217 0.005287 0.144857 0.843184 0.003456
3 3 0.001492 0.001672 0.079940 0.915799 0.001097
3 3 0.004553 0.005033 0.114573 0.872424 0.003416
3 3 0.003225 0.004749 0.131811 0.857087 0.003128
3 3 0.001595 0.001553 0.071945 0.923876 0.001031
3 3 0.001465 0.002528 0.117086 0.877314 0.001608
3 3 0.001934 0.001834 0.075016 0.919990 0.001227
3 3 0.003453 0.003468 0.096048 0.894680 0.002350
3 3 0.003089 0.003873 0.112820 0.877642 0.002576
3 3 0.033022 0.030360 0.179448 0.733695 0.023475
3 3 0.011387 0.008515 0.109005 0.864987 0.006106
3 3 0.026153 0.025024 0.198120 0.725085 0.025619
3 3 0.049091 0.027981 0.245154 0.664820 0.012953
3 3 0.035983 0.027532 0.161306 0.752028 0.023152
3 3 0.063201 0.084453 0.273989 0.496173 0.082185
2 3 0.043640 0.120845 0.456872 0.293483 0.085160
2 3 0.061067 0.180033 0.438762 0.241869 0.078269
2 3 0.065784 0.239629 0.416470 0.166029 0.112088
2 3 0.052932 0.222030 0.439528 0.143086 0.142424
2 2 0.017952 0.303714 0.413143 0.003266 0.261925
2 2 0.029990 0.341172 0.351023 0.002551 0.275264
2 2 0.017537 0.278606 0.404735 0.005502 0.293621
2 2 0.035179 0.315364 0.362403 0.008762 0.278291
2 2 0.052431 0.302497 0.433222 0.007151 0.204699
2 2 0.052473 0.239598 0.390603 0.014777 0.302550
1 2 0.050293 0.385312 0.299134 0.001897 0.263364
1 2 0.028356 0.362348 0.359686 0.001503 0.248107
2 2 0.025201 0.331841 0.386520 0.003081 0.253357
1 2 0.050826 0.355391 0.310860 0.004531 0.278392
4 2 0.069972 0.334079 0.216715 0.003000 0.376234
4 2 0.073416 0.226853 0.152456 0.011462 0.535813
4 2 0.037913 0.260537 0.241866 0.006478 0.453206
4 2 0.034600 0.228404 0.217215 0.007982 0.511800
4 2 0.032167 0.237166 0.243792 0.008751 0.478124
4 2 0.064714 0.204531 0.116662 0.004411 0.609682
4 2 0.028721 0.238497 0.251479 0.007105 0.474198
4 2 0.033675 0.251549 0.280068 0.012759 0.421949
4 2 0.060375 0.187281 0.121276 0.008733 0.622335
0 2 0.574159 0.103629 0.070169 0.039501 0.212542
1 2 0.076599 0.359445 0.350829 0.022509 0.190618
4 2 0.094012 0.322917 0.224076 0.007298 0.351697
4 2 0.057807 0.293687 0.294242 0.022341 0.331924
2 1 0.024256 0.286600 0.390921 0.009376 0.288847
4 1 0.055762 0.189699 0.297618 0.059756 0.397165
2 1 0.025200 0.290405 0.355931 0.005993 0.322471
2 1 0.026899 0.296774 0.374535 0.007776 0.294016
2 1 0.035815 0.311853 0.351593 0.008708 0.292031
4 1 0.037925 0.236144 0.244211 0.014573 0.467147
4 1 0.043432 0.307989 0.306103 0.008415 0.334062
4 1 0.020827 0.132803 0.114739 0.004310 0.727321
4 1 0.013110 0.255317 0.239920 0.000345 0.491309
4 1 0.032859 0.165750 0.110922 0.001864 0.688606
4 1 0.009381 0.192512 0.228685 0.000914 0.568508
4 1 0.008150 0.197763 0.268895 0.001140 0.524052
4 1 0.011175 0.241268 0.254018 0.000453 0.493085
4 1 0.007930 0.210969 0.276592 0.000738 0.503771
4 2 0.009548 0.244132 0.290739 0.000523 0.455058
4 2 0.013132 0.223078 0.225876 0.000724 0.537190
4 2 0.007189 0.212506 0.313648 0.000997 0.465659
4 2 0.009195 0.240721 0.360509 0.001545 0.388031
2 2 0.010128 0.247353 0.374580 0.001994 0.365945
2 2 0.010968 0.282986 0.438525 0.001853 0.265668
2 2 0.011117 0.276143 0.408422 0.001669 0.302648
4 2 0.016525 0.259209 0.356372 0.004410 0.363483
4 2 0.016782 0.273878 0.342688 0.002466 0.364187
4 2 0.014686 0.268763 0.305748 0.001101 0.409702
1 2 0.066541 0.354683 0.273048 0.005177 0.300551
4 2 0.026824 0.269432 0.261315 0.002751 0.439678
4 2 0.025315 0.249269 0.250562 0.002689 0.472165
1 2 0.043098 0.359864 0.282337 0.001600 0.313102
1 2 0.068403 0.357580 0.271728 0.005115 0.297175
4 2 0.088232 0.344212 0.212786 0.004132 0.350638
1 1 0.150335 0.396937 0.238720 0.005457 0.208550
1 1 0.068460 0.350121 0.295507 0.009160 0.276752
1 1 0.050202 0.373354 0.312178 0.003001 0.261264
4 1 0.094874 0.332925 0.212324 0.006512 0.353364
1 1 0.151413 0.434486 0.208813 0.002474 0.202813
1 1 0.048888 0.395761 0.362537 0.003506 0.189308
0 0 0.470469 0.184138 0.149724 0.050074 0.145596
1 0 0.185840 0.401054 0.223851 0.009416 0.179839
0 0 0.532771 0.135589 0.199472 0.076577 0.055592
4 0 0.303116 0.185215 0.135986 0.019096 0.356588
1 0 0.125240 0.413105 0.232459 0.003861 0.225335
1 1 0.080788 0.409639 0.288987 0.003635 0.216951
1 1 0.066267 0.358169 0.293703 0.006773 0.275088
1 1 0.092207 0.412997 0.256410 0.002733 0.235652
1 1 0.111048 0.426221 0.253616 0.003304 0.205812
1 1 0.088478 0.394164 0.288780 0.006371 0.222207
0 1 0.397063 0.257598 0.108415 0.008162 0.228762
4 1 0.185839 0.195374 0.075314 0.002847 0.540626
4 0 0.272610 0.053088 0.045760 0.017018 0.611524
4 0 0.171726 0.106123 0.054542 0.005751 0.661858
4 0 0.372978 0.033200 0.019914 0.007802 0.566107
4 0 0.396669 0.031094 0.017592 0.006049 0.548597
4 0 0.125441 0.212365 0.057782 0.000532 0.603880
4 0 0.075783 0.217430 0.122435 0.005553 0.578799
4 1 0.064295 0.224606 0.158026 0.010243 0.542831
4 1 0.065502 0.229858 0.144116 0.005598 0.554926
4 1 0.071597 0.238470 0.149089 0.006468 0.534376
1 1 0.143062 0.375267 0.187649 0.004140 0.289883
0 0 0.445779 0.167709 0.147545 0.043028 0.195938
0 0 0.635009 0.089927 0.077304 0.034891 0.162868
0 0 0.474821 0.127350 0.056038 0.007028 0.334763
4 0 0.308239 0.155084 0.067925 0.005742 0.463010
1 0 0.205987 0.364663 0.138457 0.002922 0.287972
1 0 0.120240 0.375083 0.187902 0.002608 0.314167
1 1 0.124142 0.346393 0.181993 0.004566 0.342906
1 1 0.125801 0.354465 0.191064 0.005049 0.323622
0 1 0.395038 0.234359 0.108377 0.013066 0.249160
1 1 0.048674 0.421665 0.275997 0.000558 0.253106
1 1 0.203883 0.412427 0.171900 0.003121 0.208669
1 0 0.104590 0.404073 0.196926 0.001237 0.293174
1 1 0.088852 0.451417 0.241136 0.000874 0.217721
1 1 0.099933 0.348499 0.207192 0.004626 0.339751
1 1 0.077704 0.391459 0.260145 0.002836 0.267856
1 1 0.104891 0.393540 0.229604 0.003342 0.268623
1 1 0.278308 0.328054 0.253611 0.020151 0.119876
1 1 0.088280 0.508209 0.212261 0.000168 0.191083
1 1 0.044505 0.387882 0.318675 0.001731 0.247207
2 1 0.006505 0.260617 0.473763 0.001139 0.257975
2 1 0.005064 0.256571 0.507136 0.000856 0.230374
2 1 0.008943 0.299617 0.394126 0.000393 0.296922
2 1 0.007236 0.253969 0.437086 0.001301 0.300408
2 1 0.005344 0.261705 0.465039 0.000573 0.267340
2 1 0.010154 0.301593 0.453252 0.001038 0.233964
2 1 0.006967 0.257945 0.458028 0.001287 0.275774
2 1 0.009252 0.263515 0.410348 0.001458 0.315427
2 1 0.007524 0.255822 0.438462 0.001396 0.296797
2 1 0.006781 0.258145 0.463064 0.001246 0.270765
2 1 0.009735 0.283718 0.463232 0.001662 0.241654
2 2 0.012067 0.271995 0.422513 0.002802 0.290623
2 2 0.014346 0.276719 0.372522 0.002186 0.334226
2 2 0.011117 0.273012 0.446571 0.002791 0.266510
2 2 0.006924 0.260442 0.469427 0.001314 0.261892
2 2 0.013188 0.279428 0.445622 0.003748 0.258013
2 2 0.008522 0.273012 0.490606 0.002004 0.225856
1 2 0.070443 0.341985 0.251692 0.005410 0.330470
2 2 0.019760 0.342485 0.415144 0.001665 0.220945
2 2 0.027792 0.377825 0.402968 0.001708 0.189707
2 2 0.034825 0.311890 0.475260 0.026833 0.151191
2 2 0.006371 0.268324 0.525632 0.001354 0.198320
2 2 0.003279 0.192334 0.664847 0.001467 0.138074
2 2 0.006974 0.272504 0.530896 0.001617 0.188009
2 2 0.004759 0.260394 0.545013 0.000870 0.188964
2 2 0.004176 0.220803 0.610624 0.001350 0.163047
2 2 0.005884 0.248537 0.527641 0.001399 0.216539
2 2 0.003336 0.211434 0.605463 0.000918 0.178850
2 2 0.001261 0.100313 0.807859 0.001972 0.088595
2 2 0.002044 0.151081 0.697602 0.001155 0.148119
2 2 0.005728 0.244283 0.532891 0.001416 0.215682
2 2 0.000366 0.050542 0.865962 0.001172 0.081958
2 2 0.007451 0.262063 0.517319 0.001911 0.211257
2 2 0.010735 0.213790 0.629245 0.004806 0.141424
2 2 0.015640 0.268562 0.561018 0.004395 0.150385
2 2 0.007165 0.264341 0.498889 0.001575 0.228030
2 2 0.008149 0.276604 0.519590 0.002042 0.193614
2 2 0.006985 0.263413 0.532168 0.001772 0.195662
2 2 0.007756 0.259492 0.513390 0.002089 0.217272
2 2 0.004741 0.210264 0.599280 0.001885 0.183830
2 2 0.002436 0.153290 0.744416 0.002002 0.097856
2 2 0.001001 0.104258 0.819518 0.001179 0.074044
2 2 0.000342 0.055232 0.890456 0.000931 0.053039
2 2 0.000362 0.053151 0.898965 0.001226 0.046296
2 2 0.000493 0.066924 0.879947 0.001156 0.051480
2 3 0.001225 0.101213 0.817129 0.001907 0.078526
2 3 0.000290 0.044747 0.912385 0.001318 0.041260
2 3 0.001533 0.106503 0.815328 0.002668 0.073968
2 3 0.000568 0.081152 0.856622 0.000829 0.060828
2 3 0.001876 0.162125 0.739314 0.000989 0.095696
2 3 0.010326 0.225626 0.572590 0.007162 0.184296
2 3 0.010890 0.268284 0.531424 0.004287 0.185115
2 3 0.004265 0.124238 0.759998 0.011885 0.099614
2 3 0.014785 0.184623 0.591846 0.028174 0.180572
2 3 0.022310 0.248736 0.546310 0.012578 0.170066
2 3 0.009358 0.279432 0.543312 0.003000 0.164899
2 3 0.010352 0.282401 0.500558 0.002915 0.203774
2 3 0.010466 0.262536 0.531096 0.004150 0.191751
2 3 0.011643 0.274576 0.492211 0.003833 0.217737
2 3 0.010623 0.223690 0.546726 0.006880 0.212081
2 3 0.002625 0.123172 0.755059 0.004235 0.114909
2 3 0.002646 0.143531 0.746497 0.002822 0.104504
2 3 0.001593 0.102244 0.792437 0.002842 0.100884
2 3 0.006502 0.204255 0.677280 0.005694 0.106269
2 3 0.002629 0.096190 0.813955 0.010728 0.076498
2 3 0.004605 0.179559 0.687830 0.003939 0.124067
2 3 0.003057 0.141601 0.750055 0.004024 0.101263
2 3 0.003973 0.134750 0.764207 0.008519 0.088551
2 3 0.001371 0.095702 0.840143 0.003177 0.059607
2 3 0.003758 0.157575 0.691899 0.003620 0.143147
2 3 0.001006 0.040122 0.903284 0.024923 0.030665
2 3 0.006824 0.160081 0.702311 0.012918 0.117866
2 3 0.006074 0.128420 0.740400 0.021298 0.103807
2 3 0.008949 0.162009 0.686413 0.020846 0.121782
2 3 0.000795 0.035823 0.910556 0.021036 0.031790
2 3 0.009453 0.139318 0.707272 0.038931 0.105025
2 3 0.003624 0.087050 0.816624 0.028996 0.063706
2 3 0.004167 0.116259 0.774115 0.014406 0.091054
2 3 0.013959 0.207560 0.612315 0.020336 0.145829
2 3 0.001913 0.069406 0.849121 0.015468 0.064091
2 3 0.010522 0.134620 0.698279 0.052269 0.104311
2 3 0.009703 0.098590 0.708654 0.122801 0.060251
2 3 0.009247 0.142290 0.719827 0.037569 0.091066
2 3 0.010148 0.124560 0.722127 0.069819 0.073346
2 3 0.013809 0.181534 0.671356 0.038140 0.095160
2 3 0.007868 0.088152 0.729986 0.115306 0.058688
2 3 0.006696 0.112429 0.768282 0.044863 0.067731
2 3 0.002619 0.040986 0.792086 0.136464 0.027845
2 3 0.008730 0.120800 0.746598 0.061668 0.062204
2 3 0.005081 0.101587 0.792874 0.035977 0.064481
2 3 0.015253 0.092269 0.577204 0.262028 0.053245
2 3 0.001543 0.024231 0.752855 0.207020 0.014351
2 3 0.007120 0.069232 0.698930 0.186816 0.037902
2 3 0.005966 0.054512 0.669212 0.235984 0.034325
2 3 0.011844 0.082380 0.613888 0.230552 0.061336
2 3 0.002773 0.025996 0.597418 0.358600 0.015213
2 3 0.014272 0.090578 0.590460 0.235625 0.069065
2 3 0.005901 0.046424 0.607186 0.312067 0.028421
2 3 0.006296 0.037010 0.496635 0.437462 0.022597
2 3 0.002735 0.027185 0.620242 0.334345 0.015493
2 3 0.023386 0.224548 0.600512 0.050322 0.101232
2 3 0.036162 0.260536 0.538495 0.067566 0.097242
2 3 0.028041 0.236594 0.608735 0.073371 0.053259
0 3 0.373552 0.215532 0.328395 0.038534 0.043987
1 3 0.072318 0.436188 0.391768 0.005084 0.094641
2 2 0.026768 0.317230 0.502586 0.016586 0.136830
2 2 0.031124 0.315606 0.466319 0.019331 0.167620
2 2 0.027880 0.263635 0.521947 0.032055 0.154483
2 2 0.039172 0.320861 0.451288 0.027466 0.161213
2 2 0.034286 0.321837 0.456016 0.019603 0.168257
1 2 0.026874 0.391730 0.333821 0.000477 0.247098
2 2 0.018606 0.327966 0.330774 0.000668 0.321986
4 2 0.012384 0.251088 0.326867 0.001606 0.408054
4 2 0.033331 0.254839 0.211419 0.002670 0.497742
4 2 0.029640 0.304518 0.291215 0.002423 0.372205
4 4 0.021425 0.294702 0.305037 0.001562 0.377273
4 4 0.040590 0.309840 0.246583 0.002238 0.400749
4 4 0.020820 0.320351 0.304568 0.000738 0.353524
4 4 0.021112 0.276158 0.238141 0.000709 0.463880
4 4 0.014999 0.266417 0.353734 0.002596 0.362254
4 4 0.014659 0.175929 0.156421 0.000920 0.652071
4 4 0.017906 0.095757 0.050398 0.000440 0.835499
4 4 0.022508 0.111528 0.063005 0.000866 0.802093
4 4 0.036983 0.124009 0.048088 0.000384 0.790535
4 4 0.019734 0.106563 0.055130 0.000414 0.818158
4 4 0.013712 0.084986 0.059717 0.001245 0.840341
4 4 0.024051 0.201914 0.141218 0.000776 0.632041
4 4 0.019421 0.118888 0.063618 0.000365 0.797708
4 4 0.019551 0.112557 0.062502 0.000516 0.804874
4 4 0.031598 0.198492 0.110116 0.000526 0.659268
4 4 0.074315 0.165935 0.046060 0.000242 0.713447
4 4 0.068484 0.235604 0.084541 0.000319 0.611052
4 4 0.144931 0.143869 0.048084 0.001030 0.662086
4 4 0.051756 0.269853 0.125856 0.000406 0.552128
4 4 0.055502 0.131470 0.049245 0.000895 0.762888
4 4 0.047773 0.177182 0.082492 0.000903 0.691651
4 4 0.058785 0.223009 0.109336 0.001224 0.607647
4 4 0.096785 0.103532 0.047644 0.002487 0.749553
4 4 0.063227 0.172455 0.058045 0.000387 0.705886
4 4 0.048337 0.161090 0.053857 0.000203 0.736513
1 4 0.069715 0.407284 0.185005 0.000272 0.337724
4 4 0.061694 0.306542 0.117277 0.000171 0.514316
4 4 0.040878 0.297115 0.151206 0.000254 0.510546
4 4 0.056425 0.351154 0.186498 0.000509 0.405413
4 4 0.070115 0.275114 0.117624 0.000582 0.536565
4 4 0.078984 0.267240 0.088868 0.000235 0.564673
1 4 0.053249 0.402187 0.183562 0.000135 0.360866
1 4 0.220897 0.356275 0.084841 0.000334 0.337653
4 4 0.052580 0.366598 0.179572 0.000244 0.401006
1 4 0.189557 0.386220 0.097159 0.000236 0.326829
4 4 0.032862 0.361120 0.211844 0.000168 0.394007
4 4 0.057599 0.355374 0.185900 0.000483 0.400644
1 4 0.147588 0.451507 0.168117 0.000569 0.232219
1 4 0.084341 0.420664 0.180174 0.000313 0.314508
1 4 0.047703 0.428005 0.228472 0.000182 0.295637
4 1 0.027971 0.341821 0.203171 0.000132 0.426905
4 1 0.027304 0.339891 0.235488 0.000274 0.397043
1 1 0.020178 0.384714 0.283849 0.000110 0.311150
1 1 0.020835 0.380507 0.252271 0.000073 0.346315
4 1 0.037129 0.329256 0.223060 0.000644 0.409912
4 1 0.017542 0.340801 0.259433 0.000123 0.382102
4 1 0.019236 0.313239 0.259114 0.000311 0.408101
1 1 0.101934 0.349979 0.200481 0.003998 0.343609
4 1 0.026334 0.357101 0.216702 0.000109 0.399755
4 1 0.018106 0.359898 0.234774 0.000053 0.387169
1 1 0.037889 0.382316 0.225469 0.000220 0.354106
4 1 0.019409 0.333404 0.252351 0.000170 0.394667
1 1 0.032287 0.373945 0.264981 0.000376 0.328411
1 1 0.056099 0.425035 0.219311 0.000248 0.299307
1 1 0.039566 0.385996 0.216306 0.000187 0.357946
1 1 0.086470 0.464371 0.359187 0.002521 0.087451
2 1 0.048249 0.396656 0.471479 0.002687 0.080929
2 1 0.073901 0.394323 0.473218 0.005105 0.053453
2 1 0.043767 0.345602 0.547525 0.003679 0.059427
2 1 0.011488 0.295803 0.513051 0.002994 0.176664
2 1 0.022645 0.358751 0.479460 0.003115 0.136029
2 1 0.017459 0.315844 0.529548 0.002461 0.134688
2 1 0.018570 0.333051 0.464286 0.002896 0.181197
2 2 0.013908 0.313666 0.497521 0.002804 0.172101
2 2 0.019306 0.318544 0.511323 0.006969 0.143857
2 2 0.014321 0.284136 0.457128 0.004542 0.239872
2 2 0.009464 0.220686 0.623748 0.008036 0.138066
2 2 0.018131 0.275459 0.459510 0.008171 0.238729
2 2 0.009235 0.223487 0.581425 0.006041 0.179812
2 3 0.006449 0.186878 0.644291 0.005921 0.156462
2 3 0.016617 0.297987 0.487979 0.006501 0.190916
2 3 0.010858 0.256286 0.536806 0.004892 0.191158
2 3 0.010136 0.236255 0.570866 0.006094 0.176649
2 3 0.003486 0.111995 0.769329 0.010534 0.104656
0 0 0.517410 0.233062 0.155629 0.023205 0.070693
0 0 0.622808 0.167982 0.070805 0.008212 0.130193
1 1 0.302265 0.451580 0.125079 0.000732 0.120345
1 1 0.162711 0.457522 0.245916 0.004155 0.129696
0 1 0.667790 0.175794 0.073122 0.007454 0.075840
0 1 0.354663 0.226701 0.122752 0.023082 0.272802
0 1 0.674281 0.143915 0.065812 0.014946 0.101046
0 0 0.458928 0.248363 0.079549 0.003208 0.209951
1 0 0.192061 0.442958 0.189940 0.002417 0.172624
1 0 0.129239 0.418730 0.227289 0.003363 0.221379
1 1 0.129912 0.406805 0.240690 0.005724 0.216869
2 1 0.010908 0.299482 0.480275 0.001754 0.207581
2 1 0.010535 0.280609 0.487881 0.002881 0.218095
2 1 0.018124 0.354618 0.445593 0.001344 0.180321
2 1 0.012003 0.294230 0.544020 0.004493 0.145253
2 1 0.012986 0.320228 0.477588 0.001632 0.187566
2 1 0.013407 0.308672 0.490987 0.002723 0.184212
2 2 0.012779 0.314377 0.458639 0.001514 0.212691
2 2 0.037483 0.340132 0.396785 0.003096 0.222504
2 2 0.041294 0.397312 0.443518 0.001527 0.116350
2 2 0.031058 0.319079 0.566484 0.003687 0.079692
2 2 0.016710 0.275878 0.607234 0.003202 0.096975
2 2 0.015043 0.297728 0.560447 0.003914 0.122868
2 2 0.013852 0.243787 0.635729 0.010201 0.096430
2 2 0.012770 0.262045 0.514549 0.004244 0.206392
2 2 0.011081 0.287398 0.543754 0.004017 0.153750
2 2 0.009126 0.268857 0.460349 0.002062 0.259605
2 2 0.007064 0.248272 0.527271 0.002051 0.215341
2 2 0.010536 0.276349 0.468420 0.002710 0.241986
2 2 0.007883 0.268032 0.481140 0.001700 0.241245
2 2 0.009061 0.275003 0.488837 0.002218 0.224881
2 2 0.004179 0.168060 0.661164 0.003351 0.163246
2 2 0.005395 0.220702 0.587443 0.002074 0.184384
2 2 0.005037 0.179468 0.640590 0.003833 0.171073
2 2 0.004273 0.143988 0.719966 0.006767 0.125006
2 2 0.006545 0.193442 0.601933 0.004623 0.193456
2 2 0.003361 0.153739 0.705114 0.003234 0.134553
2 2 0.003288 0.141680 0.710220 0.003883 0.140929
2 2 0.001346 0.089618 0.813957 0.003104 0.091975
2 2 0.003678 0.153817 0.706654 0.003930 0.131921
2 2 0.002201 0.111602 0.752486 0.003719 0.129992
2 2 0.001079 0.024135 0.841850 0.106277 0.026658
2 3 0.002187 0.036306 0.800081 0.128217 0.033208
2 3 0.010977 0.089411 0.652225 0.163583 0.083804
2 3 0.007390 0.067673 0.681791 0.183826 0.059321
2 3 0.003910 0.048431 0.744325 0.149923 0.053412
2 3 0.007296 0.067079 0.679292 0.173010 0.073324
2 3 0.008409 0.061743 0.614701 0.238621 0.076526
2 3 0.009714 0.096480 0.692570 0.114419 0.086818
2 3 0.014813 0.105690 0.610864 0.158417 0.110216
2 3 0.000339 0.009791 0.837251 0.141194 0.011424
2 3 0.004524 0.030280 0.510749 0.428419 0.026028
3 3 0.007098 0.032214 0.409897 0.525365 0.025427
2 3 0.003359 0.027527 0.574939 0.364038 0.030136
3 3 0.002594 0.016920 0.454232 0.507136 0.019117
3 3 0.011892 0.049194 0.427215 0.470161 0.041538
3 3 0.010146 0.046710 0.449487 0.450790 0.042867
3 3 0.002007 0.009443 0.308893 0.672905 0.006753
2 3 0.002769 0.019618 0.486548 0.467806 0.023259
2 3 0.008824 0.046194 0.481780 0.418205 0.044997
3 3 0.002314 0.008161 0.251160 0.732985 0.005380
3 3 0.004384 0.018772 0.339248 0.625705 0.011890
3 3 0.003279 0.011230 0.278945 0.698153 0.008392
3 3 0.002766 0.012511 0.323736 0.652223 0.008765
3 3 0.009192 0.025803 0.303398 0.643982 0.017625
3 3 0.002821 0.007107 0.199320 0.786256 0.004496
3 3 0.008130 0.026697 0.331502 0.615074 0.018597
3 3 0.005820 0.016812 0.288459 0.675558 0.013351
3 3 0.005178 0.014047 0.265340 0.704522 0.010913
3 3 0.002967 0.010268 0.273156 0.706013 0.007597
3 3 0.006796 0.020074 0.297935 0.660587 0.014607
3 3 0.004929 0.008659 0.175092 0.805611 0.005709
3 3 0.003746 0.007017 0.169852 0.814817 0.004568
3 3 0.004244 0.009519 0.209190 0.770427 0.006621
3 3 0.001971 0.005355 0.190194 0.799147 0.003333
3 3 0.003940 0.012021 0.265804 0.709491 0.008743
3 3 0.007279 0.013932 0.210807 0.758735 0.009248
3 3 0.006734 0.016962 0.255812 0.709457 0.011034
3 3 0.003064 0.007124 0.191312 0.793957 0.004543
3 3 0.013511 0.026338 0.252603 0.689726 0.017822
3 3 0.002076 0.004878 0.171165 0.818809 0.003071
3 3 0.007624 0.015210 0.220773 0.746308 0.010084
3 3 0.001830 0.005758 0.209832 0.779038 0.003541
3 3 0.002421 0.005067 0.162829 0.826453 0.003230
3 3 0.002156 0.004316 0.153861 0.836748 0.002919
3 3 0.003601 0.005187 0.133965 0.853813 0.003433
3 3 0.005619 0.009424 0.175287 0.803412 0.006259
3 3 0.005732 0.009142 0.169093 0.809937 0.006096
3 3 0.001932 0.003489 0.133445 0.858903 0.002231
3 3 0.004553 0.005603 0.125905 0.860164 0.003775
3 3 0.003932 0.005954 0.143874 0.842301 0.003938
3 3 0.001676 0.002958 0.124867 0.868614 0.001886
3 3 0.006082 0.008537 0.154562 0.825067 0.005752
3 3 0.005877 0.006924 0.131539 0.850944 0.004716
3 3 0.010275 0.013893 0.175481 0.790810 0.009540
3 3 0.016787 0.033086 0.268338 0.659251 0.022538
3 3 0.004019 0.005049 0.123160 0.864387 0.003385
3 3 0.001506 0.002262 0.104462 0.890316 0.001454
3 3 0.004725 0.003797 0.087243 0.901597 0.002638
3 3 0.003858 0.004732 0.119003 0.869234 0.003173
3 3 0.008910 0.007625 0.113549 0.864538 0.005377
