0.989947 0
0.761118 0
0.988341 0
0.815000 0
0.977992 0
0.999264 0
0.992875 0
0.962178 0
0.998737 0
0.999936 0
0.063914 0
0.373144 0
0.926688 0
0.031874 0
0.999880 0
1.000000 0
1.000000 0
0.902616 0
0.956155 0
0.980836 0
0.998981 0
0.995403 0
0.855104 0
0.996528 0
0.997124 0
0.998858 0
0.688091 0
0.333551 0
0.992962 0
0.975056 0
0.007754 0
0.085818 0
0.056216 0
0.048526 0
0.009428 0
0.007780 0
0.005919 0
0.580201 0
0.573475 0
0.310798 0
0.113204 0
0.592591 0
0.008833 0
0.206647 0
0.252509 0
0.999993 0
0.999974 0
1.000000 0
1.000000 0
1.000000 0
0.999685 0
0.999991 0
0.968525 0
0.999999 0
0.999934 0
0.999651 0
0.999943 0
0.999829 0
0.998100 0
0.957408 0
0.163428 0
0.997740 0
0.588579 0
0.311862 0
0.993472 0
0.998152 0
0.923391 0
0.995102 0
0.035628 0
0.610457 0
0.365148 0
0.073998 0
0.528936 0
0.000288 0
0.038368 0
0.001730 0
0.000588 0
0.001485 0
0.007770 0
0.027818 0
0.544871 0
0.336446 0
0.002125 0
0.008007 0
0.023395 0
0.465280 0
0.002018 0
0.000425 0
0.978963 0
0.948453 0
0.961912 0
0.999875 0
0.995018 0
0.604590 0
0.989677 0
0.964822 0
0.999981 0
0.447980 0
0.951555 0
0.977973 0
0.433163 0
0.988412 0
0.998217 0
0.999990 0
0.993510 0
0.997854 0
0.999969 0
0.910304 0
0.200266 0
0.999646 0
0.999639 0
0.999669 0
0.999668 0
0.999626 0
0.999196 0
0.258303 0
0.992508 0
0.999999 0
0.999784 0
0.999679 0
0.999990 0
0.999933 0
0.999151 0
0.827300 0
0.999632 0
0.996362 0
0.999863 0
0.999532 0
0.999931 0
0.998937 0
0.911486 0
0.999986 0
0.003683 0
0.997906 0
0.687435 0
0.991825 0
0.172725 0
0.550212 0
0.218720 0
0.834890 0
0.774255 0
0.155254 0
0.113035 0
0.975343 0
0.978176 0
0.560304 0
0.740148 0
0.997794 0
0.996323 0
0.986533 0
0.999335 0
0.999899 0
0.992519 0
0.999647 0
0.999796 0
0.999980 0
0.982831 0
0.995296 0
0.978877 0
0.999185 0
0.998406 0
0.995734 0
0.998774 0
0.944365 0
0.119132 0
0.223162 0
0.017481 0
0.001136 0
0.976937 0
0.018620 0
0.677971 0
0.576517 0
0.053215 0
0.052004 0
0.971807 0
0.068751 0
0.013558 0
0.000086 0
0.002366 0
0.000424 0
0.000072 0
0.000048 0
0.000205 0
0.000575 0
0.002154 0
0.001558 0
0.075526 0
0.021064 0
0.002413 0
0.032447 0
0.999191 0
0.999070 0
0.980593 0
0.997251 0
0.827597 0
0.011076 0
0.006367 0
0.056487 0
0.725205 0
0.974126 0
0.999585 0
0.046166 0
0.758308 0
0.999576 0
0.995999 0
0.998376 0
0.951342 0
0.998385 0
0.798144 0
0.009754 0
0.998402 0
0.999999 0
0.999502 0
0.109434 0
0.038944 0
0.119368 0
0.997797 0
0.223972 0
0.989156 0
0.067176 0
0.979292 0
0.051953 0
0.630967 0
0.045997 0
0.735980 0
0.865285 0
0.027093 0
0.940802 0
0.885337 0
0.985975 0
0.002698 0
0.507457 0
0.999989 0
0.999964 0
0.999884 0
0.999983 0
0.999800 0
0.959744 0
0.999842 0
1.000000 0
1.000000 0
0.999999 0
0.999955 0
1.000000 0
1.000000 0
1.000000 0
0.005600 0
0.005258 0
0.002884 0
0.987796 0
0.000086 0
0.081314 0
0.267051 0
0.994791 0
0.966518 0
0.003338 0
0.999967 0
0.366282 0
0.445296 0
0.760143 0
0.999996 0
0.791044 0
0.184494 0
0.963172 0
0.915400 0
0.397250 0
0.967819 0
0.570879 0
0.490528 0
0.707856 0
0.998253 0
0.976585 0
0.320017 0
0.999878 0
0.998726 0
0.568090 0
1.000000 0
0.979629 0
0.010857 0
0.045679 0
0.945171 0
0.061308 0
0.888377 0
0.733324 0
0.926746 0
0.020386 0
0.405519 0
0.088685 0
0.193117 0
0.183020 0
0.012006 0
0.952411 0
0.104439 0
0.934383 0
0.999279 0
0.933869 0
0.999897 0
0.999858 0
0.999600 0
0.999998 0
0.999930 0
0.999969 0
0.999998 0
0.999587 0
0.999198 0
0.993582 0
0.018430 0
0.002188 0
0.017714 0
0.003003 0
0.331494 0
0.002246 0
0.001509 0
0.536075 0
0.305793 0
0.008202 0
0.111234 0
0.013158 0
0.006657 0
0.311586 0
0.396777 0
0.649384 0
0.002027 0
0.998698 0
0.999645 0
0.999076 0
0.999967 0
0.999985 0
0.999999 0
0.000825 0
0.999939 0
0.999925 0
0.972668 0
0.999913 0
0.999912 0
0.980433 0
0.999874 0
0.999926 1
0.999774 1
0.999998 1
1.000000 1
0.999999 1
0.984652 1
0.999991 1
0.999998 1
0.999942 1
0.999999 1
0.999998 1
0.999984 1
0.999983 1
0.999960 1
0.999999 1
0.999999 1
0.999985 1
0.999897 1
0.999975 1
1.000000 1
0.999953 1
0.999998 1
1.000000 1
1.000000 1
0.999998 1
1.000000 1
1.000000 1
1.000000 1
1.000000 1
1.000000 1
1.000000 1
1.000000 1
1.000000 1
1.000000 1
0.999938 1
0.999999 1
0.999999 1
0.999992 1
0.999946 1
0.937857 1
0.996725 1
0.983720 1
1.000000 1
0.999989 1
0.990560 1
0.991455 1
0.999997 1
0.999997 1
0.999580 1
1.000000 1
0.999761 1
0.989652 1
0.999979 1
0.999987 1
0.970689 1
1.000000 1
0.999998 1
0.999971 1
0.999999 1
0.999984 1
0.999998 1
0.998890 1
0.995527 1
0.999979 1
0.999976 1
0.996166 1
0.983942 1
0.999218 1
0.992132 1
1.000000 1
1.000000 1
1.000000 1
1.000000 1
1.000000 1
1.000000 1
1.000000 1
1.000000 1
1.000000 1
1.000000 1
1.000000 1
1.000000 1
1.000000 1
1.000000 1
1.000000 1
1.000000 1
1.000000 1
1.000000 1
0.999513 1
1.000000 1
1.000000 1
0.999997 1
0.998576 1
0.999987 1
1.000000 1
1.000000 1
0.999998 1
0.999862 1
0.999987 1
1.000000 1
1.000000 1
0.999981 1
1.000000 1
1.000000 1
0.999991 1
0.999994 1
1.000000 1
1.000000 1
0.999992 1
0.999873 1
0.999273 1
0.999998 1
0.999857 1
0.907777 1
0.999985 1
0.999990 1
0.999778 1
0.999779 1
0.999975 1
0.998489 1
0.988422 1
0.999960 1
0.999817 1
0.999619 1
0.999171 1
0.999132 1
0.998675 1
0.993999 1
0.999979 1
0.960060 1
0.999990 1
0.997364 1
0.999995 1
0.999984 1
0.999749 1
0.998256 1
0.661658 1
0.999939 1
0.999994 1
0.999997 1
0.999975 1
0.999856 1
0.999947 1
0.999846 1
1.000000 1
0.999996 1
1.000000 1
1.000000 1
1.000000 1
0.999999 1
1.000000 1
1.000000 1
1.000000 1
1.000000 1
1.000000 1
1.000000 1
1.000000 1
0.999995 1
0.999987 1
1.000000 1
1.000000 1
1.000000 1
1.000000 1
1.000000 1
1.000000 1
1.000000 1
0.999998 1
0.999999 1
1.000000 1
1.000000 1
1.000000 1
1.000000 1
0.999999 1
1.000000 1
0.999718 1
1.000000 1
1.000000 1
1.000000 1
1.000000 1
1.000000 1
1.000000 1
1.000000 1
1.000000 1
1.000000 1
1.000000 1
1.000000 1
1.000000 1
1.000000 1
1.000000 1
1.000000 1
1.000000 1
1.000000 1
1.000000 1
0.998903 1
0.998289 1
0.999982 1
0.999999 1
0.999966 1
0.999919 1
0.999997 1
0.999987 1
0.999981 1
0.999985 1
1.000000 1
0.999998 1
0.999985 1
0.999924 1
0.999994 1
0.999991 1
1.000000 1
0.666126 1
0.241681 1
0.992887 1
0.993234 1
0.995043 1
0.999899 1
0.988323 1
0.998332 1
0.999946 1
0.999628 1
0.999986 1
0.999846 1
0.999994 1
0.997213 1
0.999615 1
0.999971 1
1.000000 1
1.000000 1
1.000000 1
1.000000 1
1.000000 1
1.000000 1
1.000000 1
1.000000 1
1.000000 1
1.000000 1
1.000000 1
0.999970 1
1.000000 1
1.000000 1
0.999995 1
1.000000 1
0.999798 1
0.999963 1
0.999987 1
1.000000 1
0.999999 1
1.000000 1
0.998944 1
0.997580 1
0.999992 1
0.999997 1
0.999532 1
0.999980 1
0.999989 1
0.999721 1
0.999089 1
0.998276 1
0.965041 1
0.999921 1
0.999997 1
0.999951 1
0.999347 1
0.999966 1
0.999998 1
0.999999 1
0.999966 1
0.999999 1
0.999979 1
0.999820 1
0.999999 1
1.000000 1
0.990257 1
0.999910 1
0.999134 1
0.999987 1
0.999986 1
0.999998 1
0.999995 1
0.999997 1
0.999993 1
0.999947 1
0.998813 1
0.999699 1
0.999807 1
0.999490 1
0.996763 1
0.945746 1
0.990265 1
0.999998 1
1.000000 1
0.996607 1
0.999972 1
0.999734 1
0.997621 1
0.938544 1
0.974517 1
0.998366 1
0.999879 1
0.999999 1
0.999979 1
0.999831 1
1.000000 1
1.000000 1
0.999999 1
0.999982 1
0.999821 1
0.999998 1
0.999993 1
0.999981 1
0.999998 1
0.999987 1
1.000000 1
0.999996 1
0.999990 1
0.998136 1
0.999757 1
0.231619 1
0.999650 1
0.999846 1
0.999592 1
0.920316 1
0.999976 1
0.999944 1
0.999872 1
0.999798 1
0.990735 1
0.999952 1
0.999991 1
0.999959 1
0.999975 1
0.999968 1
0.999990 1
0.999980 1
0.999958 1
0.999999 1
1.000000 1
1.000000 1
0.999999 1
1.000000 1
1.000000 1
1.000000 1
1.000000 1
1.000000 1
1.000000 1
1.000000 1
1.000000 1
1.000000 1
1.000000 1
1.000000 1
0.999998 1
0.999998 1
1.000000 1
0.999996 1
0.999999 1
1.000000 1
1.000000 1
1.000000 1
1.000000 1
1.000000 1
1.000000 1
1.000000 1
1.000000 1
1.000000 1
1.000000 1
1.000000 1
1.000000 1
1.000000 1
1.000000 1
1.000000 1
1.000000 1
0.999999 1
0.997887 1
0.999998 1
1.000000 1
1.000000 1
1.000000 1
0.999991 1
1.000000 1
0.996648 1
1.000000 1
0.999999 1
1.000000 1
1.000000 1
1.000000 1
0.999997 1
1.000000 1
0.999974 1
1.000000 1
0.998740 1
1.000000 1
1.000000 1
1.000000 1
1.000000 1
1.000000 1
1.000000 1
0.999999 1
0.999983 1
0.999942 1
0.999071 1
0.999997 1
0.999994 1
0.999995 1
0.999984 1
0.999994 1
0.999979 1
0.999992 1
0.999878 1
0.999986 1
0.999337 1
0.999924 1
0.852392 1
1.000000 1
1.000000 1
0.999959 1
0.999998 1
1.000000 1
1.000000 1
0.999963 1
0.999995 1
0.999993 1
1.000000 1
0.999984 1
0.999962 1
0.999999 1
0.999999 1
0.707289 1
0.999982 1
0.998873 1
0.999955 1
0.999996 1
0.999981 1
0.999920 1
0.998936 1
0.999765 1
0.999994 1
0.999973 1
0.999635 1
0.999430 1
0.999990 1
0.999834 1
0.999992 1
0.999447 1
0.996688 1
0.999959 1
0.996273 1
0.999696 1
1.000000 1
1.000000 1
0.999663 1
0.993646 1
0.999748 1
1.000000 1
0.996528 1
0.999995 1
1.000000 1
1.000000 1
0.999993 1
0.877949 1
0.998414 1
0.994390 1
0.999972 1
0.999654 1
0.999964 1
0.999999 1
0.999928 1
0.999878 1
0.980035 1
0.978191 1
0.994712 1
0.999609 1
0.999660 1
0.999973 1
0.999019 1
0.999950 1
0.985940 1
0.999997 1
0.998156 1
0.999941 1
0.999984 1
0.999968 1
0.997836 1
0.999938 1
0.999841 1
0.846878 1
0.891453 1
0.999793 1
0.999416 1
0.995359 1
0.999995 1
0.992920 1
0.998997 1
1.000000 1
0.999938 1
0.999998 1
0.999873 1
0.999358 1
0.999837 1
1.000000 1
0.999998 1
0.999993 1
0.999819 1
1.000000 1
1.000000 1
1.000000 1
1.000000 1
1.000000 1
0.999997 1
0.999987 1
1.000000 1
1.000000 1
1.000000 1
1.000000 1
1.000000 1
0.999955 1
1.000000 1
0.385755 1
0.963087 1
0.753654 1
0.946238 1
0.969704 1
1.000000 1
0.682720 1
0.811795 1
0.587327 1
0.977084 1
0.901359 1
0.926202 1
0.981752 1
0.905885 1
0.989338 1
0.877053 1
0.961516 1
1.000000 1
1.000000 1
1.000000 1
0.999999 1
1.000000 1
0.999998 1
0.999988 1
0.999993 1
0.999998 1
0.999966 1
1.000000 1
1.000000 1
0.999996 1
0.999999 1
0.999995 1
0.999999 1
1.000000 1
0.999998 1
0.999996 1
0.999985 1
0.999999 1
0.999999 1
0.990509 1
1.000000 1
1.000000 1
1.000000 1
1.000000 1
1.000000 1
1.000000 1
0.981115 1
0.999998 1
0.999998 1
0.999998 1
1.000000 1
1.000000 1
0.999972 1
1.000000 1
1.000000 1
0.999542 1
0.997458 1
0.999914 1
0.999895 1
0.999969 1
0.999922 1
0.999896 1
0.996745 1
0.999610 1
0.999978 1
0.999977 1
0.999884 1
0.998912 1
1.000000 1
0.999918 1
0.999878 1
0.999783 1
1.000000 1
0.999938 1
0.999999 1
1.000000 1
0.999999 1
1.000000 1
0.999987 1
0.999997 1
0.999829 1
0.999997 1
0.998786 1
0.999991 1
0.999983 1
0.999999 1
0.999983 1
0.999999 1
0.999993 1
0.999305 1
0.999887 1
1.000000 1
1.000000 1
0.999999 1
1.000000 1
1.000000 1
1.000000 1
1.000000 1
1.000000 1
0.999998 1
1.000000 1
1.000000 1
0.999987 1
1.000000 1
1.000000 1
0.999999 1
1.000000 1
0.998949 1
0.999990 1
0.986259 1
1.000000 1
1.000000 1
0.999333 1
0.999999 1
0.999997 1
0.999851 1
0.999999 1
0.999996 1
0.999998 1
0.999999 1
1.000000 1
1.000000 1
0.999146 1
0.999854 1
0.999995 1
0.936639 1
0.999995 1
0.999994 1
1.000000 1
1.000000 1
1.000000 1
1.000000 1
1.000000 1
1.000000 1
1.000000 1
1.000000 1
0.999997 1
0.999997 1
1.000000 1
1.000000 1
1.000000 1
0.999998 1
1.000000 1
0.999944 1
0.991751 1
0.999122 1
0.999677 1
0.999983 1
0.996822 1
0.999705 1
0.999929 1
0.999999 1
0.999986 1
0.999859 1
0.999996 1
1.000000 1
0.997350 1
0.999769 1
0.999988 1
0.999997 1
0.999841 1
0.999994 1
0.999957 1
1.000000 1
0.998809 1
1.000000 1
1.000000 1
1.000000 1
1.000000 1
1.000000 1
0.999992 1
0.997213 1
1.000000 1
1.000000 1
0.999999 1
1.000000 1
1.000000 1
1.000000 1
1.000000 1
0.999996 1
0.999952 1
1.000000 1
0.999989 1
0.999997 1
0.999997 1
1.000000 1
0.999977 1
0.999994 1
0.999710 1
0.999773 1
1.000000 1
0.999865 1
0.999998 1
0.999774 1
0.999962 1
0.999985 1
0.999982 1
0.999938 1
0.997557 1
1.000000 1
0.999898 1
0.999791 1
0.999998 1
0.999989 1
0.999993 1
0.999987 1
0.999997 1
0.999998 1
0.999999 1
1.000000 1
0.999996 1
1.000000 1
1.000000 1
0.999972 1
1.000000 1
0.999979 1
0.999999 1
1.000000 1
0.999999 1
0.999999 1
0.998047 1
0.999999 1
1.000000 1
0.999999 1
0.999994 1
0.999998 1
1.000000 1
0.999768 1
0.999997 1
1.000000 1
1.000000 1
0.999992 1
0.001676 1
0.002123 1
0.002041 1
0.007431 1
0.659792 1
0.002581 1
0.012523 1
0.003058 1
0.000325 1
0.011854 1
0.043002 1
0.207099 1
0.005002 1
0.062197 1
0.042336 1
0.079572 1
0.018614 1
0.998448 1
0.999935 1
0.971487 1
0.999848 1
0.999999 1
0.999995 1
0.999629 1
0.996234 1
1.000000 1
0.999805 1
0.999988 1
0.999973 1
0.999999 1
0.999971 1
0.999982 1
0.999935 1
0.999741 1
0.999359 1
0.999972 1
0.999780 1
0.999731 1
0.972228 1
0.999961 1
0.999994 1
0.999978 1
0.999930 1
0.999971 1
0.999957 1
0.999005 1
0.999916 1
0.999949 1
0.999603 1
0.998159 1
0.999370 1
0.999922 1
0.999921 1
0.999433 1
0.951938 1
0.995423 1
0.886148 1
0.975809 1
0.999744 1
0.999955 1
0.935194 1
0.994931 1
0.994948 1
0.999938 1
0.999792 1
0.979010 1
1.000000 1
0.977611 1
0.956733 1
0.999996 1
0.999048 1
0.999579 1
0.999999 1
1.000000 1
0.999990 1
0.999998 1
0.999973 1
0.999892 1
0.999999 1
0.999999 1
0.999999 1
0.999770 1
0.999500 1
0.999859 1
0.999988 1
0.997912 1
0.999992 1
0.999243 1
0.997485 1
0.999802 1
0.980730 1
0.975613 1
0.952660 1
0.991743 1
0.956185 1
0.997588 1
0.995749 1
0.998147 1
0.944154 1
0.996675 1
0.999408 1
0.999645 1
0.999974 1
0.999933 1
0.999938 1
0.998547 1
0.999568 1
0.999668 1
0.927150 1
0.999663 1
0.999995 1
0.999995 1
0.999606 1
0.890059 1
0.999998 1
0.999949 1
0.999998 1
0.999508 1
0.999729 1
0.999974 1
0.999992 1
0.999987 1
0.999593 1
0.994796 1
0.999807 1
0.999568 1
0.999991 1
0.999971 1
0.999813 1
0.999223 1
1.000000 1
1.000000 1
0.999988 1
0.999996 1
0.999977 1
0.993862 1
0.086250 1
0.999968 1
0.999928 1
0.999982 1
0.999976 1
1.000000 1
0.999751 1
0.999999 1
1.000000 1
0.999998 1
1.000000 1
1.000000 1
1.000000 1
0.999999 1
1.000000 1
0.999999 1
1.000000 1
0.999842 1
0.999990 1
1.000000 1
1.000000 1
0.999997 1
1.000000 1
1.000000 1
0.999994 1
0.999898 1
0.999996 1
0.998727 1
0.999985 1
0.999986 1
0.999992 1
0.999871 1
0.999999 1
0.999988 1
0.999996 1
0.999999 1
1.000000 1
0.999997 1
0.999905 1
0.999981 1
0.999939 1
0.999999 1
0.999982 1
0.999996 1
0.999887 1
1.000000 1
1.000000 1
1.000000 1
0.999999 1
0.999998 1
0.999999 1
1.000000 1
1.000000 1
0.999976 1
0.999985 1
1.000000 1
1.000000 1
0.999985 1
0.999833 1
1.000000 1
1.000000 1
1.000000 1
1.000000 1
1.000000 1
1.000000 1
1.000000 1
1.000000 1
1.000000 1
1.000000 1
1.000000 1
1.000000 1
1.000000 1
1.000000 1
1.000000 1
1.000000 1
1.000000 1
1.000000 1
1.000000 1
1.000000 1
1.000000 1
