0.834549 0 1
0.864883 0 1
0.190647 0 0
0.997502 0 1
0.596356 0 1
0.104309 0 0
0.874455 0 1
0.889891 0 1
0.982104 0 1
0.583594 0 1
0.994810 0 1
0.380895 0 0
0.010688 0 0
0.644694 0 1
0.682600 0 1
0.551084 0 1
0.997083 0 1
0.459088 0 0
0.734421 0 1
0.451042 0 0
0.919827 0 1
0.179801 0 0
0.863526 0 1
0.999161 1 1
0.999994 1 1
0.993076 1 1
0.996028 1 1
0.999977 1 1
0.999909 1 1
0.993872 1 1
0.974449 1 1
0.999989 1 1
0.999982 1 1
1.000000 1 1
0.999828 1 1
0.929483 1 1
0.999998 1 1
0.997779 1 1
0.999439 1 1
0.989746 1 1
0.999865 1 1
0.942732 1 1
0.999994 1 1
1.000000 1 1
0.999694 1 1
0.999820 1 1
0.999870 1 1
0.974089 1 1
0.999551 1 1
0.992794 1 1
0.996262 1 1
0.983744 1 1
0.999984 1 1
0.860028 1 1
0.999996 1 1
0.998329 1 1
0.999487 1 1
0.999877 1 1
0.999992 1 1
0.999076 1 1
0.996479 1 1
0.999184 1 1
0.999765 1 1
0.999823 1 1
0.999978 1 1
0.999842 1 1
0.068307 1 0
0.998018 1 1
0.998186 1 1
0.977913 1 1
0.999750 1 1
0.988037 1 1
0.989610 1 1
0.948505 1 1
0.999978 1 1
0.999897 1 1
0.999980 1 1
1.000000 1 1
