3 3 0.000043 0.001460 0.049315 0.948695 0.000487
3 3 0.000000 0.000055 0.017018 0.982925 0.000002
3 3 0.000013 0.001533 0.481621 0.516691 0.000141
2 3 0.001384 0.004633 0.614712 0.374479 0.004792
3 3 0.000058 0.002210 0.140647 0.856189 0.000896
3 3 0.000066 0.002076 0.283117 0.714364 0.000377
3 3 0.000002 0.000044 0.019184 0.980762 0.000009
2 3 0.000002 0.000783 0.533702 0.465466 0.000046
3 3 0.000002 0.000041 0.003611 0.996332 0.000014
3 3 0.003544 0.007202 0.344991 0.640272 0.003991
3 3 0.000081 0.001042 0.122158 0.876061 0.000657
3 3 0.000006 0.000038 0.008221 0.991727 0.000009
3 3 0.000000 0.000011 0.042949 0.957039 0.000000
3 3 0.000041 0.001299 0.107488 0.891014 0.000159
3 3 0.000094 0.001889 0.327594 0.670071 0.000352
3 3 0.000842 0.005264 0.183324 0.808285 0.002285
3 3 0.000084 0.000890 0.031002 0.967757 0.000266
3 3 0.000000 0.000002 0.008972 0.991026 0.000000
3 3 0.000005 0.000374 0.110576 0.889024 0.000021
3 3 0.000056 0.001598 0.048768 0.949092 0.000486
3 3 0.000049 0.001176 0.007510 0.990727 0.000537
3 3 0.003737 0.016229 0.031961 0.925732 0.022341
3 3 0.000330 0.000850 0.059000 0.939529 0.000292
3 3 0.007345 0.023056 0.069483 0.882475 0.017641
3 3 0.000022 0.000310 0.025316 0.974301 0.000051
3 3 0.000000 0.000062 0.280736 0.719200 0.000001
3 3 0.000272 0.004672 0.136730 0.855759 0.002567
3 3 0.000048 0.000296 0.052445 0.947125 0.000086
3 3 0.003583 0.031466 0.218593 0.731877 0.014481
3 3 0.000002 0.000105 0.096732 0.903144 0.000017
3 3 0.000049 0.000489 0.384046 0.615172 0.000243
3 3 0.000030 0.000425 0.032161 0.967179 0.000206
3 3 0.000036 0.001652 0.130121 0.866771 0.001421
3 3 0.000062 0.000637 0.040600 0.958504 0.000197
3 3 0.000003 0.000138 0.149351 0.850475 0.000032
3 3 0.000007 0.000823 0.187060 0.812055 0.000056
3 3 0.000042 0.000272 0.046623 0.952942 0.000121
3 3 0.000193 0.002364 0.028289 0.968567 0.000588
3 3 0.000013 0.000097 0.017064 0.982789 0.000037
3 3 0.002414 0.021614 0.312527 0.655955 0.007490
3 3 0.000502 0.002653 0.035627 0.959179 0.002039
3 3 0.000040 0.001376 0.110898 0.887406 0.000280
3 3 0.000000 0.000040 0.007684 0.992271 0.000005
3 3 0.000001 0.000058 0.010249 0.989687 0.000006
3 3 0.000379 0.001549 0.027783 0.969562 0.000727
3 3 0.000218 0.003500 0.075576 0.919131 0.001575
3 3 0.000047 0.000479 0.003901 0.995364 0.000208
3 3 0.000359 0.007972 0.265125 0.724168 0.002376
3 3 0.000007 0.000232 0.018357 0.981357 0.000048
3 3 0.000010 0.000059 0.003468 0.996442 0.000021
3 3 0.000051 0.001054 0.025592 0.972813 0.000491
3 3 0.000001 0.000111 0.023442 0.976441 0.000006
3 3 0.000008 0.000105 0.027363 0.972483 0.000042
3 3 0.000506 0.004427 0.085879 0.906497 0.002690
3 3 0.000521 0.003347 0.105651 0.889403 0.001078
3 3 0.005489 0.012705 0.143673 0.831250 0.006883
3 3 0.000001 0.000156 0.134128 0.865689 0.000025
3 3 0.000625 0.012668 0.116145 0.868262 0.002301
3 3 0.000002 0.000362 0.069609 0.930013 0.000014
2 3 0.000252 0.019670 0.584532 0.390000 0.005545
2 3 0.000931 0.029553 0.794093 0.174486 0.000937
2 3 0.002499 0.060295 0.903204 0.027815 0.006186
2 0 0.031195 0.192189 0.765146 0.006287 0.005182
1 0 0.379863 0.437463 0.155561 0.000267 0.026845
2 0 0.144810 0.343620 0.496546 0.001707 0.013317
1 2 0.020733 0.499147 0.391195 0.006301 0.082624
2 1 0.011175 0.212076 0.758029 0.015749 0.002971
2 2 0.056522 0.444380 0.479560 0.007038 0.012501
2 1 0.007073 0.158336 0.821651 0.011432 0.001507
2 1 0.008486 0.158230 0.817958 0.013337 0.001989
2 1 0.020672 0.290216 0.670481 0.010656 0.007975
2 1 0.046899 0.439720 0.470018 0.022995 0.020369
2 2 0.008592 0.153906 0.800223 0.033854 0.003425
2 2 0.013534 0.265092 0.692832 0.023818 0.004724
2 2 0.034593 0.466503 0.471497 0.015634 0.011772
2 1 0.041237 0.357578 0.582777 0.008988 0.009420
2 2 0.011775 0.121722 0.840701 0.022102 0.003701
1 2 0.090439 0.590210 0.302063 0.000933 0.016355
2 2 0.049710 0.292113 0.652186 0.001687 0.004303
2 2 0.009124 0.132938 0.849275 0.007160 0.001503
2 2 0.012820 0.308218 0.657111 0.005623 0.016229
2 2 0.007310 0.124809 0.862853 0.004151 0.000878
2 1 0.003419 0.082814 0.901932 0.011145 0.000690
2 2 0.002927 0.073752 0.907038 0.015269 0.001013
2 2 0.012692 0.169037 0.787780 0.026040 0.004451
2 2 0.012257 0.240521 0.698340 0.037563 0.011318
2 2 0.029626 0.371960 0.566829 0.020799 0.010785
2 2 0.010426 0.207505 0.766070 0.007180 0.008820
1 1 0.111874 0.482894 0.392389 0.001394 0.011448
2 1 0.049606 0.305696 0.626887 0.003134 0.014676
2 2 0.039364 0.354785 0.593267 0.001944 0.010640
2 2 0.031744 0.404757 0.535201 0.000838 0.027460
2 1 0.007844 0.113417 0.849925 0.026152 0.002661
1 2 0.027071 0.536079 0.374933 0.009349 0.052568
2 2 0.024141 0.366013 0.578930 0.004733 0.026183
1 1 0.132840 0.541625 0.316920 0.000453 0.008161
1 2 0.090146 0.579804 0.310243 0.001935 0.017872
1 2 0.073953 0.590171 0.275853 0.001270 0.058752
2 2 0.003174 0.133785 0.855497 0.000962 0.006582
1 2 0.048970 0.530782 0.368749 0.002058 0.049441
1 1 0.162688 0.633996 0.185226 0.000732 0.017358
2 1 0.033668 0.427172 0.525559 0.006777 0.006824
1 1 0.105259 0.500794 0.354659 0.000404 0.038883
1 1 0.126266 0.481000 0.365145 0.003855 0.023734
1 2 0.096183 0.567141 0.312491 0.004141 0.020044
1 2 0.085142 0.639935 0.213421 0.004111 0.057391
2 2 0.016843 0.259856 0.671152 0.038035 0.014113
2 2 0.051318 0.266754 0.674185 0.002400 0.005342
2 2 0.018477 0.214917 0.733392 0.025016 0.008199
2 1 0.128879 0.332233 0.526062 0.001367 0.011459
2 1 0.048220 0.423793 0.506797 0.004557 0.016632
1 1 0.130626 0.624396 0.219112 0.002253 0.023613
2 1 0.033029 0.397498 0.554149 0.002852 0.012472
1 1 0.321688 0.534679 0.121548 0.000109 0.021976
0 0 0.604950 0.265347 0.096300 0.000437 0.032966
0 0 0.570849 0.367337 0.049570 0.000025 0.012219
1 0 0.384721 0.533480 0.070226 0.000027 0.011546
0 0 0.887030 0.070706 0.026936 0.000366 0.014962
0 0 0.443479 0.428850 0.101381 0.000295 0.025996
1 0 0.391872 0.485600 0.099811 0.000217 0.022500
0 0 0.480735 0.330369 0.180394 0.000070 0.008432
0 0 0.621779 0.311080 0.055360 0.000016 0.011765
0 0 0.961739 0.024776 0.004848 0.000032 0.008604
0 0 0.928737 0.051647 0.009720 0.000027 0.009869
0 0 0.526348 0.392988 0.065480 0.000047 0.015137
1 0 0.338403 0.520330 0.111491 0.000803 0.028973
0 0 0.965105 0.017258 0.004400 0.000095 0.013143
0 0 0.696801 0.212466 0.063400 0.000259 0.027074
0 0 0.838854 0.110373 0.030128 0.000147 0.020497
0 0 0.909111 0.067856 0.011610 0.000040 0.011383
1 0 0.224205 0.622592 0.115357 0.002606 0.035239
0 0 0.767123 0.187201 0.028550 0.000094 0.017032
0 0 0.873348 0.086366 0.019634 0.000217 0.020436
1 0 0.392546 0.415026 0.144491 0.002057 0.045880
0 0 0.943180 0.042403 0.006896 0.000014 0.007507
0 0 0.854241 0.050981 0.021658 0.000776 0.072344
4 0 0.345033 0.185404 0.119802 0.000546 0.349214
0 0 0.579930 0.265521 0.100174 0.000350 0.054026
0 0 0.692597 0.184804 0.081942 0.001270 0.039387
0 0 0.794668 0.088973 0.034294 0.000721 0.081344
0 0 0.938758 0.029956 0.006660 0.000026 0.024600
0 0 0.582477 0.240291 0.118744 0.002655 0.055832
0 0 0.530553 0.277345 0.124462 0.003244 0.064396
0 0 0.902506 0.044553 0.017065 0.000408 0.035468
0 0 0.778139 0.130442 0.052901 0.000881 0.037636
0 0 0.776684 0.116836 0.053305 0.001275 0.051900
1 0 0.149403 0.477090 0.229728 0.001055 0.142724
0 0 0.777228 0.154527 0.049402 0.000144 0.018700
0 0 0.684047 0.251298 0.045245 0.000110 0.019299
0 0 0.669981 0.241676 0.057927 0.000452 0.029964
0 0 0.921761 0.048090 0.017289 0.000146 0.012715
0 0 0.795295 0.145160 0.035258 0.000250 0.024037
1 0 0.125180 0.550023 0.238325 0.000587 0.085885
1 0 0.267192 0.552040 0.152911 0.000537 0.027319
0 0 0.533647 0.342562 0.099717 0.000158 0.023916
1 0 0.268887 0.427498 0.285592 0.000434 0.017590
0 0 0.951527 0.035407 0.005806 0.000014 0.007245
1 0 0.398510 0.447834 0.121761 0.000580 0.031314
0 0 0.565072 0.314328 0.083101 0.000870 0.036629
1 0 0.132046 0.663169 0.176316 0.002186 0.026283
0 0 0.861031 0.118309 0.014126 0.000004 0.006530
1 0 0.257403 0.596067 0.124206 0.000322 0.022002
1 0 0.463134 0.470651 0.052639 0.000049 0.013527
0 0 0.558344 0.369921 0.059749 0.000019 0.011966
0 0 0.674990 0.273093 0.041210 0.000014 0.010693
0 0 0.745505 0.218312 0.025938 0.000016 0.010229
0 0 0.950005 0.039299 0.005248 0.000005 0.005443
0 0 0.560680 0.393428 0.038732 0.000005 0.007156
0 0 0.838524 0.106971 0.028156 0.000386 0.025963
0 0 0.983950 0.006946 0.001121 0.000007 0.007977
0 0 0.919703 0.053130 0.012735 0.000083 0.014349
0 0 0.818616 0.101980 0.047901 0.000568 0.030935
0 0 0.852496 0.083543 0.028115 0.000290 0.035556
0 0 0.701618 0.078915 0.042703 0.000817 0.175948
0 0 0.821522 0.110572 0.036181 0.000597 0.031128
1 0 0.321311 0.457610 0.172564 0.002422 0.046093
0 0 0.911996 0.065754 0.012100 0.000024 0.010126
1 0 0.214223 0.611893 0.143736 0.001066 0.029082
1 0 0.415200 0.422629 0.120203 0.001444 0.040524
0 0 0.659546 0.267367 0.054983 0.000073 0.018030
0 0 0.522940 0.388720 0.070387 0.000082 0.017871
0 0 0.618053 0.281967 0.077480 0.000126 0.022375
0 0 0.930604 0.041431 0.010789 0.000109 0.017067
0 0 0.802813 0.148941 0.032662 0.000052 0.015532
0 0 0.961131 0.028220 0.004379 0.000011 0.006259
1 0 0.242719 0.552551 0.164284 0.002089 0.038356
1 0 0.312988 0.454891 0.207518 0.000524 0.024078
1 0 0.397808 0.520244 0.070886 0.000024 0.011038
0 0 0.881953 0.071921 0.020081 0.000477 0.025568
1 0 0.418952 0.433370 0.133529 0.000060 0.014089
1 0 0.170693 0.724719 0.088870 0.000271 0.015447
0 0 0.776248 0.177741 0.028152 0.000109 0.017751
0 0 0.901496 0.083311 0.009620 0.000003 0.005569
1 0 0.354863 0.536876 0.092581 0.000071 0.015609
0 0 0.891970 0.089052 0.009712 0.000023 0.009243
1 0 0.307849 0.496767 0.165233 0.000522 0.029629
1 0 0.172816 0.667218 0.134242 0.000917 0.024806
0 0 0.740057 0.173437 0.043950 0.001646 0.040910
0 0 0.609913 0.283519 0.079938 0.000332 0.026298
0 0 0.947297 0.031416 0.007147 0.000134 0.014007
1 0 0.357256 0.417841 0.184734 0.001009 0.039160
1 0 0.261861 0.490500 0.183687 0.000556 0.063396
1 0 0.359363 0.441049 0.188010 0.000077 0.011501
0 0 0.761247 0.177479 0.042878 0.000079 0.018318
0 0 0.632345 0.238908 0.111925 0.000289 0.016533
0 0 0.923832 0.044430 0.012997 0.000208 0.018534
0 0 0.736788 0.209143 0.033674 0.000160 0.020234
1 0 0.368533 0.500969 0.101064 0.000628 0.028805
0 0 0.589318 0.303317 0.086398 0.000276 0.020691
1 0 0.274794 0.626615 0.084050 0.000092 0.014449
1 0 0.139654 0.676942 0.152424 0.002039 0.028941
1 0 0.232888 0.596076 0.154981 0.000264 0.015791
1 0 0.333593 0.575748 0.077588 0.000049 0.013022
1 0 0.269539 0.552737 0.148996 0.000757 0.027971
1 0 0.208815 0.674478 0.098833 0.000259 0.017615
1 0 0.416621 0.463319 0.096167 0.000245 0.023649
0 0 0.946377 0.042462 0.005641 0.000005 0.005514
0 0 0.708384 0.200099 0.063656 0.000268 0.027593
0 0 0.936374 0.030408 0.008693 0.000123 0.024402
0 0 0.841446 0.068640 0.038554 0.002148 0.049211
0 0 0.710344 0.216506 0.053743 0.000085 0.019322
1 0 0.285799 0.484508 0.180859 0.002799 0.046034
0 0 0.455088 0.381083 0.128388 0.000643 0.034798
4 0 0.300756 0.204433 0.175855 0.005481 0.313475
4 0 0.139933 0.264963 0.196016 0.002148 0.396940
4 0 0.134683 0.299381 0.147770 0.001456 0.416709
0 0 0.879940 0.046456 0.017978 0.000379 0.055247
0 0 0.859848 0.093513 0.022485 0.000341 0.023813
0 0 0.489568 0.423824 0.074312 0.000021 0.012275
0 0 0.729177 0.204287 0.043303 0.000200 0.023033
0 0 0.707898 0.206724 0.052831 0.000577 0.031970
0 0 0.916102 0.055113 0.012427 0.000136 0.016222
0 0 0.513703 0.363880 0.088058 0.000703 0.033655
0 0 0.938268 0.032446 0.008560 0.000446 0.020280
1 0 0.291294 0.394352 0.224306 0.010447 0.079601
0 0 0.543402 0.193339 0.149331 0.007701 0.106228
2 0 0.104858 0.349744 0.358350 0.003802 0.183246
0 0 0.461786 0.276579 0.129093 0.000350 0.132192
0 0 0.892662 0.032907 0.012500 0.000274 0.061656
0 0 0.836095 0.074732 0.025342 0.000160 0.063670
0 0 0.974245 0.017699 0.002700 0.000010 0.005346
0 0 0.718756 0.107403 0.058385 0.001494 0.113962
0 0 0.663809 0.122719 0.096688 0.001609 0.115174
0 0 0.913520 0.034673 0.013275 0.000487 0.038045
0 0 0.849444 0.091740 0.031105 0.000404 0.027308
0 0 0.883451 0.066809 0.021587 0.000279 0.027874
0 0 0.896297 0.038345 0.015762 0.000878 0.048718
0 0 0.659413 0.170181 0.088078 0.001591 0.080736
1 0 0.169797 0.408056 0.215006 0.013178 0.193963
0 0 0.617202 0.249628 0.085816 0.001639 0.045715
1 0 0.153763 0.352750 0.223502 0.019749 0.250236
0 0 0.400383 0.377001 0.166874 0.002867 0.052875
1 0 0.385107 0.458406 0.121687 0.000837 0.033964
1 0 0.225342 0.577555 0.165503 0.001007 0.030593
1 0 0.048615 0.489982 0.347412 0.039539 0.074451
1 0 0.345951 0.375986 0.210910 0.007396 0.059757
0 0 0.613380 0.216987 0.113657 0.002730 0.053246
1 0 0.307877 0.385880 0.134056 0.007854 0.164333
0 0 0.736558 0.122100 0.062607 0.001594 0.077142
0 0 0.673081 0.242384 0.058610 0.000248 0.025678
0 0 0.808963 0.147498 0.027512 0.000069 0.015958
0 0 0.898001 0.059151 0.019220 0.000338 0.023289
0 0 0.507130 0.346047 0.103220 0.001403 0.042199
0 0 0.924692 0.054644 0.010421 0.000029 0.010214
0 0 0.990206 0.006443 0.000745 0.000003 0.002604
0 0 0.975307 0.013250 0.002677 0.000061 0.008705
1 0 0.219361 0.620840 0.132915 0.000749 0.026135
0 0 0.926757 0.059418 0.005888 0.000021 0.007916
1 0 0.354307 0.470021 0.138356 0.001067 0.036248
1 0 0.260530 0.598075 0.119935 0.000284 0.021176
0 0 0.647378 0.315052 0.029449 0.000008 0.008113
0 0 0.682683 0.234155 0.057730 0.000229 0.025203
0 0 0.961123 0.034175 0.002551 0.000000 0.002151
0 0 0.928050 0.057469 0.008031 0.000007 0.006442
0 0 0.613849 0.307460 0.051034 0.000428 0.027229
0 0 0.832184 0.125756 0.027197 0.000050 0.014814
0 0 0.861044 0.093762 0.031579 0.000106 0.013510
0 0 0.861999 0.090271 0.027899 0.000186 0.019646
0 0 0.626404 0.235994 0.090920 0.000549 0.046133
0 0 0.778680 0.093719 0.088884 0.001138 0.037580
0 0 0.843780 0.056817 0.024655 0.000580 0.074168
0 0 0.640566 0.153050 0.074876 0.004684 0.126823
0 0 0.731713 0.141436 0.086139 0.002183 0.038529
0 0 0.776589 0.146265 0.048380 0.000342 0.028423
1 0 0.382295 0.439024 0.135241 0.001638 0.041802
0 0 0.569233 0.289608 0.103630 0.000682 0.036847
0 0 0.967324 0.019179 0.004141 0.000050 0.009306
0 0 0.909900 0.048870 0.028718 0.000320 0.012192
0 0 0.968684 0.016077 0.003540 0.000042 0.011656
0 0 0.893455 0.067890 0.024232 0.000150 0.014273
0 0 0.887373 0.074006 0.019947 0.000142 0.018531
0 0 0.984677 0.009636 0.002049 0.000012 0.003627
0 0 0.995411 0.002810 0.000268 0.000001 0.001510
0 0 0.856711 0.103253 0.028343 0.000053 0.011639
0 0 0.801625 0.174544 0.018512 0.000002 0.005318
0 0 0.974802 0.016066 0.002786 0.000018 0.006328
0 0 0.940361 0.042053 0.008016 0.000029 0.009542
0 0 0.703633 0.204809 0.055440 0.000803 0.035315
1 0 0.218953 0.449230 0.315368 0.000576 0.015874
1 0 0.330184 0.473282 0.154110 0.001348 0.041076
1 0 0.362423 0.434255 0.164143 0.001023 0.038156
0 0 0.841987 0.098248 0.041000 0.000449 0.018315
0 0 0.636562 0.272172 0.055684 0.000900 0.034682
1 0 0.183835 0.599136 0.181249 0.001891 0.033888
1 0 0.326765 0.501277 0.140204 0.000679 0.031075
0 0 0.606006 0.225721 0.080864 0.007674 0.079736
0 0 0.474623 0.378036 0.114967 0.000487 0.031886
1 0 0.073547 0.485934 0.369070 0.014278 0.057170
1 0 0.367649 0.403149 0.160141 0.001211 0.067850
1 0 0.353804 0.494455 0.129311 0.000185 0.022246
0 0 0.859568 0.080704 0.030524 0.000263 0.028940
1 0 0.285043 0.557709 0.120226 0.001665 0.035358
1 0 0.125567 0.609799 0.215682 0.006772 0.042179
0 0 0.807713 0.094242 0.046086 0.001999 0.049960
0 0 0.291511 0.284636 0.141225 0.000604 0.282024
1 0 0.349140 0.408172 0.176933 0.005547 0.060208
0 0 0.469525 0.269774 0.130410 0.001689 0.128602
0 0 0.642492 0.141452 0.087962 0.000640 0.127455
0 0 0.836656 0.070838 0.028163 0.001004 0.063338
0 0 0.926279 0.052646 0.011008 0.000033 0.010033
0 0 0.600666 0.145964 0.080513 0.004981 0.167875
0 0 0.528151 0.140657 0.282005 0.015027 0.034160
0 0 0.759967 0.103210 0.109571 0.003691 0.023560
0 0 0.781665 0.094864 0.097832 0.002259 0.023380
0 0 0.400578 0.382090 0.155875 0.004181 0.057276
0 0 0.666024 0.203263 0.077540 0.001693 0.051480
0 0 0.849149 0.081212 0.026717 0.000382 0.042539
1 0 0.131327 0.443186 0.278606 0.023199 0.123683
0 0 0.892219 0.054091 0.025773 0.000500 0.027417
0 0 0.848397 0.105205 0.022152 0.000362 0.023885
1 0 0.349893 0.485743 0.136845 0.001007 0.026513
0 0 0.432490 0.278447 0.250646 0.003399 0.035017
0 0 0.736692 0.155571 0.055978 0.002520 0.049239
0 0 0.927927 0.039536 0.010355 0.000142 0.022040
0 0 0.530824 0.272692 0.128619 0.004805 0.063060
0 0 0.563113 0.289421 0.093531 0.002776 0.051159
0 0 0.587893 0.166116 0.213010 0.000953 0.032029
0 0 0.647092 0.187645 0.071647 0.018273 0.075344
0 0 0.510463 0.267117 0.179646 0.004273 0.038500
0 0 0.571490 0.201132 0.163149 0.003288 0.060941
4 0 0.296638 0.188439 0.130025 0.006300 0.378599
4 0 0.220175 0.247373 0.173546 0.007202 0.351704
0 0 0.703416 0.117435 0.043970 0.000127 0.135052
0 0 0.847582 0.089340 0.026969 0.000149 0.035960
0 0 0.672261 0.160767 0.067131 0.000752 0.099090
0 0 0.890048 0.072911 0.014136 0.000430 0.022475
4 0 0.270220 0.086982 0.272505 0.060556 0.309737
0 0 0.512623 0.114506 0.078735 0.000542 0.293594
0 0 0.556701 0.318728 0.096248 0.000277 0.028045
0 0 0.427762 0.349378 0.178901 0.001304 0.042655
0 0 0.574966 0.297661 0.088185 0.000928 0.038261
0 0 0.642815 0.267779 0.068973 0.000093 0.020340
1 0 0.326129 0.470820 0.163514 0.001251 0.038285
0 0 0.329573 0.262225 0.311598 0.009893 0.086712
0 0 0.697995 0.181064 0.069241 0.001171 0.050529
0 0 0.532391 0.224453 0.119934 0.004100 0.119123
0 0 0.855045 0.090455 0.031400 0.000302 0.022798
0 0 0.953220 0.029165 0.006522 0.000059 0.011033
0 0 0.984630 0.007935 0.001504 0.000026 0.005904
0 0 0.952767 0.020943 0.015167 0.000733 0.010390
0 0 0.902920 0.031447 0.039272 0.001823 0.024537
0 0 0.976498 0.008654 0.006063 0.000488 0.008298
0 0 0.928659 0.054403 0.008877 0.000014 0.008047
0 0 0.855705 0.048509 0.057656 0.002079 0.036052
0 0 0.467998 0.351352 0.120586 0.003948 0.056116
1 0 0.188877 0.469993 0.231864 0.001329 0.107936
0 0 0.897192 0.057248 0.019780 0.000449 0.025332
1 0 0.286113 0.453128 0.196840 0.002422 0.061497
0 0 0.658774 0.230358 0.078959 0.000349 0.031560
0 0 0.927502 0.045810 0.011219 0.000085 0.015384
0 0 0.681056 0.137856 0.057983 0.001326 0.121778
0 0 0.978801 0.009322 0.001732 0.000014 0.010130
0 0 0.875510 0.063641 0.021932 0.002493 0.036425
0 0 0.949207 0.027109 0.012429 0.000184 0.011071
0 0 0.826658 0.116430 0.038147 0.000167 0.018598
0 0 0.788059 0.114923 0.036468 0.001465 0.059084
1 0 0.385362 0.476372 0.100071 0.001410 0.036785
0 0 0.455321 0.374307 0.125376 0.001522 0.043474
1 0 0.396966 0.470936 0.108572 0.000220 0.023306
0 0 0.831381 0.093761 0.046723 0.001195 0.026940
0 0 0.406489 0.255565 0.149619 0.001640 0.186687
0 0 0.830562 0.128558 0.027260 0.000040 0.013580
0 0 0.782293 0.125784 0.049105 0.001712 0.041106
0 0 0.592343 0.175336 0.102923 0.002004 0.127394
1 0 0.426311 0.456398 0.100522 0.000061 0.016709
1 0 0.176542 0.587376 0.196866 0.003408 0.035809
0 0 0.683393 0.224743 0.053253 0.001112 0.037500
1 0 0.266733 0.435921 0.255881 0.001696 0.039768
0 0 0.724731 0.215944 0.044559 0.000037 0.014729
1 0 0.372362 0.484072 0.120942 0.000188 0.022435
0 0 0.897554 0.072799 0.016007 0.000055 0.013584
0 0 0.847745 0.094768 0.041059 0.000233 0.016194
2 0 0.228871 0.256201 0.460494 0.004796 0.049638
0 0 0.303452 0.270074 0.136074 0.000431 0.289969
4 0 0.225286 0.043944 0.046434 0.000089 0.684247
0 0 0.907147 0.038040 0.019333 0.000691 0.034789
0 0 0.518597 0.363005 0.095554 0.000144 0.022701
0 0 0.635369 0.222619 0.059559 0.000028 0.082426
0 0 0.554052 0.287746 0.072143 0.000016 0.086043
0 0 0.556354 0.353816 0.061586 0.000005 0.028238
0 0 0.906177 0.068868 0.013567 0.000033 0.011354
0 0 0.850127 0.103321 0.027222 0.000126 0.019204
0 0 0.916264 0.063591 0.010993 0.000018 0.009134
0 0 0.888407 0.076638 0.022559 0.000076 0.012320
0 0 0.715104 0.232396 0.040835 0.000017 0.011649
0 0 0.844502 0.127627 0.019239 0.000009 0.008623
0 0 0.544657 0.384770 0.060994 0.000009 0.009571
0 0 0.635344 0.274673 0.069928 0.000088 0.019967
0 0 0.789419 0.133872 0.062839 0.000171 0.013698
0 0 0.757308 0.217390 0.020682 0.000001 0.004619
0 0 0.517892 0.381778 0.079754 0.000120 0.020456
0 0 0.909407 0.068390 0.012121 0.000024 0.010058
0 0 0.862289 0.081868 0.029533 0.000456 0.025855
0 0 0.886087 0.090610 0.014487 0.000013 0.008804
2 0 0.212099 0.246388 0.420401 0.001148 0.119964
1 1 0.078102 0.514456 0.245855 0.000142 0.161444
1 1 0.072211 0.474803 0.259270 0.000481 0.193235
1 1 0.039103 0.685357 0.199019 0.024189 0.052333
2 1 0.002645 0.162292 0.768983 0.010974 0.055107
2 1 0.008853 0.333626 0.505047 0.001099 0.151375
4 1 0.027123 0.254953 0.301098 0.000786 0.416041
4 1 0.025803 0.303198 0.253973 0.000060 0.416967
2 1 0.016918 0.210258 0.725507 0.000567 0.046750
1 1 0.118028 0.416613 0.347080 0.003088 0.115191
4 1 0.084214 0.158785 0.113965 0.002099 0.640936
4 1 0.114472 0.183788 0.148725 0.000236 0.552779
4 4 0.148957 0.221453 0.154472 0.000787 0.474332
1 4 0.065459 0.457748 0.200732 0.008588 0.267473
1 4 0.261854 0.389508 0.135684 0.000134 0.212821
4 4 0.252950 0.225448 0.158487 0.000652 0.362464
4 4 0.063529 0.350524 0.226438 0.001790 0.357719
0 4 0.625360 0.095755 0.050621 0.002881 0.225383
0 4 0.561473 0.195040 0.113272 0.005896 0.124318
0 4 0.358272 0.349690 0.196210 0.001093 0.094736
4 4 0.060334 0.141541 0.120753 0.000054 0.677318
4 4 0.073358 0.286220 0.211194 0.000098 0.429129
1 4 0.112763 0.363701 0.175197 0.003429 0.344910
0 4 0.901724 0.016297 0.007286 0.000491 0.074202
0 4 0.559718 0.099713 0.041036 0.000070 0.299463
4 4 0.244514 0.070699 0.045942 0.000191 0.638655
0 0 0.000000 0.000000 0.000000 0.000000 0.000000
0 0 0.000000 0.000000 0.000000 0.000000 0.000000
0 0 0.000000 0.000000 0.000000 0.000000 0.000000
0 0 0.000000 0.000000 0.000000 0.000000 0.000000
0 0 0.000000 0.000000 0.000000 0.000000 0.000000
0 0 0.000000 0.000000 0.000000 0.000000 0.000000
0 0 0.000000 0.000000 0.000000 0.000000 0.000000
0 0 0.000000 0.000000 0.000000 0.000000 0.000000
