0 0 0.966643 0.021626 0.010014 0.000042 0.001675
0 0 0.878658 0.072606 0.033578 0.000649 0.014510
0 0 0.457965 0.383610 0.134309 0.000207 0.023909
0 0 0.642353 0.210859 0.092722 0.004238 0.049828
0 0 0.731938 0.162336 0.052618 0.002648 0.050461
1 0 0.133836 0.535012 0.260245 0.003695 0.067212
1 0 0.361267 0.483327 0.129172 0.000115 0.026119
0 0 0.904236 0.070574 0.019124 0.000073 0.005993
0 0 0.439742 0.435569 0.096896 0.000025 0.027768
0 0 0.925303 0.042618 0.019431 0.001854 0.010793
0 0 0.978127 0.014037 0.007041 0.000013 0.000781
1 0 0.149291 0.568843 0.253977 0.000282 0.027606
2 1 0.076967 0.386809 0.389574 0.016688 0.129961
4 1 0.007362 0.196914 0.107311 0.000126 0.688287
4 1 0.014241 0.100415 0.264676 0.000210 0.620459
4 1 0.026441 0.218802 0.348540 0.004878 0.401339
4 1 0.168030 0.048165 0.020886 0.000290 0.762629
4 1 0.012355 0.012182 0.005928 0.000102 0.969433
2 1 0.001883 0.106244 0.843154 0.008323 0.040397
2 1 0.006969 0.173124 0.668106 0.036457 0.115344
2 2 0.000035 0.001695 0.968367 0.029839 0.000063
0 0 0.650762 0.121138 0.055177 0.008227 0.164696
4 0 0.062458 0.391594 0.149503 0.000159 0.396286
0 0 0.767424 0.157675 0.041004 0.000684 0.033213
0 0 0.528452 0.240312 0.226685 0.000068 0.004484
0 0 0.858362 0.106034 0.032356 0.000008 0.003240
1 0 0.173717 0.543072 0.277665 0.000007 0.005539
1 0 0.369240 0.415062 0.176889 0.001025 0.037783
4 1 0.026585 0.134308 0.057476 0.001115 0.780517
2 1 0.000036 0.020746 0.926954 0.004970 0.047294
2 1 0.000183 0.025851 0.890650 0.039645 0.043671
2 1 0.000040 0.009910 0.939383 0.023988 0.026679
2 2 0.078659 0.232150 0.374036 0.089224 0.225932
1 2 0.022693 0.409373 0.404236 0.005783 0.157915
2 2 0.000000 0.000255 0.995830 0.003627 0.000287
2 2 0.000927 0.007548 0.972434 0.017596 0.001496
2 2 0.010372 0.018000 0.789644 0.138422 0.043562
2 2 0.003359 0.013235 0.602127 0.376063 0.005217
3 2 0.000005 0.000106 0.497649 0.502227 0.000012
2 2 0.000075 0.000169 0.949773 0.049864 0.000119
2 2 0.000551 0.001291 0.828711 0.169398 0.000049
2 3 0.000040 0.001037 0.960744 0.038160 0.000019
3 3 0.000020 0.000002 0.003594 0.996383 0.000000
3 3 0.000008 0.000048 0.109082 0.890857 0.000004
2 3 0.000827 0.003302 0.962962 0.032801 0.000109
3 3 0.000000 0.000025 0.485901 0.514074 0.000000
3 3 0.000031 0.000100 0.110586 0.889276 0.000007
3 3 0.000001 0.000007 0.285799 0.714193 0.000000
3 3 0.011942 0.002227 0.187170 0.798105 0.000556
2 3 0.000205 0.002432 0.810837 0.186316 0.000210
3 3 0.000000 0.000000 0.011698 0.988302 0.000000
2 3 0.000000 0.000003 0.504499 0.495499 0.000000
3 3 0.000075 0.000262 0.476993 0.522655 0.000015
3 3 0.000371 0.000324 0.316333 0.682862 0.000110
3 3 0.000004 0.000038 0.220747 0.779208 0.000002
3 3 0.000012 0.000118 0.391577 0.608284 0.000009
3 3 0.003470 0.001019 0.336887 0.657898 0.000726
3 3 0.000500 0.000478 0.174225 0.824747 0.000050
3 3 0.000102 0.000715 0.401493 0.596365 0.001325
3 3 0.000121 0.000006 0.000924 0.998936 0.000013
3 3 0.000000 0.000002 0.004996 0.995002 0.000000
3 3 0.003354 0.004775 0.478820 0.512697 0.000355
3 3 0.000000 0.000001 0.001720 0.998278 0.000001
3 3 0.000417 0.000036 0.007317 0.992218 0.000012
3 3 0.000051 0.000023 0.023360 0.976564 0.000003
3 3 0.000002 0.000007 0.012344 0.987646 0.000001
3 3 0.000100 0.000173 0.070245 0.929435 0.000047
3 3 0.000172 0.000064 0.043467 0.956291 0.000006
3 3 0.000090 0.000009 0.001720 0.998176 0.000006
3 3 0.004377 0.000062 0.002064 0.993414 0.000083
3 3 0.003507 0.000102 0.008864 0.987159 0.000369
3 3 0.000515 0.000007 0.004522 0.994954 0.000002
3 3 0.000004 0.000005 0.017600 0.982392 0.000000
3 3 0.000000 0.000002 0.039182 0.960816 0.000000
3 3 0.000000 0.000000 0.000008 0.999992 0.000000
3 3 0.000002 0.000020 0.114207 0.885770 0.000001
3 3 0.000000 0.000000 0.000520 0.999480 0.000000
3 3 0.000006 0.000001 0.006055 0.993938 0.000000
3 3 0.000009 0.000008 0.043574 0.956408 0.000000
3 3 0.000000 0.000000 0.191939 0.808060 0.000000
3 3 0.000384 0.000094 0.065291 0.934223 0.000007
3 3 0.000104 0.000089 0.033944 0.965847 0.000016
3 3 0.000000 0.000000 0.002492 0.997508 0.000000
3 3 0.000507 0.000046 0.017967 0.981472 0.000008
3 3 0.009229 0.000904 0.040413 0.949160 0.000294
3 3 0.000139 0.000012 0.005123 0.994723 0.000003
3 3 0.003336 0.000650 0.029792 0.965919 0.000303
3 3 0.000000 0.000000 0.001566 0.998434 0.000000
3 3 0.000565 0.000042 0.002153 0.997169 0.000070
3 3 0.000000 0.000001 0.005873 0.994126 0.000000
3 3 0.000491 0.000020 0.013672 0.985814 0.000003
3 3 0.000095 0.000042 0.009820 0.990020 0.000024
3 3 0.000000 0.000001 0.060498 0.939501 0.000000
3 3 0.000006 0.000005 0.003118 0.996852 0.000018
3 3 0.001210 0.000682 0.075219 0.922157 0.000732
3 3 0.001559 0.000309 0.043626 0.954370 0.000136
3 3 0.016503 0.001010 0.027187 0.954801 0.000499
2 3 0.316194 0.093878 0.529486 0.051152 0.009290
3 3 0.000259 0.000361 0.320415 0.678853 0.000112
3 3 0.000002 0.000227 0.494282 0.505470 0.000019
2 3 0.013163 0.042267 0.780162 0.090014 0.074395
2 3 0.101416 0.026906 0.692178 0.177774 0.001726
2 3 0.059608 0.109506 0.761950 0.040031 0.028905
2 3 0.229381 0.103836 0.533769 0.086544 0.046470
2 3 0.006387 0.065517 0.913309 0.002940 0.011846
2 3 0.000792 0.003891 0.819709 0.174301 0.001307
2 3 0.026459 0.123812 0.541863 0.038516 0.269350
2 3 0.002263 0.038641 0.891707 0.018941 0.048447
2 3 0.032001 0.118381 0.740687 0.007265 0.101666
2 3 0.004102 0.005813 0.866002 0.123097 0.000987
2 3 0.002656 0.004702 0.939639 0.051493 0.001510
2 3 0.008728 0.012045 0.862622 0.101915 0.014688
2 3 0.011272 0.003316 0.977023 0.005697 0.002692
3 3 0.000476 0.002251 0.485097 0.510870 0.001306
3 3 0.003667 0.001539 0.058229 0.915977 0.020588
2 3 0.000075 0.001640 0.908845 0.089290 0.000150
3 3 0.005249 0.004040 0.479533 0.507047 0.004131
2 3 0.001001 0.005733 0.665951 0.325864 0.001451
2 3 0.002766 0.017434 0.666964 0.253464 0.059371
2 3 0.004515 0.017625 0.708993 0.247050 0.021818
2 3 0.005677 0.013814 0.863655 0.114574 0.002280
2 3 0.001550 0.012598 0.539149 0.425942 0.020761
2 3 0.000000 0.000335 0.927719 0.071930 0.000015
2 3 0.000427 0.052224 0.799125 0.139097 0.009126
2 3 0.008587 0.021522 0.564890 0.385562 0.019440
3 3 0.221321 0.066444 0.323778 0.372617 0.015841
2 2 0.000829 0.080837 0.809833 0.101651 0.006851
2 2 0.013333 0.228635 0.688540 0.022236 0.047256
1 2 0.024050 0.321517 0.302774 0.044122 0.307537
2 2 0.000431 0.087755 0.841025 0.021222 0.049567
1 2 0.020901 0.461134 0.252881 0.015496 0.249587
2 2 0.004568 0.084103 0.554088 0.070716 0.286525
2 2 0.003151 0.168562 0.643648 0.051999 0.132641
2 2 0.000409 0.009707 0.962735 0.018249 0.008900
2 2 0.013982 0.361698 0.362266 0.004657 0.257397
1 2 0.058777 0.489138 0.329907 0.001163 0.121014
1 2 0.055033 0.583917 0.254338 0.005569 0.101143
1 2 0.217206 0.579157 0.166665 0.000225 0.036747
1 2 0.319339 0.459627 0.132795 0.003350 0.084888
4 2 0.025963 0.057138 0.021851 0.000850 0.894198
0 2 0.763880 0.097772 0.040363 0.003248 0.094737
1 2 0.100036 0.471570 0.178936 0.002578 0.246879
1 2 0.004766 0.472434 0.465453 0.005271 0.052076
1 2 0.006894 0.460176 0.280947 0.000299 0.251685
1 2 0.024173 0.446157 0.312920 0.000917 0.215833
1 2 0.012607 0.463594 0.283983 0.008623 0.231192
1 2 0.325901 0.483376 0.138191 0.000316 0.052215
1 2 0.145895 0.486309 0.178205 0.014216 0.175375
1 2 0.031263 0.423730 0.203595 0.002784 0.338628
1 2 0.111470 0.522698 0.195472 0.003472 0.166887
1 2 0.057797 0.553146 0.218389 0.000185 0.170484
1 1 0.219832 0.464797 0.141985 0.000643 0.172743
1 1 0.058164 0.463479 0.213642 0.011870 0.252845
1 1 0.052332 0.511837 0.235251 0.020422 0.180158
1 1 0.021299 0.388947 0.201156 0.002998 0.385600
1 1 0.019479 0.400082 0.380111 0.002227 0.198101
1 1 0.102335 0.555346 0.194580 0.000195 0.147544
1 1 0.251404 0.398014 0.114734 0.000306 0.235542
4 1 0.028938 0.376276 0.189942 0.012131 0.392713
1 1 0.051902 0.502011 0.230218 0.017188 0.198681
4 1 0.031082 0.263668 0.124518 0.006342 0.574390
1 1 0.115844 0.376381 0.138277 0.003904 0.365595
4 1 0.019831 0.124619 0.055562 0.000815 0.799173
1 1 0.040899 0.399275 0.188585 0.011787 0.359454
4 1 0.028012 0.017150 0.010167 0.000576 0.944095
4 1 0.172246 0.218273 0.067494 0.001238 0.540748
0 1 0.378215 0.273128 0.118269 0.003879 0.226509
4 1 0.261999 0.311251 0.096206 0.008476 0.322068
0 1 0.458011 0.334285 0.088404 0.005727 0.113573
4 1 0.027136 0.085359 0.034073 0.000848 0.852585
4 1 0.020177 0.082001 0.033803 0.000391 0.863627
0 1 0.440195 0.258232 0.161380 0.001512 0.138680
0 0 0.437304 0.158928 0.183019 0.002076 0.218674
4 0 0.034324 0.028616 0.013190 0.000342 0.923528
0 0 0.574126 0.284143 0.102409 0.000829 0.038492
1 1 0.182107 0.369950 0.133049 0.080075 0.234819
4 1 0.084815 0.120108 0.039930 0.001078 0.754069
4 1 0.022209 0.191578 0.083332 0.000131 0.702750
4 1 0.015080 0.043014 0.025352 0.000419 0.916135
4 1 0.037051 0.084439 0.032450 0.002102 0.843957
0 0 0.913155 0.022144 0.012616 0.000739 0.051346
0 0 0.901181 0.055197 0.020827 0.001220 0.021575
1 0 0.117662 0.523377 0.296339 0.000460 0.062162
0 0 0.561945 0.070707 0.041440 0.006463 0.319444
4 0 0.090516 0.208839 0.083073 0.000108 0.617465
4 0 0.066848 0.144180 0.051653 0.001191 0.736128
4 0 0.102637 0.224142 0.080976 0.005403 0.586842
4 0 0.055763 0.084106 0.027556 0.000166 0.832409
0 0 0.419569 0.239173 0.059702 0.000625 0.280931
4 0 0.169044 0.256489 0.082651 0.002401 0.489414
4 0 0.227812 0.252940 0.090096 0.001721 0.427430
4 0 0.229050 0.087050 0.035654 0.000809 0.647437
4 0 0.064787 0.157104 0.060907 0.009763 0.707438
4 0 0.060949 0.139270 0.047694 0.000159 0.751928
0 0 0.420283 0.133254 0.061287 0.003934 0.381243
0 0 0.467476 0.294567 0.075037 0.002098 0.160823
4 0 0.227909 0.194610 0.225837 0.004417 0.347226
4 1 0.083955 0.178022 0.063774 0.002448 0.671801
4 1 0.019849 0.118899 0.053222 0.001143 0.806887
4 1 0.140459 0.282818 0.095148 0.001912 0.479663
4 1 0.050134 0.093250 0.035328 0.001985 0.819304
4 1 0.035106 0.079570 0.030556 0.001828 0.852940
4 1 0.024592 0.271498 0.127182 0.000857 0.575871
4 1 0.025502 0.212286 0.275545 0.054851 0.431815
4 1 0.028671 0.103310 0.042677 0.001729 0.823613
4 1 0.017147 0.076809 0.032858 0.000594 0.872591
1 1 0.010603 0.394421 0.307326 0.007856 0.279794
4 1 0.040685 0.148279 0.061326 0.004369 0.745341
2 1 0.003325 0.320655 0.606059 0.010180 0.059782
1 1 0.136309 0.478737 0.169992 0.002597 0.212364
4 1 0.324645 0.216551 0.072671 0.000008 0.386126
4 1 0.013112 0.024559 0.009627 0.000153 0.952548
4 1 0.213599 0.142515 0.037826 0.000186 0.605874
1 1 0.018024 0.409181 0.219551 0.002988 0.350257
4 1 0.048480 0.208031 0.088235 0.008823 0.646432
4 1 0.027240 0.282526 0.137717 0.005849 0.546668
1 1 0.336649 0.468858 0.125815 0.000489 0.068189
4 1 0.023582 0.102857 0.047533 0.000696 0.825332
0 0 0.979399 0.009254 0.004405 0.000064 0.006877
0 0 0.481033 0.303012 0.111260 0.001847 0.102847
0 0 0.982959 0.008837 0.005215 0.000398 0.002591
0 0 0.777084 0.132755 0.058889 0.003107 0.028165
2 0 0.075044 0.314055 0.464316 0.031419 0.115166
4 0 0.028078 0.045565 0.019390 0.000890 0.906079
4 0 0.018347 0.031255 0.011174 0.000118 0.939107
1 0 0.212146 0.403207 0.128707 0.002536 0.253403
0 0 0.634066 0.274071 0.073902 0.000109 0.017853
0 0 0.902683 0.019444 0.010838 0.000337 0.066699
0 0 0.912019 0.046126 0.016664 0.000456 0.024735
0 1 0.675953 0.202187 0.055897 0.002339 0.063625
0 1 0.557092 0.221495 0.058248 0.000369 0.162795
4 1 0.214389 0.041208 0.026757 0.003038 0.714608
1 1 0.309531 0.462928 0.133241 0.002071 0.092229
0 1 0.349299 0.307918 0.086963 0.004205 0.251615
4 1 0.068414 0.284845 0.120146 0.025957 0.500638
4 1 0.045978 0.159789 0.061542 0.000672 0.732019
0 1 0.577388 0.062681 0.022915 0.000134 0.336882
1 1 0.282142 0.406870 0.126068 0.010155 0.174765
1 1 0.327206 0.484521 0.132504 0.000872 0.054897
1 1 0.069010 0.599910 0.231408 0.000399 0.099274
1 1 0.185488 0.588107 0.179141 0.000351 0.046913
0 1 0.525595 0.268635 0.084932 0.000465 0.120374
1 1 0.260784 0.553420 0.167638 0.000047 0.018112
1 4 0.106363 0.549677 0.212464 0.009157 0.122340
4 4 0.347097 0.106259 0.043326 0.000731 0.502586
1 4 0.066641 0.396298 0.156019 0.000695 0.380347
0 4 0.625981 0.255614 0.066065 0.002071 0.050269
0 4 0.730168 0.200531 0.049484 0.000238 0.019580
0 4 0.531154 0.329675 0.092197 0.001139 0.045835
1 4 0.301964 0.477559 0.138821 0.002596 0.079060
4 4 0.205627 0.233347 0.064579 0.000083 0.496364
4 4 0.247718 0.098112 0.037825 0.000838 0.615508
4 4 0.044631 0.234063 0.102456 0.009199 0.609651
0 4 0.593859 0.134442 0.048488 0.000118 0.223093
0 0 0.768602 0.055130 0.017773 0.000021 0.158475
0 0 0.806230 0.109575 0.032689 0.000745 0.050761
0 0 0.886258 0.010054 0.007522 0.000048 0.096118
1 0 0.357911 0.414673 0.114692 0.001885 0.110839
4 0 0.183933 0.147278 0.042565 0.000422 0.625802
4 0 0.068679 0.169622 0.060210 0.000539 0.700950
4 0 0.133225 0.292132 0.097458 0.000877 0.476307
0 0 0.667708 0.164992 0.068329 0.003455 0.095515
4 0 0.123839 0.025521 0.013376 0.000221 0.837043
4 0 0.089499 0.009960 0.007191 0.000010 0.893340
0 0 0.870146 0.041766 0.016736 0.000266 0.071086
0 0 0.989864 0.003512 0.002919 0.001013 0.002692
0 0 0.817025 0.068018 0.029943 0.000213 0.084801
4 0 0.252598 0.130724 0.037003 0.000209 0.579466
4 0 0.198241 0.211127 0.063861 0.001857 0.524915
0 0 0.556073 0.047045 0.022772 0.000104 0.374007
0 0 0.659417 0.043149 0.029056 0.004500 0.263878
4 0 0.424355 0.005419 0.003854 0.000012 0.566361
4 0 0.370387 0.114345 0.032185 0.000116 0.482966
4 0 0.007250 0.035574 0.014927 0.000026 0.942224
4 0 0.015407 0.002409 0.002000 0.000038 0.980146
4 0 0.040242 0.065447 0.025395 0.000976 0.867940
4 0 0.035438 0.037709 0.014779 0.000167 0.911907
4 0 0.024935 0.031123 0.014404 0.000593 0.928945
2 1 0.019285 0.350335 0.358128 0.001173 0.271079
4 1 0.011818 0.198430 0.136002 0.001848 0.651902
4 1 0.282934 0.099619 0.037220 0.000657 0.579571
0 0 0.537513 0.165260 0.044599 0.000340 0.252288
4 0 0.408769 0.004621 0.005863 0.000110 0.580637
4 0 0.335032 0.026635 0.078426 0.032788 0.527119
4 0 0.018565 0.033450 0.029044 0.000215 0.918727
0 0 0.995127 0.001565 0.001118 0.000003 0.002187
4 0 0.021480 0.010941 0.006072 0.000121 0.961388
4 0 0.265938 0.232037 0.165156 0.027324 0.309546
1 0 0.299879 0.403982 0.124433 0.015010 0.156697
4 0 0.069920 0.062258 0.017668 0.000023 0.850131
1 0 0.032093 0.523367 0.259457 0.008631 0.176452
2 1 0.016090 0.220400 0.733878 0.003220 0.026412
1 0 0.202933 0.593436 0.170958 0.000154 0.032519
0 0 0.430477 0.216687 0.085668 0.014776 0.252391
0 0 0.872325 0.063525 0.020113 0.000000 0.044037
4 0 0.052409 0.096291 0.041104 0.000221 0.809975
4 0 0.068059 0.111985 0.037389 0.000363 0.782204
1 0 0.106609 0.464159 0.175825 0.003980 0.249428
0 0 0.458241 0.250982 0.080935 0.000354 0.209488
0 0 0.420127 0.390214 0.104450 0.003673 0.081536
1 0 0.301440 0.316684 0.094249 0.006837 0.280791
4 0 0.449088 0.052190 0.040582 0.003656 0.454484
0 0 0.625701 0.160647 0.048554 0.000284 0.164813
4 0 0.066957 0.027512 0.009826 0.000027 0.895679
4 0 0.011269 0.022981 0.008694 0.000111 0.956945
4 0 0.017966 0.039278 0.074318 0.000005 0.868433
4 0 0.016843 0.060333 0.024921 0.000463 0.897440
4 0 0.079978 0.025572 0.017026 0.001807 0.875618
0 0 0.911360 0.007013 0.004899 0.000080 0.076648
4 0 0.042798 0.097337 0.037309 0.002815 0.819740
4 0 0.038052 0.272264 0.125146 0.009171 0.555368
4 0 0.309420 0.225409 0.063006 0.000068 0.402097
4 0 0.077210 0.133202 0.046853 0.002433 0.740302
0 1 0.536465 0.350919 0.079080 0.000313 0.033222
0 1 0.807620 0.139311 0.034357 0.000382 0.018330
1 1 0.268063 0.477791 0.183309 0.000986 0.069851
1 1 0.200912 0.524476 0.171939 0.004543 0.098131
4 0 0.081634 0.030371 0.014880 0.000097 0.873018
0 0 0.569461 0.219083 0.114785 0.025813 0.070857
0 0 0.622972 0.259671 0.081717 0.000985 0.034656
0 0 0.835038 0.043227 0.019180 0.000447 0.102108
2 0 0.081305 0.311146 0.324933 0.042480 0.240136
4 0 0.334562 0.045209 0.027150 0.001823 0.591256
0 0 0.777545 0.178427 0.031185 0.000056 0.012786
0 0 0.981455 0.010950 0.004900 0.000335 0.002359
0 0 0.549339 0.287193 0.092044 0.000539 0.070885
0 0 0.881577 0.078753 0.029791 0.000340 0.009540
0 0 0.752403 0.186079 0.037601 0.000116 0.023801
0 0 0.825067 0.092546 0.045741 0.004921 0.031726
0 0 0.662992 0.083691 0.041511 0.001205 0.210601
0 0 0.823362 0.115144 0.046863 0.000547 0.014083
0 0 0.478842 0.246160 0.071855 0.000877 0.202265
0 0 0.804985 0.081633 0.043980 0.014752 0.054650
0 0 0.754849 0.122400 0.054939 0.004115 0.063697
1 0 0.111763 0.573480 0.281687 0.000494 0.032577
0 0 0.638106 0.178353 0.055983 0.000234 0.127324
1 0 0.279092 0.473449 0.143727 0.005070 0.098663
1 0 0.340098 0.499297 0.127435 0.000190 0.032980
1 0 0.351768 0.471375 0.117657 0.000068 0.059132
0 0 0.390162 0.376652 0.102113 0.002193 0.128879
1 0 0.191897 0.381813 0.123370 0.001967 0.300953
1 0 0.235753 0.469053 0.146536 0.002628 0.146030
1 0 0.033336 0.563426 0.257492 0.000675 0.145071
1 1 0.071952 0.536532 0.226508 0.010134 0.154874
1 1 0.096277 0.555839 0.218479 0.007826 0.121579
1 1 0.031643 0.511852 0.410075 0.002906 0.043523
1 1 0.211269 0.565377 0.170585 0.000643 0.052126
0 1 0.556764 0.326950 0.082251 0.000297 0.033738
1 0 0.172156 0.494001 0.165971 0.002390 0.165482
0 0 0.767198 0.074906 0.030054 0.000909 0.126933
4 0 0.186085 0.023004 0.017466 0.001861 0.771585
0 0 0.915185 0.026773 0.015867 0.002187 0.039989
0 0 0.807601 0.028995 0.018590 0.001531 0.143283
0 0 0.864968 0.029240 0.012329 0.000046 0.093417
0 0 0.708440 0.215394 0.043638 0.000551 0.031977
0 0 0.658729 0.127246 0.046072 0.001734 0.166219
0 0 0.776609 0.139594 0.035103 0.000467 0.048227
0 0 0.990636 0.005332 0.002433 0.000038 0.001561
0 0 0.654417 0.070642 0.039883 0.005966 0.229092
0 0 0.842369 0.091114 0.035856 0.001167 0.029494
0 0 0.969379 0.019485 0.006873 0.000182 0.004081
0 0 0.918719 0.055317 0.017249 0.000123 0.008592
0 0 0.464300 0.113424 0.046834 0.001980 0.373463
0 0 0.346880 0.338398 0.111653 0.017978 0.185090
0 0 0.462846 0.387266 0.096142 0.001038 0.052709
0 0 0.870515 0.085241 0.032642 0.000457 0.011146
0 0 0.413192 0.411908 0.108069 0.001762 0.065069
1 0 0.379244 0.423474 0.127840 0.000068 0.069374
0 0 0.508835 0.255170 0.093378 0.024801 0.117816
1 0 0.107403 0.586631 0.210513 0.000843 0.094611
1 0 0.105746 0.481436 0.369117 0.003014 0.040687
1 0 0.064040 0.521069 0.379127 0.001462 0.034302
1 0 0.354630 0.448420 0.123730 0.002052 0.071168
0 0 0.860741 0.094960 0.035750 0.000170 0.008379
0 0 0.436135 0.370297 0.097930 0.003404 0.092233
1 0 0.179097 0.370932 0.129692 0.000295 0.319985
4 0 0.179844 0.116629 0.052558 0.005483 0.645486
0 0 0.570496 0.107868 0.042685 0.001405 0.277547
4 0 0.079455 0.289345 0.111778 0.003367 0.516056
1 1 0.330794 0.431675 0.120206 0.001086 0.116239
1 1 0.274378 0.342136 0.102366 0.003082 0.278039
1 1 0.170559 0.396089 0.136724 0.007232 0.289396
1 1 0.130743 0.491891 0.200377 0.010204 0.166785
4 1 0.053715 0.077333 0.026003 0.000442 0.842507
2 1 0.151538 0.328779 0.477132 0.002951 0.039600
4 1 0.074683 0.050366 0.018149 0.000156 0.856646
0 1 0.811082 0.087356 0.025748 0.000237 0.075576
4 0 0.097463 0.316461 0.114529 0.001140 0.470407
0 0 0.668722 0.051926 0.036141 0.000478 0.242733
0 0 0.760099 0.011268 0.008683 0.000264 0.219686
0 0 0.468162 0.366048 0.120487 0.001397 0.043906
1 0 0.386068 0.424893 0.114803 0.002272 0.071963
1 0 0.111023 0.453366 0.181813 0.052316 0.201482
0 0 0.922747 0.020466 0.011505 0.000608 0.044675
0 0 0.678233 0.067134 0.038791 0.006467 0.209375
4 0 0.035456 0.289888 0.180611 0.001427 0.492618
1 0 0.144291 0.441992 0.162537 0.015495 0.235684
4 0 0.139625 0.202772 0.063785 0.000651 0.593167
1 0 0.265485 0.387936 0.246245 0.006494 0.093840
4 0 0.291206 0.100325 0.050223 0.005825 0.552421
4 0 0.293124 0.267052 0.076265 0.000440 0.363120
4 0 0.282128 0.130833 0.031213 0.000057 0.555770
0 0 0.800992 0.121771 0.032209 0.000096 0.044931
4 0 0.272199 0.297381 0.089779 0.005816 0.334826
1 0 0.266498 0.404564 0.116695 0.000497 0.211746
4 0 0.030411 0.088238 0.033313 0.000246 0.847792
1 0 0.226235 0.541320 0.165175 0.001337 0.065933
2 0 0.008100 0.326384 0.561478 0.003074 0.100963
1 0 0.162085 0.512459 0.180248 0.008007 0.137202
1 0 0.199649 0.486123 0.180309 0.008746 0.125173
0 0 0.605766 0.102769 0.190154 0.012035 0.089275
0 0 0.592450 0.287236 0.065795 0.001419 0.053100
1 0 0.063919 0.607403 0.248855 0.002344 0.077480
4 1 0.092444 0.230619 0.081422 0.001059 0.594456
1 1 0.073640 0.545479 0.230684 0.013787 0.136411
1 1 0.117968 0.558446 0.196364 0.000688 0.126534
1 1 0.164516 0.542312 0.186701 0.004958 0.101512
1 1 0.034858 0.595266 0.280076 0.003758 0.086042
4 1 0.141804 0.343973 0.119832 0.003568 0.390823
1 1 0.034977 0.593467 0.279687 0.004008 0.087861
1 1 0.142987 0.542146 0.232150 0.001973 0.080744
1 1 0.045857 0.560602 0.259159 0.010995 0.123387
1 1 0.085760 0.619419 0.232235 0.001092 0.061494
1 1 0.084246 0.490976 0.205219 0.023190 0.196369
2 1 0.025453 0.414599 0.516608 0.003734 0.039605
2 1 0.009567 0.363937 0.553312 0.024239 0.048944
2 1 0.026805 0.433340 0.495497 0.006208 0.038151
2 2 0.002097 0.177009 0.804033 0.008461 0.008400
2 2 0.000670 0.088729 0.904826 0.003758 0.002017
2 2 0.003852 0.105842 0.868762 0.016584 0.004959
2 2 0.002651 0.137984 0.856645 0.000725 0.001995
1 2 0.013174 0.515308 0.334140 0.000371 0.137007
2 2 0.000278 0.064492 0.934375 0.000045 0.000809
2 2 0.000264 0.002436 0.986799 0.010487 0.000015
2 2 0.012029 0.337293 0.640130 0.000777 0.009771
1 2 0.175583 0.479701 0.160851 0.001744 0.182121
2 2 0.009197 0.474950 0.489132 0.001103 0.025618
2 2 0.010105 0.128878 0.842724 0.013317 0.004976
2 2 0.025084 0.119547 0.848762 0.003875 0.002732
2 3 0.000231 0.031350 0.965029 0.002884 0.000506
2 3 0.000826 0.030066 0.961053 0.007533 0.000521
2 3 0.000427 0.062733 0.933428 0.002417 0.000997
2 3 0.000085 0.011112 0.986234 0.002359 0.000210
2 3 0.000003 0.001842 0.995376 0.002774 0.000006
2 3 0.039991 0.165408 0.761910 0.022431 0.010261
2 3 0.000023 0.001389 0.995791 0.002792 0.000004
2 3 0.002363 0.010888 0.938991 0.047176 0.000582
2 3 0.000468 0.004029 0.849829 0.145565 0.000109
2 3 0.000044 0.000318 0.789811 0.209825 0.000003
2 3 0.000005 0.000707 0.996062 0.003225 0.000002
2 3 0.000000 0.000005 0.989023 0.010971 0.000000
2 3 0.000001 0.000065 0.938788 0.061146 0.000000
2 3 0.000090 0.001173 0.876499 0.122224 0.000015
2 3 0.027755 0.006273 0.500033 0.465502 0.000437
2 3 0.000007 0.000317 0.706072 0.293600 0.000005
2 3 0.003064 0.004438 0.593741 0.398529 0.000228
2 3 0.000007 0.000151 0.649721 0.350118 0.000002
2 3 0.000097 0.000205 0.605753 0.393942 0.000003
3 3 0.000000 0.000018 0.362213 0.637769 0.000000
3 3 0.003169 0.002878 0.420916 0.572858 0.000179
2 3 0.014396 0.023097 0.701672 0.258153 0.002681
2 3 0.001393 0.000872 0.626021 0.371695 0.000019
3 3 0.000103 0.000256 0.454522 0.545114 0.000005
2 3 0.000140 0.000385 0.529039 0.470405 0.000031
3 3 0.002124 0.000508 0.288327 0.709020 0.000021
3 3 0.000001 0.000018 0.269552 0.730429 0.000000
3 3 0.004408 0.000444 0.098954 0.896146 0.000049
2 3 0.000016 0.000019 0.733353 0.266612 0.000000
3 3 0.000071 0.000175 0.476895 0.522856 0.000003
3 3 0.000012 0.000064 0.236067 0.763852 0.000004
3 3 0.000000 0.000001 0.015062 0.984936 0.000000
2 3 0.000010 0.000058 0.580134 0.419798 0.000001
3 3 0.000012 0.000002 0.005106 0.994880 0.000000
3 3 0.000014 0.000002 0.004351 0.995633 0.000000
3 3 0.000001 0.000002 0.021698 0.978299 0.000000
3 3 0.178141 0.013080 0.302226 0.504605 0.001949
3 3 0.000000 0.000000 0.002361 0.997640 0.000000
3 3 0.000002 0.000013 0.042838 0.957146 0.000001
2 3 0.000311 0.000538 0.686407 0.312724 0.000020
3 3 0.000077 0.000018 0.038933 0.960970 0.000001
3 3 0.000060 0.000034 0.026436 0.973465 0.000004
3 3 0.000012 0.000061 0.126746 0.873159 0.000022
3 3 0.000000 0.000000 0.007282 0.992718 0.000000
3 3 0.000008 0.000316 0.199717 0.799941 0.000019
3 3 0.000107 0.000008 0.005174 0.994709 0.000002
3 3 0.000000 0.000002 0.007917 0.992078 0.000001
3 3 0.000001 0.000009 0.062991 0.936998 0.000000
3 3 0.000000 0.000012 0.419379 0.580609 0.000000
3 3 0.000001 0.000000 0.000337 0.999662 0.000000
3 3 0.000001 0.000001 0.005411 0.994587 0.000000
3 3 0.000010 0.000038 0.091239 0.908710 0.000002
3 3 0.000000 0.000001 0.023319 0.976679 0.000000
3 3 0.000000 0.000000 0.001611 0.998389 0.000000
3 3 0.000052 0.000020 0.037739 0.962188 0.000001
3 3 0.000164 0.000085 0.008837 0.990878 0.000036
3 3 0.000005 0.000000 0.000802 0.999193 0.000000
3 3 0.001047 0.000259 0.017321 0.981169 0.000205
3 3 0.000020 0.000012 0.003924 0.996040 0.000004
3 3 0.003441 0.000967 0.075076 0.920325 0.000191
3 3 0.000005 0.000064 0.140399 0.859529 0.000003
3 3 0.000007 0.000000 0.000443 0.999549 0.000000
3 3 0.000184 0.000025 0.008763 0.991022 0.000006
3 3 0.001317 0.000127 0.024340 0.974191 0.000026
3 3 0.000942 0.000262 0.496134 0.502657 0.000005
3 3 0.000588 0.000155 0.005693 0.993433 0.000132
3 3 0.000000 0.000006 0.026761 0.973231 0.000001
3 3 0.000000 0.000000 0.001372 0.998628 0.000000
3 3 0.000054 0.000028 0.054541 0.945375 0.000002
3 3 0.000006 0.000019 0.008976 0.990995 0.000004
3 3 0.000005 0.000008 0.033480 0.966507 0.000000
3 3 0.000000 0.000001 0.010867 0.989132 0.000000
3 3 0.000000 0.000001 0.003326 0.996673 0.000000
3 3 0.000000 0.000001 0.016680 0.983319 0.000000
3 3 0.000807 0.000130 0.007488 0.991501 0.000075
3 3 0.000005 0.000052 0.078653 0.921285 0.000005
3 3 0.000030 0.000056 0.086291 0.913620 0.000003
3 3 0.000191 0.000150 0.211538 0.788115 0.000005
3 3 0.000000 0.000000 0.005540 0.994460 0.000000
3 3 0.000001 0.000000 0.001705 0.998294 0.000000
3 3 0.000023 0.000024 0.016089 0.983860 0.000005
3 3 0.000000 0.000000 0.000380 0.999620 0.000000
3 3 0.000006 0.000006 0.005450 0.994537 0.000001
3 3 0.015099 0.000247 0.018090 0.966475 0.000088
3 3 0.000483 0.000081 0.017240 0.982176 0.000020
3 3 0.000014 0.000004 0.002192 0.997783 0.000007
3 3 0.001110 0.000097 0.013734 0.985005 0.000054
3 3 0.000637 0.000062 0.010611 0.988639 0.000051
3 3 0.000000 0.000000 0.000215 0.999784 0.000000
3 3 0.001047 0.000170 0.007624 0.991041 0.000119
3 3 0.000239 0.000015 0.005095 0.994647 0.000004
3 3 0.002144 0.000200 0.005277 0.992170 0.000209
3 3 0.000000 0.000000 0.001453 0.998547 0.000000
3 3 0.000000 0.000001 0.001453 0.998546 0.000000
3 3 0.001052 0.000185 0.014664 0.983977 0.000122
3 3 0.001162 0.003108 0.262790 0.732593 0.000347
3 3 0.000005 0.000008 0.027179 0.972808 0.000001
3 3 0.000133 0.000006 0.001029 0.998827 0.000005
3 3 0.000719 0.000211 0.021031 0.977756 0.000282
3 3 0.017643 0.000277 0.016367 0.965600 0.000114
3 3 0.000073 0.000010 0.003534 0.996380 0.000004
3 3 0.007975 0.000872 0.018782 0.971830 0.000542
3 3 0.000130 0.000009 0.000599 0.999248 0.000014
3 3 0.000293 0.000033 0.004450 0.995208 0.000016
3 3 0.000001 0.000001 0.000649 0.999349 0.000001
3 3 0.000150 0.000894 0.115253 0.883519 0.000185
2 3 0.032522 0.024487 0.921364 0.017366 0.004261
2 3 0.000402 0.008773 0.610208 0.380056 0.000561
2 3 0.011073 0.133815 0.826912 0.004615 0.023584
2 3 0.048216 0.062087 0.497667 0.190572 0.201458
2 3 0.000070 0.003261 0.936234 0.060217 0.000219
2 3 0.000111 0.024488 0.975240 0.000047 0.000113
2 3 0.066589 0.089678 0.672518 0.110587 0.060628
2 3 0.010278 0.052279 0.798004 0.120227 0.019212
1 3 0.123400 0.337380 0.327082 0.030092 0.182045
2 3 0.007428 0.202794 0.769864 0.009787 0.010127
2 3 0.008689 0.022647 0.702338 0.264707 0.001619
2 3 0.003795 0.142535 0.841223 0.002773 0.009674
2 3 0.015565 0.191650 0.769071 0.012912 0.010802
1 3 0.023923 0.481178 0.445212 0.002055 0.047633
2 3 0.005943 0.180587 0.764413 0.034260 0.014798
2 2 0.003537 0.023743 0.952299 0.018312 0.002109
1 2 0.043728 0.476011 0.391194 0.015119 0.073948
2 2 0.001035 0.042865 0.915765 0.038687 0.001649
2 2 0.000047 0.000457 0.958117 0.041366 0.000013
2 2 0.000005 0.003647 0.988502 0.007819 0.000026
2 2 0.000043 0.005422 0.993726 0.000562 0.000247
2 2 0.023249 0.324040 0.613582 0.012814 0.026315
2 2 0.000162 0.001566 0.987056 0.011168 0.000048
2 2 0.022754 0.174449 0.664807 0.107348 0.030642
2 2 0.000123 0.005103 0.988952 0.005558 0.000264
2 2 0.001535 0.066895 0.900885 0.022009 0.008677
2 2 0.014797 0.291005 0.530179 0.023012 0.141007
2 2 0.003990 0.050105 0.920108 0.016037 0.009760
2 2 0.009662 0.318337 0.627134 0.014654 0.030213
2 2 0.014422 0.106246 0.839051 0.026474 0.013807
2 2 0.001074 0.045720 0.913709 0.010241 0.029256
2 2 0.007753 0.321294 0.610668 0.023431 0.036854
2 2 0.003328 0.036943 0.898163 0.057906 0.003661
1 2 0.047072 0.549149 0.340363 0.003538 0.059879
0 2 0.462454 0.288982 0.184510 0.011712 0.052342
1 2 0.389229 0.396729 0.102360 0.000392 0.111289
1 2 0.200810 0.442447 0.153423 0.030581 0.172739
1 2 0.022063 0.473251 0.258329 0.019315 0.227043
2 2 0.000088 0.015730 0.873971 0.104063 0.006148
2 2 0.014508 0.339288 0.409700 0.019161 0.217344
2 2 0.004177 0.140492 0.628121 0.024218 0.202991
2 2 0.005961 0.270826 0.492311 0.022186 0.208716
4 2 0.002200 0.091950 0.381055 0.004186 0.520609
2 2 0.007805 0.009365 0.963897 0.014542 0.004391
1 2 0.017344 0.521622 0.298532 0.022297 0.140206
2 2 0.006187 0.368233 0.417224 0.010071 0.198285
2 2 0.000178 0.038058 0.919908 0.010135 0.031721
2 2 0.002994 0.050232 0.611683 0.131678 0.203412
2 2 0.003745 0.106777 0.719232 0.049407 0.120839
2 2 0.000078 0.012525 0.965790 0.013628 0.007979
4 2 0.024533 0.296914 0.207735 0.013825 0.456992
2 2 0.000278 0.033659 0.850536 0.110195 0.005332
2 2 0.000917 0.078786 0.847154 0.011847 0.061295
2 2 0.000665 0.009179 0.807626 0.167401 0.015129
2 2 0.000029 0.007496 0.927580 0.064464 0.000431
2 2 0.001055 0.058808 0.910142 0.012800 0.017195
2 2 0.002373 0.117750 0.843282 0.019432 0.017162
2 2 0.000084 0.007536 0.986009 0.005901 0.000470
2 2 0.000002 0.000196 0.997498 0.002297 0.000006
2 2 0.000053 0.009353 0.955303 0.035112 0.000179
2 2 0.032835 0.393069 0.547329 0.003481 0.023286
2 2 0.005952 0.194948 0.732719 0.014589 0.051792
2 0 0.048855 0.365821 0.549781 0.001059 0.034485
1 2 0.100505 0.469845 0.183796 0.007899 0.237955
1 2 0.033668 0.569041 0.277423 0.008557 0.111310
1 2 0.024325 0.426218 0.225448 0.013896 0.310112
1 2 0.014283 0.510569 0.301993 0.017218 0.155938
2 2 0.009474 0.142878 0.422645 0.049450 0.375553
2 2 0.003276 0.211893 0.559038 0.002122 0.223671
2 2 0.003896 0.207373 0.690241 0.014754 0.083736
2 2 0.015506 0.307187 0.343534 0.028534 0.305238
4 2 0.008417 0.242909 0.315924 0.007712 0.425038
4 2 0.005113 0.124882 0.418593 0.018713 0.432698
2 2 0.001898 0.034266 0.910864 0.045732 0.007240
2 2 0.000877 0.104820 0.783968 0.056969 0.053367
2 2 0.001152 0.073366 0.742120 0.127758 0.055605
2 2 0.010218 0.313364 0.473212 0.012619 0.190588
2 2 0.000887 0.063958 0.922143 0.006249 0.006763
1 2 0.034142 0.534012 0.266803 0.020199 0.144844
1 2 0.278629 0.454365 0.136500 0.003037 0.127469
1 2 0.276730 0.499443 0.147316 0.002069 0.074443
1 2 0.149034 0.474741 0.174582 0.019644 0.181999
1 2 0.055142 0.603698 0.253422 0.001739 0.085999
1 2 0.026164 0.446942 0.230605 0.008832 0.287458
2 2 0.046894 0.378560 0.474245 0.017680 0.082621
4 2 0.048435 0.301077 0.126284 0.001509 0.522695
0 2 0.400723 0.353849 0.232838 0.000058 0.012533
2 0 0.021396 0.212644 0.534370 0.000647 0.230944
4 0 0.105492 0.113729 0.043734 0.002257 0.734788
0 0 0.730724 0.116523 0.042099 0.001842 0.108812
0 0 0.827526 0.099927 0.056796 0.000047 0.015704
1 0 0.265802 0.447334 0.236799 0.001860 0.048205
1 0 0.210821 0.571885 0.170348 0.000454 0.046491
4 0 0.201667 0.195915 0.103877 0.002569 0.495971
4 1 0.174158 0.294938 0.098425 0.006082 0.426396
4 1 0.040285 0.114885 0.045724 0.003254 0.795852
4 1 0.062253 0.132601 0.049625 0.004512 0.751009
1 1 0.159717 0.360949 0.122063 0.002703 0.354567
4 0 0.284970 0.267800 0.077537 0.002773 0.366920
2 0 0.068937 0.431764 0.448809 0.007924 0.042566
4 0 0.099609 0.150567 0.049444 0.000614 0.699764
4 0 0.014178 0.125834 0.132960 0.000090 0.726938
4 4 0.182897 0.273541 0.184203 0.061776 0.297584
4 4 0.033276 0.141678 0.057882 0.000872 0.766293
0 4 0.624492 0.199176 0.050602 0.000660 0.125071
4 4 0.081175 0.040839 0.016745 0.000202 0.861038
4 4 0.393226 0.076856 0.034098 0.000953 0.494866
4 4 0.039604 0.068438 0.024321 0.000593 0.867044
4 4 0.021834 0.047274 0.018037 0.000553 0.912302
4 4 0.041787 0.058619 0.026691 0.002206 0.870697
1 4 0.020004 0.454767 0.249162 0.010968 0.265098
1 4 0.022918 0.437297 0.234425 0.014035 0.291326
2 4 0.007157 0.366873 0.390959 0.006903 0.228109
1 4 0.039043 0.515834 0.245139 0.007556 0.192427
1 4 0.081821 0.377739 0.155531 0.016372 0.368536
1 4 0.153293 0.424930 0.145375 0.002025 0.274376
1 4 0.202664 0.578648 0.173267 0.000410 0.045011
1 4 0.322466 0.472260 0.133281 0.001847 0.070146
4 4 0.006891 0.332949 0.200989 0.000399 0.458773
1 4 0.027151 0.440662 0.218555 0.002902 0.310731
1 4 0.012090 0.451826 0.269368 0.006396 0.260321
1 4 0.031297 0.395680 0.198812 0.015916 0.358295
2 4 0.015150 0.282163 0.338872 0.027324 0.336490
4 4 0.030843 0.308473 0.168951 0.011666 0.480066
1 4 0.219079 0.326997 0.317796 0.059561 0.076567
4 4 0.252503 0.048490 0.024165 0.000643 0.674199
4 4 0.138538 0.119783 0.034435 0.000255 0.706989
4 4 0.033009 0.240518 0.110906 0.005994 0.609573
1 4 0.049036 0.417561 0.197013 0.041425 0.294966
1 4 0.037091 0.484212 0.231906 0.006891 0.239900
1 4 0.059075 0.549738 0.243166 0.013690 0.134331
1 4 0.027057 0.397907 0.320250 0.106505 0.148280
1 4 0.085305 0.478591 0.195904 0.011498 0.228701
1 4 0.048110 0.490918 0.219863 0.004063 0.237047
0 4 0.480095 0.333183 0.095619 0.000039 0.091064
0 1 0.602774 0.146977 0.069069 0.019727 0.161453
0 1 0.965600 0.006735 0.004409 0.000139 0.023117
4 4 0.106372 0.186518 0.065540 0.005584 0.635986
1 4 0.019995 0.485498 0.270222 0.019363 0.204921
1 4 0.046336 0.499027 0.238574 0.038103 0.177960
1 4 0.059818 0.442038 0.177769 0.000522 0.319853
2 4 0.011901 0.260292 0.709963 0.005436 0.012408
1 4 0.029865 0.572153 0.300410 0.005913 0.091659
1 4 0.077207 0.583033 0.284261 0.001568 0.053931
2 4 0.314936 0.300158 0.355936 0.005519 0.023450
0 4 0.743519 0.105146 0.069300 0.000426 0.081609
4 0 0.345691 0.085904 0.034200 0.000619 0.533586
4 0 0.193124 0.103434 0.045684 0.003097 0.654662
4 1 0.101853 0.337912 0.122898 0.001495 0.435841
1 1 0.063186 0.391046 0.175443 0.052236 0.318088
4 1 0.030019 0.305250 0.148298 0.007863 0.508570
1 1 0.018008 0.393357 0.348278 0.043124 0.197233
0 1 0.906944 0.062051 0.020682 0.000509 0.009813
0 1 0.423165 0.379444 0.146766 0.002082 0.048544
4 1 0.414290 0.049503 0.035829 0.000067 0.500312
1 1 0.153119 0.457879 0.167039 0.018336 0.203627
1 1 0.046692 0.518889 0.226961 0.001403 0.206054
4 1 0.010958 0.067364 0.030305 0.000268 0.891105
1 1 0.051696 0.407735 0.186721 0.020686 0.333162
4 1 0.076985 0.100890 0.032873 0.000586 0.788665
0 1 0.342960 0.337156 0.089359 0.000328 0.230197
0 1 0.502531 0.311978 0.073876 0.000370 0.111246
4 1 0.157319 0.327827 0.095150 0.000018 0.419686
1 1 0.013467 0.395838 0.208873 0.000243 0.381578
4 1 0.054160 0.336238 0.147842 0.011637 0.450123
1 1 0.031379 0.426968 0.206226 0.003374 0.332054
1 1 0.009022 0.409493 0.344392 0.009107 0.227986
1 1 0.022888 0.516112 0.276469 0.012861 0.171670
0 0 0.543462 0.301107 0.075531 0.001252 0.078648
0 0 0.719516 0.183981 0.058556 0.002051 0.035896
4 0 0.171841 0.114863 0.119649 0.027493 0.566155
4 0 0.026398 0.145769 0.064392 0.002203 0.761238
4 0 0.012361 0.039705 0.016130 0.000202 0.931603
4 0 0.023109 0.143664 0.064665 0.001770 0.766792
0 0 0.612618 0.267988 0.078529 0.000688 0.040178
4 0 0.068351 0.126937 0.045662 0.002721 0.756329
4 1 0.016643 0.308188 0.164631 0.003299 0.507239
4 1 0.018922 0.305214 0.155422 0.001607 0.518835
1 1 0.018485 0.453723 0.253078 0.011940 0.262774
4 1 0.035225 0.322363 0.153996 0.011284 0.477133
4 1 0.055612 0.158078 0.062847 0.007698 0.715765
4 1 0.064350 0.278766 0.118332 0.022420 0.516132
1 1 0.018326 0.549588 0.296100 0.003638 0.132347
1 1 0.042586 0.486037 0.314768 0.024531 0.132077
2 1 0.015010 0.263608 0.669750 0.011328 0.040304
1 0 0.152066 0.492442 0.267809 0.008842 0.078841
0 0 0.680718 0.219813 0.062430 0.000889 0.036150
1 0 0.168075 0.405578 0.257461 0.002714 0.166172
4 0 0.080847 0.233825 0.084671 0.000925 0.599732
0 0 0.619907 0.253576 0.106254 0.000446 0.019818
1 0 0.154287 0.415301 0.139284 0.001119 0.290009
1 1 0.019882 0.408723 0.217183 0.004229 0.349983
1 0 0.107142 0.546370 0.224285 0.000829 0.121374
0 0 0.803995 0.115767 0.051147 0.003160 0.025932
1 0 0.280186 0.477921 0.144113 0.004274 0.093506
1 0 0.192830 0.593207 0.175968 0.000240 0.037755
0 0 0.787610 0.131072 0.042839 0.003620 0.034859
0 0 0.653109 0.192493 0.068473 0.011274 0.074651
4 0 0.032599 0.149116 0.063931 0.003123 0.751231
1 0 0.287726 0.287950 0.273721 0.000086 0.150517
4 0 0.040242 0.117290 0.046841 0.003320 0.792306
4 0 0.035536 0.285991 0.122506 0.000432 0.555534
4 0 0.058807 0.096174 0.032936 0.000596 0.811487
1 0 0.190832 0.476073 0.233502 0.001917 0.097676
4 0 0.114519 0.235057 0.079324 0.000968 0.570132
4 1 0.202341 0.336944 0.107491 0.002642 0.350581
1 1 0.255829 0.469197 0.148212 0.008778 0.117984
1 1 0.079078 0.449287 0.409021 0.010259 0.052355
1 0 0.231388 0.536130 0.163247 0.001463 0.067772
1 0 0.273568 0.526580 0.147316 0.000407 0.052129
0 0 0.776149 0.137269 0.038414 0.000027 0.048141
4 1 0.144128 0.318255 0.108577 0.002498 0.426542
4 1 0.037378 0.186988 0.081279 0.005085 0.689270
1 1 0.012549 0.589622 0.312698 0.000212 0.084918
1 1 0.103819 0.471010 0.384231 0.003324 0.037616
0 1 0.479253 0.353053 0.095677 0.002892 0.069125
1 1 0.156384 0.554656 0.191435 0.003837 0.093688
1 1 0.306020 0.365534 0.108359 0.004930 0.215157
1 1 0.034433 0.587201 0.279655 0.004937 0.093774
1 1 0.025673 0.441475 0.433490 0.024038 0.075325
1 1 0.076715 0.527584 0.216498 0.005617 0.173586
0 1 0.702158 0.169238 0.061609 0.007104 0.059892
0 1 0.410601 0.337601 0.214704 0.000593 0.036501
1 1 0.098676 0.588236 0.222713 0.003148 0.087227
0 4 0.730188 0.040896 0.013767 0.000027 0.215121
1 4 0.062349 0.565732 0.310756 0.002569 0.058594
4 4 0.023655 0.051604 0.019710 0.000675 0.904357
4 4 0.016698 0.035274 0.013412 0.000287 0.934330
4 4 0.037787 0.128064 0.051652 0.002071 0.780426
4 4 0.044791 0.343892 0.151144 0.002786 0.457388
4 4 0.031105 0.263722 0.124533 0.006351 0.574289
4 4 0.020211 0.187668 0.089969 0.001999 0.700153
4 4 0.015945 0.161941 0.077879 0.000794 0.743440
4 4 0.081204 0.304085 0.114062 0.001212 0.499437
4 4 0.146041 0.284656 0.156225 0.000217 0.412861
4 4 0.023566 0.144588 0.064945 0.001837 0.765064
1 4 0.088421 0.502922 0.250404 0.002597 0.155656
1 1 0.250896 0.466000 0.256377 0.000577 0.026150
0 1 0.653598 0.078092 0.187105 0.041215 0.039991
4 1 0.292041 0.215415 0.054495 0.000074 0.437974
4 1 0.032011 0.218415 0.099692 0.004949 0.644933
4 1 0.045725 0.106518 0.041063 0.003665 0.803030
2 1 0.005020 0.265666 0.557945 0.009579 0.161790
2 1 0.001127 0.055932 0.760520 0.177181 0.005241
2 1 0.002718 0.143439 0.796050 0.013093 0.044700
2 1 0.000837 0.105885 0.831256 0.032882 0.029140
2 1 0.001400 0.035148 0.929773 0.011073 0.022607
2 1 0.000088 0.010159 0.987090 0.001029 0.001634
2 1 0.000068 0.001607 0.997729 0.000376 0.000219
3 1 0.000592 0.002130 0.454925 0.541593 0.000760
2 1 0.005622 0.025650 0.954079 0.006721 0.007928
2 2 0.001340 0.011310 0.979935 0.005240 0.002176
2 2 0.003969 0.012274 0.945653 0.037875 0.000229
2 2 0.193755 0.195890 0.444907 0.028112 0.137337
2 2 0.001246 0.002313 0.962347 0.034064 0.000030
2 2 0.001060 0.034657 0.947853 0.013907 0.002523
2 2 0.000051 0.002652 0.996829 0.000378 0.000089
2 2 0.005136 0.048467 0.941345 0.004301 0.000751
2 2 0.000036 0.000782 0.896381 0.102791 0.000010
2 2 0.014697 0.020795 0.940285 0.022553 0.001670
2 2 0.000000 0.000027 0.994460 0.005513 0.000000
2 2 0.000008 0.000310 0.993451 0.006229 0.000001
2 2 0.000768 0.002977 0.990931 0.005282 0.000042
2 2 0.001292 0.008793 0.969319 0.020473 0.000123
2 2 0.009153 0.010223 0.678792 0.300615 0.001217
2 2 0.000069 0.002618 0.984637 0.012658 0.000019
2 2 0.000000 0.000016 0.975286 0.024698 0.000000
2 2 0.000000 0.000001 0.993781 0.006218 0.000000
2 2 0.000540 0.009470 0.974905 0.014961 0.000125
2 3 0.000196 0.001781 0.943676 0.054328 0.000019
2 3 0.002684 0.018654 0.971517 0.006781 0.000363
2 3 0.000278 0.001401 0.952798 0.045511 0.000012
2 3 0.002280 0.007044 0.986925 0.003690 0.000062
2 3 0.000102 0.002849 0.990003 0.007030 0.000016
2 3 0.008716 0.012179 0.975724 0.003088 0.000292
2 3 0.000166 0.002537 0.991540 0.005745 0.000012
2 3 0.001483 0.014090 0.520400 0.457515 0.006513
2 3 0.000161 0.001965 0.963024 0.034832 0.000019
2 3 0.007240 0.006721 0.970388 0.015572 0.000079
2 3 0.000000 0.000085 0.957177 0.042738 0.000000
3 3 0.000440 0.000066 0.460822 0.538671 0.000001
2 3 0.000115 0.000632 0.921447 0.077802 0.000005
2 3 0.018787 0.007005 0.549327 0.424437 0.000445
3 3 0.000003 0.000035 0.350117 0.649846 0.000000
3 3 0.000006 0.000070 0.443449 0.556474 0.000001
2 3 0.000002 0.000173 0.784089 0.215735 0.000001
2 3 0.001329 0.003208 0.765914 0.229468 0.000081
2 3 0.000000 0.000006 0.630859 0.369134 0.000000
2 3 0.000001 0.000026 0.628504 0.371469 0.000000
2 3 0.000020 0.000374 0.857696 0.141907 0.000003
3 3 0.000092 0.000312 0.100959 0.898603 0.000035
2 3 0.012349 0.029357 0.886372 0.058548 0.013374
3 3 0.000016 0.000116 0.265688 0.734177 0.000003
3 3 0.000089 0.000100 0.072040 0.927763 0.000008
2 3 0.000458 0.002211 0.914100 0.083200 0.000031
3 3 0.001092 0.001117 0.444923 0.552824 0.000043
2 3 0.001625 0.009756 0.877330 0.110967 0.000322
3 3 0.000004 0.000049 0.460777 0.539170 0.000001
2 3 0.000010 0.000086 0.602766 0.397137 0.000001
3 3 0.000000 0.000001 0.045930 0.954068 0.000000
2 3 0.000253 0.000218 0.562618 0.436908 0.000003
3 3 0.000009 0.000053 0.128724 0.871212 0.000002
3 3 0.000095 0.000132 0.080685 0.919073 0.000015
3 3 0.000066 0.000237 0.236852 0.762830 0.000015
3 3 0.000368 0.000500 0.060346 0.938672 0.000113
3 3 0.000001 0.000003 0.026160 0.973835 0.000000
3 3 0.000241 0.000053 0.038593 0.961107 0.000005
3 3 0.000002 0.000124 0.444098 0.555774 0.000002
3 3 0.000015 0.000502 0.402599 0.596869 0.000015
3 3 0.000002 0.000069 0.391016 0.608912 0.000001
3 3 0.000003 0.000089 0.407256 0.592651 0.000002
3 3 0.017252 0.007189 0.245895 0.728417 0.001247
3 3 0.005641 0.000241 0.080068 0.914025 0.000024
3 3 0.000016 0.000028 0.332055 0.667901 0.000000
3 3 0.000013 0.000011 0.004404 0.995569 0.000003
2 3 0.000040 0.000450 0.637571 0.361926 0.000013
3 3 0.001908 0.000772 0.146477 0.850764 0.000078
3 3 0.000003 0.000006 0.054291 0.945701 0.000000
3 3 0.002899 0.002368 0.208516 0.785914 0.000303
3 3 0.000003 0.000429 0.433010 0.566546 0.000011
3 3 0.002261 0.000930 0.110529 0.886151 0.000129
3 3 0.000000 0.000003 0.014817 0.985180 0.000000
3 3 0.000001 0.000016 0.034513 0.965468 0.000001
3 3 0.000010 0.000074 0.128690 0.871222 0.000003
3 3 0.000005 0.000001 0.002654 0.997340 0.000000
3 3 0.000010 0.000066 0.018326 0.981584 0.000013
3 3 0.000000 0.000001 0.009730 0.990270 0.000000
2 3 0.000209 0.002098 0.831226 0.166425 0.000042
2 3 0.000345 0.000684 0.573588 0.425362 0.000021
3 3 0.000000 0.000000 0.019224 0.980776 0.000000
3 3 0.000024 0.000060 0.022324 0.977583 0.000009
3 3 0.000000 0.000001 0.011133 0.988867 0.000000
3 3 0.000101 0.000136 0.028246 0.971490 0.000028
3 3 0.000007 0.000001 0.004071 0.995921 0.000000
3 3 0.020241 0.008117 0.108020 0.860431 0.003190
3 3 0.000479 0.002641 0.327465 0.669190 0.000226
3 3 0.000000 0.000001 0.037709 0.962290 0.000000
3 3 0.000067 0.000022 0.021127 0.978781 0.000003
3 3 0.000001 0.000017 0.283994 0.715988 0.000000
3 3 0.000005 0.000222 0.169371 0.830392 0.000011
3 3 0.000275 0.000102 0.195521 0.804093 0.000009
3 3 0.000002 0.000000 0.004236 0.995762 0.000000
2 3 0.001681 0.003302 0.927853 0.067116 0.000049
3 3 0.000001 0.000002 0.010063 0.989934 0.000000
3 3 0.000125 0.000406 0.130183 0.869250 0.000035
3 3 0.031826 0.000725 0.040759 0.926473 0.000217
3 3 0.000142 0.000176 0.284150 0.715527 0.000005
3 3 0.000144 0.000111 0.275523 0.724219 0.000003
3 3 0.000001 0.000019 0.098130 0.901849 0.000001
3 3 0.000625 0.000446 0.069004 0.929857 0.000067
3 3 0.000011 0.000091 0.219404 0.780491 0.000002
3 3 0.000482 0.000631 0.140252 0.858574 0.000061
3 3 0.003147 0.000504 0.051607 0.944371 0.000371
2 3 0.000015 0.000663 0.652283 0.347026 0.000013
3 3 0.000034 0.000002 0.003027 0.996936 0.000000
2 3 0.011590 0.015622 0.521297 0.449874 0.001617
2 3 0.001096 0.002406 0.982944 0.013538 0.000015
2 3 0.007385 0.014344 0.578574 0.396025 0.003672
2 3 0.000299 0.009919 0.675775 0.313406 0.000602
2 3 0.001564 0.003811 0.889244 0.105307 0.000075
2 3 0.013831 0.042829 0.647726 0.290911 0.004704
2 3 0.003576 0.013269 0.828181 0.154417 0.000557
2 3 0.065219 0.040312 0.877240 0.016249 0.000980
2 3 0.278686 0.012160 0.438565 0.269636 0.000953
2 3 0.001499 0.095042 0.874918 0.023980 0.004561
2 3 0.002880 0.049643 0.941831 0.004782 0.000864
2 3 0.001529 0.111498 0.655697 0.214061 0.017214
3 3 0.000170 0.010164 0.337205 0.650893 0.001568
2 3 0.000954 0.035835 0.668252 0.285778 0.009181
2 3 0.001672 0.029109 0.624080 0.324752 0.020386
2 3 0.003610 0.154229 0.630860 0.068074 0.143227
2 3 0.000157 0.059388 0.887949 0.034138 0.018368
2 3 0.014595 0.177548 0.426312 0.139182 0.242363
2 3 0.000028 0.026610 0.949775 0.017851 0.005736
2 3 0.011602 0.150401 0.748075 0.022056 0.067865
2 3 0.006606 0.224745 0.562431 0.064176 0.142042
2 3 0.021720 0.330610 0.336835 0.055922 0.254913
0 3 0.698569 0.094955 0.184856 0.008135 0.013484
2 3 0.097797 0.379149 0.462337 0.017250 0.043467
1 3 0.045707 0.466176 0.214674 0.007943 0.265500
4 3 0.013898 0.319438 0.188954 0.003282 0.474428
2 3 0.009495 0.225115 0.499523 0.104638 0.161229
2 3 0.001346 0.129058 0.829968 0.031161 0.008467
2 3 0.001316 0.184068 0.769852 0.029023 0.015740
2 3 0.014046 0.317485 0.647123 0.004424 0.016922
2 3 0.024543 0.324493 0.632337 0.000423 0.018205
1 3 0.039036 0.559529 0.304145 0.006919 0.090371
1 3 0.080673 0.602788 0.235508 0.002353 0.078679
1 3 0.011584 0.604532 0.334223 0.000918 0.048744
2 3 0.008491 0.257581 0.709673 0.008939 0.015316
2 3 0.015763 0.327290 0.612261 0.015025 0.029660
2 3 0.006587 0.419732 0.512906 0.010707 0.050068
2 3 0.010010 0.302079 0.658967 0.008488 0.020456
2 3 0.006436 0.273161 0.701210 0.005095 0.014098
2 3 0.003593 0.143590 0.835780 0.010993 0.006044
2 3 0.008598 0.348145 0.572052 0.025589 0.045616
2 3 0.002475 0.276928 0.580572 0.000460 0.139566
2 3 0.007581 0.151824 0.463429 0.048255 0.328910
1 3 0.047198 0.472972 0.225989 0.043287 0.210554
1 3 0.023443 0.491853 0.394149 0.012900 0.077655
1 3 0.029287 0.476457 0.402890 0.015502 0.075864
4 3 0.010488 0.297266 0.280437 0.006545 0.405264
2 2 0.005691 0.246615 0.522904 0.030124 0.194667
1 2 0.044127 0.499344 0.313551 0.024770 0.118208
2 2 0.002513 0.140847 0.679305 0.069413 0.107922
2 2 0.000659 0.160842 0.814367 0.014321 0.009811
2 2 0.010271 0.328660 0.459699 0.059891 0.141479
1 2 0.028014 0.480761 0.387439 0.018314 0.085471
4 2 0.005271 0.196155 0.290836 0.003204 0.504534
4 2 0.082834 0.234349 0.093020 0.025522 0.564275
2 2 0.002580 0.129252 0.704804 0.005747 0.157616
4 2 0.037008 0.272054 0.119784 0.001739 0.569415
4 2 0.005239 0.033664 0.054354 0.000866 0.905876
4 1 0.043304 0.187897 0.093648 0.009473 0.665678
4 1 0.008792 0.078398 0.064523 0.000780 0.847508
4 1 0.014628 0.152375 0.075845 0.000995 0.756158
4 1 0.010680 0.021678 0.008196 0.000098 0.959348
4 1 0.012752 0.017489 0.007615 0.000126 0.962019
4 4 0.012069 0.154179 0.077773 0.000724 0.755255
4 4 0.010717 0.021758 0.008227 0.000099 0.959200
4 4 0.056904 0.173428 0.069702 0.008947 0.691020
4 4 0.008830 0.044151 0.023543 0.000210 0.923266
4 4 0.022684 0.005434 0.004398 0.000239 0.967244
4 4 0.008023 0.033725 0.038286 0.000852 0.919114
4 4 0.014901 0.031154 0.011828 0.000218 0.941899
4 4 0.014586 0.013668 0.006816 0.000147 0.964783
4 4 0.017720 0.037636 0.014321 0.000332 0.929991
4 4 0.013580 0.034302 0.013417 0.000205 0.938496
4 4 0.028387 0.120824 0.078696 0.005477 0.766616
4 4 0.020712 0.189937 0.090875 0.002107 0.696369
4 4 0.013581 0.090374 0.041151 0.000489 0.854405
4 4 0.013226 0.016794 0.007518 0.000133 0.962329
4 4 0.002388 0.003434 0.002923 0.000008 0.991247
4 4 0.004288 0.145910 0.242240 0.001973 0.605588
4 4 0.008617 0.009866 0.004494 0.000047 0.976976
4 4 0.020010 0.045239 0.017199 0.000328 0.917225
4 4 0.026611 0.058703 0.022457 0.000905 0.891324
4 4 0.091045 0.074933 0.032211 0.001601 0.800210
4 4 0.016357 0.100077 0.044960 0.000715 0.837891
4 4 0.021478 0.111735 0.048916 0.001207 0.816664
4 4 0.019238 0.041168 0.015681 0.000405 0.923507
4 4 0.015205 0.053991 0.044259 0.001716 0.884829
4 4 0.005841 0.008826 0.003598 0.000021 0.981713
4 4 0.020486 0.040184 0.014115 0.000046 0.925169
4 4 0.060235 0.265828 0.109846 0.006487 0.557603
4 4 0.031948 0.061998 0.024979 0.001332 0.879743
4 4 0.012889 0.014542 0.006771 0.000119 0.965679
4 4 0.020314 0.009307 0.006008 0.000240 0.964132
4 4 0.008245 0.056419 0.112153 0.004492 0.818690
4 4 0.052653 0.102532 0.033963 0.000069 0.810783
4 4 0.040749 0.093777 0.036089 0.002697 0.826689
4 4 0.022174 0.030661 0.013669 0.000469 0.933027
4 4 0.086877 0.103241 0.031885 0.000035 0.777962
4 4 0.050224 0.112024 0.045268 0.001089 0.791395
1 4 0.067057 0.414552 0.333202 0.000261 0.184928
4 4 0.045895 0.106958 0.041234 0.003702 0.802211
4 4 0.003429 0.199617 0.170257 0.000324 0.626373
4 4 0.003642 0.125881 0.141947 0.000459 0.728071
4 4 0.009576 0.237139 0.132728 0.000918 0.619640
2 4 0.001622 0.137931 0.685326 0.020860 0.154261
4 4 0.002543 0.024165 0.013580 0.000009 0.959702
4 4 0.013303 0.332826 0.229733 0.004836 0.419303
2 4 0.005251 0.308957 0.358257 0.003913 0.323622
4 4 0.004162 0.096488 0.215086 0.002602 0.681661
4 4 0.035431 0.197677 0.087413 0.005038 0.674440
4 4 0.023498 0.185350 0.198413 0.016696 0.576044
4 2 0.012074 0.151378 0.340618 0.037877 0.458053
4 2 0.007951 0.207671 0.197472 0.002159 0.584747
4 2 0.006984 0.219425 0.207365 0.001795 0.564432
4 2 0.026556 0.308205 0.161494 0.007693 0.496053
2 2 0.002934 0.201532 0.641139 0.039099 0.115296
4 2 0.011555 0.210785 0.163086 0.002581 0.611993
4 2 0.027825 0.250595 0.119485 0.004922 0.597172
4 2 0.043637 0.335910 0.156109 0.017409 0.446935
1 2 0.022697 0.543372 0.291492 0.014926 0.127513
1 2 0.086289 0.610813 0.246289 0.001026 0.055583
1 2 0.046713 0.532223 0.233280 0.001537 0.186247
1 2 0.020121 0.436384 0.431819 0.029425 0.082251
1 2 0.021984 0.376630 0.300937 0.020858 0.279591
4 2 0.018307 0.223857 0.143152 0.004056 0.610628
2 2 0.014390 0.300360 0.368625 0.033294 0.283331
4 2 0.014553 0.195892 0.364268 0.050193 0.375093
4 2 0.040841 0.249443 0.110530 0.005896 0.593290
2 2 0.018219 0.241866 0.400025 0.138312 0.201579
4 2 0.003415 0.105368 0.284861 0.003368 0.602988
2 2 0.005703 0.230965 0.409877 0.009630 0.343824
1 2 0.007965 0.424885 0.409189 0.008335 0.149626
1 2 0.022434 0.493106 0.389161 0.013850 0.081450
2 2 0.006335 0.412532 0.544808 0.004180 0.032146
1 2 0.068744 0.624652 0.244994 0.001082 0.060527
2 2 0.015416 0.311332 0.598321 0.008204 0.066727
2 2 0.001804 0.171606 0.429644 0.000390 0.396556
2 2 0.001755 0.216986 0.674675 0.074209 0.032375
2 2 0.004595 0.235700 0.611791 0.105843 0.042072
2 2 0.004425 0.186200 0.432813 0.009240 0.367322
2 2 0.001034 0.114786 0.668621 0.008242 0.207318
4 2 0.007284 0.105151 0.287362 0.012729 0.587474
2 2 0.030747 0.347837 0.407935 0.031775 0.181707
2 2 0.000979 0.261729 0.710598 0.001006 0.025689
2 2 0.001719 0.227117 0.597355 0.006012 0.167797
1 2 0.086581 0.385652 0.268270 0.003814 0.255683
2 2 0.040046 0.433042 0.480165 0.007103 0.039644
1 2 0.048050 0.456311 0.439059 0.001082 0.055498
1 2 0.145596 0.420000 0.153161 0.013222 0.268022
1 2 0.011406 0.424356 0.252886 0.004540 0.306812
4 2 0.013026 0.105525 0.058597 0.000789 0.822063
2 2 0.000123 0.015063 0.969115 0.002418 0.013281
2 2 0.001005 0.120039 0.749185 0.021053 0.108718
2 2 0.000066 0.019013 0.902014 0.062270 0.016638
2 2 0.000457 0.083392 0.831099 0.049711 0.035342
2 2 0.005108 0.106827 0.514420 0.006179 0.367466
2 2 0.000004 0.008196 0.980628 0.003158 0.008015
4 2 0.023778 0.236313 0.324068 0.004422 0.411420
2 2 0.000366 0.052029 0.793933 0.012025 0.141647
2 2 0.000941 0.077979 0.763294 0.037144 0.120642
2 2 0.000191 0.012844 0.960453 0.001180 0.025332
2 2 0.000172 0.015702 0.881042 0.096132 0.006952
2 2 0.000397 0.024480 0.964646 0.004741 0.005735
2 2 0.000008 0.008441 0.941589 0.047847 0.002115
2 2 0.003349 0.106272 0.846934 0.022537 0.020909
2 2 0.000006 0.003484 0.978393 0.017843 0.000275
2 2 0.011591 0.308110 0.528968 0.065233 0.086097
1 2 0.224099 0.531510 0.159239 0.000531 0.084622
0 2 0.864224 0.086013 0.029123 0.001590 0.019050
0 2 0.848014 0.088854 0.039076 0.000311 0.023745
1 2 0.147845 0.454464 0.161562 0.005322 0.230807
1 2 0.069520 0.527632 0.238583 0.019649 0.144616
2 2 0.007359 0.334687 0.551585 0.048713 0.057657
4 2 0.022941 0.270212 0.168468 0.007511 0.530869
4 2 0.027032 0.137748 0.060085 0.002143 0.772992
4 2 0.020625 0.272496 0.138030 0.003602 0.565246
2 2 0.023269 0.197294 0.725269 0.037119 0.017050
2 2 0.014554 0.164949 0.771400 0.036994 0.012103
1 2 0.214149 0.507587 0.165468 0.006024 0.106772
1 2 0.032060 0.359401 0.248685 0.037215 0.322639
4 2 0.012265 0.289678 0.296075 0.010799 0.391183
2 2 0.001037 0.310452 0.601384 0.003430 0.083696
4 2 0.011983 0.262325 0.280079 0.009528 0.436086
4 2 0.023246 0.345020 0.177904 0.006952 0.446878
2 2 0.000286 0.010375 0.803512 0.183348 0.002479
1 2 0.037872 0.487081 0.296948 0.000357 0.177741
1 2 0.053696 0.430577 0.329023 0.001868 0.184836
1 2 0.015559 0.517716 0.279369 0.001053 0.186304
1 2 0.227071 0.482336 0.155358 0.005867 0.129368
4 2 0.049045 0.210603 0.089333 0.009143 0.641876
4 2 0.010489 0.298474 0.170680 0.001572 0.518785
4 2 0.033603 0.065876 0.108702 0.023388 0.768432
4 2 0.042102 0.196053 0.103562 0.010795 0.647488
1 2 0.016081 0.462699 0.264630 0.010712 0.245877
1 2 0.021731 0.387261 0.205472 0.008522 0.377013
2 2 0.007726 0.190110 0.602952 0.018932 0.180280
2 2 0.001346 0.038928 0.666740 0.203040 0.089946
4 2 0.018627 0.277313 0.260194 0.016944 0.426922
2 2 0.004930 0.215713 0.447093 0.011014 0.321250
2 2 0.001339 0.147485 0.667624 0.010601 0.172951
2 2 0.000787 0.066370 0.932019 0.000344 0.000480
1 2 0.085370 0.602816 0.232251 0.002212 0.077351
2 2 0.000162 0.061159 0.930277 0.006238 0.002163
2 2 0.000444 0.066479 0.929546 0.002444 0.001088
2 2 0.000627 0.100385 0.885795 0.007633 0.005559
2 2 0.000510 0.036307 0.960499 0.001898 0.000785
2 2 0.000005 0.001557 0.985223 0.013206 0.000009
2 2 0.000406 0.076620 0.910809 0.009758 0.002407
2 2 0.005583 0.252756 0.734626 0.000888 0.006146
2 2 0.000263 0.011861 0.985288 0.002508 0.000081
2 2 0.000554 0.037337 0.952170 0.007370 0.002569
2 2 0.000221 0.007479 0.965199 0.027001 0.000101
2 2 0.000524 0.022745 0.941763 0.033568 0.001400
2 2 0.000099 0.012538 0.986648 0.000277 0.000439
2 2 0.001936 0.067637 0.885636 0.041164 0.003627
2 2 0.000260 0.001238 0.943483 0.053601 0.001417
2 2 0.000107 0.011032 0.976953 0.011589 0.000318
2 2 0.000003 0.002964 0.987110 0.009856 0.000068
2 2 0.000244 0.028991 0.963078 0.007217 0.000470
2 2 0.000094 0.016183 0.930426 0.052608 0.000689
0 0 0.000000 0.000000 0.000000 0.000000 0.000000
0 0 0.000000 0.000000 0.000000 0.000000 0.000000
0 0 0.000000 0.000000 0.000000 0.000000 0.000000
0 0 0.000000 0.000000 0.000000 0.000000 0.000000
0 0 0.000000 0.000000 0.000000 0.000000 0.000000
0 0 0.000000 0.000000 0.000000 0.000000 0.000000
0 0 0.000000 0.000000 0.000000 0.000000 0.000000
0 0 0.000000 0.000000 0.000000 0.000000 0.000000
0 0 0.000000 0.000000 0.000000 0.000000 0.000000
