0 0 0.901649 0.044496 0.008662 0.000344 0.044849
0 0 0.966485 0.015431 0.003503 0.000107 0.014474
0 0 0.916272 0.041270 0.003431 0.000058 0.038969
0 0 0.918206 0.032873 0.009217 0.000877 0.038827
0 0 0.921672 0.031398 0.005399 0.000332 0.041199
0 0 0.845994 0.039783 0.005535 0.000211 0.108476
0 0 0.635610 0.079244 0.012946 0.000678 0.271522
4 0 0.265007 0.096909 0.008583 0.000342 0.629160
0 0 0.707878 0.062329 0.005635 0.000337 0.223821
0 0 0.552669 0.084176 0.004256 0.000061 0.358838
4 0 0.355677 0.178616 0.036612 0.003186 0.425908
0 0 0.662413 0.159941 0.012945 0.000104 0.164597
4 0 0.347587 0.226559 0.035040 0.001133 0.389681
0 0 0.676398 0.180866 0.014608 0.000029 0.128098
0 0 0.741646 0.094160 0.014065 0.000439 0.149689
0 0 0.632777 0.063222 0.010281 0.000805 0.292916
0 0 0.775424 0.066681 0.002144 0.000003 0.155748
0 0 0.719739 0.080646 0.003886 0.000048 0.195680
4 0 0.379178 0.123369 0.010576 0.000224 0.486652
0 0 0.662055 0.091371 0.003983 0.000020 0.242571
0 0 0.468789 0.190094 0.015420 0.000060 0.325637
0 0 0.460151 0.219512 0.016795 0.000018 0.303524
4 0 0.218877 0.118699 0.012189 0.000252 0.649983
1 0 0.248351 0.400668 0.045958 0.000005 0.305018
0 1 0.376930 0.323824 0.032783 0.000013 0.266451
4 1 0.153004 0.275485 0.036622 0.000018 0.534872
4 1 0.110628 0.305430 0.056073 0.000032 0.527837
4 1 0.170759 0.312462 0.040720 0.000016 0.476044
1 1 0.188024 0.417176 0.063682 0.000009 0.331110
4 4 0.254191 0.278368 0.025639 0.000004 0.441797
4 4 0.326428 0.095931 0.006950 0.000125 0.570565
4 4 0.152962 0.161254 0.019249 0.000066 0.666469
4 4 0.161184 0.078588 0.007297 0.000223 0.752707
4 4 0.147258 0.164900 0.022325 0.000106 0.665411
4 4 0.216610 0.094112 0.008363 0.000159 0.680756
4 4 0.160174 0.129019 0.015019 0.000162 0.695627
4 4 0.162623 0.075602 0.006183 0.000085 0.755507
4 4 0.175422 0.147618 0.013399 0.000019 0.663542
4 4 0.233822 0.108236 0.010164 0.000193 0.647585
4 4 0.183687 0.147175 0.015537 0.000066 0.653536
4 4 0.155188 0.099099 0.012882 0.000975 0.731856
4 4 0.181960 0.084586 0.011216 0.000415 0.721823
0 4 0.487534 0.087944 0.006318 0.000244 0.417961
4 4 0.319252 0.082324 0.008216 0.000365 0.589843
4 4 0.409182 0.124056 0.009120 0.000063 0.457580
0 4 0.803577 0.136666 0.008326 0.000016 0.051415
0 4 0.794559 0.134673 0.009480 0.000040 0.061248
0 0 0.959545 0.024024 0.000968 0.000002 0.015460
0 0 0.977123 0.011317 0.001824 0.000026 0.009711
0 0 0.854398 0.111428 0.004945 0.000002 0.029226
0 0 0.891743 0.041639 0.001135 0.000004 0.065479
0 0 0.940195 0.025012 0.000471 0.000001 0.034321
0 0 0.952044 0.023161 0.000403 0.000000 0.024392
0 0 0.851145 0.048296 0.001372 0.000005 0.099183
0 0 0.911442 0.042178 0.000976 0.000002 0.045403
1 1 0.221376 0.413643 0.074317 0.000072 0.290593
1 1 0.232090 0.484881 0.088980 0.000026 0.194022
1 1 0.250326 0.443750 0.080374 0.000050 0.225501
4 4 0.305820 0.309502 0.046903 0.000146 0.337629
0 4 0.524300 0.223824 0.020233 0.000041 0.231602
0 4 0.485085 0.275897 0.014423 0.000001 0.224594
0 4 0.498947 0.257813 0.014713 0.000002 0.228525
0 4 0.467811 0.220267 0.015919 0.000014 0.295989
0 4 0.381192 0.376064 0.033509 0.000003 0.209231
0 4 0.577674 0.095681 0.004940 0.000026 0.321679
0 4 0.502839 0.142083 0.008742 0.000018 0.346319
0 4 0.481056 0.242248 0.016894 0.000006 0.259797
0 4 0.357955 0.332602 0.034597 0.000010 0.274836
0 4 0.338169 0.305241 0.029226 0.000012 0.327353
4 4 0.174551 0.338558 0.035048 0.000003 0.451839
4 4 0.206096 0.362005 0.045534 0.000009 0.386355
1 4 0.317152 0.398151 0.042621 0.000005 0.242072
4 4 0.259229 0.164858 0.015562 0.000052 0.560299
4 4 0.163611 0.277438 0.033313 0.000016 0.525623
4 4 0.243790 0.313282 0.030873 0.000006 0.412049
0 4 0.972460 0.016515 0.000435 0.000000 0.010590
0 4 0.930423 0.055306 0.001034 0.000000 0.013237
0 4 0.784921 0.178519 0.004934 0.000000 0.031627
0 4 0.936361 0.050152 0.000943 0.000000 0.012543
0 4 0.868731 0.111384 0.003214 0.000000 0.016671
0 4 0.567638 0.334194 0.035617 0.000027 0.062525
0 1 0.699891 0.239685 0.019063 0.000010 0.041351
0 0 0.946083 0.031654 0.001029 0.000003 0.021231
0 0 0.926936 0.043521 0.002125 0.000009 0.027408
0 0 0.881969 0.080179 0.003651 0.000006 0.034194
0 0 0.680718 0.085061 0.004168 0.000042 0.230012
0 0 0.768008 0.057818 0.009824 0.000717 0.163633
0 0 0.604449 0.073316 0.005737 0.000263 0.316235
0 0 0.726896 0.069154 0.008641 0.000744 0.194565
0 0 0.693067 0.071987 0.002606 0.000008 0.232332
4 1 0.259027 0.082265 0.005735 0.000098 0.652875
4 1 0.182223 0.184420 0.020903 0.000033 0.612421
4 4 0.162020 0.126189 0.014331 0.000065 0.697395
4 4 0.138866 0.077295 0.006375 0.000032 0.777432
4 4 0.268105 0.071659 0.004423 0.000102 0.655711
4 4 0.195319 0.305179 0.034738 0.000015 0.464749
4 4 0.328985 0.267225 0.016735 0.000001 0.387053
0 4 0.439398 0.155091 0.010302 0.000032 0.395177
4 4 0.244337 0.348596 0.030079 0.000002 0.376985
0 4 0.530480 0.176163 0.010780 0.000008 0.282569
0 4 0.781687 0.072723 0.002354 0.000001 0.143234
4 4 0.247211 0.329695 0.038225 0.000017 0.384853
4 4 0.350152 0.112907 0.007569 0.000093 0.529278
0 4 0.601779 0.092097 0.012254 0.000655 0.293214
4 4 0.365105 0.166060 0.015262 0.000100 0.453474
0 4 0.899260 0.071487 0.001985 0.000000 0.027267
0 0 0.866126 0.060332 0.002051 0.000002 0.071489
0 1 0.719883 0.140647 0.008273 0.000028 0.131169
0 4 0.653979 0.268752 0.016134 0.000001 0.061134
0 0 0.924156 0.034303 0.000922 0.000002 0.040616
0 0 0.638171 0.076664 0.003501 0.000007 0.281658
4 1 0.130741 0.239687 0.017737 0.000000 0.611835
4 1 0.077470 0.209446 0.030798 0.000017 0.682270
4 1 0.085133 0.223377 0.031203 0.000010 0.660277
4 1 0.083827 0.238247 0.030910 0.000004 0.647012
4 1 0.006977 0.060817 0.002963 0.000000 0.929242
4 1 0.006856 0.026184 0.001035 0.000000 0.965925
4 4 0.004293 0.032432 0.001628 0.000000 0.961647
4 4 0.014241 0.009436 0.000220 0.000000 0.976103
4 4 0.017948 0.014989 0.000443 0.000000 0.966621
4 4 0.019972 0.012316 0.000519 0.000001 0.967193
4 4 0.026395 0.042018 0.001699 0.000000 0.929889
4 4 0.016731 0.038500 0.002293 0.000000 0.942475
4 4 0.027703 0.022178 0.001045 0.000000 0.949073
4 4 0.049888 0.025238 0.001318 0.000005 0.923550
4 4 0.020981 0.015061 0.000850 0.000004 0.963104
4 4 0.049611 0.024025 0.001320 0.000013 0.925032
4 4 0.028731 0.030902 0.002111 0.000001 0.938255
4 4 0.024417 0.019746 0.002501 0.000040 0.953296
4 4 0.024526 0.017164 0.000836 0.000001 0.957473
4 4 0.048685 0.015517 0.000444 0.000000 0.935354
4 4 0.061244 0.028694 0.000791 0.000000 0.909271
4 4 0.029123 0.037840 0.001801 0.000000 0.931236
4 4 0.036331 0.028158 0.001216 0.000000 0.934295
4 4 0.033333 0.019749 0.000579 0.000000 0.946340
4 4 0.033509 0.104646 0.016062 0.000013 0.845770
4 4 0.047357 0.143251 0.017280 0.000001 0.792111
4 4 0.051122 0.121026 0.016558 0.000008 0.811287
4 4 0.047076 0.208657 0.033069 0.000002 0.711195
4 4 0.047628 0.152546 0.025261 0.000009 0.774556
4 4 0.091665 0.396238 0.065559 0.000002 0.446534
1 4 0.048884 0.443787 0.112410 0.000003 0.394915
1 4 0.044006 0.440630 0.077951 0.000000 0.437413
1 1 0.076223 0.437924 0.071723 0.000001 0.414129
1 1 0.056002 0.461852 0.083162 0.000001 0.398983
1 1 0.015480 0.424827 0.236065 0.000017 0.323611
1 1 0.031137 0.459797 0.228083 0.000049 0.280935
1 1 0.011212 0.410900 0.274257 0.000022 0.303610
1 1 0.014485 0.443353 0.226264 0.000007 0.315890
1 1 0.010873 0.460323 0.266444 0.000006 0.262354
1 1 0.047101 0.434180 0.222186 0.000222 0.296310
1 1 0.024215 0.455186 0.260418 0.000057 0.260124
1 1 0.025139 0.444861 0.272634 0.000101 0.257264
1 1 0.015124 0.427451 0.266635 0.000030 0.290760
1 1 0.016972 0.440335 0.333750 0.000116 0.208827
2 1 0.007545 0.304450 0.561822 0.005028 0.121156
2 1 0.010380 0.354922 0.486431 0.001592 0.146674
2 1 0.011930 0.348192 0.473556 0.002360 0.163962
2 1 0.006716 0.304598 0.572347 0.002623 0.113717
2 1 0.008260 0.290989 0.606738 0.002821 0.091191
1 1 0.169051 0.483014 0.262807 0.006166 0.078962
2 1 0.048458 0.411755 0.472343 0.020238 0.047206
2 2 0.016469 0.256284 0.606510 0.003258 0.117479
2 2 0.007276 0.050091 0.847678 0.013216 0.081738
2 2 0.005277 0.065943 0.848917 0.003602 0.076261
2 2 0.000053 0.012140 0.985319 0.000144 0.002344
2 2 0.000020 0.008393 0.988919 0.000043 0.002625
2 2 0.000161 0.027645 0.969471 0.000535 0.002189
2 2 0.000079 0.006558 0.992203 0.000508 0.000652
2 2 0.000149 0.016246 0.979246 0.000393 0.003966
2 2 0.000397 0.012239 0.982786 0.002480 0.002098
2 2 0.000861 0.023982 0.967383 0.005251 0.002522
2 2 0.001669 0.022618 0.961872 0.012182 0.001660
2 2 0.001681 0.033528 0.951488 0.009822 0.003482
2 2 0.001658 0.015133 0.967696 0.014127 0.001386
2 2 0.026497 0.109961 0.757925 0.096726 0.008891
2 2 0.001967 0.024837 0.950513 0.021928 0.000755
2 2 0.006680 0.024382 0.875557 0.092502 0.000879
2 2 0.004819 0.024967 0.908959 0.060360 0.000895
2 2 0.004480 0.015790 0.896193 0.083071 0.000467
2 2 0.002180 0.004972 0.889373 0.103379 0.000097
2 2 0.001925 0.006987 0.925705 0.065264 0.000120
2 2 0.000793 0.002779 0.958003 0.038373 0.000051
2 2 0.001355 0.003536 0.861592 0.133420 0.000097
2 2 0.004952 0.014035 0.815666 0.164785 0.000562
2 2 0.002274 0.003877 0.580192 0.413264 0.000392
3 2 0.003806 0.007530 0.434614 0.553281 0.000768
2 2 0.003008 0.008537 0.617623 0.370127 0.000704
2 2 0.005511 0.009112 0.503518 0.480284 0.001575
2 2 0.004633 0.012829 0.566140 0.415355 0.001043
3 2 0.001041 0.000639 0.179708 0.818553 0.000059
3 2 0.001407 0.001354 0.147789 0.849247 0.000203
3 3 0.001510 0.000817 0.119108 0.878440 0.000125
3 3 0.002209 0.002071 0.085154 0.909941 0.000625
3 3 0.002217 0.001317 0.065580 0.930412 0.000474
3 3 0.002493 0.001394 0.026044 0.969000 0.001069
3 3 0.013884 0.013710 0.107911 0.856979 0.007516
3 3 0.007077 0.003011 0.054400 0.933844 0.001669
3 3 0.001691 0.001018 0.019800 0.976621 0.000870
3 3 0.002075 0.001502 0.022599 0.972491 0.001333
3 3 0.002220 0.000984 0.024335 0.971760 0.000701
3 3 0.000446 0.000163 0.008014 0.991229 0.000147
3 3 0.000880 0.000308 0.012921 0.985652 0.000239
3 3 0.001023 0.000494 0.014111 0.983945 0.000426
3 3 0.000902 0.000477 0.012852 0.985331 0.000438
3 3 0.010780 0.006476 0.071155 0.907787 0.003802
3 3 0.057048 0.061958 0.200899 0.648501 0.031594
3 3 0.015581 0.018207 0.230030 0.731031 0.005152
3 3 0.031930 0.098241 0.405081 0.438756 0.025993
3 3 0.010785 0.013439 0.471905 0.502383 0.001488
2 2 0.060682 0.122583 0.754249 0.047084 0.015401
1 2 0.100408 0.427254 0.386948 0.019660 0.065730
2 2 0.177129 0.311828 0.429731 0.029872 0.051439
0 2 0.536637 0.206872 0.174912 0.017554 0.064026
2 2 0.094369 0.403592 0.434251 0.016108 0.051679
2 2 0.038908 0.340205 0.474091 0.085485 0.061311
2 2 0.027321 0.097778 0.577393 0.281674 0.015833
2 2 0.031996 0.329445 0.491946 0.083106 0.063507
2 2 0.004167 0.040600 0.879583 0.052914 0.022735
2 2 0.003325 0.025416 0.878481 0.074755 0.018022
2 2 0.001130 0.006570 0.910791 0.081037 0.000471
2 2 0.002143 0.007194 0.865257 0.124566 0.000840
2 2 0.003038 0.011383 0.865777 0.119465 0.000337
2 2 0.003724 0.009738 0.788779 0.197148 0.000612
2 2 0.001865 0.005329 0.849117 0.143492 0.000197
3 2 0.005330 0.008060 0.432731 0.553067 0.000811
3 2 0.003821 0.006645 0.454387 0.534577 0.000570
2 2 0.006652 0.013032 0.550534 0.428468 0.001314
2 2 0.007287 0.028849 0.683198 0.278374 0.002291
3 2 0.001556 0.002435 0.464945 0.530653 0.000411
2 2 0.007179 0.019806 0.534132 0.436574 0.002310
2 2 0.002838 0.007072 0.750896 0.238261 0.000933
2 2 0.002960 0.005939 0.615486 0.374958 0.000658
2 2 0.004433 0.012636 0.699559 0.282225 0.001147
2 2 0.003024 0.007584 0.523645 0.463382 0.002366
2 2 0.004542 0.021449 0.675714 0.294754 0.003541
3 2 0.001339 0.003185 0.446043 0.548651 0.000782
2 2 0.001517 0.006917 0.647937 0.342534 0.001094
2 2 0.002400 0.007716 0.533042 0.454410 0.002432
2 2 0.002233 0.007752 0.584209 0.403101 0.002705
3 2 0.007198 0.014630 0.333740 0.639933 0.004499
3 2 0.005883 0.012097 0.430219 0.548252 0.003550
3 2 0.007741 0.011129 0.148014 0.827942 0.005174
3 2 0.002527 0.003444 0.208404 0.784366 0.001259
3 2 0.005463 0.003569 0.096396 0.893343 0.001230
3 2 0.002015 0.003584 0.290697 0.702997 0.000707
3 2 0.002250 0.003256 0.320846 0.673333 0.000315
3 2 0.001585 0.002036 0.316366 0.679833 0.000180
3 2 0.003230 0.004297 0.168078 0.823431 0.000963
3 2 0.003036 0.004283 0.259445 0.732651 0.000584
2 2 0.008552 0.020813 0.560011 0.408527 0.002097
3 3 0.012617 0.018698 0.264168 0.699931 0.004585
3 3 0.014077 0.014595 0.382473 0.586671 0.002184
2 3 0.023287 0.107576 0.472120 0.373515 0.023502
2 3 0.051642 0.240081 0.562375 0.109795 0.036107
1 3 0.203783 0.408394 0.223461 0.028705 0.135657
1 2 0.356750 0.369687 0.155164 0.008781 0.109618
1 1 0.129502 0.472435 0.313581 0.010047 0.074434
1 1 0.095572 0.427754 0.361376 0.030933 0.084365
1 1 0.102799 0.433217 0.359045 0.026081 0.078857
2 1 0.029129 0.277303 0.635630 0.033771 0.024166
2 1 0.007405 0.149171 0.815918 0.021503 0.006003
2 1 0.018487 0.160693 0.746291 0.062645 0.011885
2 2 0.006891 0.036277 0.886231 0.069091 0.001509
2 2 0.007406 0.057633 0.876026 0.056636 0.002299
2 2 0.001376 0.033035 0.948887 0.016187 0.000515
2 2 0.000472 0.019647 0.971668 0.008043 0.000170
2 2 0.000784 0.014111 0.968157 0.016791 0.000156
2 2 0.000756 0.011411 0.968965 0.018746 0.000122
2 2 0.000294 0.007607 0.982361 0.009690 0.000049
2 2 0.010727 0.095816 0.862546 0.027147 0.003765
2 2 0.005050 0.052054 0.924089 0.017574 0.001232
2 2 0.006821 0.058372 0.909759 0.023373 0.001675
2 2 0.153504 0.333688 0.459762 0.013263 0.039783
2 2 0.026395 0.287898 0.655698 0.012445 0.017564
2 2 0.000977 0.006374 0.953113 0.039456 0.000079
2 2 0.000685 0.002341 0.947010 0.049942 0.000022
2 2 0.001177 0.001953 0.902451 0.094394 0.000025
2 2 0.000621 0.001701 0.944479 0.053182 0.000017
2 2 0.000928 0.002988 0.939100 0.056950 0.000033
2 2 0.000526 0.002227 0.957278 0.039951 0.000018
2 2 0.001138 0.004950 0.944356 0.049493 0.000063
2 2 0.000526 0.004421 0.969941 0.025075 0.000037
2 2 0.002719 0.033109 0.931783 0.031649 0.000740
2 2 0.003138 0.125996 0.853767 0.013666 0.003433
2 2 0.044956 0.137114 0.745881 0.052083 0.019967
1 2 0.136131 0.468801 0.306429 0.010884 0.077754
1 2 0.087890 0.447344 0.382401 0.016947 0.065418
1 2 0.148452 0.473855 0.289677 0.009073 0.078943
0 2 0.518491 0.267103 0.121320 0.006731 0.086355
1 2 0.044909 0.412398 0.365100 0.005426 0.172168
2 1 0.029004 0.316813 0.322442 0.020603 0.311138
2 1 0.024877 0.328215 0.373655 0.016375 0.256879
2 2 0.004237 0.105577 0.752863 0.010916 0.126406
2 2 0.009228 0.112218 0.718528 0.033848 0.126178
2 2 0.000646 0.005974 0.970446 0.022865 0.000068
2 2 0.001121 0.004553 0.954335 0.039894 0.000096
2 2 0.000683 0.004880 0.970080 0.024283 0.000074
2 2 0.000376 0.002582 0.981542 0.015450 0.000050
2 2 0.000482 0.022286 0.972466 0.004123 0.000643
2 2 0.007940 0.025804 0.898725 0.061915 0.005616
2 2 0.023298 0.164504 0.749052 0.041359 0.021787
2 2 0.041218 0.220104 0.696656 0.025704 0.016318
2 2 0.159446 0.353955 0.396250 0.028231 0.062119
1 0 0.166795 0.429603 0.301949 0.017086 0.084566
2 1 0.050078 0.418239 0.466457 0.018063 0.047164
2 1 0.028819 0.378797 0.539959 0.018670 0.033754
2 2 0.016259 0.278388 0.599175 0.042007 0.064171
2 2 0.005478 0.071437 0.893905 0.015001 0.014178
2 2 0.003783 0.030740 0.933711 0.022092 0.009675
2 2 0.004998 0.062359 0.910048 0.013125 0.009470
2 2 0.017923 0.171800 0.772633 0.025207 0.012437
2 2 0.005418 0.071830 0.889589 0.029570 0.003593
2 2 0.068041 0.388732 0.474490 0.021369 0.047367
2 2 0.030301 0.390310 0.530836 0.015076 0.033475
1 4 0.282843 0.432205 0.164038 0.005814 0.115100
0 4 0.781890 0.125954 0.028558 0.001122 0.062477
1 4 0.321264 0.438862 0.126434 0.001988 0.111453
0 4 0.439906 0.331667 0.066400 0.002053 0.159973
1 4 0.226279 0.497741 0.163611 0.000989 0.111380
2 4 0.014901 0.262780 0.524134 0.151036 0.047148
2 4 0.016753 0.305905 0.566460 0.059792 0.051089
2 2 0.010511 0.075777 0.821935 0.083623 0.008154
2 2 0.003840 0.028116 0.889560 0.069268 0.009215
2 2 0.004307 0.027017 0.929594 0.036460 0.002623
1 2 0.124765 0.432021 0.328854 0.026922 0.087438
1 2 0.220400 0.391823 0.226525 0.035382 0.125870
1 2 0.069175 0.426763 0.349610 0.014275 0.140177
2 2 0.040191 0.341932 0.347597 0.036367 0.233912
2 2 0.015594 0.096925 0.680243 0.062542 0.144696
2 2 0.000082 0.003754 0.991552 0.003643 0.000969
2 2 0.000227 0.004696 0.991596 0.003219 0.000262
2 2 0.000059 0.001654 0.995166 0.002976 0.000144
2 2 0.000211 0.007811 0.989421 0.002140 0.000417
2 2 0.000131 0.006762 0.991419 0.001151 0.000537
2 2 0.001355 0.022061 0.933139 0.038429 0.005016
2 2 0.000925 0.010556 0.905528 0.071581 0.011410
2 2 0.000696 0.006781 0.924338 0.060078 0.008106
2 2 0.004749 0.040303 0.771969 0.174744 0.008236
2 2 0.012273 0.087523 0.827619 0.067804 0.004781
2 2 0.027522 0.301746 0.610538 0.032913 0.027280
2 2 0.017496 0.231083 0.694815 0.039533 0.017072
2 2 0.006398 0.047960 0.887879 0.056020 0.001743
2 2 0.002335 0.018666 0.938087 0.040540 0.000372
2 2 0.003105 0.029984 0.927577 0.038618 0.000715
2 2 0.000516 0.004828 0.971436 0.023180 0.000040
2 2 0.000281 0.007969 0.982723 0.008977 0.000050
2 2 0.001097 0.006143 0.951388 0.041295 0.000077
2 2 0.000146 0.002029 0.985811 0.012005 0.000008
2 2 0.000193 0.002150 0.982463 0.015185 0.000010
2 2 0.030587 0.273309 0.641904 0.031081 0.023120
2 2 0.080777 0.299916 0.546823 0.035512 0.036973
2 2 0.115143 0.379961 0.390772 0.041024 0.073100
2 2 0.047672 0.178360 0.702137 0.045410 0.026422
2 2 0.008083 0.027537 0.842472 0.115250 0.006658
2 2 0.002049 0.093128 0.836655 0.001772 0.066396
2 2 0.006324 0.343621 0.471282 0.000432 0.178341
2 2 0.006755 0.350999 0.461630 0.000386 0.180230
1 2 0.023493 0.452559 0.348099 0.000284 0.175566
2 2 0.010624 0.379215 0.434590 0.000504 0.175067
4 4 0.015425 0.046930 0.008843 0.000061 0.928742
4 4 0.025717 0.034534 0.003590 0.000012 0.936147
4 4 0.022304 0.028691 0.002748 0.000008 0.946249
4 4 0.010888 0.020249 0.002566 0.000031 0.966267
4 4 0.018675 0.062228 0.009647 0.000009 0.909441
4 4 0.037905 0.061306 0.011063 0.000348 0.889378
4 4 0.040855 0.151002 0.044741 0.000442 0.762959
4 4 0.038970 0.072780 0.016161 0.000884 0.871205
4 4 0.037812 0.070517 0.014419 0.000404 0.876848
4 4 0.039878 0.146346 0.040995 0.000340 0.772440
4 4 0.030710 0.067204 0.014597 0.000317 0.887172
4 4 0.027287 0.046781 0.008686 0.000570 0.916677
4 4 0.027015 0.027723 0.004842 0.000390 0.940031
4 4 0.035032 0.037168 0.006752 0.000482 0.920567
4 4 0.025690 0.033366 0.004579 0.000254 0.936111
4 4 0.041730 0.050020 0.007315 0.000361 0.900573
4 4 0.082339 0.071723 0.011671 0.000593 0.833675
4 4 0.062167 0.069232 0.011196 0.000810 0.856596
4 4 0.062948 0.067605 0.009866 0.000362 0.859219
4 4 0.065224 0.076814 0.012670 0.000566 0.844727
4 4 0.064482 0.123301 0.034373 0.000501 0.777342
4 4 0.057748 0.208980 0.056723 0.000190 0.676359
4 4 0.051520 0.271566 0.108317 0.000516 0.568081
4 4 0.063004 0.217640 0.063848 0.000329 0.655179
4 4 0.049751 0.232776 0.085669 0.000646 0.631157
4 4 0.024756 0.037511 0.004874 0.000045 0.932816
4 4 0.030189 0.112842 0.021877 0.000018 0.835075
4 4 0.025219 0.122972 0.017424 0.000001 0.834383
4 4 0.028079 0.129306 0.020834 0.000003 0.821779
4 4 0.033570 0.156157 0.025112 0.000003 0.785158
4 1 0.044161 0.345074 0.240063 0.003239 0.367463
4 1 0.022570 0.330338 0.274829 0.001549 0.370714
1 1 0.027314 0.353394 0.278326 0.001371 0.339595
4 1 0.020665 0.328323 0.269104 0.001451 0.380457
4 1 0.025492 0.336726 0.240077 0.001030 0.396675
2 1 0.017970 0.302050 0.452679 0.012623 0.214678
2 1 0.008993 0.140713 0.656517 0.055433 0.138343
2 1 0.003214 0.042943 0.855320 0.023182 0.075342
2 2 0.009036 0.068112 0.757247 0.096952 0.068654
2 2 0.047054 0.296266 0.570863 0.050209 0.035609
1 2 0.170504 0.480559 0.262192 0.006533 0.080212
1 2 0.125864 0.465395 0.320745 0.012137 0.075859
1 2 0.066707 0.445868 0.417315 0.012955 0.057155
2 2 0.041532 0.426616 0.458526 0.009008 0.064318
2 2 0.032228 0.247136 0.669291 0.012420 0.038924
2 2 0.000389 0.023504 0.972528 0.002763 0.000816
2 2 0.000612 0.025122 0.966207 0.007735 0.000323
2 2 0.000703 0.059249 0.933921 0.005444 0.000683
2 2 0.004566 0.252748 0.722164 0.010977 0.009546
2 2 0.001103 0.026852 0.964081 0.007076 0.000888
2 2 0.000218 0.007395 0.985033 0.007314 0.000040
2 2 0.000425 0.006186 0.977196 0.016145 0.000047
2 2 0.000374 0.008543 0.979634 0.011386 0.000062
2 2 0.000515 0.006756 0.974289 0.018382 0.000057
2 2 0.000450 0.011612 0.976792 0.011053 0.000095
2 2 0.050189 0.088786 0.813764 0.041783 0.005478
2 2 0.037294 0.172799 0.740651 0.036691 0.012564
2 0 0.159404 0.294043 0.493123 0.017900 0.035530
2 0 0.176273 0.255827 0.508620 0.025941 0.033339
0 1 0.427941 0.295954 0.208291 0.006514 0.061300
1 1 0.272197 0.450381 0.178317 0.004232 0.094872
0 1 0.503439 0.253485 0.166198 0.008737 0.068141
1 1 0.201305 0.402253 0.151600 0.006304 0.238538
1 1 0.106499 0.437597 0.293724 0.017434 0.144745
1 1 0.143847 0.430392 0.255690 0.023383 0.146687
1 1 0.095589 0.464122 0.364403 0.011709 0.064176
2 1 0.030978 0.365752 0.534514 0.030207 0.038549
2 1 0.020713 0.372095 0.547175 0.010477 0.049540
2 1 0.010178 0.109213 0.844205 0.014342 0.022062
2 1 0.003436 0.031671 0.943551 0.011773 0.009569
2 2 0.000965 0.020604 0.969246 0.008240 0.000946
2 2 0.000324 0.007357 0.986710 0.005410 0.000199
2 2 0.000392 0.009090 0.985587 0.004503 0.000429
2 2 0.000068 0.005637 0.993338 0.000723 0.000234
2 2 0.000095 0.012847 0.985884 0.000642 0.000531
2 2 0.038200 0.090440 0.752440 0.111125 0.007794
2 2 0.057190 0.402560 0.476308 0.018395 0.045547
2 2 0.021794 0.227857 0.685133 0.041266 0.023950
2 2 0.016035 0.160804 0.773766 0.021633 0.027762
2 2 0.004279 0.051060 0.898107 0.021060 0.025494
2 2 0.016972 0.211887 0.709596 0.045866 0.015679
2 2 0.030544 0.187543 0.717333 0.049392 0.015189
2 2 0.032282 0.237065 0.677733 0.033768 0.019152
2 2 0.012102 0.125774 0.807008 0.019295 0.035821
2 2 0.004943 0.026031 0.926787 0.032146 0.010093
2 2 0.000142 0.005124 0.992008 0.002180 0.000546
2 2 0.000078 0.002220 0.992606 0.004777 0.000319
2 2 0.000440 0.006883 0.968956 0.022891 0.000830
2 2 0.000386 0.005404 0.967494 0.026152 0.000564
2 2 0.000466 0.003773 0.978664 0.016870 0.000227
2 2 0.001240 0.002104 0.631779 0.364420 0.000456
2 2 0.001607 0.005047 0.679214 0.313625 0.000507
2 2 0.004928 0.008053 0.493732 0.492614 0.000674
3 2 0.000997 0.001916 0.486605 0.510257 0.000224
3 2 0.000831 0.001297 0.443843 0.553723 0.000306
3 2 0.001172 0.001063 0.176370 0.821273 0.000122
3 2 0.000710 0.000410 0.128005 0.870821 0.000054
3 2 0.001577 0.000715 0.067555 0.929977 0.000177
3 2 0.001528 0.001363 0.136480 0.860229 0.000400
3 3 0.002496 0.002249 0.109314 0.885382 0.000558
3 3 0.001247 0.000417 0.016527 0.981513 0.000296
3 3 0.000933 0.000313 0.013492 0.985028 0.000235
3 3 0.000606 0.000330 0.009713 0.989021 0.000331
3 3 0.000643 0.000278 0.010262 0.988567 0.000250
3 3 0.000626 0.000225 0.010163 0.988799 0.000188
3 3 0.000115 0.000065 0.003030 0.996697 0.000092
3 3 0.000137 0.000054 0.003495 0.996252 0.000063
3 3 0.000129 0.000070 0.003279 0.996426 0.000096
3 3 0.000047 0.000013 0.001666 0.998258 0.000016
3 3 0.000073 0.000032 0.002232 0.997618 0.000045
3 3 0.000058 0.000033 0.001867 0.997987 0.000054
3 3 0.000050 0.000032 0.001669 0.998192 0.000057
3 3 0.000097 0.000073 0.002640 0.997071 0.000120
3 3 0.000095 0.000070 0.002603 0.997117 0.000114
3 3 0.000053 0.000027 0.001758 0.998119 0.000043
3 3 0.000031 0.000026 0.001169 0.998718 0.000057
3 3 0.000029 0.000034 0.001100 0.998752 0.000086
3 3 0.000062 0.000059 0.001902 0.997861 0.000116
3 3 0.000031 0.000024 0.001192 0.998704 0.000049
3 3 0.000041 0.000038 0.001436 0.998405 0.000079
3 3 0.000058 0.000035 0.001856 0.997991 0.000059
3 3 0.000055 0.000057 0.001750 0.998020 0.000118
3 3 0.000041 0.000031 0.001449 0.998419 0.000060
3 3 0.000029 0.000018 0.001142 0.998778 0.000034
3 3 0.000062 0.000073 0.001887 0.997820 0.000158
3 3 0.000107 0.000104 0.002799 0.996803 0.000187
3 3 0.000127 0.000117 0.003150 0.996408 0.000199
3 3 0.000511 0.000518 0.007713 0.990487 0.000771
3 3 0.003540 0.005225 0.031178 0.954378 0.005679
3 3 0.007795 0.009599 0.054710 0.919759 0.008138
3 3 0.049234 0.057588 0.244201 0.624227 0.024750
2 3 0.243021 0.214782 0.331443 0.141829 0.068924
2 2 0.095357 0.275305 0.333277 0.190260 0.105802
1 2 0.266655 0.286930 0.240989 0.085866 0.119560
1 2 0.157740 0.419333 0.264554 0.032753 0.125621
3 2 0.001006 0.001168 0.393687 0.604056 0.000083
3 2 0.000996 0.001702 0.477830 0.519395 0.000077
3 2 0.000440 0.000357 0.189066 0.810063 0.000074
3 2 0.000411 0.000267 0.393628 0.605685 0.000009
2 2 0.000692 0.000969 0.707537 0.290783 0.000019
2 2 0.000811 0.001516 0.734555 0.263051 0.000067
2 2 0.001031 0.002295 0.703876 0.292597 0.000201
2 2 0.002144 0.002340 0.527290 0.468073 0.000153
2 2 0.000781 0.001114 0.711771 0.286289 0.000045
2 2 0.002100 0.004464 0.685779 0.307125 0.000531
2 2 0.002166 0.004746 0.666777 0.326105 0.000206
2 2 0.001542 0.004622 0.814781 0.178748 0.000306
2 2 0.001480 0.003674 0.813914 0.180689 0.000243
2 2 0.001344 0.002302 0.793111 0.203121 0.000122
2 2 0.000587 0.002000 0.859669 0.137419 0.000326
2 2 0.025970 0.061702 0.801511 0.067005 0.043813
2 2 0.056644 0.280464 0.545798 0.042839 0.074255
2 2 0.089931 0.300751 0.509379 0.030574 0.069365
1 2 0.148679 0.426328 0.298746 0.028564 0.097683
1 0 0.329489 0.355233 0.222553 0.010633 0.082092
0 0 0.871488 0.066191 0.032261 0.001596 0.028464
0 1 0.704726 0.173821 0.029739 0.000763 0.090951
0 1 0.703292 0.163192 0.037018 0.001857 0.094641
0 1 0.524849 0.244900 0.037710 0.001481 0.191059
1 1 0.162758 0.390103 0.157970 0.010789 0.278380
2 1 0.020250 0.248405 0.534584 0.114656 0.082105
2 1 0.004559 0.056141 0.730753 0.175612 0.032935
2 2 0.007605 0.052114 0.817767 0.114902 0.007612
2 2 0.002318 0.012198 0.834705 0.145547 0.005231
2 2 0.003089 0.030467 0.920545 0.035019 0.010880
2 2 0.000421 0.010714 0.971825 0.012366 0.004674
2 2 0.003421 0.028637 0.934703 0.029837 0.003402
2 2 0.001314 0.012393 0.921301 0.058353 0.006640
2 2 0.000692 0.009725 0.974899 0.010649 0.004036
2 2 0.004052 0.029966 0.929774 0.034465 0.001743
2 2 0.000705 0.018941 0.973099 0.005353 0.001903
2 2 0.000478 0.005333 0.969762 0.023443 0.000985
2 2 0.000552 0.015744 0.972788 0.007292 0.003624
2 2 0.000582 0.013069 0.976986 0.008382 0.000980
2 2 0.002175 0.024728 0.935642 0.035874 0.001582
2 2 0.001725 0.005456 0.762309 0.229974 0.000536
2 2 0.001345 0.008423 0.895534 0.093864 0.000834
2 2 0.001807 0.010629 0.866695 0.120238 0.000632
2 2 0.002657 0.009960 0.855439 0.131451 0.000492
2 2 0.001093 0.009198 0.907312 0.081362 0.001035
2 2 0.002565 0.015375 0.803253 0.172622 0.006184
2 2 0.002196 0.011696 0.804318 0.178020 0.003769
2 2 0.001958 0.012037 0.783946 0.197418 0.004642
2 2 0.005696 0.023708 0.603227 0.360289 0.007080
2 2 0.002665 0.014488 0.692491 0.280553 0.009804
2 2 0.011075 0.076187 0.646661 0.243363 0.022714
2 2 0.018762 0.058214 0.619770 0.292416 0.010837
2 2 0.006881 0.019637 0.583865 0.386277 0.003340
2 2 0.043316 0.340357 0.498682 0.066561 0.051085
2 2 0.034481 0.344710 0.512849 0.060125 0.047835
2 2 0.006586 0.030711 0.530489 0.424509 0.007705
2 2 0.006152 0.028363 0.794985 0.167568 0.002932
2 2 0.008029 0.023610 0.774222 0.192814 0.001324
2 2 0.011342 0.043760 0.773411 0.168527 0.002960
2 2 0.032103 0.198924 0.652434 0.094282 0.022258
2 2 0.033687 0.334612 0.502821 0.076708 0.052172
2 2 0.014388 0.213785 0.475179 0.185933 0.110715
2 2 0.002424 0.032786 0.844368 0.084029 0.036393
2 2 0.003429 0.027843 0.823577 0.136717 0.008433
2 2 0.003019 0.036105 0.856478 0.072217 0.032181
2 2 0.000900 0.005710 0.964417 0.028186 0.000787
2 2 0.002206 0.010785 0.942301 0.044387 0.000321
2 2 0.003026 0.017169 0.943769 0.035059 0.000977
2 2 0.002693 0.012925 0.945350 0.038363 0.000668
2 2 0.059472 0.254957 0.625078 0.035076 0.025417
1 2 0.146473 0.454106 0.297879 0.015234 0.086308
2 1 0.044120 0.403603 0.485843 0.021402 0.045031
2 1 0.036781 0.376657 0.512520 0.030972 0.043069
2 1 0.022016 0.181904 0.717087 0.060810 0.018184
2 1 0.014583 0.068651 0.824719 0.088099 0.003949
2 2 0.027765 0.379869 0.543256 0.016773 0.032336
2 2 0.037675 0.406166 0.502738 0.015104 0.038317
2 2 0.041018 0.423754 0.486187 0.010985 0.038055
2 2 0.044191 0.421538 0.479515 0.013412 0.041344
2 2 0.049097 0.435137 0.461723 0.011160 0.042882
1 2 0.104940 0.510332 0.315737 0.002907 0.066084
1 2 0.259310 0.476808 0.179435 0.002267 0.082180
1 4 0.102699 0.529939 0.303532 0.001537 0.062293
1 4 0.147694 0.528461 0.263938 0.001833 0.058074
1 4 0.139098 0.517266 0.280407 0.002715 0.060513
1 4 0.157585 0.517828 0.215153 0.000926 0.108508
1 4 0.209383 0.497548 0.173775 0.000807 0.118487
0 4 0.663728 0.195048 0.062937 0.002707 0.075580
0 4 0.595231 0.167999 0.049096 0.002716 0.184959
1 4 0.267764 0.451293 0.122252 0.000788 0.157903
4 4 0.138614 0.289709 0.088946 0.003032 0.479699
4 4 0.213093 0.282466 0.081420 0.003662 0.419359
4 4 0.251979 0.234088 0.053800 0.002128 0.458005
1 4 0.132971 0.391051 0.155540 0.002231 0.318207
4 4 0.105826 0.353583 0.157142 0.005221 0.378228
4 4 0.052145 0.381072 0.144559 0.000078 0.422146
1 4 0.031226 0.418502 0.175265 0.000024 0.374983
4 4 0.037569 0.351033 0.156306 0.000092 0.455000
4 4 0.033432 0.313411 0.129172 0.000100 0.523885
4 4 0.034140 0.374015 0.138551 0.000020 0.453274
4 4 0.028969 0.056806 0.007817 0.000025 0.906382
4 4 0.035571 0.057042 0.009642 0.000215 0.897529
4 4 0.038230 0.045581 0.006070 0.000169 0.909950
4 4 0.019099 0.032753 0.005264 0.000252 0.942632
4 4 0.033571 0.073360 0.014808 0.000279 0.877982
4 4 0.014592 0.017615 0.001406 0.000005 0.966382
4 4 0.012613 0.015914 0.001631 0.000057 0.969784
4 4 0.012751 0.015263 0.001336 0.000016 0.970633
4 4 0.024642 0.014183 0.003457 0.000409 0.957308
4 4 0.012273 0.013153 0.001113 0.000029 0.973432
4 4 0.015730 0.021410 0.002352 0.000043 0.960466
4 4 0.018219 0.025472 0.002674 0.000016 0.953619
4 4 0.032890 0.024190 0.001778 0.000022 0.941120
4 4 0.012417 0.017568 0.001766 0.000019 0.968231
4 4 0.013602 0.022528 0.003357 0.000025 0.960487
4 4 0.035153 0.051444 0.007013 0.000049 0.906341
4 4 0.038998 0.121634 0.023892 0.000060 0.815416
4 4 0.033029 0.077610 0.015248 0.000146 0.873966
4 4 0.039885 0.138737 0.032807 0.000128 0.788444
4 4 0.032107 0.130091 0.026517 0.000024 0.811261
4 4 0.022100 0.032225 0.003784 0.000026 0.941864
4 4 0.015072 0.025239 0.003074 0.000026 0.956588
4 4 0.011002 0.034907 0.005027 0.000006 0.949058
4 4 0.011846 0.014065 0.001218 0.000018 0.972853
4 4 0.021172 0.065318 0.007853 0.000002 0.905655
4 4 0.032463 0.110975 0.024470 0.000094 0.831998
4 4 0.028314 0.040133 0.005948 0.000233 0.925370
4 4 0.027748 0.041320 0.005959 0.000122 0.924851
4 4 0.037879 0.055740 0.012587 0.000308 0.893487
4 4 0.037621 0.070347 0.012914 0.000153 0.878965
4 4 0.020147 0.120188 0.028833 0.000018 0.830812
4 4 0.022189 0.049063 0.007738 0.000047 0.920963
4 4 0.024899 0.058210 0.007753 0.000009 0.909129
4 4 0.020939 0.144539 0.035192 0.000011 0.799320
4 4 0.014202 0.113891 0.030315 0.000020 0.841572
4 4 0.009451 0.057618 0.007689 0.000000 0.925241
4 4 0.006070 0.017364 0.002541 0.000013 0.974012
4 4 0.013408 0.023869 0.003007 0.000028 0.959688
4 4 0.015208 0.043913 0.006180 0.000007 0.934691
4 4 0.012948 0.064866 0.010938 0.000004 0.911243
4 4 0.002160 0.215081 0.127774 0.000001 0.654985
4 4 0.005044 0.268519 0.138695 0.000001 0.587741
4 1 0.002847 0.250573 0.148476 0.000001 0.598103
4 1 0.002733 0.261011 0.142611 0.000000 0.593645
4 1 0.005517 0.246800 0.091144 0.000000 0.656539
4 1 0.020379 0.282816 0.151105 0.000156 0.545544
4 1 0.015834 0.312396 0.185914 0.000077 0.485778
4 1 0.022571 0.327174 0.178851 0.000101 0.471302
4 1 0.011491 0.308854 0.196306 0.000040 0.483310
4 1 0.007558 0.275897 0.255007 0.000143 0.461395
4 1 0.010657 0.237512 0.178168 0.000262 0.573400
4 1 0.008218 0.254233 0.232268 0.000324 0.504957
4 1 0.006711 0.235509 0.227413 0.000477 0.529891
4 1 0.008339 0.201781 0.146117 0.000220 0.643544
4 1 0.007276 0.237552 0.213527 0.000408 0.541236
4 1 0.055442 0.300064 0.158270 0.003618 0.482606
4 1 0.068074 0.295067 0.115862 0.001298 0.519698
4 1 0.142591 0.311612 0.103434 0.001543 0.440819
4 1 0.088925 0.283866 0.109551 0.002051 0.515606
4 1 0.080683 0.331266 0.150343 0.002819 0.434889
1 1 0.044901 0.419890 0.220344 0.000248 0.314617
4 1 0.060328 0.380586 0.159230 0.000193 0.399663
1 1 0.053496 0.391086 0.179156 0.000334 0.375928
1 1 0.041338 0.407666 0.173581 0.000062 0.377353
4 1 0.070534 0.297453 0.107636 0.000389 0.523987
0 0 0.860795 0.077831 0.009323 0.000201 0.051850
0 0 0.963414 0.020610 0.002276 0.000019 0.013681
0 0 0.984437 0.007287 0.004848 0.000097 0.003331
0 0 0.983367 0.008351 0.004856 0.000072 0.003355
0 0 0.653529 0.170404 0.016628 0.000542 0.158897
4 0 0.245324 0.131805 0.014957 0.000227 0.607687
4 0 0.202804 0.234540 0.036325 0.000278 0.526054
0 0 0.398529 0.303366 0.045634 0.000114 0.252356
4 1 0.294434 0.176168 0.020884 0.000434 0.508081
4 1 0.118860 0.316417 0.091294 0.001122 0.472307
4 1 0.067660 0.298931 0.121214 0.001330 0.510864
4 1 0.078946 0.329741 0.139025 0.001375 0.450912
4 1 0.069553 0.171676 0.054150 0.002090 0.702531
4 1 0.075571 0.301464 0.134743 0.002604 0.485618
4 1 0.075876 0.287313 0.102080 0.000644 0.534087
4 1 0.075094 0.213553 0.071265 0.001832 0.638255
4 1 0.080595 0.259443 0.078349 0.000703 0.580910
4 1 0.096776 0.238294 0.060601 0.000494 0.603835
4 1 0.088985 0.255192 0.079013 0.001112 0.575698
4 4 0.096556 0.113160 0.020364 0.000603 0.769318
4 4 0.048128 0.067900 0.012511 0.000797 0.870665
4 4 0.042767 0.074239 0.014892 0.000457 0.867646
4 4 0.057863 0.188812 0.063565 0.001747 0.688013
4 4 0.053959 0.169694 0.045154 0.000375 0.730818
4 4 0.049163 0.076065 0.014545 0.000526 0.859702
4 4 0.129163 0.291977 0.108570 0.004158 0.466131
4 4 0.181132 0.343857 0.119748 0.001896 0.353368
1 4 0.090552 0.376614 0.212630 0.009233 0.310972
4 4 0.062857 0.307995 0.188058 0.016562 0.424528
1 4 0.051067 0.370139 0.268742 0.008535 0.301517
2 2 0.001232 0.162868 0.827537 0.003246 0.005117
2 2 0.000414 0.046546 0.949558 0.002675 0.000807
2 2 0.000171 0.042347 0.955431 0.000679 0.001372
2 2 0.000274 0.032528 0.964566 0.002113 0.000520
2 2 0.000224 0.077306 0.918943 0.000584 0.002942
2 2 0.001894 0.214488 0.774888 0.004188 0.004543
2 2 0.001116 0.047473 0.940665 0.010052 0.000694
2 2 0.000200 0.021691 0.975862 0.000953 0.001295
2 2 0.000434 0.024406 0.971304 0.002211 0.001644
2 2 0.000083 0.010616 0.988084 0.000463 0.000754
2 2 0.000011 0.001409 0.998114 0.000457 0.000009
2 2 0.000011 0.004869 0.994847 0.000254 0.000019
2 2 0.000032 0.004043 0.994895 0.001009 0.000021
2 2 0.000026 0.001185 0.997594 0.001183 0.000013
2 2 0.000090 0.004579 0.991087 0.004229 0.000015
2 2 0.000168 0.004036 0.988470 0.007301 0.000026
2 2 0.000063 0.001696 0.993687 0.004547 0.000007
2 2 0.000144 0.002140 0.988907 0.008796 0.000015
2 2 0.000159 0.001768 0.983709 0.014356 0.000008
2 2 0.000286 0.002044 0.974977 0.022681 0.000013
2 2 0.000745 0.006868 0.966142 0.026174 0.000071
2 2 0.000944 0.009556 0.972908 0.016295 0.000296
2 2 0.003095 0.009153 0.901789 0.085756 0.000207
2 2 0.000964 0.012762 0.968293 0.017739 0.000241
2 2 0.000654 0.011767 0.971875 0.015100 0.000603
3 2 0.001274 0.001334 0.468677 0.528658 0.000058
3 2 0.000326 0.000308 0.421879 0.577479 0.000008
2 2 0.000780 0.001778 0.630425 0.366962 0.000054
3 2 0.000466 0.000646 0.419472 0.579393 0.000023
3 2 0.000516 0.000545 0.380138 0.618779 0.000021
3 2 0.000909 0.000599 0.164177 0.834257 0.000058
3 2 0.001329 0.000449 0.051408 0.946695 0.000119
3 3 0.001829 0.000978 0.100185 0.896818 0.000190
3 3 0.001689 0.001346 0.128306 0.868425 0.000233
3 3 0.000660 0.000274 0.052761 0.946248 0.000057
3 3 0.000527 0.000204 0.008980 0.990107 0.000182
3 3 0.001088 0.000441 0.014870 0.983251 0.000349
3 3 0.000876 0.000379 0.012736 0.985687 0.000321
3 3 0.001219 0.000705 0.015786 0.981659 0.000632
3 3 0.000434 0.000138 0.007915 0.991395 0.000118
3 3 0.000155 0.000064 0.003799 0.995907 0.000075
3 3 0.000145 0.000058 0.003627 0.996102 0.000068
3 3 0.000258 0.000121 0.005381 0.994107 0.000134
3 3 0.000092 0.000026 0.002681 0.997174 0.000028
3 3 0.000170 0.000064 0.004063 0.995632 0.000071
3 3 0.000088 0.000045 0.002519 0.997285 0.000064
3 3 0.000069 0.000034 0.002127 0.997721 0.000049
3 3 0.000136 0.000088 0.003370 0.996280 0.000127
3 3 0.000102 0.000057 0.002781 0.996979 0.000081
3 3 0.000106 0.000067 0.002831 0.996897 0.000100
3 3 0.000291 0.000171 0.005787 0.993548 0.000204
3 3 0.000131 0.000060 0.003348 0.996386 0.000076
3 3 0.000117 0.000054 0.003104 0.996654 0.000070
3 3 0.000150 0.000083 0.003649 0.996007 0.000111
3 3 0.000120 0.000082 0.003093 0.996581 0.000123
3 3 0.000031 0.000016 0.001204 0.998720 0.000029
3 3 0.000069 0.000035 0.002130 0.997715 0.000051
3 3 0.000042 0.000025 0.001490 0.998398 0.000044
3 3 0.000150 0.000128 0.003572 0.995946 0.000204
3 3 0.000026 0.000014 0.001064 0.998871 0.000025
3 3 0.000038 0.000034 0.001356 0.998501 0.000071
3 3 0.000071 0.000057 0.002127 0.997644 0.000101
3 3 0.000051 0.000031 0.001715 0.998152 0.000052
3 3 0.000058 0.000027 0.001885 0.997988 0.000041
3 3 0.000047 0.000034 0.001582 0.998275 0.000063
3 3 0.000057 0.000058 0.001796 0.997969 0.000120
3 3 0.000054 0.000032 0.001779 0.998082 0.000053
3 3 0.000088 0.000085 0.002442 0.997227 0.000158
3 3 0.000087 0.000076 0.002437 0.997264 0.000135
3 3 0.000068 0.000063 0.002031 0.997718 0.000121
3 3 0.000078 0.000050 0.002287 0.997505 0.000080
3 3 0.000106 0.000073 0.002818 0.996888 0.000115
3 3 0.000055 0.000030 0.001795 0.998070 0.000049
3 3 0.000088 0.000072 0.002450 0.997264 0.000126
3 3 0.000070 0.000044 0.002125 0.997689 0.000072
3 3 0.002891 0.001849 0.022460 0.970812 0.001988
3 3 0.051796 0.029473 0.141112 0.758503 0.019116
3 3 0.043085 0.036653 0.106140 0.779054 0.035068
0 0 0.490282 0.116571 0.195905 0.132861 0.064381
0 0 0.481337 0.196060 0.192266 0.052448 0.077889
3 1 0.113726 0.228014 0.207670 0.293252 0.157337
1 1 0.097552 0.256728 0.230309 0.163146 0.252265
3 1 0.142439 0.151461 0.239870 0.380947 0.085282
1 1 0.091402 0.317770 0.272228 0.145547 0.173053
3 1 0.107498 0.171793 0.236412 0.384443 0.099854
0 1 0.523274 0.252798 0.080400 0.006492 0.137035
0 1 0.423244 0.276524 0.114964 0.009259 0.176010
1 1 0.127334 0.357496 0.168858 0.017576 0.328736
4 1 0.161104 0.304947 0.115444 0.015250 0.403255
1 1 0.096838 0.364136 0.202363 0.024434 0.312229
4 1 0.023899 0.245821 0.242950 0.029580 0.457750
4 1 0.022371 0.257208 0.289753 0.042740 0.387929
4 1 0.024065 0.279971 0.318643 0.032578 0.344743
4 1 0.015897 0.240295 0.291764 0.035895 0.416149
4 1 0.018235 0.275550 0.300038 0.015542 0.390636
4 1 0.017278 0.278388 0.230176 0.001593 0.472564
4 1 0.017524 0.262248 0.225294 0.003211 0.491724
4 1 0.013439 0.245465 0.193521 0.001027 0.546548
4 1 0.008767 0.183211 0.152698 0.001409 0.653914
4 1 0.015236 0.258759 0.230974 0.002207 0.492825
4 1 0.014070 0.287003 0.328500 0.005248 0.365179
4 1 0.011810 0.277023 0.309879 0.003769 0.397517
4 1 0.020493 0.309781 0.308446 0.004059 0.357221
4 1 0.010303 0.252163 0.314481 0.007743 0.415310
4 1 0.014285 0.293613 0.342041 0.005198 0.344863
4 1 0.012382 0.241609 0.257909 0.006573 0.481527
4 1 0.005698 0.173711 0.385308 0.006231 0.429052
4 1 0.009575 0.257370 0.282126 0.002004 0.448925
4 1 0.015824 0.274766 0.245380 0.001937 0.462094
4 1 0.015768 0.254442 0.242166 0.005439 0.482186
4 1 0.021893 0.129566 0.045022 0.000286 0.803233
4 1 0.017993 0.116688 0.037083 0.000109 0.828127
4 4 0.012147 0.031610 0.005697 0.000069 0.950477
4 4 0.016311 0.035780 0.009233 0.000285 0.938392
4 4 0.019962 0.078767 0.021263 0.000238 0.879770
4 4 0.034833 0.076056 0.018091 0.000639 0.870382
4 4 0.045819 0.144476 0.039169 0.000409 0.770126
4 4 0.045160 0.109118 0.025863 0.000506 0.819354
4 4 0.038644 0.095766 0.021872 0.000236 0.843482
4 4 0.038054 0.088648 0.021997 0.000744 0.850557
1 4 0.082933 0.391040 0.191850 0.001815 0.332362
1 4 0.041019 0.359383 0.240560 0.002093 0.356945
4 4 0.042928 0.364461 0.215251 0.000655 0.376705
4 4 0.051370 0.350020 0.201677 0.001043 0.395890
1 4 0.071695 0.381536 0.167041 0.000644 0.379085
4 4 0.013242 0.319827 0.190255 0.000035 0.476642
4 4 0.007311 0.326514 0.252304 0.000029 0.413842
4 4 0.008241 0.317075 0.201092 0.000014 0.473579
4 4 0.010793 0.313506 0.197604 0.000029 0.478067
4 4 0.014483 0.330057 0.185445 0.000029 0.469986
2 4 0.011790 0.294222 0.383706 0.005808 0.304475
2 4 0.009708 0.285500 0.371467 0.003555 0.329771
2 4 0.019098 0.320715 0.383303 0.009039 0.267844
2 1 0.007564 0.201365 0.431154 0.018823 0.341094
2 1 0.001714 0.057727 0.815060 0.018134 0.107365
2 1 0.001587 0.105825 0.848510 0.001619 0.042459
2 1 0.009560 0.194082 0.757508 0.028511 0.010340
2 2 0.003047 0.143801 0.836479 0.008004 0.008669
2 2 0.001814 0.082201 0.898268 0.003649 0.014067
2 2 0.001612 0.052288 0.934182 0.004855 0.007064
2 2 0.014079 0.077327 0.866330 0.033172 0.009093
2 2 0.012130 0.143840 0.803446 0.013683 0.026901
2 2 0.061382 0.430906 0.431246 0.016855 0.059611
1 2 0.159107 0.466869 0.279656 0.010300 0.084069
1 2 0.070321 0.473835 0.385241 0.005802 0.064800
2 2 0.004173 0.172171 0.769065 0.010293 0.044298
2 2 0.001605 0.035813 0.930743 0.024656 0.007184
2 2 0.001189 0.012429 0.953366 0.027969 0.005047
2 2 0.000523 0.011792 0.973022 0.005711 0.008952
2 2 0.001368 0.013217 0.933013 0.029700 0.022703
2 2 0.000213 0.020731 0.965189 0.000597 0.013269
2 2 0.000109 0.040800 0.944504 0.000116 0.014471
2 2 0.000084 0.016623 0.978954 0.000186 0.004154
2 2 0.000082 0.023762 0.966117 0.000109 0.009930
2 2 0.000172 0.035646 0.952412 0.000253 0.011518
2 2 0.000265 0.040278 0.941659 0.000327 0.017470
2 2 0.000219 0.043878 0.924576 0.000187 0.031140
2 2 0.000235 0.019503 0.970777 0.000641 0.008844
2 2 0.000176 0.046278 0.927733 0.000157 0.025656
2 2 0.000751 0.043416 0.945110 0.001686 0.009037
2 2 0.000338 0.017763 0.967580 0.005801 0.008517
2 2 0.002400 0.036216 0.906176 0.048232 0.006975
2 2 0.001752 0.028609 0.927628 0.028302 0.013708
2 2 0.002872 0.051212 0.878090 0.045723 0.022102
2 2 0.000682 0.011099 0.946526 0.036629 0.005064
2 2 0.063220 0.303053 0.509865 0.025383 0.098479
2 2 0.082015 0.172714 0.612256 0.063645 0.069370
2 2 0.238717 0.217989 0.426600 0.070915 0.045778
0 0 0.486944 0.229558 0.199347 0.018386 0.065765
1 0 0.231163 0.426255 0.223556 0.013784 0.105242
1 0 0.075649 0.437915 0.406667 0.018791 0.060978
1 1 0.090478 0.455688 0.375536 0.014035 0.064263
1 1 0.069884 0.439008 0.417333 0.016813 0.056962
2 1 0.056679 0.396492 0.453157 0.035987 0.057685
1 1 0.115613 0.436495 0.341257 0.024433 0.082202
2 1 0.049046 0.408521 0.471640 0.022359 0.048434
2 1 0.025405 0.346677 0.559009 0.034087 0.034822
2 1 0.010708 0.297396 0.651760 0.021541 0.018595
2 2 0.006759 0.061486 0.886026 0.042545 0.003183
2 2 0.005583 0.024876 0.935946 0.025222 0.008374
2 2 0.000599 0.007619 0.985132 0.005880 0.000771
2 2 0.000262 0.009381 0.987253 0.002666 0.000438
2 2 0.000106 0.006465 0.991426 0.000478 0.001525
2 2 0.000475 0.015428 0.979236 0.002025 0.002837
2 2 0.000339 0.009463 0.985815 0.004014 0.000369
2 2 0.003612 0.034146 0.927289 0.024757 0.010196
2 2 0.004420 0.042819 0.927839 0.017723 0.007199
2 2 0.001989 0.014939 0.944939 0.031081 0.007053
2 2 0.046970 0.148651 0.662737 0.124100 0.017542
2 2 0.069682 0.236111 0.601745 0.062905 0.029556
1 2 0.146085 0.450404 0.301578 0.016014 0.085919
2 2 0.049576 0.337300 0.398384 0.122636 0.092104
2 2 0.010936 0.025652 0.753220 0.205597 0.004594
2 2 0.003074 0.008955 0.898379 0.076626 0.012965
2 2 0.002962 0.012668 0.911194 0.058487 0.014688
2 2 0.000488 0.006041 0.968956 0.024186 0.000329
2 2 0.000410 0.002688 0.963562 0.032658 0.000682
2 2 0.000952 0.007413 0.967173 0.024313 0.000148
2 2 0.000341 0.006588 0.984454 0.007718 0.000900
2 2 0.000438 0.005011 0.973920 0.020211 0.000420
2 2 0.000401 0.005627 0.984954 0.008768 0.000251
2 2 0.000460 0.011372 0.983710 0.003440 0.001018
2 2 0.000268 0.017044 0.978183 0.000851 0.003655
2 2 0.000655 0.012208 0.980687 0.005500 0.000949
2 2 0.000181 0.005186 0.989190 0.005116 0.000327
2 2 0.050030 0.139734 0.729325 0.037252 0.043659
2 2 0.126945 0.376223 0.397317 0.032357 0.067158
1 2 0.077295 0.443366 0.402092 0.016767 0.060480
2 2 0.057323 0.383802 0.410177 0.057328 0.091370
2 2 0.025336 0.213238 0.693237 0.022792 0.045399
2 2 0.001568 0.005816 0.923401 0.069120 0.000095
2 2 0.001000 0.002759 0.803585 0.192563 0.000092
2 2 0.000390 0.001315 0.891343 0.106729 0.000224
2 2 0.000826 0.006145 0.968648 0.024271 0.000110
2 2 0.000722 0.001840 0.828775 0.168497 0.000166
2 2 0.000359 0.009981 0.977932 0.006865 0.004863
2 2 0.000477 0.019059 0.971106 0.003022 0.006336
2 2 0.000725 0.012710 0.979991 0.005253 0.001321
2 2 0.000685 0.021346 0.971873 0.005048 0.001048
2 2 0.001434 0.041547 0.947283 0.006726 0.003009
2 2 0.026673 0.104498 0.825252 0.024252 0.019326
0 2 0.362083 0.294218 0.271338 0.012792 0.059569
2 2 0.212817 0.340676 0.372640 0.017636 0.056231
2 2 0.167775 0.372926 0.382439 0.017656 0.059205
2 2 0.053291 0.319303 0.559253 0.032689 0.035463
2 2 0.014534 0.118326 0.794144 0.065544 0.007452
2 2 0.012222 0.130376 0.799913 0.050077 0.007411
2 2 0.001036 0.007451 0.957167 0.034254 0.000092
2 2 0.006672 0.045705 0.850834 0.094631 0.002158
2 2 0.007576 0.073394 0.867326 0.048685 0.003019
2 2 0.007890 0.095149 0.851024 0.041838 0.004099
2 2 0.006004 0.061849 0.877571 0.052167 0.002409
2 2 0.003137 0.031769 0.926865 0.037465 0.000764
2 2 0.004828 0.061407 0.896016 0.035801 0.001949
2 2 0.005250 0.061039 0.891483 0.040172 0.002056
1 2 0.123293 0.427505 0.371283 0.014278 0.063640
1 2 0.323752 0.431898 0.145635 0.002850 0.095865
0 4 0.478155 0.366127 0.073898 0.000505 0.081314
1 4 0.323355 0.472534 0.131372 0.000647 0.072091
1 4 0.232101 0.511744 0.187332 0.001118 0.067705
4 4 0.112140 0.247977 0.069298 0.001565 0.569020
4 4 0.126822 0.274003 0.073363 0.000830 0.524982
4 4 0.109872 0.235614 0.068823 0.002739 0.582952
4 4 0.118551 0.313430 0.121065 0.005218 0.441736
4 4 0.175118 0.201375 0.042856 0.001584 0.579066
1 4 0.096944 0.450570 0.176657 0.000304 0.275525
1 4 0.075612 0.443706 0.172903 0.000155 0.307623
1 4 0.056206 0.420130 0.224023 0.000668 0.298973
1 4 0.059277 0.456699 0.217986 0.000242 0.265797
1 1 0.054106 0.425725 0.230475 0.000590 0.289104
2 1 0.012374 0.348851 0.578732 0.006009 0.054035
2 1 0.008257 0.294730 0.657899 0.013163 0.025951
2 1 0.003700 0.240959 0.734958 0.007267 0.013117
2 2 0.003195 0.180547 0.793275 0.005652 0.017331
2 2 0.005035 0.225097 0.738347 0.008101 0.023420
2 2 0.001470 0.017253 0.953822 0.027187 0.000267
2 2 0.000374 0.004704 0.977745 0.017145 0.000033
2 2 0.000430 0.001713 0.958702 0.039143 0.000012
2 2 0.000441 0.002751 0.967647 0.029140 0.000021
2 2 0.000208 0.001106 0.972893 0.025787 0.000005
2 2 0.000080 0.003008 0.991867 0.005035 0.000009
2 2 0.000191 0.001318 0.977479 0.021006 0.000006
2 2 0.000189 0.002740 0.991260 0.005749 0.000062
2 2 0.000107 0.002157 0.989311 0.008417 0.000008
2 2 0.000193 0.006544 0.986153 0.007077 0.000033
2 2 0.000276 0.003877 0.981350 0.014474 0.000023
2 2 0.000113 0.000773 0.981192 0.017920 0.000003
2 2 0.000396 0.002574 0.969635 0.027378 0.000018
2 2 0.000190 0.001629 0.980084 0.018090 0.000008
2 2 0.000241 0.001016 0.967161 0.031576 0.000005
2 2 0.000999 0.002921 0.933986 0.062060 0.000034
2 2 0.000739 0.002748 0.919678 0.076800 0.000034
2 2 0.000548 0.001442 0.939492 0.058506 0.000012
2 2 0.000276 0.000815 0.862167 0.136724 0.000018
2 2 0.001176 0.002582 0.839525 0.156668 0.000049
2 2 0.004368 0.010068 0.835493 0.149740 0.000332
2 2 0.008961 0.017811 0.784710 0.187635 0.000883
2 2 0.007104 0.016723 0.850382 0.125172 0.000619
2 2 0.019705 0.237515 0.675527 0.047616 0.019637
2 2 0.018352 0.137746 0.747383 0.085451 0.011068
2 2 0.014209 0.130217 0.790149 0.057199 0.008226
2 2 0.008095 0.058553 0.870287 0.059628 0.003437
2 2 0.024426 0.151915 0.725978 0.084559 0.013122
2 2 0.022597 0.344334 0.572718 0.028932 0.031419
2 2 0.037504 0.382289 0.508954 0.028156 0.043097
2 2 0.012971 0.139192 0.620034 0.206576 0.021226
2 2 0.007013 0.061520 0.770076 0.140631 0.020759
2 2 0.012979 0.110425 0.672456 0.185910 0.018230
2 2 0.011830 0.183419 0.576247 0.149164 0.079340
2 2 0.005134 0.029035 0.758328 0.204737 0.002766
2 1 0.021854 0.310568 0.488249 0.071165 0.108165
2 1 0.017466 0.306930 0.521253 0.055422 0.098929
2 1 0.037511 0.358675 0.508306 0.048297 0.047211
2 1 0.019701 0.318452 0.509274 0.045192 0.107382
2 1 0.033747 0.186063 0.636493 0.079587 0.064110
1 1 0.187015 0.476061 0.218944 0.003442 0.114538
1 1 0.122255 0.520875 0.255241 0.001188 0.100441
1 1 0.087386 0.486525 0.272660 0.001394 0.152036
1 1 0.093832 0.373530 0.186116 0.006312 0.340209
1 1 0.113574 0.486154 0.254958 0.001921 0.143393
1 1 0.183926 0.535150 0.220982 0.001042 0.058899
1 1 0.293099 0.465213 0.156867 0.001736 0.083085
0 0 0.699420 0.193450 0.028863 0.000444 0.077823
1 1 0.402810 0.408766 0.099418 0.000785 0.088221
1 1 0.237732 0.505550 0.174234 0.000976 0.081508
4 1 0.074221 0.258027 0.091618 0.001283 0.574851
4 1 0.083204 0.284683 0.101656 0.001488 0.528968
4 1 0.081500 0.235899 0.067096 0.000780 0.614726
4 1 0.066764 0.217511 0.067221 0.000551 0.647953
4 1 0.081352 0.233503 0.074373 0.001329 0.609443
4 1 0.028820 0.092475 0.027748 0.001115 0.849842
4 1 0.017640 0.089920 0.029003 0.000418 0.863020
4 4 0.027546 0.059796 0.012547 0.000296 0.899815
4 4 0.019683 0.040934 0.007454 0.000186 0.931743
4 4 0.011294 0.026170 0.006733 0.000513 0.955290
4 4 0.031050 0.023624 0.002013 0.000084 0.943229
4 4 0.031187 0.024381 0.003120 0.000268 0.941044
4 4 0.052311 0.041968 0.004447 0.000201 0.901074
4 4 0.112211 0.027423 0.008106 0.000984 0.851276
4 4 0.048828 0.017504 0.010440 0.000779 0.922449
4 4 0.069804 0.050094 0.006151 0.000178 0.873774
4 4 0.066616 0.025901 0.010550 0.001034 0.895899
4 4 0.053007 0.028428 0.006231 0.000737 0.911596
4 4 0.107439 0.051439 0.012543 0.001470 0.827108
4 4 0.071828 0.057240 0.006745 0.000331 0.863857
4 4 0.191790 0.028095 0.006958 0.000826 0.772331
4 4 0.023442 0.019734 0.001764 0.000110 0.954950
4 4 0.116400 0.015919 0.017333 0.002464 0.847885
4 4 0.063522 0.022134 0.009632 0.001544 0.903168
4 4 0.039735 0.018706 0.003150 0.000198 0.938211
4 4 0.041352 0.015099 0.002950 0.000244 0.940355
4 4 0.024151 0.017281 0.001143 0.000016 0.957409
4 4 0.018796 0.010924 0.001745 0.000062 0.968473
4 4 0.013640 0.013789 0.002311 0.000139 0.970120
4 4 0.016796 0.022081 0.002254 0.000023 0.958846
