1 0 0.236479 0.406093 0.090890 0.000029 0.266508
1 0 0.251568 0.421468 0.095193 0.000027 0.231744
0 0 0.380716 0.229036 0.036797 0.000027 0.353424
0 0 0.452661 0.270939 0.046456 0.000028 0.229916
0 0 0.588767 0.192145 0.027937 0.000021 0.191130
0 0 0.825025 0.054434 0.005577 0.000011 0.114954
0 0 0.608954 0.180739 0.023372 0.000004 0.186931
0 0 0.833354 0.052288 0.004589 0.000005 0.109765
0 0 0.586860 0.147930 0.017058 0.000003 0.248149
0 0 0.860928 0.048496 0.004674 0.000007 0.085896
0 0 0.942157 0.030772 0.002670 0.000004 0.024397
0 0 0.832632 0.104017 0.013376 0.000016 0.049960
0 0 0.908493 0.052693 0.005246 0.000004 0.033564
0 0 0.780515 0.134191 0.017849 0.000011 0.067435
0 0 0.908189 0.035681 0.003536 0.000008 0.052586
0 0 0.546013 0.212122 0.034604 0.000074 0.207187
0 0 0.436534 0.363754 0.084741 0.000215 0.114755
1 0 0.392866 0.399257 0.105076 0.000527 0.102274
1 0 0.392866 0.399257 0.105076 0.000527 0.102274
1 0 0.392866 0.399257 0.105076 0.000527 0.102274
1 0 0.151120 0.509649 0.177217 0.000835 0.161179
1 0 0.151120 0.509649 0.177217 0.000835 0.161179
1 0 0.151120 0.509649 0.177217 0.000835 0.161179
1 0 0.151120 0.509649 0.177217 0.000835 0.161179
1 0 0.151120 0.509649 0.177217 0.000835 0.161179
1 0 0.151120 0.509649 0.177217 0.000835 0.161179
1 0 0.151120 0.509649 0.177217 0.000835 0.161179
1 0 0.151120 0.509649 0.177217 0.000835 0.161179
1 0 0.151120 0.509649 0.177217 0.000835 0.161179
1 0 0.151120 0.509649 0.177217 0.000835 0.161179
1 0 0.151120 0.509649 0.177217 0.000835 0.161179
1 0 0.151120 0.509649 0.177217 0.000835 0.161179
1 0 0.151120 0.509649 0.177217 0.000835 0.161179
1 0 0.151120 0.509649 0.177217 0.000835 0.161179
1 0 0.151120 0.509649 0.177217 0.000835 0.161179
1 0 0.151120 0.509649 0.177217 0.000835 0.161179
1 0 0.151120 0.509649 0.177217 0.000835 0.161179
1 0 0.151120 0.509649 0.177217 0.000835 0.161179
1 0 0.151120 0.509649 0.177217 0.000835 0.161179
1 0 0.151120 0.509649 0.177217 0.000835 0.161179
1 0 0.217946 0.506002 0.164553 0.000581 0.110918
1 0 0.217946 0.506002 0.164553 0.000581 0.110918
1 0 0.217946 0.506002 0.164553 0.000581 0.110918
1 0 0.217946 0.506001 0.164552 0.000581 0.110920
1 0 0.257255 0.446070 0.121320 0.000280 0.175074
0 0 0.976737 0.014173 0.002485 0.000084 0.006520
0 0 0.965346 0.022865 0.003745 0.000130 0.007914
0 0 0.974722 0.016670 0.001267 0.000001 0.007339
0 0 0.965608 0.023610 0.003498 0.000096 0.007188
0 0 0.961863 0.027640 0.003026 0.000034 0.007437
0 0 0.459492 0.394333 0.079050 0.000005 0.067120
1 0 0.395112 0.439172 0.096324 0.000007 0.069385
1 0 0.384821 0.446106 0.092734 0.000003 0.076337
0 0 0.434645 0.402281 0.076518 0.000002 0.086554
1 0 0.352976 0.469115 0.100813 0.000003 0.077093
0 0 0.590896 0.300220 0.059117 0.000021 0.049745
0 0 0.620056 0.280442 0.051150 0.000010 0.048343
0 0 0.869518 0.090335 0.012601 0.000044 0.027501
0 0 0.879070 0.068718 0.012880 0.000507 0.038825
0 0 0.827539 0.124506 0.018240 0.000019 0.029696
0 0 0.583027 0.134281 0.014771 0.000002 0.267919
0 0 0.408209 0.163818 0.022263 0.000016 0.405694
0 0 0.651393 0.102762 0.010370 0.000003 0.235473
0 0 0.566728 0.149323 0.017521 0.000004 0.266424
0 0 0.419927 0.238849 0.034444 0.000004 0.306776
0 0 0.511907 0.300727 0.049870 0.000005 0.137491
0 0 0.605136 0.245322 0.035740 0.000002 0.113800
1 0 0.388213 0.396283 0.072627 0.000002 0.142875
1 0 0.349269 0.426657 0.082225 0.000003 0.141846
1 0 0.371680 0.396507 0.073276 0.000003 0.158534
0 0 0.891483 0.080136 0.011132 0.000032 0.017216
0 0 0.972044 0.015773 0.002245 0.000030 0.009909
0 0 0.980106 0.010322 0.001277 0.000009 0.008286
0 0 0.969638 0.016451 0.002376 0.000031 0.011504
0 0 0.964175 0.019621 0.003281 0.000073 0.012850
0 0 0.875512 0.080331 0.009700 0.000012 0.034445
0 0 0.837997 0.109296 0.014329 0.000010 0.038367
0 0 0.916757 0.049973 0.005457 0.000019 0.027794
0 0 0.828332 0.124523 0.017040 0.000006 0.030098
0 0 0.676032 0.234436 0.038958 0.000008 0.050566
0 0 0.762483 0.124590 0.015325 0.000008 0.097594
0 0 0.750834 0.112568 0.013939 0.000023 0.122636
0 0 0.710472 0.114624 0.012896 0.000006 0.162001
0 0 0.791506 0.092014 0.009847 0.000005 0.106627
0 0 0.556737 0.252578 0.042685 0.000030 0.147971
0 0 0.469516 0.285311 0.047570 0.000011 0.197591
0 0 0.480213 0.280747 0.050785 0.000048 0.188206
0 0 0.687277 0.144652 0.019738 0.000034 0.148298
0 0 0.574296 0.201330 0.028540 0.000010 0.195823
0 0 0.459235 0.228007 0.034716 0.000015 0.278028
1 0 0.352028 0.375022 0.054866 0.000000 0.218083
1 0 0.221872 0.447697 0.079753 0.000000 0.250678
1 0 0.245591 0.450957 0.076914 0.000000 0.226538
1 0 0.244765 0.441224 0.075409 0.000000 0.238602
1 1 0.224302 0.474202 0.082830 0.000000 0.218666
1 1 0.024984 0.453888 0.127326 0.000000 0.393802
4 1 0.009604 0.383156 0.129453 0.000000 0.477786
1 1 0.020723 0.502111 0.156818 0.000000 0.320347
1 2 0.006676 0.452951 0.214263 0.000004 0.326106
1 2 0.007252 0.498205 0.232704 0.000002 0.261838
1 2 0.002636 0.363426 0.320309 0.000007 0.313622
2 2 0.000829 0.239017 0.670607 0.000034 0.089512
2 2 0.002651 0.313515 0.355461 0.000011 0.328362
2 2 0.001880 0.282237 0.487982 0.000021 0.227881
2 2 0.001948 0.285976 0.542820 0.000050 0.169206
2 2 0.001058 0.140935 0.784075 0.000435 0.073497
2 2 0.000523 0.122309 0.843908 0.000395 0.032865
2 2 0.000761 0.116929 0.828697 0.000470 0.053142
2 2 0.001133 0.182209 0.763286 0.000516 0.052855
2 2 0.000695 0.122924 0.836581 0.000608 0.039191
2 2 0.000806 0.092170 0.880337 0.006758 0.019929
2 2 0.000621 0.086258 0.889333 0.003712 0.020076
2 2 0.000662 0.090575 0.880563 0.002911 0.025289
2 2 0.002129 0.173712 0.782135 0.008748 0.033277
2 2 0.000964 0.137878 0.833854 0.003122 0.024181
2 2 0.004003 0.134518 0.759533 0.054998 0.046948
2 2 0.001915 0.088548 0.841940 0.036377 0.031221
2 2 0.006160 0.146529 0.703357 0.086046 0.057908
2 2 0.005844 0.165669 0.721271 0.051571 0.055645
2 3 0.007856 0.187930 0.673885 0.066773 0.063557
2 3 0.002101 0.061118 0.728455 0.187745 0.020580
2 3 0.003223 0.086305 0.726114 0.156059 0.028299
2 3 0.001835 0.050985 0.703730 0.224417 0.019033
2 3 0.002809 0.073286 0.714303 0.182181 0.027421
2 3 0.005976 0.115994 0.659785 0.170684 0.047562
2 3 0.003031 0.077173 0.711029 0.181910 0.026858
2 3 0.002924 0.064116 0.661984 0.245150 0.025826
2 3 0.003744 0.080878 0.674447 0.208687 0.032244
2 3 0.001906 0.046044 0.655628 0.278146 0.018277
2 3 0.003257 0.071450 0.670415 0.226676 0.028202
2 3 0.005740 0.103907 0.641799 0.203603 0.044951
2 3 0.004735 0.100858 0.679622 0.176727 0.038057
2 3 0.004850 0.094725 0.657301 0.206384 0.036739
2 3 0.001537 0.042911 0.688660 0.249827 0.017065
2 3 0.002415 0.059945 0.688577 0.226321 0.022742
2 3 0.001627 0.027091 0.478465 0.477521 0.015297
2 3 0.002450 0.048820 0.608390 0.318039 0.022301
2 3 0.002148 0.036542 0.525544 0.416547 0.019218
2 3 0.002894 0.057589 0.625814 0.288093 0.025609
2 3 0.002701 0.045533 0.551575 0.376567 0.023623
3 3 0.000676 0.014873 0.473611 0.502798 0.008041
2 3 0.001493 0.032248 0.580123 0.370680 0.015456
2 3 0.001572 0.027780 0.500037 0.454996 0.015614
2 3 0.001539 0.026933 0.493011 0.463091 0.015426
2 3 0.001828 0.033073 0.529671 0.418834 0.016594
3 3 0.002307 0.030014 0.422855 0.524960 0.019864
3 3 0.002110 0.031123 0.462511 0.485774 0.018482
2 3 0.005214 0.063055 0.493264 0.400568 0.037899
3 3 0.001742 0.023709 0.404142 0.554531 0.015875
2 3 0.002820 0.040162 0.486796 0.446012 0.024211
2 3 0.001043 0.022964 0.537923 0.426532 0.011537
2 3 0.001846 0.030382 0.490230 0.461026 0.016515
3 3 0.001093 0.019642 0.455422 0.512510 0.011332
3 3 0.001109 0.019858 0.454588 0.513557 0.010888
2 3 0.002446 0.038324 0.508048 0.429706 0.021476
2 3 0.003080 0.045629 0.514246 0.411016 0.026030
3 3 0.001895 0.028612 0.457852 0.494598 0.017044
2 3 0.002350 0.035536 0.488093 0.453000 0.021021
2 3 0.001909 0.034749 0.539144 0.406132 0.018066
2 3 0.003278 0.050127 0.535197 0.383506 0.027893
3 3 0.001210 0.018400 0.400615 0.567510 0.012265
3 3 0.002026 0.029730 0.455020 0.495240 0.017985
3 3 0.001596 0.024504 0.442323 0.516075 0.015503
3 3 0.002178 0.029654 0.434084 0.514832 0.019252
3 3 0.002463 0.034739 0.464388 0.477508 0.020903
3 3 0.001027 0.017424 0.422354 0.548510 0.010685
3 3 0.000769 0.014972 0.439598 0.535914 0.008746
2 3 0.001567 0.029122 0.522272 0.430808 0.016231
3 3 0.000995 0.017627 0.435734 0.535382 0.010263
2 3 0.001746 0.028551 0.481136 0.471922 0.016646
2 3 0.004023 0.048369 0.461170 0.455706 0.030731
3 3 0.002407 0.031479 0.430757 0.514617 0.020741
3 3 0.001733 0.026068 0.443960 0.512522 0.015718
2 3 0.003039 0.040338 0.466697 0.465152 0.024775
3 3 0.002597 0.035506 0.458516 0.481571 0.021810
2 3 0.001384 0.025856 0.506739 0.451588 0.014433
3 3 0.000721 0.014409 0.441095 0.535617 0.008158
2 3 0.001360 0.026208 0.517827 0.440313 0.014292
3 3 0.001098 0.019624 0.453242 0.514948 0.011089
2 3 0.000843 0.019428 0.527328 0.442571 0.009830
2 3 0.002452 0.038224 0.506318 0.431319 0.021687
3 3 0.000877 0.016967 0.455705 0.516740 0.009710
3 3 0.001988 0.029926 0.463414 0.486570 0.018102
3 3 0.001323 0.022458 0.458054 0.505075 0.013091
3 3 0.001213 0.020840 0.451163 0.514379 0.012405
3 3 0.001300 0.020044 0.416087 0.549414 0.013155
3 3 0.000488 0.010797 0.428696 0.553913 0.006107
3 3 0.000803 0.014509 0.414171 0.561789 0.008728
3 3 0.000916 0.017282 0.451321 0.520467 0.010014
3 3 0.001030 0.017338 0.420000 0.550747 0.010885
3 3 0.000927 0.013153 0.338907 0.637552 0.009461
3 3 0.002775 0.035425 0.438955 0.500077 0.022768
3 3 0.003079 0.040173 0.461335 0.470390 0.025023
2 3 0.003795 0.047352 0.469069 0.450412 0.029372
2 3 0.004201 0.057626 0.520250 0.383418 0.034506
2 3 0.002788 0.100339 0.778370 0.090892 0.027611
2 3 0.002352 0.074058 0.754979 0.145982 0.022629
2 1 0.005430 0.097587 0.726829 0.147624 0.022531
2 2 0.008307 0.143042 0.737444 0.084080 0.027127
2 2 0.009483 0.241050 0.631912 0.048698 0.068857
1 1 0.216752 0.493253 0.142516 0.000161 0.147319
0 1 0.466339 0.312175 0.058722 0.000035 0.162729
1 1 0.267750 0.459869 0.112734 0.000041 0.159605
1 1 0.188305 0.523514 0.158140 0.000109 0.129932
1 1 0.253359 0.484567 0.115879 0.000014 0.146180
1 0 0.386439 0.424025 0.099409 0.000041 0.090085
0 0 0.781736 0.138311 0.019645 0.000022 0.060286
0 1 0.621297 0.242318 0.042929 0.000049 0.093408
1 0 0.265588 0.500539 0.136170 0.000054 0.097649
0 0 0.755972 0.157713 0.022758 0.000014 0.063543
0 1 0.558726 0.271766 0.045343 0.000012 0.124154
1 0 0.338989 0.441890 0.093602 0.000007 0.125512
0 0 0.397048 0.395344 0.076142 0.000005 0.131461
0 0 0.490290 0.297758 0.052089 0.000016 0.159846
0 0 0.781282 0.126020 0.016100 0.000010 0.076589
0 0 0.925939 0.042847 0.004347 0.000012 0.026855
0 0 0.927540 0.033439 0.008790 0.000720 0.029511
0 0 0.940329 0.031900 0.005316 0.000115 0.022340
0 0 0.949454 0.029227 0.002687 0.000009 0.018623
0 0 0.707985 0.191285 0.029337 0.000014 0.071379
0 0 0.853990 0.082289 0.010734 0.000083 0.052904
0 0 0.939198 0.022401 0.002558 0.000008 0.035836
0 0 0.951963 0.017005 0.002570 0.000020 0.028443
0 0 0.916955 0.039470 0.005526 0.000053 0.037996
0 1 0.719932 0.182099 0.027513 0.000015 0.070441
1 0 0.222875 0.487337 0.112106 0.000006 0.177675
1 0 0.358198 0.373661 0.075556 0.000023 0.192561
1 0 0.344035 0.368278 0.064845 0.000003 0.222840
0 0 0.446452 0.320475 0.062453 0.000052 0.170569
0 0 0.539964 0.256747 0.046235 0.000078 0.156976
0 0 0.877913 0.085112 0.013670 0.000450 0.022855
0 0 0.916664 0.059552 0.008703 0.000282 0.014798
0 0 0.882407 0.082522 0.013505 0.000616 0.020950
0 0 0.844415 0.114770 0.021979 0.000950 0.017886
0 0 0.677217 0.234159 0.044568 0.000058 0.043998
1 0 0.356942 0.373501 0.072629 0.000012 0.196916
1 1 0.370323 0.407127 0.080843 0.000007 0.141700
1 1 0.285396 0.453543 0.099064 0.000009 0.161988
0 0 0.386597 0.344472 0.066083 0.000022 0.202825
0 0 0.743252 0.141714 0.023853 0.000625 0.090557
0 1 0.649528 0.138445 0.020261 0.000184 0.191582
0 0 0.400068 0.321815 0.055559 0.000007 0.222551
0 0 0.680000 0.140192 0.018381 0.000023 0.161403
0 0 0.647815 0.180551 0.028896 0.000114 0.142624
0 0 0.727839 0.138003 0.027424 0.001082 0.105652
0 0 0.868191 0.087083 0.021766 0.004920 0.018041
0 0 0.810908 0.118434 0.020076 0.000735 0.049847
0 1 0.747160 0.159079 0.025729 0.000101 0.067931
0 0 0.610685 0.263670 0.054490 0.000220 0.070934
0 0 0.835114 0.109689 0.023142 0.002462 0.029592
0 0 0.877172 0.089824 0.018425 0.003172 0.011408
0 0 0.867406 0.096357 0.017232 0.000852 0.018152
0 0 0.911555 0.067114 0.012300 0.001594 0.007437
0 0 0.868365 0.092511 0.021596 0.003583 0.013945
0 0 0.777242 0.152217 0.041118 0.003466 0.025958
0 0 0.721986 0.181564 0.034443 0.000521 0.061486
0 0 0.769311 0.159714 0.029903 0.000445 0.040627
0 0 0.779985 0.147962 0.030579 0.003200 0.038273
0 1 0.793895 0.127954 0.022307 0.000887 0.054957
0 0 0.593871 0.271716 0.053345 0.000094 0.080974
0 0 0.764304 0.118792 0.015855 0.000045 0.101004
0 0 0.812850 0.091429 0.011694 0.000074 0.083953
0 0 0.776332 0.097062 0.012039 0.000051 0.114516
0 0 0.765353 0.099650 0.026917 0.002230 0.105850
0 0 0.907275 0.043289 0.004042 0.000008 0.045385
0 0 0.812141 0.138528 0.025426 0.000271 0.023634
0 0 0.881866 0.087864 0.016101 0.001115 0.013054
0 0 0.855923 0.079621 0.039715 0.012945 0.011795
0 0 0.768329 0.123109 0.056522 0.036635 0.015404
0 0 0.907535 0.067969 0.013113 0.001351 0.010032
0 0 0.929800 0.053518 0.007716 0.000142 0.008824
0 0 0.889076 0.077046 0.018875 0.006437 0.008566
0 0 0.872155 0.092182 0.017379 0.001730 0.016554
0 0 0.936650 0.045197 0.005503 0.000043 0.012607
0 0 0.942293 0.041236 0.005639 0.000139 0.010693
0 0 0.810478 0.098437 0.018403 0.000600 0.072083
0 0 0.686042 0.140123 0.074563 0.021648 0.077624
0 0 0.684799 0.125993 0.047071 0.006127 0.136010
0 0 0.946435 0.027583 0.003191 0.000018 0.022773
0 0 0.611932 0.247677 0.045072 0.000067 0.095253
0 0 0.713676 0.145636 0.030667 0.001502 0.108519
0 1 0.547272 0.266676 0.048321 0.000058 0.137673
1 0 0.370126 0.410020 0.089105 0.000024 0.130725
0 0 0.764758 0.132927 0.026507 0.001343 0.074465
0 0 0.753086 0.146580 0.030474 0.001177 0.068684
0 0 0.957516 0.028967 0.007400 0.002518 0.003599
0 0 0.968489 0.020989 0.005280 0.001190 0.004052
0 0 0.973179 0.019638 0.003698 0.000371 0.003115
0 0 0.961334 0.029049 0.003209 0.000022 0.006386
0 0 0.974963 0.016723 0.003358 0.000265 0.004690
0 0 0.463307 0.138867 0.014140 0.000000 0.383686
4 0 0.284049 0.223320 0.027723 0.000000 0.464907
4 0 0.267955 0.250949 0.033283 0.000000 0.447813
4 0 0.253315 0.259559 0.033736 0.000000 0.453390
4 0 0.343555 0.174917 0.021829 0.000002 0.459696
0 0 0.644149 0.171720 0.024984 0.000037 0.159111
0 0 0.666313 0.152398 0.020824 0.000028 0.160437
0 0 0.721165 0.098274 0.017589 0.000264 0.162707
0 0 0.814939 0.085531 0.009191 0.000007 0.090332
0 0 0.836245 0.058832 0.007523 0.000036 0.097365
0 0 0.595955 0.265917 0.047647 0.000029 0.090453
0 0 0.779296 0.135702 0.020928 0.000108 0.063967
0 0 0.564896 0.304192 0.055177 0.000010 0.075726
0 0 0.797943 0.136013 0.021380 0.000077 0.044587
0 0 0.837281 0.086360 0.010784 0.000045 0.065530
0 0 0.948396 0.028645 0.002672 0.000008 0.020280
0 0 0.977944 0.012985 0.001311 0.000006 0.007754
0 0 0.933045 0.034878 0.005635 0.000104 0.026337
0 0 0.940827 0.027934 0.006009 0.000248 0.024982
0 0 0.961369 0.016627 0.003925 0.000186 0.017894
0 0 0.474154 0.259685 0.039252 0.000005 0.226904
1 0 0.332461 0.335392 0.061401 0.000011 0.270735
0 0 0.365703 0.327227 0.052569 0.000002 0.254500
0 1 0.567493 0.194709 0.029417 0.000038 0.208343
0 0 0.379872 0.302405 0.047491 0.000003 0.270229
0 0 0.908233 0.049187 0.006691 0.000073 0.035814
0 0 0.848769 0.088044 0.010895 0.000023 0.052269
0 0 0.842117 0.091398 0.010861 0.000011 0.055614
0 0 0.848581 0.079420 0.012326 0.000210 0.059463
0 1 0.855468 0.084870 0.012343 0.000215 0.047104
1 0 0.408739 0.414169 0.121938 0.000908 0.054245
1 0 0.347769 0.449575 0.123687 0.000215 0.078754
0 0 0.699155 0.204378 0.046269 0.001524 0.048674
0 0 0.391507 0.370010 0.187394 0.003674 0.047415
0 1 0.501171 0.271907 0.164139 0.016402 0.046380
1 1 0.299025 0.482314 0.152324 0.000562 0.065775
1 1 0.389776 0.404459 0.111553 0.000866 0.093346
1 1 0.281549 0.485604 0.154701 0.000688 0.077458
1 1 0.280379 0.475580 0.145191 0.000602 0.098248
0 1 0.540592 0.323551 0.083448 0.000981 0.051429
2 1 0.270771 0.269818 0.388121 0.032606 0.038683
0 1 0.506344 0.341471 0.092024 0.001554 0.058608
0 1 0.646964 0.256817 0.066175 0.001891 0.028153
1 0 0.332396 0.453712 0.145690 0.001597 0.066604
0 0 0.437338 0.241135 0.247024 0.047024 0.027479
1 1 0.319400 0.419193 0.106496 0.000230 0.154681
1 1 0.343679 0.376723 0.169973 0.001204 0.108421
1 1 0.343475 0.389479 0.092354 0.000182 0.174510
1 1 0.223389 0.532008 0.146304 0.000024 0.098275
1 1 0.256163 0.507210 0.139424 0.000051 0.097153
1 1 0.093705 0.567113 0.216844 0.000192 0.122146
1 1 0.145326 0.540925 0.184909 0.000249 0.128592
1 1 0.165997 0.541540 0.170836 0.000099 0.121528
1 1 0.172456 0.548631 0.171090 0.000070 0.107753
1 1 0.207034 0.533664 0.165200 0.000112 0.093989
1 1 0.125102 0.525313 0.161259 0.000057 0.188269
1 1 0.151001 0.523739 0.149927 0.000033 0.175300
1 1 0.137307 0.536803 0.150424 0.000014 0.175452
1 1 0.142945 0.536554 0.152530 0.000019 0.167951
1 1 0.113860 0.534616 0.157952 0.000020 0.193552
0 1 0.520479 0.350565 0.097360 0.000675 0.030920
1 1 0.371699 0.436509 0.154301 0.003765 0.033727
0 0 0.460049 0.243101 0.217450 0.052897 0.026503
0 0 0.435356 0.277564 0.222743 0.018180 0.046158
0 0 0.480516 0.263911 0.176314 0.015581 0.063678
0 0 0.529203 0.236398 0.039011 0.000040 0.195349
1 1 0.259704 0.484788 0.093924 0.000001 0.161584
1 1 0.115706 0.554286 0.154685 0.000006 0.175317
1 1 0.135833 0.525228 0.135440 0.000005 0.203494
1 1 0.110773 0.493492 0.138175 0.000020 0.257540
1 1 0.004725 0.404341 0.207719 0.000009 0.383206
1 1 0.004325 0.453688 0.307112 0.000031 0.234843
1 2 0.004635 0.427366 0.308231 0.000035 0.259733
1 2 0.004762 0.443780 0.282505 0.000028 0.268925
1 2 0.003893 0.389215 0.321428 0.000023 0.285440
1 2 0.003941 0.440644 0.252944 0.000010 0.302461
4 2 0.004477 0.335195 0.135096 0.000001 0.525231
4 2 0.005061 0.312028 0.125623 0.000002 0.557287
4 2 0.004850 0.331827 0.135565 0.000001 0.527758
4 2 0.001859 0.327090 0.318185 0.000003 0.352864
2 2 0.000889 0.238062 0.696361 0.000086 0.064603
2 2 0.001003 0.275703 0.642963 0.000050 0.080281
2 2 0.000689 0.185834 0.737980 0.000057 0.075440
2 2 0.000290 0.124315 0.821667 0.000026 0.053701
2 2 0.000764 0.212544 0.718597 0.000068 0.068027
2 2 0.000750 0.150386 0.779560 0.000145 0.069159
2 2 0.001940 0.331697 0.524102 0.000048 0.142212
2 2 0.003692 0.382877 0.497079 0.000300 0.116052
2 2 0.000553 0.124278 0.823012 0.000174 0.051983
2 2 0.001606 0.239737 0.676981 0.000271 0.081405
2 2 0.000186 0.080042 0.894499 0.000093 0.025179
2 2 0.000563 0.145833 0.820430 0.000325 0.032849
2 2 0.000946 0.212310 0.755663 0.000662 0.030420
2 2 0.000426 0.113431 0.871303 0.001622 0.013218
2 2 0.000183 0.082604 0.906970 0.000557 0.009686
2 2 0.000771 0.130983 0.825254 0.000602 0.042391
2 2 0.001214 0.192432 0.762476 0.000841 0.043038
2 2 0.000406 0.085999 0.884304 0.000113 0.029178
2 2 0.001241 0.194288 0.773582 0.001966 0.028923
2 -1 0.001164 0.183424 0.769688 0.000768 0.044957
2 2 0.001186 0.108161 0.856402 0.015209 0.019042
2 2 0.000554 0.077668 0.899415 0.004033 0.018331
2 2 0.001720 0.142809 0.816847 0.014891 0.023733
2 2 0.000922 0.090024 0.875989 0.018201 0.014863
2 2 0.002561 0.171732 0.777533 0.017746 0.030427
2 2 0.000341 0.050392 0.923146 0.019745 0.006376
2 2 0.001272 0.126967 0.839592 0.013519 0.018651
2 2 0.001296 0.117339 0.845478 0.017658 0.018229
2 2 0.000867 0.096282 0.874688 0.013255 0.014909
2 2 0.001521 0.121043 0.836208 0.021155 0.020073
2 2 0.002959 0.150916 0.781705 0.033327 0.031093
2 2 0.004013 0.155531 0.754143 0.049452 0.036860
2 2 0.002417 0.130656 0.804044 0.036518 0.026364
2 2 0.003284 0.161997 0.768961 0.031963 0.033795
2 2 0.003421 0.146005 0.770930 0.046056 0.033587
2 2 0.003637 0.147715 0.765178 0.049184 0.034286
2 2 0.003602 0.160539 0.762460 0.038079 0.035320
2 2 0.001733 0.099020 0.833053 0.046443 0.019750
2 2 0.002616 0.117231 0.797853 0.056058 0.026242
2 2 0.003277 0.117939 0.770546 0.076128 0.032110
2 2 0.005706 0.158476 0.711078 0.078293 0.046447
2 2 0.004192 0.128615 0.743969 0.088226 0.034999
2 2 0.004230 0.141147 0.747889 0.069905 0.036829
2 2 0.006659 0.164759 0.691165 0.088420 0.048998
2 2 0.009384 0.213770 0.642707 0.068973 0.065166
2 3 0.005215 0.129797 0.709642 0.116293 0.039053
2 3 0.004094 0.106116 0.721569 0.134452 0.033769
2 3 0.008507 0.171079 0.653197 0.110801 0.056416
2 3 0.004235 0.119435 0.733547 0.105962 0.036821
2 3 0.004335 0.097610 0.691490 0.171528 0.035037
2 3 0.002195 0.048203 0.633409 0.296850 0.019342
2 3 0.001780 0.054302 0.731398 0.194330 0.018191
2 3 0.002510 0.073092 0.738254 0.162671 0.023472
2 3 0.002041 0.049178 0.661833 0.267752 0.019195
2 3 0.004486 0.100006 0.689966 0.171490 0.034052
2 3 0.004900 0.136214 0.725335 0.094926 0.038624
2 2 0.003423 0.099156 0.743340 0.126037 0.028044
2 2 0.007832 0.231867 0.657353 0.041530 0.061418
2 2 0.004601 0.183930 0.731636 0.037412 0.042421
2 2 0.004652 0.165517 0.737085 0.051914 0.040832
1 1 0.037668 0.538373 0.319274 0.006077 0.098608
1 1 0.072087 0.559262 0.288885 0.004041 0.075725
0 1 0.492519 0.341450 0.094554 0.003011 0.068466
1 1 0.073580 0.561031 0.242907 0.000603 0.121879
1 1 0.049532 0.467248 0.375015 0.015989 0.092216
1 1 0.010324 0.429627 0.217851 0.000095 0.342103
1 1 0.014497 0.472439 0.210659 0.000021 0.302384
1 1 0.007823 0.393124 0.392155 0.000329 0.206569
1 1 0.081009 0.494276 0.158843 0.000058 0.265813
1 1 0.071085 0.523247 0.179333 0.000054 0.226281
1 1 0.043349 0.539986 0.237904 0.000251 0.178510
2 1 0.011021 0.394930 0.441560 0.001030 0.151459
2 1 0.016160 0.345448 0.529802 0.002637 0.105953
2 1 0.008011 0.235985 0.680119 0.004237 0.071648
1 1 0.023088 0.495736 0.334940 0.001853 0.144383
2 2 0.004981 0.440387 0.490466 0.001732 0.062434
2 2 0.002454 0.332859 0.624174 0.001692 0.038821
2 2 0.004004 0.421242 0.518450 0.001475 0.054828
2 2 0.004884 0.407676 0.525020 0.002370 0.060050
2 1 0.012297 0.429922 0.487834 0.004654 0.065294
1 2 0.236044 0.430997 0.284077 0.013028 0.035854
2 2 0.012351 0.359509 0.601458 0.003033 0.023648
2 2 0.009280 0.238478 0.737590 0.004069 0.010584
2 2 0.009190 0.306220 0.664191 0.002965 0.017434
2 1 0.008007 0.319755 0.638258 0.004506 0.029474
0 1 0.379319 0.365740 0.093557 0.001120 0.160264
1 1 0.067335 0.535380 0.251046 0.002827 0.143412
1 1 0.179385 0.485817 0.145819 0.000254 0.188725
1 2 0.083901 0.547277 0.223848 0.000639 0.144335
1 2 0.078645 0.508955 0.232454 0.000502 0.179444
2 2 0.001428 0.225104 0.714030 0.000462 0.058975
2 2 0.001968 0.286011 0.638621 0.000373 0.073026
1 2 0.004690 0.503073 0.368931 0.000100 0.123206
2 2 0.002973 0.398905 0.526171 0.000434 0.071517
2 2 0.002632 0.324374 0.589010 0.000431 0.083553
2 2 0.001213 0.233107 0.725579 0.000614 0.039487
2 2 0.000839 0.170990 0.808094 0.002389 0.017688
2 2 0.001134 0.235387 0.739324 0.001540 0.022615
2 2 0.001100 0.218899 0.756531 0.001864 0.021607
2 2 0.002099 0.318351 0.639632 0.001260 0.038658
2 2 0.002202 0.254837 0.717736 0.002244 0.022981
2 2 0.004097 0.339958 0.609553 0.003004 0.043387
2 1 0.004761 0.354582 0.577778 0.001193 0.061687
2 1 0.032562 0.438098 0.464954 0.003063 0.061322
1 1 0.029596 0.579593 0.316791 0.000221 0.073800
1 0 0.412994 0.430311 0.090705 0.000004 0.065987
0 0 0.486854 0.379064 0.076436 0.000006 0.057640
0 0 0.725043 0.190513 0.039284 0.000850 0.044310
1 0 0.291343 0.522302 0.124016 0.000003 0.062336
1 0 0.220130 0.558711 0.153135 0.000008 0.068017
1 0 0.372878 0.460356 0.125304 0.000056 0.041406
0 0 0.494262 0.380227 0.086720 0.000021 0.038770
0 0 0.785397 0.160274 0.036891 0.002037 0.015401
0 1 0.618562 0.284195 0.066540 0.000223 0.030480
0 1 0.761435 0.173404 0.038844 0.001957 0.024360
1 1 0.229564 0.414750 0.100972 0.000087 0.254627
1 4 0.070793 0.499886 0.172502 0.000097 0.256721
4 4 0.040940 0.404057 0.134232 0.000046 0.420726
4 4 0.054359 0.391801 0.112425 0.000016 0.441399
4 4 0.048648 0.376839 0.111282 0.000022 0.463207
1 4 0.041947 0.423392 0.117779 0.000002 0.416880
4 4 0.026110 0.340967 0.088685 0.000001 0.544237
4 4 0.028509 0.339056 0.086005 0.000000 0.546430
4 4 0.044772 0.400850 0.102780 0.000001 0.451597
1 4 0.131295 0.444997 0.087117 0.000000 0.336591
4 4 0.062948 0.238148 0.043921 0.000001 0.654982
4 4 0.060425 0.234378 0.042220 0.000000 0.662976
4 4 0.040780 0.227730 0.043478 0.000000 0.688012
4 4 0.046050 0.199498 0.035380 0.000000 0.719072
4 4 0.077802 0.214934 0.036391 0.000001 0.670872
4 4 0.056165 0.346307 0.078519 0.000001 0.519008
4 4 0.108944 0.352499 0.072131 0.000002 0.466424
4 4 0.076484 0.336706 0.071272 0.000001 0.515537
4 4 0.063337 0.319093 0.066556 0.000001 0.551014
4 4 0.124138 0.370482 0.071731 0.000001 0.433648
4 4 0.045747 0.207519 0.037038 0.000000 0.709696
4 4 0.036875 0.235128 0.049096 0.000001 0.678900
4 4 0.049764 0.229090 0.043571 0.000000 0.677575
4 4 0.028035 0.228940 0.050531 0.000001 0.692493
4 4 0.034920 0.196105 0.039908 0.000001 0.729066
4 4 0.096902 0.237595 0.042462 0.000002 0.623040
4 4 0.125155 0.167459 0.026206 0.000004 0.681177
4 4 0.125575 0.185348 0.029179 0.000002 0.659897
4 4 0.106697 0.204154 0.034716 0.000003 0.654430
4 4 0.116185 0.209627 0.038122 0.000009 0.636057
4 4 0.292843 0.179859 0.026050 0.000012 0.501236
4 4 0.263642 0.158199 0.022123 0.000010 0.556027
4 4 0.215095 0.203589 0.031947 0.000008 0.549361
4 4 0.189626 0.148621 0.022329 0.000016 0.639408
4 4 0.187761 0.093479 0.017328 0.000068 0.701364
4 4 0.130541 0.239722 0.038582 0.000001 0.591154
4 4 0.063882 0.178716 0.033067 0.000003 0.724332
4 4 0.098947 0.137102 0.020901 0.000003 0.743047
4 4 0.090530 0.094628 0.014588 0.000004 0.800250
4 4 0.154350 0.125390 0.016617 0.000002 0.703640
4 4 0.035334 0.266078 0.058780 0.000001 0.639807
4 4 0.033963 0.285873 0.064354 0.000000 0.615810
4 4 0.021567 0.264370 0.065938 0.000001 0.648124
4 4 0.045204 0.318566 0.071148 0.000001 0.565080
4 4 0.025659 0.291988 0.070669 0.000000 0.611684
1 0 0.256511 0.534986 0.121603 0.000001 0.086899
0 1 0.424425 0.418672 0.069300 0.000000 0.087604
1 1 0.170958 0.588306 0.156849 0.000002 0.083885
1 1 0.119509 0.614522 0.193272 0.000005 0.072693
1 1 0.130271 0.612171 0.184008 0.000003 0.073548
1 1 0.041111 0.620002 0.235352 0.000003 0.103533
1 1 0.026814 0.594947 0.261663 0.000009 0.116568
1 1 0.022204 0.591844 0.267384 0.000007 0.118562
1 1 0.010496 0.559260 0.330338 0.000027 0.099879
1 1 0.012284 0.557593 0.300483 0.000019 0.129620
2 1 0.002722 0.420911 0.522968 0.000543 0.052855
2 1 0.002522 0.402077 0.537544 0.000431 0.057427
1 2 0.005271 0.512782 0.387947 0.000140 0.093860
2 2 0.002257 0.387784 0.530442 0.000175 0.079342
2 2 0.000504 0.128581 0.843855 0.000096 0.026964
1 2 0.004348 0.447561 0.412308 0.000175 0.135607
2 2 0.001162 0.225527 0.707515 0.000205 0.065591
2 2 0.001483 0.252649 0.682109 0.000323 0.063437
2 2 0.001074 0.226212 0.702721 0.000142 0.069850
2 2 0.001779 0.284800 0.594564 0.000094 0.118762
2 2 0.001579 0.325686 0.636268 0.000362 0.036105
1 2 0.003126 0.482849 0.466324 0.000256 0.047445
2 2 0.000953 0.221570 0.762312 0.000527 0.014638
2 2 0.001868 0.283541 0.696819 0.000794 0.016978
2 2 0.001756 0.303440 0.679060 0.000481 0.015264
2 2 0.004617 0.321519 0.666352 0.000333 0.007180
2 2 0.002111 0.253334 0.736784 0.000422 0.007349
1 2 0.008732 0.514002 0.450859 0.000420 0.025986
2 2 0.003715 0.275437 0.714077 0.000428 0.006343
2 2 0.004780 0.401313 0.579609 0.000336 0.013961
2 2 0.004888 0.318342 0.663735 0.000802 0.012232
2 2 0.005996 0.429607 0.539774 0.000656 0.023967
2 2 0.005627 0.411529 0.565524 0.000460 0.016860
2 2 0.007431 0.383351 0.596529 0.000530 0.012159
2 2 0.009358 0.464181 0.502286 0.000674 0.023501
1 1 0.011515 0.536582 0.419285 0.000503 0.032115
1 1 0.033325 0.602222 0.296542 0.000043 0.067867
1 1 0.010478 0.551796 0.377630 0.000117 0.059979
1 1 0.024752 0.603784 0.319725 0.000025 0.051714
1 1 0.017508 0.560925 0.377015 0.000343 0.044209
2 1 0.003064 0.266535 0.724614 0.000324 0.005464
2 2 0.002834 0.234371 0.759271 0.000237 0.003287
2 2 0.002137 0.244943 0.747207 0.000311 0.005402
2 2 0.002848 0.211794 0.781083 0.000446 0.003830
2 2 0.004958 0.337993 0.650936 0.000216 0.005897
2 2 0.001054 0.129095 0.865977 0.000773 0.003101
2 2 0.000753 0.125550 0.869390 0.000745 0.003562
2 2 0.001363 0.162129 0.830718 0.000854 0.004935
2 2 0.002567 0.190113 0.800613 0.001077 0.005629
2 2 0.002248 0.187148 0.806335 0.000544 0.003726
2 2 0.001036 0.112753 0.881077 0.001545 0.003589
2 2 0.001181 0.139319 0.851264 0.001885 0.006351
2 2 0.001065 0.102709 0.891453 0.001739 0.003034
2 2 0.001823 0.156460 0.833450 0.001907 0.006359
2 2 0.000613 0.117947 0.874095 0.001555 0.005789
2 2 0.001627 0.116838 0.873519 0.003256 0.004760
2 2 0.001384 0.109809 0.881587 0.002950 0.004270
2 2 0.000887 0.096476 0.895830 0.002763 0.004044
2 2 0.000545 0.075507 0.915832 0.004056 0.004061
2 2 0.000731 0.072146 0.919776 0.004269 0.003078
2 2 0.000724 0.090139 0.902840 0.002556 0.003741
2 2 0.001346 0.088790 0.899205 0.006308 0.004350
2 2 0.000828 0.108294 0.879004 0.004283 0.007591
2 2 0.001670 0.112415 0.873417 0.006025 0.006472
2 2 0.000515 0.060285 0.930391 0.005701 0.003108
2 2 0.001136 0.075330 0.895119 0.020875 0.007540
2 2 0.001740 0.100969 0.861149 0.023605 0.012538
2 2 0.000548 0.032218 0.910105 0.053829 0.003300
2 2 0.000888 0.099413 0.870718 0.015008 0.013973
2 2 0.000786 0.069824 0.896073 0.024289 0.009027
2 2 0.002007 0.104734 0.821147 0.050296 0.021816
2 2 0.003273 0.152277 0.773393 0.038174 0.032883
2 2 0.003278 0.152178 0.773299 0.038343 0.032901
2 2 0.003270 0.129607 0.776308 0.060094 0.030720
2 2 0.003636 0.140873 0.765728 0.056159 0.033605
2 2 0.004240 0.161365 0.747426 0.048454 0.038515
2 2 0.004046 0.139767 0.753376 0.067420 0.035392
2 2 0.003536 0.124892 0.765511 0.074579 0.031482
2 2 0.002868 0.118657 0.788342 0.062476 0.027658
2 3 0.005119 0.160152 0.726690 0.065733 0.042305
2 3 0.002214 0.069022 0.750088 0.158082 0.020593
2 3 0.002902 0.095247 0.765487 0.110404 0.025960
2 3 0.004003 0.114228 0.737916 0.110717 0.033136
2 3 0.003799 0.091928 0.706068 0.167701 0.030505
2 3 0.002438 0.084427 0.774865 0.114362 0.023906
2 3 0.002665 0.072351 0.722353 0.178693 0.023938
2 3 0.002865 0.079825 0.732232 0.159038 0.026041
2 3 0.002514 0.065066 0.704991 0.204079 0.023350
2 3 0.001709 0.044674 0.673532 0.263522 0.016562
2 3 0.002222 0.057573 0.695472 0.224528 0.020204
2 3 0.001984 0.048401 0.663596 0.267272 0.018748
2 3 0.001278 0.030433 0.599855 0.355359 0.013075
2 3 0.002101 0.043464 0.605051 0.330008 0.019376
2 3 0.001749 0.037104 0.592077 0.352694 0.016376
2 3 0.000669 0.022249 0.654315 0.314817 0.007950
2 3 0.003027 0.074089 0.699650 0.196633 0.026601
2 3 0.005533 0.122803 0.688819 0.140429 0.042416
2 3 0.003303 0.075678 0.685053 0.207227 0.028741
2 3 0.005222 0.099021 0.651756 0.203669 0.040332
2 3 0.003672 0.067854 0.620839 0.277243 0.030391
2 3 0.002080 0.042877 0.602068 0.334010 0.018965
2 3 0.001914 0.037795 0.573712 0.368802 0.017777
2 3 0.001370 0.033971 0.625834 0.325198 0.013627
2 3 0.002420 0.047339 0.599046 0.329772 0.021424
2 3 0.004015 0.077674 0.643747 0.242506 0.032058
2 3 0.001708 0.045214 0.678139 0.258458 0.016481
2 3 0.002292 0.049347 0.630882 0.296933 0.020546
2 3 0.002831 0.062612 0.662173 0.247134 0.025249
2 3 0.003853 0.071268 0.625134 0.268875 0.030870
2 3 0.001182 0.028631 0.595962 0.362194 0.012030
2 3 0.005015 0.081721 0.601625 0.274291 0.037348
2 3 0.004276 0.082106 0.645699 0.232721 0.035197
2 3 0.003906 0.067872 0.603813 0.292981 0.031428
2 3 0.002840 0.049746 0.572284 0.352050 0.023080
2 3 0.004928 0.075261 0.577083 0.305674 0.037053
2 3 0.002782 0.057150 0.633728 0.281653 0.024686
2 3 0.001915 0.038406 0.580527 0.361251 0.017902
2 3 0.001203 0.022836 0.492240 0.471547 0.012174
2 3 0.001304 0.028273 0.563004 0.393616 0.013802
2 3 0.001809 0.044047 0.653227 0.282950 0.017966
2 3 0.002980 0.061575 0.642949 0.265276 0.027219
2 3 0.002246 0.045989 0.608757 0.322645 0.020362
2 3 0.003839 0.069727 0.618194 0.277817 0.030423
2 3 0.003661 0.067274 0.618423 0.280709 0.029933
2 3 0.003160 0.064838 0.645183 0.259625 0.027193
2 3 0.003861 0.059697 0.557584 0.348584 0.030274
2 3 0.002481 0.041353 0.535376 0.399584 0.021205
2 3 0.001582 0.028928 0.515016 0.439211 0.015262
2 3 0.002831 0.049686 0.573642 0.349371 0.024468
2 3 0.003091 0.054572 0.586452 0.328960 0.026926
2 3 0.005395 0.088580 0.609378 0.256388 0.040260
2 3 0.003580 0.063981 0.606153 0.296558 0.029727
2 3 0.002881 0.054110 0.602903 0.315062 0.025044
2 3 0.002546 0.043414 0.547906 0.384820 0.021315
2 3 0.002880 0.043743 0.515653 0.413827 0.023898
2 3 0.002357 0.042731 0.564805 0.368813 0.021295
2 3 0.001534 0.029480 0.532026 0.422236 0.014725
2 3 0.003118 0.062334 0.634765 0.272678 0.027105
2 3 0.002344 0.051951 0.645093 0.278784 0.021828
2 3 0.002621 0.049990 0.598345 0.325833 0.023211
2 3 0.001269 0.029671 0.591463 0.364310 0.013286
2 3 0.002508 0.046721 0.583099 0.345999 0.021673
2 3 0.002468 0.048319 0.601344 0.326523 0.021346
2 3 0.001747 0.044375 0.666076 0.269951 0.017851
2 1 0.002677 0.057149 0.644299 0.271847 0.024028
2 1 0.014815 0.332918 0.595266 0.012098 0.044904
2 1 0.042193 0.397210 0.511209 0.011340 0.038048
1 2 0.026090 0.531992 0.356836 0.004007 0.081075
1 2 0.023864 0.512666 0.400916 0.003246 0.059308
1 2 0.023569 0.543184 0.359971 0.002777 0.070499
1 2 0.007723 0.518050 0.437675 0.000554 0.035998
2 2 0.006106 0.455052 0.511725 0.000578 0.026539
1 2 0.008272 0.523325 0.443300 0.000337 0.024766
1 2 0.010910 0.534427 0.430723 0.000367 0.023574
1 2 0.009021 0.525722 0.434772 0.000466 0.030019
2 2 0.005847 0.325903 0.661006 0.000374 0.006870
2 2 0.002708 0.232584 0.756729 0.000748 0.007231
2 2 0.006086 0.394005 0.581082 0.000680 0.018148
1 2 0.011738 0.515516 0.455311 0.000308 0.017127
1 2 0.010432 0.533279 0.437756 0.000249 0.018284
2 2 0.004914 0.393858 0.582668 0.000544 0.018017
2 2 0.002154 0.191164 0.799785 0.000956 0.005941
2 2 0.002850 0.191628 0.801824 0.000503 0.003195
2 2 0.004299 0.259704 0.729339 0.000592 0.006066
2 2 0.002753 0.240116 0.747561 0.000877 0.008693
2 2 0.006476 0.480263 0.493558 0.000299 0.019403
2 2 0.003226 0.290183 0.696068 0.000578 0.009946
2 2 0.000146 0.041798 0.954765 0.001843 0.001447
2 2 0.000825 0.169775 0.821831 0.000700 0.006869
2 2 0.000575 0.136970 0.857579 0.000548 0.004328
2 2 0.004154 0.366588 0.394920 0.000072 0.234266
1 2 0.008393 0.430554 0.223091 0.000057 0.337905
4 2 0.006698 0.379831 0.179004 0.000015 0.434452
4 2 0.009613 0.377094 0.160379 0.000013 0.452901
1 2 0.014605 0.451049 0.196821 0.000024 0.337501
4 2 0.016421 0.368031 0.131054 0.000008 0.484486
4 2 0.009872 0.282546 0.091078 0.000001 0.616503
4 2 0.006676 0.287856 0.107373 0.000002 0.598092
4 2 0.007216 0.332476 0.130576 0.000003 0.529730
4 2 0.024602 0.389780 0.105216 0.000000 0.480401
1 2 0.048798 0.559266 0.186730 0.000004 0.205202
1 2 0.027238 0.482883 0.168739 0.000005 0.321136
1 2 0.019847 0.483953 0.179384 0.000003 0.316813
1 2 0.025855 0.512698 0.195545 0.000008 0.265893
1 2 0.020233 0.495325 0.201606 0.000012 0.282824
1 2 0.019118 0.543504 0.236205 0.000009 0.201163
1 2 0.006202 0.418926 0.189789 0.000003 0.385080
1 2 0.017248 0.496566 0.182545 0.000001 0.303640
1 2 0.036015 0.595732 0.219115 0.000002 0.149136
1 2 0.039252 0.591494 0.230177 0.000008 0.139068
1 2 0.027971 0.610616 0.322388 0.000020 0.039004
1 2 0.022925 0.605291 0.336035 0.000018 0.035730
1 2 0.028517 0.610394 0.324854 0.000022 0.036213
1 2 0.025297 0.605040 0.332658 0.000025 0.036980
1 2 0.020757 0.594338 0.362298 0.000025 0.022582
1 2 0.012130 0.420532 0.167616 0.000005 0.399717
4 2 0.006110 0.384289 0.165772 0.000002 0.443827
1 2 0.031609 0.524455 0.198369 0.000012 0.245554
1 4 0.027777 0.525434 0.199069 0.000007 0.247711
1 4 0.016149 0.489726 0.193586 0.000004 0.300536
4 4 0.029970 0.261024 0.063095 0.000001 0.645910
4 4 0.029200 0.248887 0.062769 0.000003 0.659140
4 4 0.015448 0.237195 0.068335 0.000003 0.679019
4 4 0.016769 0.218747 0.059378 0.000003 0.705103
4 4 0.032187 0.242277 0.058000 0.000003 0.667533
1 4 0.058332 0.531912 0.149785 0.000001 0.259970
1 1 0.044336 0.571415 0.185639 0.000002 0.198609
1 1 0.075455 0.596823 0.190583 0.000004 0.137135
1 1 0.051684 0.579184 0.228342 0.000034 0.140756
1 1 0.053687 0.586272 0.240504 0.000052 0.119485
1 1 0.029530 0.607069 0.342182 0.000022 0.021196
1 1 0.025078 0.591887 0.364464 0.000043 0.018527
1 1 0.032592 0.609273 0.337426 0.000023 0.020686
1 1 0.029222 0.609174 0.333332 0.000023 0.028249
1 1 0.025708 0.593822 0.358700 0.000048 0.021723
2 1 0.010568 0.485024 0.496048 0.000134 0.008226
1 2 0.016752 0.550150 0.423616 0.000126 0.009356
2 2 0.006255 0.363154 0.624338 0.000206 0.006048
1 2 0.014361 0.545443 0.426211 0.000200 0.013785
1 0 0.011193 0.535437 0.442450 0.000123 0.010797
1 0 0.250905 0.453913 0.118197 0.000114 0.176871
1 1 0.165130 0.513924 0.173579 0.000582 0.146784
1 1 0.072673 0.550370 0.195498 0.000053 0.181407
1 1 0.035110 0.543829 0.235161 0.000082 0.185818
1 2 0.065490 0.525857 0.192516 0.000103 0.216034
2 2 0.000925 0.210553 0.690378 0.000053 0.098090
1 2 0.005780 0.494061 0.284696 0.000014 0.215447
1 2 0.002968 0.432201 0.374942 0.000027 0.189862
2 2 0.001657 0.323605 0.484340 0.000016 0.190382
2 2 0.000831 0.191326 0.709184 0.000050 0.098609
2 2 0.001328 0.319510 0.562404 0.000030 0.116727
2 2 0.001442 0.333778 0.540422 0.000029 0.124329
2 2 0.000691 0.243700 0.681517 0.000030 0.074062
1 2 0.010276 0.561837 0.373141 0.000050 0.054696
2 2 0.003471 0.417665 0.540500 0.000412 0.037952
1 2 0.010955 0.564942 0.387217 0.000047 0.036840
1 2 0.013980 0.578641 0.352238 0.000035 0.055106
1 2 0.006781 0.529257 0.436404 0.000112 0.027447
1 1 0.013031 0.574996 0.369515 0.000040 0.042418
1 1 0.025062 0.589470 0.358689 0.000077 0.026703
1 2 0.005664 0.519524 0.459697 0.000056 0.015059
1 2 0.006452 0.529251 0.445734 0.000058 0.018505
1 2 0.007892 0.535448 0.440649 0.000062 0.015948
1 2 0.009976 0.542647 0.432883 0.000072 0.014422
1 2 0.011019 0.552489 0.418896 0.000063 0.017534
2 2 0.003447 0.335632 0.649620 0.000380 0.010921
2 2 0.003435 0.234503 0.756990 0.000473 0.004599
2 1 0.004869 0.357278 0.628673 0.000302 0.008878
1 1 0.019457 0.556120 0.411368 0.000215 0.012841
1 1 0.016730 0.550778 0.420276 0.000180 0.012036
1 2 0.007958 0.522331 0.455543 0.000147 0.014021
2 2 0.004293 0.363462 0.624932 0.000179 0.007135
2 2 0.004843 0.410782 0.574285 0.000185 0.009905
2 2 0.003351 0.272569 0.718591 0.000300 0.005189
1 2 0.009558 0.495477 0.484198 0.000157 0.010611
1 2 0.028716 0.577396 0.342817 0.000368 0.050704
1 1 0.066235 0.590867 0.271131 0.000267 0.071501
1 1 0.095924 0.565571 0.210825 0.000153 0.127527
1 1 0.049244 0.617888 0.280644 0.000028 0.052195
1 2 0.028014 0.596934 0.299460 0.000038 0.075554
2 2 0.002005 0.274522 0.713149 0.000280 0.010044
2 2 0.002430 0.317654 0.667146 0.000406 0.012364
2 2 0.010387 0.441196 0.537056 0.000328 0.011033
1 2 0.008705 0.525902 0.444303 0.000271 0.020820
1 2 0.007683 0.520914 0.451019 0.000241 0.020142
2 2 0.003582 0.323512 0.661037 0.000492 0.011377
2 2 0.003035 0.285001 0.705509 0.000290 0.006164
1 1 0.011114 0.535799 0.435965 0.000231 0.016891
2 1 0.007618 0.474207 0.502469 0.000272 0.015434
2 1 0.002432 0.389015 0.588787 0.000316 0.019451
1 1 0.016756 0.563113 0.405731 0.000088 0.014311
1 1 0.054957 0.593975 0.329434 0.000242 0.021392
1 1 0.057051 0.586602 0.332489 0.000515 0.023343
1 2 0.014742 0.546236 0.418843 0.000340 0.019839
2 2 0.004252 0.264416 0.725209 0.000488 0.005636
2 2 0.003775 0.244076 0.747499 0.000395 0.004255
2 2 0.003252 0.287560 0.701533 0.000383 0.007272
1 1 0.012216 0.530833 0.440829 0.000244 0.015877
1 1 0.016243 0.486137 0.484152 0.000394 0.013074
1 1 0.062855 0.583714 0.335650 0.000535 0.017247
1 2 0.082913 0.545474 0.329891 0.003394 0.038328
2 2 0.023079 0.422838 0.526812 0.002724 0.024547
1 2 0.037413 0.534466 0.392015 0.001886 0.034221
1 2 0.026819 0.553065 0.379656 0.001370 0.039089
2 1 0.036163 0.427109 0.508060 0.003936 0.024732
1 1 0.199233 0.499511 0.162673 0.000690 0.137892
1 1 0.099062 0.566668 0.216867 0.000225 0.117178
1 2 0.025466 0.558868 0.318961 0.000514 0.096192
1 1 0.071011 0.511947 0.301941 0.000157 0.114943
1 2 0.060888 0.572957 0.227769 0.000078 0.138308
1 2 0.030526 0.462437 0.411883 0.000530 0.094624
1 0 0.046149 0.454059 0.399837 0.000208 0.099747
1 1 0.277405 0.481644 0.135211 0.000154 0.105586
1 1 0.172052 0.506604 0.149330 0.000106 0.171909
1 1 0.070638 0.590223 0.198757 0.000008 0.140375
1 1 0.029271 0.456864 0.191422 0.000174 0.322269
2 1 0.002984 0.245179 0.629323 0.000583 0.121931
4 2 0.008715 0.397130 0.189683 0.000037 0.404435
2 2 0.004130 0.272007 0.556735 0.000502 0.166627
2 1 0.004444 0.323518 0.426835 0.000119 0.245085
1 2 0.271576 0.350657 0.078552 0.000141 0.299074
1 0 0.222604 0.386762 0.090076 0.000074 0.300484
0 0 0.394978 0.293691 0.051341 0.000019 0.259971
0 0 0.592570 0.120298 0.015754 0.000032 0.271346
0 0 0.756732 0.100237 0.014782 0.000143 0.128105
0 0 0.751620 0.134781 0.021682 0.000406 0.091511
0 0 0.574061 0.250850 0.045985 0.000102 0.129003
0 0 0.614610 0.235136 0.041986 0.000084 0.108184
0 1 0.512218 0.303956 0.060559 0.000088 0.123179
1 1 0.382124 0.408740 0.093971 0.000056 0.115110
1 0 0.166512 0.532309 0.138712 0.000008 0.162459
1 1 0.196124 0.501677 0.124951 0.000012 0.177236
1 1 0.127469 0.560385 0.177044 0.000036 0.135065
1 1 0.159341 0.531594 0.136069 0.000006 0.172990
1 1 0.132505 0.564742 0.170815 0.000019 0.131920
1 1 0.082153 0.566498 0.219517 0.000165 0.131666
1 4 0.183584 0.483933 0.148395 0.000384 0.183703
1 4 0.152784 0.500607 0.148966 0.000108 0.197535
1 4 0.112989 0.515371 0.178783 0.000336 0.192520
1 4 0.105317 0.499644 0.182767 0.000868 0.211403
4 4 0.056562 0.374759 0.102910 0.000013 0.465756
4 4 0.036821 0.348335 0.099408 0.000008 0.515427
4 4 0.092324 0.348940 0.078617 0.000005 0.480113
4 4 0.040311 0.384028 0.108932 0.000005 0.466723
4 4 0.052101 0.388526 0.097420 0.000002 0.461951
4 4 0.234998 0.323349 0.058936 0.000006 0.382711
4 4 0.174183 0.365726 0.076087 0.000009 0.383994
4 4 0.254067 0.327432 0.063135 0.000018 0.355348
4 4 0.129424 0.385599 0.086641 0.000008 0.398328
4 4 0.205016 0.356238 0.072697 0.000013 0.366036
4 4 0.021643 0.344260 0.092783 0.000000 0.541313
4 4 0.025940 0.373315 0.095338 0.000000 0.505407
4 4 0.020062 0.377138 0.108493 0.000000 0.494306
4 1 0.015935 0.373126 0.110336 0.000000 0.500602
1 1 0.143561 0.476832 0.095510 0.000000 0.284097
1 1 0.097144 0.619608 0.173295 0.000001 0.109951
1 1 0.105822 0.606180 0.173331 0.000002 0.114665
1 1 0.083351 0.606430 0.182409 0.000002 0.127808
1 1 0.062200 0.610813 0.204494 0.000003 0.122491
1 1 0.050117 0.599253 0.226613 0.000010 0.124008
1 1 0.014326 0.556216 0.325384 0.000090 0.103984
1 2 0.015565 0.547892 0.374900 0.000626 0.061017
1 2 0.009743 0.531644 0.401720 0.000486 0.056406
1 2 0.015744 0.547356 0.380036 0.000709 0.056156
1 1 0.079268 0.584967 0.251093 0.000268 0.084404
0 0 0.643583 0.240084 0.043409 0.000050 0.072875
0 0 0.833383 0.111205 0.018711 0.000519 0.036183
0 1 0.744470 0.173707 0.027500 0.000028 0.054294
0 1 0.494949 0.359334 0.070734 0.000010 0.074973
1 1 0.342640 0.463932 0.113675 0.000026 0.079727
1 1 0.029694 0.627754 0.300932 0.000005 0.041616
1 1 0.023119 0.608375 0.334805 0.000014 0.033687
1 1 0.013681 0.563945 0.396224 0.000087 0.026063
1 1 0.033680 0.622968 0.308400 0.000011 0.034942
1 2 0.019663 0.592900 0.358157 0.000030 0.029250
1 2 0.283579 0.495678 0.131919 0.000042 0.088781
1 1 0.396836 0.411382 0.098947 0.000086 0.092749
0 1 0.552755 0.300319 0.064081 0.000176 0.082669
1 0 0.284329 0.497888 0.130598 0.000031 0.087154
0 0 0.806882 0.123368 0.020891 0.000540 0.048320
0 1 0.505607 0.232653 0.038296 0.000046 0.223398
1 0 0.316594 0.374073 0.073959 0.000014 0.235359
0 4 0.674730 0.133306 0.017345 0.000030 0.174588
1 4 0.326220 0.408280 0.084951 0.000014 0.180535
1 4 0.335552 0.393222 0.076722 0.000008 0.194496
1 4 0.061289 0.536929 0.153056 0.000001 0.248725
1 4 0.068783 0.534178 0.142746 0.000001 0.254293
1 4 0.058793 0.542924 0.157329 0.000001 0.240953
1 4 0.059102 0.551872 0.170924 0.000003 0.218099
1 0 0.104517 0.564431 0.142476 0.000001 0.188575
0 0 0.835488 0.118171 0.017821 0.000038 0.028482
0 0 0.960724 0.023600 0.003800 0.000094 0.011783
0 0 0.975839 0.011756 0.002080 0.000044 0.010281
0 0 0.965176 0.018136 0.002766 0.000040 0.013881
0 0 0.964291 0.016307 0.004804 0.000563 0.014035
0 0 0.924557 0.029576 0.006166 0.000168 0.039534
0 0 0.955630 0.016534 0.002681 0.000028 0.025127
0 0 0.939659 0.028704 0.002364 0.000004 0.029270
0 0 0.733405 0.170506 0.023225 0.000004 0.072859
0 0 0.692516 0.195783 0.029521 0.000012 0.082168
0 0 0.964963 0.013944 0.001352 0.000003 0.019737
0 0 0.966039 0.010842 0.001694 0.000012 0.021413
0 0 0.961279 0.010692 0.002312 0.000043 0.025674
0 0 0.966241 0.008408 0.000955 0.000002 0.024394
0 0 0.965037 0.008855 0.001301 0.000006 0.024800
0 0 0.922384 0.037629 0.003418 0.000007 0.036562
0 0 0.964227 0.017681 0.001248 0.000001 0.016843
0 0 0.730092 0.162164 0.021337 0.000004 0.086403
0 0 0.934301 0.022235 0.002647 0.000009 0.040808
0 0 0.946669 0.019913 0.001305 0.000001 0.032113
0 0 0.952754 0.015869 0.004895 0.000403 0.026079
0 0 0.967081 0.010776 0.001940 0.000024 0.020179
0 0 0.960315 0.021290 0.001673 0.000003 0.016718
0 0 0.971339 0.015461 0.001089 0.000001 0.012109
0 0 0.969018 0.015508 0.001428 0.000003 0.014042
0 0 0.979089 0.006472 0.001103 0.000010 0.013326
0 0 0.976970 0.004620 0.001106 0.000019 0.017285
0 0 0.979576 0.008976 0.000711 0.000001 0.010737
0 0 0.974296 0.010661 0.000950 0.000001 0.014092
0 0 0.982170 0.006881 0.000629 0.000001 0.010319
0 0 0.944931 0.014049 0.002191 0.000012 0.038816
0 0 0.912500 0.024873 0.007888 0.000586 0.054152
0 0 0.911779 0.015346 0.003869 0.000075 0.068931
0 0 0.936044 0.011726 0.002343 0.000022 0.049864
0 0 0.934755 0.020458 0.001938 0.000003 0.042846
0 0 0.921221 0.032082 0.002698 0.000004 0.043995
0 0 0.966775 0.011916 0.001229 0.000003 0.020078
0 0 0.975113 0.009477 0.000930 0.000002 0.014478
0 0 0.942783 0.026558 0.003071 0.000014 0.027574
0 0 0.926362 0.015964 0.003938 0.000089 0.053647
0 0 0.666982 0.177229 0.028357 0.000111 0.127321
0 0 0.679148 0.153123 0.022877 0.000105 0.144747
0 0 0.504788 0.345138 0.087574 0.000595 0.061904
0 0 0.504836 0.345144 0.087585 0.000595 0.061840
0 0 0.504836 0.345144 0.087585 0.000595 0.061840
1 0 0.151120 0.509649 0.177217 0.000835 0.161179
1 0 0.151120 0.509649 0.177217 0.000835 0.161179
1 0 0.151120 0.509649 0.177217 0.000835 0.161179
1 0 0.151120 0.509649 0.177217 0.000835 0.161179
1 0 0.151120 0.509649 0.177217 0.000835 0.161179
1 0 0.151120 0.509649 0.177217 0.000835 0.161179
1 0 0.151120 0.509649 0.177217 0.000835 0.161179
1 0 0.151120 0.509649 0.177217 0.000835 0.161179
1 0 0.151120 0.509649 0.177217 0.000835 0.161179
1 0 0.151120 0.509649 0.177217 0.000835 0.161179
1 0 0.151120 0.509649 0.177217 0.000835 0.161179
1 0 0.151120 0.509649 0.177217 0.000835 0.161179
1 0 0.151120 0.509649 0.177217 0.000835 0.161179
1 0 0.151120 0.509649 0.177217 0.000835 0.161179
1 0 0.151120 0.509649 0.177217 0.000835 0.161179
0 0 0.683608 0.213115 0.043554 0.000588 0.059134
0 0 0.683606 0.213116 0.043554 0.000588 0.059135
0 0 0.738261 0.171380 0.030418 0.000237 0.059703
0 0 0.811505 0.072674 0.022370 0.002466 0.090984
0 0 0.848664 0.046494 0.015109 0.001404 0.088329
0 0 0.971136 0.012011 0.001775 0.000015 0.015062
0 0 0.978075 0.008765 0.001591 0.000026 0.011544
0 0 0.935688 0.029698 0.008226 0.000811 0.025577
0 0 0.955237 0.025617 0.002585 0.000011 0.016549
0 0 0.946116 0.031077 0.004037 0.000043 0.018727
0 0 0.878800 0.057933 0.005657 0.000005 0.057604
0 0 0.913488 0.039173 0.003535 0.000007 0.043796
0 0 0.925129 0.020495 0.003592 0.000034 0.050749
0 0 0.877862 0.049576 0.005066 0.000013 0.067483
0 0 0.942190 0.014977 0.001960 0.000006 0.040867
0 0 0.607975 0.190940 0.022650 0.000001 0.178435
0 0 0.646167 0.180129 0.020635 0.000000 0.153068
0 0 0.620147 0.201109 0.027439 0.000004 0.151301
0 0 0.577912 0.191530 0.023694 0.000002 0.206862
0 0 0.468062 0.291554 0.042923 0.000001 0.197460
0 0 0.437719 0.250239 0.034181 0.000001 0.277860
0 0 0.509112 0.201409 0.025541 0.000002 0.263936
0 0 0.579044 0.197531 0.028572 0.000016 0.194838
0 0 0.564873 0.218008 0.028167 0.000001 0.188951
0 0 0.531548 0.214394 0.027364 0.000001 0.226693
0 1 0.396762 0.329967 0.048959 0.000001 0.224311
1 0 0.331504 0.368999 0.056658 0.000000 0.242838
0 0 0.517187 0.240720 0.032897 0.000002 0.209194
0 0 0.539636 0.228882 0.029161 0.000001 0.202321
0 0 0.514046 0.269310 0.033947 0.000000 0.182698
0 1 0.646195 0.236016 0.046117 0.000194 0.071479
1 1 0.336966 0.477062 0.116763 0.000015 0.069194
1 0 0.398521 0.430252 0.093965 0.000010 0.077252
0 0 0.641334 0.242791 0.042724 0.000030 0.073122
0 0 0.588679 0.269658 0.050850 0.000061 0.090753
0 1 0.481678 0.333822 0.047278 0.000000 0.137222
1 0 0.364880 0.416421 0.071400 0.000001 0.147298
0 0 0.538504 0.277086 0.037735 0.000000 0.146675
0 1 0.546112 0.296377 0.040035 0.000000 0.117475
1 0 0.326568 0.436546 0.079534 0.000001 0.157351
0 0 0.477150 0.283517 0.037917 0.000000 0.201415
0 1 0.502151 0.245659 0.040123 0.000027 0.212040
0 1 0.396730 0.339704 0.051425 0.000001 0.212141
1 1 0.173835 0.432693 0.083742 0.000001 0.309729
1 1 0.225069 0.403746 0.073881 0.000001 0.297303
4 1 0.028476 0.406919 0.101019 0.000000 0.463586
4 1 0.015576 0.379670 0.110001 0.000000 0.494754
4 1 0.011538 0.291253 0.078790 0.000000 0.618419
4 1 0.013880 0.306067 0.083727 0.000000 0.596325
4 1 0.005719 0.281004 0.092094 0.000000 0.621184
4 1 0.015723 0.293536 0.084801 0.000001 0.605939
4 1 0.007462 0.278637 0.100185 0.000002 0.613714
4 1 0.016987 0.406269 0.140473 0.000003 0.436268
4 1 0.011299 0.386337 0.140782 0.000002 0.461581
1 1 0.079843 0.414159 0.102103 0.000004 0.403892
1 1 0.222943 0.444313 0.118054 0.000164 0.214525
1 4 0.316285 0.382454 0.090315 0.000197 0.210749
1 4 0.262582 0.440246 0.114319 0.000164 0.182689
1 4 0.317657 0.393137 0.097653 0.000332 0.191222
1 0 0.332820 0.378321 0.084437 0.000094 0.204328
0 0 0.544034 0.257504 0.044976 0.000046 0.153440
0 0 0.581684 0.239332 0.039749 0.000031 0.139205
0 1 0.439181 0.348606 0.057682 0.000002 0.154530
1 4 0.248781 0.477180 0.106168 0.000006 0.167865
1 4 0.261411 0.467172 0.106252 0.000011 0.165155
4 4 0.227420 0.223061 0.036248 0.000010 0.513261
4 4 0.342118 0.229530 0.036509 0.000018 0.391826
4 4 0.279349 0.233856 0.038484 0.000017 0.448294
4 4 0.190738 0.193062 0.032181 0.000020 0.583999
4 4 0.138093 0.245427 0.050545 0.000051 0.565884
4 4 0.116368 0.112347 0.015415 0.000003 0.755867
4 4 0.154177 0.092810 0.011049 0.000002 0.741962
4 4 0.193423 0.094720 0.010831 0.000002 0.701024
4 4 0.170712 0.041712 0.007794 0.000021 0.779761
4 4 0.199334 0.079086 0.008822 0.000004 0.712755
4 4 0.132576 0.189440 0.029040 0.000002 0.648942
4 4 0.179339 0.159815 0.024471 0.000012 0.636363
4 4 0.138534 0.100224 0.013125 0.000005 0.748112
4 4 0.194955 0.147046 0.019176 0.000002 0.638821
4 4 0.178626 0.168026 0.023500 0.000002 0.629847
4 4 0.117130 0.111528 0.013802 0.000001 0.757540
4 4 0.189480 0.081718 0.008337 0.000001 0.720465
4 4 0.099034 0.096833 0.012249 0.000001 0.791884
4 4 0.187452 0.068559 0.006499 0.000000 0.737490
4 4 0.192655 0.047698 0.006148 0.000005 0.753494
4 4 0.148328 0.207238 0.037539 0.000013 0.606884
0 4 0.392668 0.214803 0.033662 0.000029 0.358838
4 4 0.164978 0.264280 0.045383 0.000003 0.525356
4 4 0.171585 0.268167 0.046059 0.000003 0.514186
4 4 0.102075 0.281066 0.058252 0.000008 0.558599
4 4 0.061429 0.275631 0.048262 0.000000 0.614678
4 4 0.057169 0.299472 0.057314 0.000000 0.586045
4 4 0.066261 0.300893 0.054370 0.000000 0.578475
4 4 0.039073 0.276388 0.056979 0.000000 0.627560
4 4 0.085513 0.289017 0.050674 0.000000 0.574795
4 4 0.071149 0.182188 0.029980 0.000001 0.716683
4 4 0.070954 0.150531 0.023047 0.000001 0.755467
4 4 0.166208 0.150387 0.019273 0.000001 0.664131
4 4 0.156719 0.174220 0.022773 0.000000 0.646288
4 4 0.162719 0.151918 0.019944 0.000001 0.665418
4 4 0.124782 0.202680 0.032472 0.000002 0.640065
4 4 0.112761 0.210088 0.034427 0.000001 0.642723
4 4 0.112880 0.205009 0.034587 0.000003 0.647522
4 4 0.098984 0.109229 0.018482 0.000011 0.773293
4 0 0.210833 0.198758 0.031176 0.000009 0.559225
4 1 0.263158 0.322790 0.049868 0.000001 0.364184
4 1 0.148043 0.376447 0.069823 0.000001 0.405687
4 0 0.148439 0.326942 0.060720 0.000002 0.463897
4 1 0.195114 0.332155 0.058264 0.000002 0.414465
4 1 0.115567 0.333453 0.062495 0.000001 0.488484
4 1 0.048918 0.310491 0.064375 0.000000 0.576215
4 1 0.063952 0.338664 0.070487 0.000000 0.526896
4 1 0.066180 0.298450 0.057861 0.000000 0.577508
4 1 0.032175 0.312125 0.072932 0.000000 0.582767
4 1 0.043105 0.302509 0.062105 0.000000 0.592281
4 1 0.008882 0.406913 0.166616 0.000003 0.417585
4 1 0.007307 0.359488 0.150611 0.000005 0.482588
4 1 0.011823 0.386510 0.138912 0.000002 0.462754
4 1 0.007976 0.319291 0.111600 0.000001 0.561131
4 1 0.008590 0.370692 0.150748 0.000005 0.469965
1 1 0.014025 0.424618 0.159041 0.000003 0.402313
1 1 0.006930 0.416447 0.190689 0.000002 0.385932
1 1 0.008981 0.433957 0.206126 0.000018 0.350917
4 1 0.005880 0.322415 0.127447 0.000002 0.544256
1 2 0.005221 0.447701 0.242637 0.000012 0.304430
2 2 0.000513 0.194820 0.728523 0.000021 0.076124
2 2 0.002279 0.395332 0.438508 0.000028 0.163852
2 2 0.000733 0.183615 0.758504 0.000126 0.057023
2 2 0.000677 0.224415 0.690969 0.000026 0.083912
2 2 0.000705 0.220514 0.699950 0.000036 0.078796
2 2 0.000173 0.104687 0.869062 0.000040 0.026038
2 2 0.001016 0.276868 0.678773 0.000195 0.043148
2 2 0.000203 0.111638 0.868230 0.000093 0.019836
2 2 0.000253 0.116033 0.851006 0.000058 0.032651
2 2 0.000146 0.098306 0.877361 0.000033 0.024154
2 2 0.000329 0.125390 0.844933 0.000128 0.029220
2 2 0.000978 0.186935 0.744101 0.000189 0.067797
2 2 0.000193 0.071511 0.900942 0.000114 0.027240
2 2 0.000204 0.077950 0.906440 0.000354 0.015051
2 2 0.000433 0.132305 0.829317 0.000146 0.037799
2 2 0.001595 0.182999 0.731255 0.000503 0.083649
2 2 0.000967 0.151177 0.785231 0.000366 0.062260
2 2 0.001732 0.219327 0.685127 0.000313 0.093501
2 2 0.000863 0.130497 0.780758 0.000211 0.087670
2 2 0.002777 0.260595 0.622729 0.000476 0.113423
2 2 0.000683 0.117630 0.858829 0.002368 0.020490
2 2 0.000724 0.126293 0.844815 0.001393 0.026774
2 2 0.000736 0.114678 0.852163 0.001337 0.031086
2 2 0.000875 0.125593 0.842045 0.001970 0.029518
2 2 0.001591 0.163800 0.793922 0.003595 0.037092
2 2 0.001815 0.160922 0.793709 0.005010 0.038544
2 2 0.001967 0.163601 0.769597 0.002321 0.062515
2 2 0.002250 0.164687 0.783570 0.007105 0.042388
2 2 0.001528 0.131422 0.826580 0.006304 0.034166
2 2 0.001813 0.148940 0.806706 0.007075 0.035466
2 2 0.000805 0.117821 0.859501 0.007634 0.014239
2 2 0.001300 0.137449 0.830692 0.011058 0.019500
2 2 0.001151 0.126157 0.843427 0.011605 0.017660
2 2 0.001429 0.118839 0.840355 0.020093 0.019284
2 2 0.003119 0.238978 0.710866 0.008468 0.038570
2 2 0.004254 0.143498 0.756333 0.044212 0.051703
2 2 0.006053 0.175406 0.705478 0.065152 0.047911
2 2 0.009428 0.254834 0.625093 0.040415 0.070230
2 2 0.003665 0.130017 0.780530 0.042318 0.043471
2 2 0.005520 0.208031 0.703516 0.033129 0.049804
2 2 0.009109 0.297683 0.597229 0.022535 0.073444
2 2 0.002886 0.152843 0.785510 0.019307 0.039454
2 2 0.005204 0.230104 0.686711 0.013051 0.064930
2 2 0.004176 0.186626 0.737589 0.017455 0.054154
2 2 0.002987 0.127054 0.794363 0.021012 0.054584
1 2 0.043254 0.366682 0.338856 0.055396 0.195812
1 2 0.236599 0.362494 0.269068 0.063801 0.068038
2 2 0.053540 0.346963 0.427069 0.062087 0.110340
1 2 0.033962 0.385996 0.374303 0.046716 0.159022
2 2 0.179899 0.331064 0.342691 0.045796 0.100549
2 2 0.132774 0.290915 0.407361 0.115210 0.053740
0 2 0.508928 0.215931 0.173775 0.077044 0.024323
2 2 0.095300 0.313718 0.440652 0.089201 0.061129
2 2 0.031614 0.376272 0.391932 0.048262 0.151919
2 2 0.016632 0.282279 0.539822 0.063373 0.097894
2 2 0.005353 0.126013 0.699250 0.126499 0.042886
2 2 0.003295 0.095176 0.742018 0.127851 0.031660
2 2 0.002950 0.086718 0.744767 0.135814 0.029751
2 2 0.003158 0.097330 0.754247 0.116956 0.028309
2 2 0.003332 0.095999 0.741877 0.128540 0.030252
2 2 0.005897 0.169771 0.708988 0.068717 0.046627
2 2 0.001848 0.091084 0.822450 0.063240 0.021377
2 2 0.004797 0.143823 0.732255 0.080025 0.039099
2 2 0.003231 0.144319 0.776836 0.043674 0.031940
2 2 0.002800 0.110640 0.787536 0.072506 0.026518
2 2 0.008234 0.172233 0.659404 0.104481 0.055648
2 2 0.003084 0.091036 0.746332 0.131166 0.028382
2 2 0.003304 0.130178 0.775256 0.060319 0.030942
2 2 0.005682 0.149441 0.709748 0.091788 0.043342
2 2 0.009995 0.224449 0.631651 0.065221 0.068684
2 2 0.005067 0.127375 0.711997 0.116829 0.038732
2 3 0.001736 0.073571 0.807141 0.097641 0.019911
2 2 0.003640 0.104495 0.741097 0.120628 0.030140
2 2 0.003344 0.103754 0.754443 0.108820 0.029639
2 2 0.004238 0.109296 0.720331 0.131398 0.034737
2 3 0.003281 0.090261 0.732510 0.144625 0.029322
2 3 0.002813 0.076019 0.723603 0.172938 0.024626
2 3 0.003603 0.088064 0.706974 0.171448 0.029910
2 3 0.004777 0.114531 0.705733 0.137893 0.037065
2 3 0.004004 0.094649 0.701638 0.167702 0.032007
2 3 0.008509 0.163298 0.648516 0.124370 0.055307
2 3 0.013395 0.234370 0.586358 0.084675 0.081201
2 3 0.008861 0.185893 0.651398 0.094173 0.059674
2 3 0.009151 0.180249 0.643911 0.106051 0.060638
2 3 0.005605 0.114774 0.672092 0.163639 0.043890
2 3 0.002706 0.068425 0.702338 0.203053 0.023478
2 3 0.003057 0.069596 0.677803 0.223280 0.026264
2 3 0.002769 0.066499 0.687980 0.218268 0.024484
2 3 0.002900 0.047135 0.541890 0.387238 0.020838
2 3 0.004769 0.092499 0.654541 0.213875 0.034316
2 3 0.003968 0.089535 0.689445 0.184064 0.032988
2 3 0.005380 0.110044 0.672003 0.171752 0.040820
2 3 0.005903 0.124921 0.679171 0.147070 0.042935
2 3 0.003899 0.089603 0.693723 0.181770 0.031005
2 3 0.002831 0.067012 0.684026 0.223569 0.022561
2 3 0.005715 0.110461 0.659725 0.185968 0.038131
2 3 0.008065 0.162245 0.657651 0.118075 0.053964
2 3 0.004728 0.088357 0.642990 0.226345 0.037580
2 3 0.003265 0.078758 0.699425 0.190953 0.027599
2 2 0.005958 0.101607 0.626511 0.223714 0.042209
0 0 0.361504 0.337298 0.090924 0.005529 0.204744
0 0 0.793138 0.108620 0.015439 0.000156 0.082646
0 0 0.909437 0.033292 0.004284 0.000021 0.052966
0 0 0.749086 0.149050 0.022180 0.000049 0.079635
0 0 0.932464 0.031701 0.004313 0.000036 0.031487
0 0 0.917546 0.040468 0.005206 0.000039 0.036741
0 0 0.950162 0.016872 0.003109 0.000044 0.029814
0 0 0.948425 0.021968 0.002761 0.000015 0.026831
0 0 0.911352 0.036496 0.003572 0.000008 0.048572
0 0 0.942167 0.018214 0.003484 0.000051 0.036083
0 0 0.959226 0.013559 0.002122 0.000017 0.025076
0 0 0.943775 0.021080 0.001411 0.000001 0.033732
0 0 0.959786 0.017912 0.001526 0.000002 0.020773
0 0 0.974394 0.007636 0.001720 0.000039 0.016210
0 0 0.962890 0.013528 0.001723 0.000008 0.021851
