0 0 0.875188 0.053712 0.003293 0.000003 0.067804
0 0 0.867702 0.039191 0.004141 0.000007 0.088959
0 0 0.863718 0.033414 0.005180 0.000017 0.097671
0 0 0.891799 0.029420 0.003186 0.000005 0.075590
0 1 0.791952 0.061839 0.001610 0.000000 0.144598
0 1 0.875619 0.081935 0.011814 0.000130 0.030502
0 4 0.896563 0.059653 0.009909 0.000126 0.033749
0 4 0.826832 0.120656 0.013325 0.000091 0.039096
0 4 0.916476 0.055432 0.005618 0.000031 0.022443
0 4 0.621303 0.312661 0.009221 0.000002 0.056813
1 4 0.061912 0.508703 0.306312 0.005377 0.117695
1 4 0.030812 0.573234 0.324545 0.001091 0.070318
1 1 0.050646 0.537545 0.292019 0.004104 0.115686
1 1 0.039685 0.503220 0.355008 0.006731 0.095357
2 2 0.050546 0.343075 0.503129 0.008901 0.094348
2 2 0.008490 0.136549 0.618352 0.214759 0.021850
3 2 0.023383 0.076772 0.359320 0.520609 0.019915
2 2 0.009851 0.153714 0.634056 0.177303 0.025076
2 2 0.004868 0.183667 0.778405 0.019090 0.013971
2 2 0.017450 0.219825 0.594374 0.126254 0.042098
2 2 0.021779 0.342028 0.535843 0.020178 0.080171
2 2 0.044480 0.397595 0.427789 0.032204 0.097932
2 3 0.014337 0.173885 0.570703 0.153130 0.087945
2 3 0.021853 0.398566 0.415265 0.005711 0.158605
2 3 0.024947 0.276885 0.501097 0.060103 0.136969
1 3 0.044325 0.465416 0.179569 0.001140 0.309550
1 3 0.042818 0.400408 0.201909 0.002678 0.352187
1 2 0.038235 0.429908 0.177532 0.000890 0.353435
4 2 0.054364 0.265003 0.220217 0.015357 0.445059
4 2 0.028228 0.310559 0.215311 0.001429 0.444473
4 1 0.014526 0.358924 0.058632 0.000020 0.567899
4 1 0.033575 0.282246 0.064055 0.000259 0.619865
4 1 0.028262 0.195023 0.030938 0.000118 0.745659
4 1 0.033107 0.254467 0.062444 0.000299 0.649683
4 1 0.035100 0.117504 0.035813 0.000761 0.810822
4 1 0.011885 0.341677 0.045811 0.000009 0.600617
4 1 0.027519 0.104971 0.020030 0.000221 0.847259
4 1 0.034796 0.159966 0.028194 0.000256 0.776787
4 1 0.022707 0.155215 0.033038 0.000131 0.788909
4 1 0.016863 0.243517 0.030262 0.000021 0.709337
2 1 0.036224 0.405555 0.418763 0.015347 0.124111
1 1 0.033298 0.472031 0.390328 0.006118 0.098226
2 2 0.030067 0.404352 0.438082 0.009077 0.118422
2 2 0.053655 0.391590 0.397376 0.044770 0.112608
2 2 0.039870 0.386450 0.474287 0.007645 0.091748
2 2 0.012705 0.188171 0.658018 0.109494 0.031611
2 2 0.014373 0.160131 0.564080 0.227820 0.033596
2 2 0.013472 0.158129 0.573656 0.222827 0.031916
2 3 0.004883 0.100891 0.672184 0.208757 0.013285
2 3 0.016599 0.142852 0.487496 0.316660 0.036393
3 3 0.000970 0.012201 0.164878 0.819578 0.002373
3 3 0.002208 0.016674 0.141815 0.834559 0.004744
3 3 0.000397 0.003335 0.053102 0.942281 0.000884
3 3 0.001473 0.020665 0.237780 0.736242 0.003840
3 3 0.001630 0.014735 0.160343 0.819579 0.003713
3 3 0.000461 0.006372 0.121986 0.869347 0.001834
3 3 0.000358 0.005014 0.107148 0.885977 0.001503
3 3 0.000168 0.001428 0.045320 0.952656 0.000426
3 3 0.000201 0.002237 0.056008 0.940487 0.001067
3 3 0.000314 0.002825 0.049378 0.946753 0.000731
3 3 0.000229 0.001940 0.051521 0.945649 0.000660
3 3 0.000189 0.002024 0.044702 0.952511 0.000573
3 3 0.000242 0.002337 0.044695 0.952166 0.000560
3 3 0.000160 0.001797 0.042023 0.955533 0.000487
3 3 0.000089 0.001164 0.033230 0.965256 0.000261
3 3 0.000014 0.000327 0.020668 0.978912 0.000080
3 3 0.000063 0.000903 0.029001 0.969850 0.000182
3 3 0.000130 0.001506 0.036669 0.961360 0.000334
3 3 0.000026 0.000474 0.021386 0.978032 0.000083
3 3 0.000042 0.000671 0.024795 0.974371 0.000121
3 3 0.000007 0.000198 0.014378 0.985387 0.000030
3 3 0.000021 0.000409 0.018993 0.980516 0.000060
3 3 0.000025 0.000462 0.020192 0.979250 0.000070
3 3 0.000013 0.000292 0.016098 0.983557 0.000039
3 3 0.000007 0.000177 0.013250 0.986542 0.000024
3 3 0.000008 0.000212 0.015289 0.984456 0.000036
3 3 0.000008 0.000230 0.018771 0.980928 0.000064
3 3 0.000009 0.000220 0.013989 0.985754 0.000027
3 3 0.000007 0.000197 0.014762 0.985002 0.000033
3 3 0.000005 0.000155 0.013334 0.986480 0.000025
3 3 0.000016 0.000338 0.017748 0.981847 0.000051
3 3 0.000004 0.000125 0.011147 0.988708 0.000015
3 3 0.000012 0.000288 0.018418 0.981223 0.000058
3 3 0.000004 0.000134 0.012426 0.987415 0.000021
3 3 0.000004 0.000123 0.011238 0.988620 0.000016
3 3 0.000007 0.000186 0.012878 0.986907 0.000022
3 3 0.000006 0.000153 0.011684 0.988140 0.000017
3 3 0.000005 0.000143 0.011302 0.988534 0.000016
3 3 0.000002 0.000084 0.008656 0.991250 0.000008
3 3 0.000004 0.000130 0.010762 0.989090 0.000014
3 3 0.000005 0.000142 0.012681 0.987151 0.000022
3 3 0.000006 0.000166 0.012191 0.987617 0.000019
3 3 0.000006 0.000167 0.013575 0.986226 0.000026
3 3 0.000014 0.000296 0.016234 0.983415 0.000040
3 3 0.000011 0.000258 0.015757 0.983937 0.000038
3 3 0.000010 0.000228 0.014245 0.985489 0.000029
3 3 0.000012 0.000270 0.015476 0.984207 0.000035
3 3 0.000016 0.000327 0.017011 0.982601 0.000045
3 3 0.000004 0.000119 0.010302 0.989562 0.000012
3 3 0.000009 0.000225 0.014152 0.985585 0.000028
3 3 0.000018 0.000369 0.018621 0.980934 0.000058
3 3 0.000001 0.000061 0.008028 0.991902 0.000007
3 3 0.000010 0.000241 0.014618 0.985100 0.000031
3 3 0.000008 0.000207 0.014182 0.985574 0.000029
3 3 0.000034 0.000573 0.022452 0.976848 0.000093
3 3 0.000080 0.001052 0.030264 0.968403 0.000201
3 3 0.000006 0.000159 0.011888 0.987929 0.000018
3 3 0.000042 0.000663 0.024125 0.975057 0.000112
3 3 0.000085 0.001104 0.030988 0.967608 0.000214
3 3 0.000080 0.001059 0.030366 0.968291 0.000203
3 3 0.000839 0.004296 0.065312 0.928449 0.001104
3 3 0.000633 0.004657 0.062348 0.931005 0.001357
3 3 0.001129 0.004159 0.069213 0.924531 0.000968
3 3 0.000922 0.003294 0.063573 0.931517 0.000694
3 3 0.000342 0.002830 0.049907 0.946220 0.000701
3 3 0.001710 0.005305 0.080246 0.911489 0.001250
3 3 0.001175 0.004003 0.069330 0.924593 0.000899
3 3 0.000619 0.004583 0.061872 0.931596 0.001329
3 3 0.002370 0.013491 0.106460 0.872946 0.004732
3 3 0.001089 0.007222 0.077961 0.911461 0.002268
3 3 0.001722 0.011483 0.100668 0.882529 0.003598
3 3 0.000764 0.004414 0.064303 0.929336 0.001183
3 3 0.000572 0.007377 0.138509 0.852279 0.001262
3 3 0.000599 0.002884 0.056557 0.939336 0.000624
3 3 0.001915 0.010285 0.209129 0.777290 0.001381
3 3 0.002845 0.004759 0.086295 0.905150 0.000951
3 3 0.004119 0.027515 0.466210 0.499086 0.003070
3 3 0.003790 0.009692 0.171954 0.813051 0.001513
3 3 0.002068 0.005100 0.093874 0.897970 0.000988
3 3 0.001861 0.004136 0.076942 0.916220 0.000842
3 3 0.002647 0.005816 0.090634 0.899643 0.001260
3 3 0.001012 0.013048 0.253735 0.730423 0.001782
3 3 0.000955 0.003463 0.074419 0.920527 0.000637
3 3 0.001296 0.004646 0.072691 0.920246 0.001121
3 3 0.001436 0.005761 0.086392 0.905041 0.001370
3 3 0.001138 0.003699 0.068326 0.926053 0.000785
3 3 0.000604 0.003915 0.059833 0.934616 0.001032
3 3 0.000818 0.003272 0.061875 0.933327 0.000709
3 3 0.000892 0.002890 0.061658 0.933996 0.000564
3 3 0.000561 0.004291 0.060032 0.933901 0.001215
3 3 0.000864 0.004621 0.066570 0.926711 0.001235
3 3 0.001016 0.009594 0.125908 0.861182 0.002301
3 3 0.001000 0.006452 0.072840 0.917642 0.002065
3 3 0.001984 0.009835 0.135058 0.850928 0.002196
3 3 0.000629 0.002434 0.055442 0.941029 0.000466
3 3 0.000926 0.004237 0.066542 0.927245 0.001051
3 3 0.003410 0.010732 0.142248 0.841273 0.002337
3 3 0.001725 0.007166 0.127908 0.861897 0.001304
3 3 0.001896 0.006919 0.153197 0.836999 0.000990
3 3 0.002374 0.009882 0.210445 0.775985 0.001313
3 3 0.001237 0.004834 0.072479 0.920238 0.001212
3 3 0.000793 0.007448 0.098243 0.891711 0.001806
3 3 0.000952 0.006359 0.072762 0.917942 0.001985
3 3 0.000544 0.005751 0.093143 0.899287 0.001275
3 3 0.001105 0.009663 0.111317 0.875446 0.002468
3 3 0.001838 0.007817 0.090796 0.897406 0.002142
3 3 0.001250 0.020915 0.408206 0.567290 0.002339
3 3 0.001715 0.014783 0.221768 0.759120 0.002614
3 3 0.008641 0.009113 0.170351 0.810479 0.001416
3 3 0.001597 0.004898 0.077579 0.914797 0.001129
3 3 0.003162 0.006371 0.132340 0.857159 0.000968
3 3 0.001901 0.005828 0.082082 0.908713 0.001476
3 3 0.001688 0.006956 0.085349 0.904122 0.001885
3 3 0.001065 0.005722 0.072296 0.919251 0.001666
3 3 0.002302 0.012233 0.102705 0.878267 0.004493
3 3 0.003997 0.025957 0.169866 0.791934 0.008247
3 3 0.003509 0.028486 0.226838 0.733563 0.007604
3 3 0.001757 0.012496 0.116859 0.865174 0.003714
3 3 0.012543 0.033007 0.324415 0.624101 0.005933
3 3 0.001543 0.012333 0.226986 0.757316 0.001822
3 3 0.013311 0.044309 0.432968 0.502389 0.007024
3 3 0.004669 0.041970 0.291535 0.651432 0.010394
3 3 0.004486 0.026849 0.169335 0.790285 0.009045
3 3 0.003575 0.026051 0.190760 0.772094 0.007521
3 2 0.003033 0.042925 0.421098 0.525435 0.007509
2 2 0.023428 0.286993 0.588519 0.045870 0.055190
2 2 0.022295 0.174895 0.487519 0.267555 0.047737
2 2 0.018809 0.176826 0.541338 0.220999 0.042028
2 2 0.016243 0.309144 0.609437 0.022250 0.042926
2 2 0.015057 0.309461 0.620355 0.014895 0.040232
2 2 0.024257 0.225615 0.546152 0.149969 0.054006
2 2 0.032877 0.259730 0.518603 0.118882 0.069908
2 2 0.043509 0.271305 0.460355 0.137470 0.087361
2 2 0.030731 0.272557 0.529580 0.099728 0.067404
2 2 0.021753 0.199159 0.551030 0.179919 0.048139
2 2 0.028369 0.233545 0.522757 0.154135 0.061194
2 2 0.041373 0.315432 0.480607 0.075409 0.087179
2 2 0.046796 0.352933 0.453043 0.049186 0.098042
2 2 0.038273 0.199412 0.379329 0.308565 0.074422
2 2 0.040970 0.250360 0.443959 0.182391 0.082320
3 2 0.022672 0.125071 0.350703 0.456899 0.044655
2 2 0.024100 0.200168 0.526720 0.196926 0.052086
3 2 0.017951 0.111292 0.361140 0.473216 0.036401
2 2 0.039049 0.244743 0.459341 0.178130 0.078738
2 2 0.019926 0.273181 0.607877 0.050530 0.048486
3 2 0.009186 0.083353 0.400181 0.486775 0.020506
2 2 0.021966 0.189718 0.550373 0.190218 0.047726
3 2 0.013074 0.083441 0.311857 0.564812 0.026815
3 2 0.016675 0.074473 0.238402 0.639219 0.031231
3 2 0.011777 0.072229 0.297596 0.594576 0.023822
2 2 0.044630 0.265870 0.436599 0.163832 0.089069
2 2 0.026451 0.189430 0.469105 0.259617 0.055396
1 2 0.046258 0.425958 0.410538 0.015857 0.101389
2 2 0.056882 0.311997 0.400164 0.119709 0.111249
2 2 0.025138 0.162853 0.413733 0.348726 0.049550
3 2 0.006035 0.059535 0.392794 0.527977 0.013660
3 3 0.011926 0.085138 0.342345 0.535468 0.025123
3 3 0.004655 0.059845 0.452802 0.471428 0.011270
3 3 0.002834 0.033008 0.368564 0.590354 0.005240
3 3 0.004659 0.041747 0.279536 0.663660 0.010397
2 2 0.014926 0.178262 0.631792 0.139985 0.035035
2 2 0.023699 0.229752 0.570968 0.122573 0.053007
2 2 0.016540 0.224396 0.646673 0.072413 0.039978
3 2 0.011845 0.056100 0.415050 0.506766 0.010240
2 3 0.016253 0.114440 0.558069 0.291045 0.020193
2 3 0.049226 0.173230 0.655077 0.098443 0.024024
2 3 0.042232 0.382292 0.448974 0.033551 0.092950
2 1 0.041042 0.225508 0.412301 0.240642 0.080508
2 1 0.040948 0.391367 0.450300 0.026298 0.091087
2 1 0.034668 0.366514 0.505420 0.022072 0.071326
2 1 0.044002 0.224815 0.399044 0.247460 0.084679
1 1 0.067918 0.391134 0.360120 0.047073 0.133755
2 1 0.051596 0.297936 0.414652 0.133484 0.102332
2 2 0.045395 0.288630 0.464453 0.110197 0.091325
2 2 0.036990 0.377986 0.471191 0.029962 0.083870
2 2 0.044143 0.352267 0.457541 0.051896 0.094153
1 2 0.061232 0.428895 0.356103 0.027086 0.126684
2 2 0.051000 0.350256 0.426748 0.066838 0.105158
2 2 0.069368 0.365129 0.366633 0.065329 0.133541
2 2 0.037371 0.412208 0.449275 0.015374 0.085771
1 2 0.079866 0.440821 0.300343 0.023748 0.155222
2 2 0.064083 0.362282 0.379165 0.068574 0.125895
2 2 0.032947 0.180057 0.540932 0.202661 0.043404
2 2 0.040172 0.288713 0.474528 0.112772 0.083816
1 2 0.062835 0.445123 0.339636 0.022034 0.130372
2 2 0.035196 0.256391 0.493151 0.141665 0.073597
2 2 0.014286 0.181259 0.629562 0.140698 0.034196
2 2 0.019574 0.154238 0.482542 0.301746 0.041900
2 2 0.020342 0.247199 0.616698 0.067926 0.047836
2 2 0.017982 0.133009 0.439228 0.371798 0.037983
3 3 0.003438 0.030554 0.249418 0.709111 0.007479
3 3 0.002713 0.025066 0.213966 0.752144 0.006110
3 3 0.004560 0.057358 0.427407 0.499665 0.011010
2 3 0.007222 0.061846 0.485167 0.435449 0.010316
2 3 0.006336 0.106502 0.652890 0.217988 0.016283
2 3 0.022914 0.093185 0.618066 0.253719 0.012115
2 3 0.026618 0.152590 0.536696 0.249959 0.034138
2 3 0.016121 0.224915 0.640179 0.079354 0.039431
2 3 0.019417 0.242987 0.596784 0.094243 0.046569
2 2 0.017151 0.219707 0.636682 0.085527 0.040932
1 2 0.085416 0.340840 0.335313 0.085640 0.152790
3 2 0.068054 0.213419 0.298042 0.304780 0.115705
2 2 0.083096 0.262527 0.292991 0.219566 0.141821
1 2 0.122323 0.368042 0.248435 0.057514 0.203687
2 2 0.035329 0.194805 0.532262 0.193640 0.043965
2 2 0.003526 0.063091 0.560729 0.363404 0.009250
3 3 0.006462 0.019242 0.253990 0.717051 0.003255
2 3 0.004065 0.049121 0.508366 0.431396 0.007052
2 3 0.001465 0.032637 0.725509 0.238181 0.002207
3 3 0.002686 0.020258 0.409649 0.565241 0.002165
2 3 0.002144 0.046724 0.558609 0.386618 0.005904
2 3 0.004963 0.021668 0.492856 0.478627 0.001886
3 3 0.002607 0.029510 0.285447 0.676294 0.006142
3 3 0.002564 0.014834 0.469737 0.511850 0.001015
3 3 0.001979 0.013030 0.388983 0.594977 0.001031
2 3 0.017658 0.067908 0.588292 0.317070 0.009072
2 3 0.012829 0.104349 0.521096 0.341370 0.020356
3 3 0.007904 0.025305 0.213255 0.747341 0.006195
2 2 0.007595 0.129086 0.695018 0.148843 0.019459
2 2 0.008769 0.178180 0.719291 0.070245 0.023516
2 2 0.035245 0.215908 0.579921 0.127142 0.041784
2 2 0.036504 0.206479 0.423908 0.261138 0.071970
2 2 0.028012 0.220122 0.514430 0.177716 0.059719
2 2 0.018479 0.228344 0.626018 0.085292 0.041867
2 2 0.038583 0.215570 0.414693 0.255147 0.076007
2 2 0.014466 0.165887 0.613163 0.172784 0.033699
2 3 0.012275 0.104136 0.444707 0.381715 0.057167
3 3 0.005410 0.043248 0.284826 0.643872 0.022644
2 3 0.008867 0.080429 0.447702 0.402217 0.060785
2 2 0.016073 0.165129 0.597869 0.157993 0.062935
4 2 0.016940 0.305234 0.300486 0.001607 0.375733
4 2 0.041430 0.239302 0.221814 0.015410 0.482044
4 2 0.029629 0.342433 0.179266 0.000952 0.447720
4 4 0.027390 0.105135 0.149164 0.028900 0.689411
4 4 0.045236 0.137723 0.132223 0.019672 0.665145
4 4 0.017737 0.067956 0.023311 0.000272 0.890725
4 4 0.026003 0.065582 0.026447 0.000877 0.881092
4 4 0.030058 0.083351 0.028017 0.000780 0.857795
4 4 0.027882 0.081443 0.025046 0.000577 0.865052
4 4 0.023297 0.071799 0.020285 0.000363 0.884256
4 4 0.017974 0.185240 0.062727 0.000144 0.733916
4 4 0.049300 0.112485 0.051932 0.003372 0.782910
4 4 0.034466 0.214223 0.061428 0.000461 0.689422
4 4 0.055735 0.130863 0.056805 0.003704 0.752892
4 2 0.040792 0.296095 0.087379 0.000617 0.575118
2 2 0.044274 0.267363 0.426628 0.130987 0.130748
3 2 0.032456 0.139183 0.321756 0.400417 0.106187
2 2 0.024617 0.150360 0.410951 0.282837 0.131235
2 2 0.027353 0.155955 0.417491 0.309078 0.090124
2 2 0.015147 0.122794 0.445400 0.292525 0.124132
3 3 0.009405 0.060585 0.275333 0.634879 0.019798
3 3 0.009895 0.056690 0.266930 0.638258 0.028227
3 3 0.007718 0.056007 0.293677 0.614159 0.028439
3 3 0.013726 0.108194 0.389558 0.458806 0.029716
3 3 0.010453 0.052432 0.219874 0.697113 0.020129
1 2 0.181104 0.455944 0.167885 0.008334 0.186733
1 1 0.195888 0.484224 0.149150 0.004042 0.166696
0 1 0.343266 0.273453 0.114492 0.010011 0.258777
1 4 0.200063 0.403671 0.175481 0.016761 0.204024
1 4 0.071264 0.599397 0.176607 0.002418 0.150316
2 4 0.040910 0.192651 0.380393 0.300398 0.085648
2 4 0.041988 0.297145 0.474538 0.099329 0.086999
3 2 0.015340 0.084290 0.279911 0.577087 0.043372
3 2 0.020910 0.099189 0.291567 0.528367 0.059967
3 3 0.019996 0.100996 0.298084 0.532662 0.048263
2 3 0.019036 0.132428 0.409253 0.399542 0.039741
3 2 0.015252 0.063023 0.353818 0.553294 0.014613
2 2 0.013611 0.219012 0.671755 0.061264 0.034359
2 2 0.017057 0.181746 0.585165 0.176857 0.039176
2 2 0.015703 0.210369 0.633405 0.102403 0.038120
2 1 0.043186 0.397301 0.444640 0.020431 0.094442
3 1 0.059528 0.204012 0.304934 0.327719 0.103807
2 1 0.054406 0.327364 0.418572 0.091154 0.108504
2 1 0.057522 0.352267 0.396943 0.077613 0.115655
1 1 0.074550 0.432359 0.320220 0.026200 0.146673
2 1 0.023626 0.213973 0.571679 0.138955 0.051767
2 2 0.025123 0.185157 0.508545 0.228652 0.052523
3 2 0.015213 0.099018 0.363623 0.490987 0.031159
2 3 0.018124 0.148661 0.471532 0.322335 0.039347
3 3 0.012662 0.089956 0.372015 0.498881 0.026486
2 3 0.004118 0.066382 0.559843 0.359171 0.010486
2 3 0.004515 0.102161 0.737400 0.143503 0.012421
3 3 0.003762 0.038925 0.315193 0.633464 0.008656
3 3 0.003926 0.025692 0.280395 0.684823 0.005164
3 3 0.004539 0.039048 0.273611 0.672808 0.009994
1 2 0.093613 0.469071 0.265969 0.011919 0.159427
1 2 0.070136 0.530757 0.245348 0.005952 0.147807
1 2 0.101607 0.473487 0.296767 0.006450 0.121689
2 2 0.096407 0.256385 0.277805 0.214757 0.154646
1 2 0.114107 0.439171 0.287524 0.016961 0.142237
1 2 0.139479 0.430477 0.245272 0.016713 0.168059
1 2 0.124721 0.488470 0.220565 0.007198 0.159046
1 2 0.202407 0.435254 0.171764 0.009113 0.181461
1 0 0.145801 0.515587 0.172543 0.004095 0.161974
1 0 0.204507 0.424401 0.215070 0.008135 0.147886
0 0 0.919352 0.047511 0.003326 0.000006 0.029806
0 0 0.942387 0.032422 0.003470 0.000013 0.021709
0 0 0.976755 0.015580 0.002068 0.000014 0.005583
0 0 0.902396 0.058423 0.004465 0.000011 0.034706
0 0 0.939666 0.041620 0.003412 0.000012 0.015290
4 0 0.200022 0.186067 0.068260 0.003620 0.542031
4 0 0.164975 0.152380 0.055511 0.002322 0.624812
4 0 0.168763 0.207034 0.051277 0.001363 0.571564
4 1 0.138114 0.188170 0.053180 0.001716 0.618820
4 1 0.065348 0.283378 0.095290 0.001615 0.554370
2 1 0.050016 0.308074 0.389449 0.083758 0.168703
2 1 0.017580 0.113232 0.385079 0.263107 0.221002
2 1 0.014578 0.133282 0.523337 0.207729 0.121074
2 1 0.043912 0.198134 0.335699 0.306851 0.115405
3 1 0.030432 0.131601 0.331095 0.405534 0.101338
1 2 0.080202 0.467773 0.213136 0.006795 0.232094
1 2 0.103015 0.397789 0.196591 0.013770 0.288835
1 2 0.139859 0.406169 0.173791 0.023361 0.256820
4 4 0.102735 0.273963 0.150558 0.016630 0.456115
1 4 0.091346 0.375758 0.242586 0.029012 0.261299
2 2 0.027407 0.223121 0.545390 0.145562 0.058520
3 2 0.011131 0.071139 0.277734 0.617074 0.022924
3 3 0.005919 0.051967 0.320768 0.610042 0.011304
3 3 0.001793 0.024711 0.319642 0.647191 0.006663
3 3 0.001734 0.029547 0.431295 0.532283 0.005141
3 3 0.002387 0.031260 0.335581 0.624959 0.005813
2 3 0.001708 0.025217 0.547298 0.423586 0.002190
2 3 0.001263 0.026825 0.765226 0.205295 0.001391
3 3 0.002342 0.012917 0.294822 0.688486 0.001435
2 3 0.002496 0.026641 0.611615 0.357218 0.002031
2 3 0.012160 0.077642 0.800771 0.103514 0.005912
2 3 0.011007 0.140732 0.606737 0.215035 0.026489
2 3 0.016848 0.173564 0.578403 0.192839 0.038345
2 2 0.009438 0.139320 0.657137 0.170677 0.023428
2 2 0.009907 0.286196 0.667226 0.008061 0.028611
2 2 0.036384 0.183338 0.374096 0.336181 0.070001
2 2 0.025763 0.295884 0.561403 0.056794 0.060156
2 2 0.034720 0.351091 0.495175 0.040437 0.078577
2 2 0.045826 0.317035 0.455161 0.087448 0.094531
3 2 0.045173 0.163819 0.299243 0.411803 0.079962
2 2 0.076029 0.333010 0.344810 0.057334 0.188818
1 2 0.081836 0.433050 0.297739 0.029439 0.157935
2 2 0.075732 0.275331 0.319328 0.178460 0.151149
1 2 0.110670 0.376825 0.261867 0.059620 0.191019
1 2 0.110041 0.450264 0.223397 0.018099 0.198199
2 2 0.038318 0.396365 0.452120 0.020015 0.093182
2 2 0.034833 0.381980 0.479776 0.023342 0.080070
1 2 0.043200 0.423313 0.419354 0.017541 0.096592
2 2 0.045316 0.384551 0.429758 0.041649 0.098726
1 2 0.067696 0.389207 0.360277 0.049423 0.133397
2 2 0.021010 0.184788 0.526760 0.221253 0.046189
2 2 0.009255 0.191154 0.724925 0.049895 0.024772
2 2 0.013168 0.163088 0.620846 0.171552 0.031344
2 2 0.019619 0.158518 0.457884 0.321370 0.042609
2 2 0.019552 0.216211 0.604484 0.114631 0.045122
1 2 0.076471 0.357747 0.355273 0.068128 0.142381
1 2 0.091529 0.324303 0.316880 0.108063 0.159225
1 2 0.066147 0.413152 0.353911 0.033965 0.132824
1 2 0.066688 0.389907 0.356643 0.054227 0.132535
2 2 0.053367 0.339956 0.412421 0.085836 0.108420
1 2 0.063893 0.422741 0.354513 0.028766 0.130087
1 2 0.076524 0.438430 0.311606 0.023500 0.149940
1 2 0.093870 0.436188 0.269580 0.025590 0.174773
1 1 0.075301 0.402838 0.368116 0.029394 0.124351
1 1 0.101150 0.299942 0.277296 0.112406 0.209205
1 1 0.136622 0.354689 0.177303 0.028567 0.302819
1 1 0.105871 0.530726 0.164340 0.005946 0.193117
1 1 0.092665 0.482524 0.209113 0.007195 0.208503
1 1 0.150346 0.377692 0.169391 0.017046 0.285526
4 4 0.182389 0.293455 0.121231 0.014095 0.388830
2 4 0.013720 0.126421 0.513066 0.316365 0.030428
3 4 0.009935 0.061681 0.262517 0.644870 0.020997
3 2 0.005702 0.052914 0.340780 0.576202 0.024401
3 3 0.001939 0.015542 0.169950 0.796881 0.015687
3 3 0.003226 0.021520 0.157781 0.806467 0.011006
2 3 0.019285 0.062779 0.467456 0.439475 0.011006
2 3 0.013861 0.188372 0.628449 0.135409 0.033909
2 3 0.021110 0.096828 0.540614 0.325374 0.016074
2 3 0.012576 0.264198 0.663063 0.026212 0.033951
2 3 0.026607 0.178955 0.670238 0.097708 0.026492
2 3 0.057429 0.258260 0.366859 0.210300 0.107153
2 2 0.034910 0.245248 0.480843 0.166490 0.072509
2 2 0.034724 0.296989 0.522105 0.071190 0.074992
2 2 0.040841 0.346618 0.467980 0.055832 0.088729
2 2 0.036787 0.168243 0.559638 0.200281 0.035051
3 2 0.003750 0.045735 0.398155 0.543416 0.008944
2 3 0.003292 0.065196 0.601133 0.321533 0.008846
2 3 0.002866 0.025647 0.518737 0.450451 0.002297
2 3 0.002457 0.026895 0.496545 0.471428 0.002675
3 3 0.001055 0.014786 0.444225 0.538827 0.001106
3 3 0.002672 0.015150 0.426209 0.554766 0.001202
3 3 0.001125 0.010873 0.436141 0.551219 0.000642
3 3 0.003051 0.010797 0.395401 0.590044 0.000708
3 3 0.000642 0.009381 0.238378 0.750546 0.001052
3 3 0.001369 0.017959 0.357958 0.620624 0.002089
3 3 0.000523 0.006988 0.125675 0.865517 0.001297
3 3 0.000385 0.002902 0.075879 0.920378 0.000456
3 3 0.000489 0.003783 0.057132 0.937572 0.001024
3 3 0.001086 0.004596 0.163700 0.830184 0.000434
3 3 0.000769 0.002938 0.059896 0.935794 0.000603
3 3 0.000259 0.002453 0.045756 0.950937 0.000596
3 3 0.000337 0.002962 0.050137 0.945806 0.000759
3 3 0.000162 0.001750 0.038829 0.958872 0.000387
3 3 0.000061 0.000865 0.027493 0.971424 0.000157
3 3 0.000126 0.001462 0.035564 0.962540 0.000307
3 3 0.000045 0.000774 0.032571 0.966348 0.000263
3 3 0.000030 0.000519 0.021505 0.977863 0.000083
3 3 0.000019 0.000388 0.020238 0.979281 0.000073
3 3 0.000077 0.001023 0.029858 0.968847 0.000194
3 3 0.000035 0.000595 0.024382 0.974871 0.000117
3 3 0.000013 0.000289 0.016730 0.982924 0.000044
3 3 0.000007 0.000187 0.013953 0.985825 0.000028
3 3 0.000007 0.000186 0.012867 0.986918 0.000022
3 3 0.000006 0.000163 0.012741 0.987068 0.000022
3 3 0.000003 0.000105 0.009675 0.990207 0.000011
3 3 0.000012 0.000263 0.015278 0.984414 0.000034
3 3 0.000018 0.000357 0.017759 0.981816 0.000050
3 3 0.000008 0.000197 0.013486 0.986284 0.000025
3 3 0.000017 0.000359 0.018868 0.980695 0.000060
3 3 0.000007 0.000179 0.012637 0.987156 0.000021
3 3 0.000002 0.000075 0.008636 0.991280 0.000008
3 3 0.000006 0.000163 0.013312 0.986495 0.000025
3 3 0.000002 0.000065 0.007744 0.992183 0.000006
3 3 0.000005 0.000137 0.011054 0.988789 0.000015
3 3 0.000008 0.000208 0.014013 0.985743 0.000028
3 3 0.000003 0.000112 0.010507 0.989364 0.000013
3 3 0.000002 0.000062 0.007442 0.992490 0.000005
3 3 0.000007 0.000181 0.012950 0.986840 0.000022
3 3 0.000002 0.000084 0.008664 0.991242 0.000008
3 3 0.000003 0.000097 0.010162 0.989725 0.000012
3 3 0.000009 0.000214 0.013796 0.985955 0.000026
3 3 0.000003 0.000102 0.009627 0.990258 0.000010
3 3 0.000007 0.000178 0.012575 0.987220 0.000021
3 3 0.000003 0.000094 0.009460 0.990433 0.000010
3 3 0.000003 0.000101 0.009636 0.990250 0.000011
3 3 0.000005 0.000150 0.011570 0.988258 0.000017
3 3 0.000002 0.000069 0.007866 0.992057 0.000006
3 3 0.000001 0.000049 0.006654 0.993291 0.000004
3 3 0.000003 0.000092 0.009078 0.990818 0.000009
3 3 0.000002 0.000086 0.008948 0.990955 0.000009
3 3 0.000005 0.000139 0.011150 0.988691 0.000015
3 3 0.000004 0.000113 0.010041 0.989831 0.000012
3 3 0.000003 0.000090 0.008968 0.990931 0.000009
3 3 0.000001 0.000040 0.005987 0.993969 0.000003
3 3 0.000004 0.000127 0.010635 0.989220 0.000013
3 3 0.000001 0.000053 0.006886 0.993056 0.000004
3 3 0.000001 0.000054 0.006981 0.992959 0.000005
3 3 0.000006 0.000160 0.011941 0.987875 0.000018
3 3 0.000002 0.000062 0.007458 0.992473 0.000005
3 3 0.000007 0.000186 0.012880 0.986904 0.000022
3 3 0.000004 0.000112 0.009990 0.989883 0.000011
3 3 0.000006 0.000154 0.011719 0.988104 0.000017
3 3 0.000002 0.000068 0.008388 0.991535 0.000007
3 3 0.000013 0.000284 0.015873 0.983792 0.000038
3 3 0.000003 0.000098 0.009381 0.990507 0.000010
3 3 0.000004 0.000124 0.010526 0.989333 0.000013
3 3 0.000002 0.000061 0.007398 0.992534 0.000005
3 3 0.000001 0.000046 0.006427 0.993522 0.000004
3 3 0.000004 0.000117 0.010228 0.989639 0.000012
3 3 0.000002 0.000072 0.008032 0.991887 0.000007
3 3 0.000002 0.000083 0.008610 0.991297 0.000008
3 3 0.000004 0.000116 0.010830 0.989036 0.000014
3 3 0.000004 0.000113 0.010043 0.989829 0.000012
3 3 0.000002 0.000071 0.007976 0.991945 0.000006
3 3 0.000001 0.000056 0.007078 0.992860 0.000005
3 3 0.000001 0.000047 0.006510 0.993438 0.000004
3 3 0.000005 0.000150 0.011564 0.988264 0.000017
3 3 0.000001 0.000036 0.005682 0.994279 0.000003
3 3 0.000001 0.000046 0.006442 0.993507 0.000004
3 3 0.000005 0.000140 0.011184 0.988656 0.000015
3 3 0.000001 0.000049 0.006661 0.993284 0.000004
3 3 0.000003 0.000109 0.009881 0.989995 0.000011
3 3 0.000002 0.000074 0.008143 0.991774 0.000007
3 3 0.000004 0.000113 0.010038 0.989834 0.000012
3 3 0.000002 0.000069 0.007859 0.992065 0.000006
3 3 0.000001 0.000055 0.008917 0.991018 0.000009
3 3 0.000002 0.000060 0.007362 0.992570 0.000005
3 3 0.000001 0.000054 0.006984 0.992956 0.000005
3 3 0.000001 0.000060 0.007882 0.992049 0.000006
3 3 0.000014 0.000296 0.016204 0.983446 0.000040
3 3 0.000001 0.000050 0.006669 0.993276 0.000004
3 3 0.000004 0.000119 0.010310 0.989555 0.000012
3 3 0.000001 0.000058 0.007979 0.991955 0.000007
3 3 0.000001 0.000046 0.006429 0.993521 0.000004
3 3 0.000002 0.000068 0.007957 0.991966 0.000006
3 3 0.000003 0.000110 0.009921 0.989954 0.000011
3 3 0.000008 0.000200 0.013328 0.986440 0.000024
3 3 0.000004 0.000126 0.010611 0.989246 0.000013
3 3 0.000002 0.000068 0.007819 0.992105 0.000006
3 3 0.000001 0.000056 0.007117 0.992820 0.000005
3 3 0.000032 0.000547 0.021933 0.977400 0.000087
3 3 0.000028 0.000491 0.020795 0.978610 0.000076
3 3 0.000226 0.002224 0.043630 0.953395 0.000525
3 3 0.000076 0.001021 0.029817 0.968892 0.000194
3 3 0.000128 0.001443 0.035612 0.962517 0.000299
3 3 0.000584 0.002483 0.054737 0.941705 0.000491
3 3 0.000387 0.001861 0.047503 0.949910 0.000340
3 3 0.000647 0.003636 0.059938 0.934883 0.000897
3 3 0.002523 0.003713 0.080540 0.912573 0.000651
3 3 0.000305 0.001763 0.044659 0.952942 0.000331
3 3 0.001062 0.003663 0.066789 0.927689 0.000797
3 3 0.002762 0.004700 0.085570 0.906029 0.000939
3 3 0.001090 0.003103 0.065211 0.929993 0.000602
3 3 0.001763 0.002985 0.071793 0.922961 0.000498
3 3 0.001318 0.002799 0.066685 0.928714 0.000483
3 3 0.002394 0.006472 0.087765 0.901715 0.001654
3 3 0.001638 0.004584 0.076243 0.916503 0.001032
3 3 0.000419 0.002258 0.050073 0.946793 0.000458
3 3 0.000385 0.003182 0.052293 0.943315 0.000825
3 3 0.000506 0.003965 0.057713 0.936713 0.001104
3 3 0.000290 0.003044 0.067070 0.927786 0.001810
3 3 0.002789 0.024715 0.237689 0.696515 0.038292
3 1 0.008320 0.063151 0.345692 0.450242 0.132594
3 1 0.003500 0.034274 0.311720 0.559876 0.090631
3 1 0.003207 0.031495 0.315891 0.572972 0.076435
4 1 0.017097 0.111492 0.337985 0.174458 0.358969
2 1 0.010542 0.080731 0.364125 0.270199 0.274404
2 1 0.009967 0.078672 0.351466 0.214769 0.345125
4 1 0.019972 0.129227 0.322137 0.131925 0.396739
4 1 0.017006 0.108887 0.290142 0.105964 0.478001
4 1 0.036144 0.117653 0.071229 0.004819 0.770155
4 4 0.019693 0.109469 0.121125 0.008238 0.741475
4 4 0.029380 0.079467 0.044101 0.002442 0.844609
4 4 0.031178 0.117948 0.097663 0.009408 0.743803
4 4 0.024330 0.065400 0.073393 0.009633 0.827245
4 4 0.027613 0.112482 0.189357 0.048633 0.621915
4 4 0.059326 0.192623 0.138309 0.016801 0.592941
4 4 0.050678 0.170139 0.122347 0.014769 0.642067
4 4 0.032940 0.176767 0.174790 0.011953 0.603550
4 4 0.031594 0.120192 0.161269 0.032650 0.654296
4 4 0.021063 0.051997 0.022111 0.000688 0.904140
4 4 0.012758 0.047758 0.048457 0.003246 0.887782
4 4 0.029251 0.086535 0.039955 0.001671 0.842588
4 4 0.016754 0.048169 0.023142 0.000615 0.911321
4 4 0.025218 0.053455 0.029596 0.001559 0.890172
4 4 0.032764 0.153507 0.307840 0.148719 0.357169
4 4 0.067891 0.196643 0.221065 0.077343 0.437057
4 4 0.046387 0.170354 0.276589 0.128806 0.377864
4 4 0.050477 0.228507 0.295072 0.063231 0.362713
4 4 0.042635 0.189152 0.304770 0.137525 0.325918
3 4 0.022525 0.114592 0.327792 0.437922 0.097170
3 2 0.019172 0.096819 0.307932 0.499605 0.076472
3 2 0.008302 0.052934 0.280568 0.598955 0.059241
3 2 0.025840 0.128324 0.340686 0.371746 0.133403
3 2 0.012395 0.071375 0.268418 0.609141 0.038671
2 2 0.053402 0.198873 0.299073 0.159771 0.288882
2 2 0.035020 0.163569 0.342993 0.267561 0.190856
2 2 0.038669 0.159646 0.326649 0.239629 0.235407
2 4 0.038669 0.162604 0.326823 0.227395 0.244509
2 2 0.031479 0.153469 0.335600 0.207129 0.272323
3 2 0.036291 0.162559 0.343611 0.389848 0.067692
2 2 0.036233 0.245891 0.475239 0.168076 0.074561
2 2 0.020242 0.157852 0.466115 0.312401 0.043390
3 2 0.043440 0.182225 0.319549 0.374612 0.080175
2 2 0.027796 0.202536 0.513504 0.198288 0.057875
3 2 0.028053 0.115720 0.292669 0.512330 0.051228
2 2 0.015059 0.141692 0.516861 0.292693 0.033695
3 2 0.019430 0.121144 0.366429 0.453467 0.039531
3 2 0.010399 0.056766 0.239125 0.673234 0.020476
2 2 0.016465 0.117603 0.425828 0.405723 0.034380
2 2 0.045885 0.245525 0.415277 0.204138 0.089175
2 2 0.043766 0.294933 0.454780 0.103331 0.103190
2 2 0.033186 0.336336 0.518519 0.037366 0.074592
2 2 0.055981 0.277652 0.382744 0.176510 0.107113
2 2 0.040195 0.324619 0.472245 0.055353 0.107588
2 2 0.007158 0.088415 0.517020 0.362041 0.025366
2 2 0.023084 0.151878 0.430294 0.347426 0.047318
3 2 0.009653 0.082936 0.416494 0.469090 0.021828
2 2 0.011467 0.103971 0.454019 0.405058 0.025484
2 2 0.021196 0.141604 0.434608 0.359071 0.043520
3 2 0.003770 0.038888 0.290236 0.658142 0.008963
3 2 0.012069 0.060325 0.222039 0.682234 0.023333
2 2 0.014957 0.199327 0.646073 0.103519 0.036123
2 2 0.008513 0.125187 0.596215 0.248706 0.021378
2 2 0.014681 0.126501 0.505459 0.321407 0.031951
3 2 0.005884 0.069377 0.438364 0.472374 0.014002
3 2 0.007715 0.057635 0.440854 0.480458 0.013337
2 2 0.002010 0.049620 0.770663 0.169856 0.007851
2 2 0.006081 0.083716 0.542527 0.352733 0.014943
2 2 0.009071 0.092264 0.474218 0.403750 0.020696
2 2 0.003968 0.026204 0.777963 0.190609 0.001256
2 2 0.002103 0.031842 0.804334 0.160047 0.001674
2 2 0.002516 0.044267 0.789258 0.160894 0.003066
2 2 0.002713 0.028626 0.774845 0.192316 0.001500
2 2 0.003408 0.031299 0.533754 0.428220 0.003318
2 2 0.005292 0.026492 0.670043 0.296471 0.001702
2 2 0.001916 0.038765 0.863150 0.094377 0.001793
2 2 0.005149 0.042523 0.492059 0.454358 0.005912
2 2 0.003649 0.025943 0.783448 0.185744 0.001216
2 2 0.006361 0.045119 0.539159 0.403795 0.005565
2 2 0.004722 0.066110 0.505888 0.411633 0.011647
3 2 0.006357 0.052057 0.309931 0.617847 0.013808
2 2 0.005443 0.077473 0.552343 0.351296 0.013445
2 2 0.003322 0.069134 0.637453 0.281077 0.009013
3 2 0.001729 0.015996 0.283356 0.696764 0.002154
2 2 0.006981 0.068436 0.806283 0.113314 0.004986
2 2 0.004263 0.037705 0.748435 0.207132 0.002465
2 2 0.008141 0.044218 0.768611 0.176232 0.002798
2 2 0.002729 0.051662 0.784478 0.157363 0.003769
2 2 0.002807 0.019245 0.811493 0.165800 0.000654
2 2 0.004444 0.051397 0.707696 0.231465 0.004998
3 2 0.006534 0.010078 0.123164 0.857786 0.002439
2 2 0.007673 0.089173 0.547208 0.340585 0.015360
3 3 0.003362 0.025171 0.385068 0.582986 0.003414
2 3 0.005485 0.082666 0.560274 0.337776 0.013798
3 3 0.003255 0.044941 0.417795 0.525988 0.008021
3 3 0.005564 0.032587 0.420270 0.537146 0.004433
2 3 0.005106 0.059853 0.577395 0.349218 0.008428
2 3 0.005801 0.061405 0.543709 0.380187 0.008898
2 3 0.004099 0.043536 0.505257 0.441532 0.005576
3 3 0.003282 0.041242 0.382871 0.564711 0.007894
2 3 0.001739 0.038493 0.654537 0.301741 0.003490
2 3 0.001649 0.035574 0.720732 0.239437 0.002608
2 3 0.005412 0.022352 0.620836 0.349986 0.001415
3 3 0.005632 0.028699 0.445503 0.516718 0.003449
2 3 0.003823 0.045774 0.666547 0.279398 0.004459
2 3 0.009560 0.050801 0.517216 0.415243 0.007180
2 3 0.004312 0.068193 0.581653 0.334965 0.010878
2 3 0.002609 0.043663 0.492830 0.454199 0.006699
3 3 0.006862 0.035311 0.412720 0.539606 0.005501
2 3 0.002671 0.028882 0.583856 0.382097 0.002495
2 2 0.002849 0.056417 0.766648 0.169115 0.004971
2 2 0.006306 0.046947 0.672117 0.270276 0.004355
2 2 0.002111 0.046324 0.794343 0.153893 0.003330
2 2 0.007519 0.034920 0.563187 0.390801 0.003573
2 2 0.002779 0.020408 0.647679 0.328002 0.001133
2 2 0.002080 0.022852 0.572328 0.401036 0.001704
2 2 0.001158 0.030641 0.555721 0.409398 0.003082
2 2 0.002887 0.024539 0.588917 0.381810 0.001848
2 3 0.001918 0.039860 0.771758 0.183699 0.002766
3 3 0.001299 0.024129 0.370518 0.600606 0.003449
3 3 0.006963 0.028323 0.471275 0.490179 0.003261
3 3 0.001482 0.021251 0.411057 0.563830 0.002379
3 3 0.003141 0.037652 0.389863 0.562859 0.006485
2 3 0.003942 0.022643 0.507722 0.463722 0.001971
2 3 0.002761 0.053152 0.544279 0.392429 0.007380
3 3 0.004489 0.015749 0.305967 0.671842 0.001953
3 3 0.008348 0.018857 0.271536 0.698248 0.003012
3 3 0.005906 0.023218 0.320748 0.646697 0.003431
2 3 0.003892 0.026699 0.539590 0.427375 0.002445
3 3 0.003760 0.020026 0.208605 0.763220 0.004390
2 3 0.006140 0.037552 0.554843 0.397224 0.004241
3 3 0.002368 0.013039 0.167683 0.814083 0.002828
3 3 0.001549 0.013335 0.152569 0.829353 0.003195
3 3 0.005496 0.009997 0.158171 0.824486 0.001849
3 3 0.003968 0.022534 0.341018 0.629300 0.003179
3 3 0.005146 0.016503 0.275074 0.700857 0.002421
3 3 0.002082 0.019376 0.192690 0.781167 0.004685
3 3 0.001194 0.009383 0.164320 0.823486 0.001617
3 3 0.001714 0.011411 0.170805 0.813864 0.002205
3 3 0.006469 0.032259 0.313174 0.641800 0.006299
2 3 0.005944 0.074654 0.503855 0.402077 0.013471
3 3 0.008395 0.035631 0.280717 0.667296 0.007962
2 3 0.010382 0.129430 0.604120 0.231312 0.024756
2 3 0.009461 0.126858 0.638333 0.202481 0.022867
2 2 0.010674 0.132322 0.620088 0.211592 0.025324
3 2 0.009644 0.074647 0.340580 0.554404 0.020726
2 2 0.015122 0.139905 0.523585 0.287793 0.033596
2 2 0.027933 0.214072 0.486463 0.211975 0.059557
2 2 0.007039 0.088110 0.529690 0.358375 0.016786
3 2 0.001538 0.013942 0.145055 0.836004 0.003461
3 3 0.004615 0.034734 0.255663 0.695228 0.009760
2 3 0.010594 0.122860 0.577499 0.264221 0.024827
2 3 0.017279 0.219020 0.644236 0.078500 0.040966
3 3 0.004607 0.044440 0.322500 0.618040 0.010414
2 3 0.013369 0.097376 0.642192 0.234024 0.013038
2 3 0.011112 0.161870 0.663262 0.136286 0.027470
2 3 0.015658 0.136126 0.470231 0.343455 0.034530
2 0 0.014017 0.107576 0.441302 0.407386 0.029720
2 1 0.022925 0.260969 0.606662 0.056668 0.052776
2 1 0.038749 0.303486 0.495107 0.080510 0.082148
2 1 0.027662 0.198540 0.495755 0.220445 0.057598
2 1 0.027836 0.202280 0.501671 0.210113 0.058100
2 1 0.010906 0.210975 0.714471 0.035153 0.028495
2 1 0.016141 0.132556 0.474308 0.342082 0.034914
2 1 0.046629 0.345475 0.455951 0.054636 0.097309
2 1 0.038199 0.256049 0.477745 0.149832 0.078175
2 1 0.032407 0.243349 0.501771 0.154167 0.068306
2 1 0.035278 0.287140 0.509350 0.092615 0.075618
2 1 0.035237 0.367889 0.491623 0.025535 0.079716
4 1 0.063764 0.273259 0.263470 0.059519 0.339987
4 1 0.050166 0.241880 0.258525 0.037841 0.411588
1 2 0.023076 0.336940 0.336512 0.002724 0.300748
4 2 0.071669 0.201891 0.169177 0.037189 0.520074
4 2 0.033217 0.148078 0.218610 0.055207 0.544889
4 4 0.068478 0.061550 0.008585 0.000022 0.861364
4 4 0.046161 0.067244 0.012435 0.000070 0.874089
4 4 0.050090 0.043678 0.010857 0.000072 0.895303
4 4 0.073809 0.042069 0.015355 0.000195 0.868571
4 4 0.291112 0.028451 0.015349 0.000230 0.664858
4 4 0.202857 0.135946 0.066020 0.004356 0.590821
4 4 0.145944 0.196087 0.071916 0.004238 0.581815
1 4 0.027572 0.434575 0.115373 0.000113 0.422367
4 4 0.059686 0.205143 0.083778 0.003614 0.647781
4 4 0.091359 0.229444 0.084296 0.006693 0.588208
4 4 0.137947 0.272498 0.147456 0.034223 0.407877
4 4 0.110080 0.270030 0.142620 0.024530 0.452740
4 4 0.041303 0.110039 0.094615 0.012713 0.741331
4 4 0.109348 0.238373 0.111160 0.015233 0.525886
4 4 0.044651 0.272001 0.209040 0.007486 0.466823
4 4 0.013765 0.136005 0.042117 0.000081 0.808032
4 4 0.023049 0.102766 0.035927 0.000389 0.837870
4 4 0.026513 0.068796 0.026314 0.000816 0.877561
4 4 0.025988 0.069407 0.025230 0.000714 0.878661
4 4 0.030789 0.080992 0.029907 0.000976 0.857336
4 4 0.028712 0.088477 0.024642 0.000499 0.857670
4 4 0.019494 0.067416 0.025764 0.000404 0.886922
4 4 0.022340 0.073368 0.018953 0.000281 0.885058
4 4 0.034165 0.093963 0.031769 0.000978 0.839125
4 4 0.025857 0.103507 0.038654 0.000562 0.831420
4 4 0.046969 0.100209 0.032460 0.000892 0.819470
4 4 0.036054 0.067706 0.016378 0.000175 0.879687
4 4 0.028586 0.056988 0.026728 0.001022 0.886676
4 4 0.052982 0.092299 0.015131 0.000065 0.839523
4 4 0.081581 0.104467 0.019981 0.000164 0.793807
4 4 0.023650 0.067379 0.021928 0.000491 0.886551
4 4 0.013217 0.146604 0.030045 0.000036 0.810098
4 4 0.016281 0.041981 0.016782 0.000400 0.924556
4 4 0.018945 0.041462 0.022085 0.000904 0.916603
4 4 0.023648 0.065828 0.022343 0.000534 0.887648
4 4 0.005679 0.016361 0.005716 0.000056 0.972187
4 4 0.013798 0.028544 0.004756 0.000013 0.952889
4 4 0.009579 0.035191 0.007668 0.000051 0.947510
4 4 0.004788 0.029864 0.003787 0.000005 0.961556
4 4 0.011318 0.029616 0.006954 0.000043 0.952068
4 4 0.114141 0.054820 0.005178 0.000005 0.825857
4 4 0.058908 0.025697 0.005280 0.000013 0.910102
4 4 0.050061 0.044098 0.005323 0.000008 0.900510
4 4 0.035313 0.022640 0.003518 0.000005 0.938524
4 4 0.034344 0.022224 0.004055 0.000008 0.939369
4 4 0.030687 0.255333 0.082051 0.000388 0.631541
4 4 0.062600 0.175071 0.054773 0.002411 0.705145
4 4 0.044856 0.111387 0.057471 0.003998 0.782288
4 4 0.029633 0.077749 0.028922 0.000929 0.862767
4 4 0.069273 0.172039 0.066220 0.004332 0.688135
4 4 0.051467 0.129410 0.058582 0.003762 0.756779
4 4 0.038504 0.083765 0.042949 0.002714 0.832068
4 4 0.048760 0.120083 0.048307 0.002526 0.780325
4 4 0.026723 0.077446 0.056875 0.004299 0.834656
4 4 0.021084 0.113640 0.180928 0.032596 0.651752
4 1 0.062062 0.252986 0.198717 0.023476 0.462758
4 1 0.054607 0.174410 0.213706 0.066744 0.490533
4 1 0.103540 0.198440 0.109629 0.017258 0.571134
4 1 0.147718 0.313426 0.147300 0.030942 0.360614
1 1 0.086294 0.460999 0.159985 0.004707 0.288015
1 1 0.122439 0.410450 0.229101 0.029009 0.209002
1 1 0.136732 0.411378 0.195961 0.027750 0.228180
1 1 0.077842 0.523800 0.232039 0.006858 0.159460
1 1 0.106211 0.354734 0.272545 0.069458 0.197052
1 1 0.065569 0.561172 0.226141 0.004010 0.143108
1 1 0.035329 0.352904 0.300359 0.003852 0.307557
4 1 0.089861 0.203760 0.098940 0.010832 0.596608
1 1 0.030594 0.404952 0.280429 0.001516 0.282508
4 1 0.077046 0.314786 0.198668 0.015793 0.393707
1 1 0.042739 0.324222 0.316513 0.021013 0.295512
2 2 0.032108 0.249013 0.427230 0.064086 0.227563
2 2 0.036573 0.166349 0.335478 0.226570 0.235030
2 2 0.060511 0.264390 0.329816 0.099435 0.245848
2 2 0.032292 0.217505 0.426194 0.106064 0.217945
2 2 0.041483 0.175911 0.326343 0.211742 0.244521
2 2 0.044624 0.251903 0.340740 0.059940 0.302792
1 2 0.097509 0.302747 0.272468 0.144745 0.182532
1 2 0.120597 0.342128 0.210981 0.038543 0.287751
4 2 0.094189 0.265472 0.239437 0.094257 0.306645
2 2 0.025641 0.206003 0.463300 0.086386 0.218670
2 2 0.023334 0.261123 0.568605 0.090903 0.056035
2 2 0.018399 0.172320 0.549738 0.211125 0.048418
3 2 0.016111 0.105428 0.398255 0.430954 0.049252
2 2 0.014748 0.124393 0.481627 0.336514 0.042718
2 2 0.014373 0.140088 0.532257 0.266931 0.046351
3 2 0.007779 0.053375 0.278978 0.628373 0.031495
2 2 0.015616 0.143525 0.510827 0.255146 0.074886
2 2 0.014562 0.130997 0.499239 0.290049 0.065154
2 2 0.009834 0.173387 0.692020 0.075944 0.048814
2 2 0.015643 0.127496 0.461128 0.321959 0.073774
2 2 0.009987 0.131864 0.625018 0.176959 0.056172
2 2 0.012126 0.159164 0.627532 0.161001 0.040178
2 2 0.006943 0.126238 0.730574 0.098474 0.037771
2 2 0.003549 0.069431 0.621664 0.284592 0.020764
2 2 0.007622 0.089635 0.533418 0.344743 0.024582
2 2 0.005525 0.060176 0.837570 0.093055 0.003674
2 2 0.004325 0.056744 0.481180 0.448395 0.009356
2 2 0.003976 0.051128 0.911441 0.026900 0.006555
2 2 0.007911 0.026198 0.798992 0.163079 0.003821
2 2 0.003905 0.048401 0.831990 0.112239 0.003465
2 2 0.014434 0.174163 0.620548 0.156753 0.034102
2 2 0.012296 0.126381 0.659456 0.183695 0.018172
2 2 0.015767 0.202831 0.623510 0.119938 0.037954
2 2 0.011324 0.185739 0.686589 0.087570 0.028778
2 2 0.013877 0.198208 0.649314 0.104384 0.034216
2 2 0.004445 0.085976 0.683965 0.214387 0.011227
2 2 0.007211 0.043492 0.638175 0.306951 0.004171
2 2 0.005367 0.056338 0.638977 0.293085 0.006234
2 2 0.006683 0.054586 0.844127 0.091501 0.003103
2 2 0.006036 0.058604 0.800839 0.130225 0.004296
2 2 0.010572 0.051899 0.668653 0.263876 0.004999
2 2 0.004436 0.041956 0.849749 0.101852 0.002007
2 2 0.006755 0.086129 0.842808 0.058616 0.005692
2 2 0.005718 0.054598 0.662078 0.272141 0.005465
2 2 0.005051 0.059463 0.808989 0.122192 0.004305
3 2 0.003490 0.018839 0.427540 0.548406 0.001725
2 2 0.004841 0.020622 0.622344 0.350983 0.001210
2 2 0.001999 0.022998 0.649663 0.323928 0.001412
3 2 0.003406 0.024967 0.410120 0.558345 0.003163
2 2 0.002878 0.024452 0.542022 0.428569 0.002079
3 3 0.001496 0.008316 0.291965 0.697575 0.000648
2 3 0.001402 0.019477 0.597761 0.380162 0.001197
3 3 0.000721 0.012452 0.225272 0.759658 0.001897
2 3 0.001725 0.017095 0.490750 0.489180 0.001251
3 3 0.002646 0.025935 0.329427 0.637859 0.004133
3 3 0.002811 0.018017 0.285409 0.691216 0.002547
3 3 0.002117 0.009392 0.286529 0.701136 0.000826
3 3 0.002209 0.007607 0.162954 0.826135 0.001095
3 3 0.002667 0.010940 0.261048 0.724123 0.001222
3 3 0.001902 0.004436 0.078261 0.914460 0.000940
3 3 0.000976 0.011304 0.269551 0.716898 0.001271
3 3 0.000200 0.002229 0.062562 0.934367 0.000642
3 3 0.000723 0.007001 0.098135 0.892481 0.001659
3 3 0.000299 0.002447 0.047216 0.949466 0.000571
3 3 0.001195 0.003958 0.074193 0.919839 0.000815
3 3 0.000548 0.006760 0.143746 0.847928 0.001019
3 3 0.000841 0.005681 0.092242 0.898877 0.002358
3 3 0.000405 0.003378 0.053431 0.941887 0.000898
3 3 0.000382 0.002197 0.050469 0.946465 0.000486
3 3 0.000954 0.006635 0.075094 0.915302 0.002014
3 3 0.000130 0.001497 0.035971 0.962085 0.000316
3 3 0.000119 0.001463 0.038694 0.959330 0.000394
3 3 0.000311 0.002799 0.048782 0.947402 0.000706
3 3 0.000194 0.001588 0.044199 0.953611 0.000408
3 3 0.000499 0.003928 0.057457 0.937026 0.001090
3 3 0.000218 0.002165 0.043064 0.954046 0.000508
3 3 0.000080 0.001051 0.030253 0.968415 0.000201
3 3 0.000114 0.001359 0.034313 0.963934 0.000280
3 3 0.000180 0.001550 0.038865 0.959097 0.000308
3 3 0.001013 0.006512 0.073160 0.917225 0.002090
3 3 0.002827 0.018858 0.143104 0.829333 0.005878
3 3 0.001240 0.009813 0.105452 0.880794 0.002701
3 3 0.002799 0.024270 0.231572 0.735930 0.005429
3 3 0.002811 0.038038 0.365714 0.586518 0.006920
3 3 0.000974 0.016962 0.280934 0.698572 0.002558
3 2 0.004560 0.017709 0.340389 0.635328 0.002014
2 3 0.002811 0.024582 0.654336 0.316705 0.001566
3 3 0.002638 0.014046 0.356565 0.625433 0.001318
3 3 0.001153 0.013799 0.378415 0.605063 0.001569
2 3 0.001763 0.015308 0.613773 0.368422 0.000734
3 3 0.005916 0.026768 0.472430 0.492064 0.002823
2 3 0.005019 0.041338 0.625102 0.324525 0.004016
3 3 0.002860 0.015021 0.329866 0.650611 0.001643
2 2 0.005584 0.030763 0.719180 0.242512 0.001962
2 2 0.005314 0.039151 0.741511 0.211444 0.002580
3 2 0.003414 0.010575 0.294737 0.690290 0.000985
2 2 0.006635 0.052304 0.798262 0.139273 0.003526
2 3 0.001664 0.032388 0.669243 0.294186 0.002519
3 3 0.001949 0.018647 0.387870 0.589574 0.001960
3 3 0.005094 0.020052 0.367552 0.605083 0.002219
3 3 0.001510 0.012280 0.351903 0.633251 0.001056
2 3 0.003605 0.032731 0.482246 0.477544 0.003873
3 3 0.001869 0.009393 0.206291 0.781217 0.001230
3 3 0.003667 0.020190 0.221333 0.750727 0.004084
3 3 0.004299 0.015458 0.125404 0.849967 0.004872
3 3 0.002965 0.026483 0.238344 0.726064 0.006143
3 3 0.006708 0.019722 0.267755 0.702361 0.003454
2 3 0.009513 0.048458 0.622684 0.314360 0.004985
2 3 0.004025 0.063602 0.523903 0.398223 0.010247
3 3 0.007038 0.039548 0.447461 0.500157 0.005796
2 3 0.002096 0.054432 0.674258 0.263231 0.005983
2 3 0.004044 0.036400 0.518338 0.436988 0.004230
3 3 0.004391 0.035705 0.413447 0.540963 0.005496
2 3 0.002249 0.024048 0.836408 0.136386 0.000910
3 3 0.005491 0.024771 0.382274 0.584319 0.003145
2 3 0.005141 0.045096 0.568016 0.376356 0.005390
3 3 0.003928 0.021605 0.350032 0.621556 0.002879
2 3 0.012560 0.039869 0.592557 0.351075 0.003940
3 3 0.015096 0.021778 0.366100 0.594311 0.002715
3 3 0.002604 0.043221 0.434230 0.513195 0.006751
3 3 0.004666 0.032736 0.202934 0.749845 0.009819
3 2 0.003657 0.028284 0.199775 0.760397 0.007887
3 2 0.005186 0.041743 0.258770 0.683396 0.010906
2 2 0.016745 0.148566 0.533940 0.264060 0.036689
3 2 0.003528 0.020930 0.135679 0.832724 0.007139
2 2 0.032372 0.198760 0.372907 0.093299 0.302662
2 2 0.020854 0.238545 0.480685 0.032024 0.227892
2 2 0.021913 0.176373 0.394711 0.069101 0.337901
2 2 0.020257 0.121302 0.342954 0.196576 0.318911
4 2 0.027919 0.214589 0.348116 0.035044 0.374333
4 2 0.010696 0.027154 0.011472 0.000226 0.950452
4 2 0.012447 0.034729 0.012246 0.000202 0.940376
4 2 0.013657 0.041176 0.012543 0.000176 0.932448
4 2 0.014129 0.035565 0.014990 0.000353 0.934963
4 4 0.108520 0.111252 0.041371 0.001370 0.737486
0 0 0.797955 0.042939 0.004237 0.000005 0.154864
0 0 0.517064 0.035126 0.004834 0.000006 0.442969
0 0 0.585397 0.072979 0.007781 0.000013 0.333831
0 0 0.705100 0.061284 0.011070 0.000055 0.222490
0 0 0.686984 0.105137 0.010696 0.000030 0.197154
4 0 0.130896 0.227280 0.103574 0.012198 0.526052
4 1 0.033467 0.358822 0.114060 0.000413 0.493237
4 1 0.022540 0.212146 0.265581 0.010315 0.489418
4 1 0.043411 0.285333 0.240223 0.011189 0.419844
4 1 0.031399 0.272992 0.210026 0.003459 0.482124
4 1 0.201007 0.189530 0.052297 0.001537 0.555629
4 1 0.378175 0.084684 0.029035 0.000533 0.507574
4 4 0.348617 0.142272 0.050867 0.001846 0.456398
4 4 0.376850 0.125640 0.034020 0.000595 0.462895
0 4 0.467426 0.113556 0.028890 0.000420 0.389709
0 4 0.498910 0.142359 0.019203 0.000100 0.339428
0 4 0.658245 0.062056 0.013494 0.000091 0.266114
0 4 0.745951 0.082776 0.015208 0.000129 0.155937
0 4 0.528558 0.186509 0.014719 0.000037 0.270178
4 4 0.294876 0.233887 0.018992 0.000055 0.452191
2 4 0.064765 0.326003 0.387245 0.085338 0.136649
1 4 0.036626 0.429911 0.390084 0.007323 0.136056
2 1 0.067319 0.249840 0.313347 0.231754 0.137739
2 1 0.045388 0.230958 0.393778 0.158248 0.171628
1 1 0.079142 0.381997 0.335218 0.054709 0.148935
1 1 0.098920 0.280870 0.271038 0.161652 0.187521
1 4 0.118962 0.433454 0.217467 0.022091 0.208026
1 4 0.081213 0.363909 0.321062 0.082544 0.151272
4 4 0.144029 0.286202 0.152184 0.036820 0.380764
4 4 0.148306 0.290502 0.157769 0.041407 0.362015
4 4 0.095098 0.114557 0.036923 0.000963 0.752458
4 4 0.048163 0.111788 0.038444 0.001339 0.800267
4 4 0.034526 0.286651 0.051621 0.000189 0.627013
4 4 0.060542 0.164092 0.054504 0.002549 0.718312
4 4 0.058077 0.187715 0.045413 0.001283 0.707513
2 4 0.027292 0.228435 0.514370 0.170555 0.059348
2 4 0.035054 0.229848 0.463048 0.200400 0.071649
2 2 0.015425 0.361850 0.573981 0.006306 0.042437
2 2 0.037132 0.321260 0.517437 0.044410 0.079761
2 2 0.023778 0.225808 0.582796 0.114984 0.052635
2 2 0.047604 0.218306 0.368221 0.189661 0.176207
1 2 0.136723 0.314148 0.226623 0.109127 0.213377
1 2 0.095223 0.426265 0.268205 0.033780 0.176527
1 2 0.080883 0.451507 0.291171 0.019120 0.157320
2 2 0.050290 0.252098 0.389887 0.160442 0.147284
2 2 0.014331 0.116315 0.430942 0.407339 0.031072
2 2 0.029828 0.176722 0.425300 0.308664 0.059486
2 2 0.012298 0.117542 0.494848 0.347678 0.027634
2 2 0.021977 0.170856 0.503160 0.257288 0.046719
2 2 0.023312 0.209092 0.569265 0.147358 0.050973
2 2 0.009107 0.177465 0.726130 0.063276 0.024022
2 2 0.011996 0.116526 0.759569 0.099601 0.012308
2 2 0.008874 0.092417 0.803934 0.087249 0.007525
2 2 0.016472 0.252902 0.649256 0.040481 0.040889
2 2 0.014873 0.186664 0.622313 0.140589 0.035561
0 2 0.629159 0.273967 0.004394 0.000000 0.092481
0 0 0.940607 0.032186 0.002730 0.000006 0.024471
0 0 0.942110 0.030697 0.001430 0.000001 0.025761
0 0 0.900325 0.037795 0.006051 0.000033 0.055796
0 0 0.724242 0.088648 0.005491 0.000005 0.181614
4 1 0.042585 0.221372 0.284806 0.036732 0.414504
2 1 0.037516 0.258995 0.417086 0.062461 0.223942
2 1 0.042162 0.257732 0.384485 0.059875 0.255745
2 2 0.042617 0.211128 0.352481 0.143301 0.250473
2 2 0.049711 0.326395 0.346124 0.045241 0.232529
2 2 0.006646 0.069887 0.471351 0.401557 0.050559
3 2 0.004632 0.048669 0.381952 0.540632 0.024115
3 3 0.013378 0.109984 0.415585 0.431883 0.029170
2 3 0.002486 0.042361 0.501170 0.431332 0.022650
2 3 0.004729 0.095925 0.663496 0.216389 0.019460
2 3 0.004007 0.065651 0.774671 0.150747 0.004923
3 3 0.002542 0.027778 0.282317 0.681898 0.005464
2 3 0.003486 0.029093 0.674877 0.288294 0.004250
2 3 0.002070 0.033582 0.596843 0.364430 0.003074
2 2 0.006486 0.078390 0.499204 0.400501 0.015419
2 2 0.001284 0.029262 0.567272 0.398974 0.003208
2 3 0.003217 0.058794 0.798766 0.135188 0.004034
2 3 0.002828 0.043328 0.645519 0.304089 0.004235
2 3 0.002123 0.025852 0.722236 0.247238 0.002551
2 3 0.004541 0.034653 0.551155 0.405104 0.004546
3 3 0.005261 0.065960 0.455882 0.460215 0.012682
2 3 0.003403 0.066857 0.627924 0.285641 0.016176
2 3 0.003296 0.050591 0.666886 0.274417 0.004810
2 3 0.002845 0.059143 0.656148 0.275535 0.006330
2 3 0.003493 0.054726 0.482590 0.450298 0.008893
2 3 0.003999 0.019020 0.565399 0.410360 0.001223
2 3 0.001542 0.029342 0.613390 0.353292 0.002434
2 3 0.001110 0.016136 0.799072 0.183180 0.000501
2 3 0.001762 0.022051 0.505697 0.468613 0.001878
3 3 0.003693 0.012406 0.306818 0.675827 0.001257
2 3 0.001174 0.029360 0.615265 0.351764 0.002437
2 3 0.001938 0.025254 0.544487 0.426114 0.002207
3 3 0.002394 0.015153 0.475386 0.506028 0.001040
3 3 0.000955 0.010326 0.187581 0.799479 0.001659
3 3 0.002407 0.018121 0.321128 0.656011 0.002334
3 3 0.000256 0.004855 0.126930 0.867299 0.000661
3 3 0.001099 0.006654 0.093792 0.896819 0.001637
3 3 0.000210 0.002506 0.055514 0.941269 0.000500
3 3 0.000433 0.003856 0.061566 0.933168 0.000977
3 3 0.000753 0.006325 0.123219 0.868607 0.001096
3 3 0.000583 0.006807 0.112635 0.878576 0.001399
3 3 0.000171 0.001821 0.039584 0.958017 0.000407
3 3 0.000320 0.002854 0.049244 0.946859 0.000723
3 3 0.000689 0.004980 0.064512 0.928350 0.001469
3 3 0.000440 0.005087 0.090205 0.903211 0.001057
3 3 0.000173 0.001834 0.039721 0.957862 0.000410
3 3 0.000106 0.001291 0.033459 0.964883 0.000262
3 3 0.000130 0.001493 0.035924 0.962139 0.000315
3 3 0.000179 0.001881 0.040215 0.957301 0.000424
3 3 0.000066 0.000919 0.028314 0.970532 0.000169
3 3 0.000180 0.001890 0.040307 0.957197 0.000426
3 3 0.000145 0.001616 0.037345 0.960545 0.000349
3 3 0.000074 0.000999 0.029598 0.969140 0.000190
3 3 0.000040 0.000640 0.023704 0.975509 0.000107
3 3 0.000027 0.000487 0.020716 0.978694 0.000075
