0 0 0.280342 0.227175 0.258731 0.026475 0.207277
0 0 0.279076 0.225509 0.261729 0.012195 0.221491
2 0 0.229031 0.229318 0.357688 0.021321 0.162641
2 0 0.246948 0.233419 0.305026 0.025768 0.188839
2 0 0.201153 0.232365 0.346260 0.035023 0.185199
2 0 0.182049 0.231613 0.362867 0.047728 0.175743
4 0 0.183192 0.228530 0.252279 0.049584 0.286415
4 0 0.182362 0.208198 0.177972 0.026971 0.404496
4 0 0.151666 0.170700 0.118328 0.012253 0.547053
4 0 0.144144 0.148626 0.090238 0.006398 0.610594
4 0 0.161106 0.156637 0.097286 0.006465 0.578505
4 0 0.217553 0.181077 0.122800 0.007210 0.471360
4 0 0.272349 0.213987 0.177739 0.013304 0.322622
4 0 0.262912 0.213369 0.176751 0.013940 0.333027
4 0 0.237836 0.209304 0.169963 0.014942 0.367955
4 0 0.236209 0.202464 0.156449 0.012071 0.392807
0 0 0.344419 0.182316 0.158732 0.018124 0.296410
0 0 0.496952 0.136764 0.145205 0.021208 0.199871
0 0 0.593557 0.101043 0.127499 0.016097 0.161805
0 0 0.636046 0.086101 0.117811 0.015978 0.144063
0 0 0.601160 0.097705 0.123363 0.018594 0.159178
0 0 0.637451 0.086767 0.094174 0.016543 0.165065
0 0 0.641548 0.085006 0.089827 0.017756 0.165863
0 0 0.697133 0.067416 0.062110 0.012405 0.160936
0 0 0.743073 0.053988 0.056327 0.012269 0.134344
0 0 0.686300 0.071213 0.069431 0.012890 0.160166
0 0 0.697466 0.066207 0.058898 0.015179 0.162250
0 0 0.585676 0.103262 0.096866 0.021608 0.192587
0 0 0.513784 0.115299 0.106337 0.026390 0.238190
0 0 0.487568 0.103092 0.083408 0.018114 0.307818
0 0 0.556247 0.097488 0.096151 0.035378 0.214736
0 0 0.602612 0.093734 0.093539 0.031980 0.178135
0 0 0.588083 0.098330 0.095968 0.025517 0.192102
0 0 0.638366 0.085315 0.077953 0.018299 0.180066
0 0 0.711691 0.062639 0.054973 0.011198 0.159498
0 0 0.673685 0.075029 0.075098 0.014522 0.161665
0 0 0.671957 0.074526 0.066303 0.015356 0.171857
0 0 0.653017 0.081564 0.074565 0.013968 0.176886
0 0 0.640160 0.085958 0.090747 0.016133 0.167002
0 0 0.654477 0.082082 0.080778 0.012083 0.170580
0 0 0.604712 0.097933 0.108784 0.016763 0.171808
0 0 0.622884 0.091237 0.103197 0.017946 0.164736
0 0 0.607538 0.094170 0.135079 0.017755 0.145459
0 0 0.585906 0.096565 0.147512 0.029746 0.140272
0 0 0.565612 0.104869 0.136652 0.033812 0.159056
0 0 0.613986 0.094151 0.094015 0.018739 0.179110
0 0 0.567699 0.109184 0.133425 0.020092 0.169599
0 0 0.613595 0.095155 0.113348 0.014591 0.163311
0 0 0.561086 0.110959 0.141946 0.019858 0.166151
0 0 0.576341 0.107626 0.101617 0.018764 0.195652
0 0 0.575885 0.108536 0.103139 0.016461 0.195980
0 0 0.648784 0.081277 0.075480 0.020195 0.174265
0 0 0.653626 0.081840 0.073642 0.011880 0.179012
0 0 0.315136 0.211710 0.261014 0.011137 0.201003
2 1 0.246646 0.235521 0.289623 0.033915 0.194295
4 1 0.140345 0.218957 0.237259 0.068313 0.335127
4 4 0.110792 0.167583 0.125827 0.025086 0.570713
4 4 0.086281 0.114238 0.063257 0.005952 0.730271
4 4 0.089068 0.112876 0.061190 0.005143 0.731723
4 4 0.116147 0.146281 0.093268 0.010212 0.634092
4 4 0.119471 0.137036 0.081185 0.006658 0.655650
4 4 0.209075 0.193801 0.144271 0.011989 0.440863
4 4 0.245680 0.207249 0.164902 0.013001 0.369168
4 4 0.265994 0.217461 0.186340 0.015767 0.314438
4 4 0.209638 0.224633 0.214004 0.034871 0.316854
2 4 0.121521 0.210346 0.471753 0.100775 0.095605
2 4 0.164048 0.219683 0.463713 0.037209 0.115347
2 4 0.164655 0.210677 0.498044 0.020423 0.106202
2 4 0.276823 0.225415 0.294531 0.011163 0.192069
0 4 0.338155 0.200382 0.238681 0.019445 0.203337
0 4 0.317707 0.186261 0.179391 0.030741 0.285900
4 4 0.187660 0.170381 0.130425 0.020526 0.491008
4 4 0.095686 0.131261 0.080032 0.009438 0.683582
4 4 0.138174 0.197336 0.170194 0.038809 0.455487
2 4 0.162842 0.228854 0.345484 0.044594 0.218226
2 4 0.080919 0.166388 0.658207 0.043355 0.051132
2 4 0.174596 0.215463 0.469490 0.023961 0.116490
2 4 0.106517 0.195309 0.558902 0.058287 0.080984
4 4 0.187025 0.223262 0.221795 0.040792 0.327127
4 4 0.139614 0.191925 0.158160 0.031217 0.479084
4 4 0.119754 0.170522 0.127201 0.022555 0.559968
4 4 0.121976 0.175427 0.134580 0.025468 0.542549
4 4 0.133053 0.203639 0.190038 0.048976 0.424295
4 4 0.176581 0.228044 0.248651 0.049204 0.297519
2 4 0.130353 0.208248 0.516467 0.050696 0.094236
2 4 0.263456 0.219837 0.308769 0.030493 0.177445
0 4 0.338091 0.176057 0.271071 0.052816 0.161965
0 4 0.493507 0.121058 0.175660 0.055182 0.154593
0 4 0.454824 0.136823 0.162145 0.065481 0.180726
0 4 0.417921 0.162253 0.171049 0.041213 0.207564
2 4 0.216874 0.235824 0.318373 0.039370 0.189559
2 4 0.147255 0.230548 0.349201 0.081793 0.191203
2 4 0.082228 0.205987 0.442755 0.100926 0.168103
2 4 0.053739 0.176727 0.546846 0.121088 0.101601
2 4 0.037445 0.145713 0.656074 0.105125 0.055642
2 4 0.028653 0.122036 0.729168 0.086615 0.033528
2 4 0.031950 0.136091 0.700428 0.079817 0.051713
2 4 0.072139 0.202959 0.376883 0.086499 0.261520
4 4 0.108474 0.160435 0.115403 0.020565 0.595124
4 4 0.113282 0.140979 0.087306 0.008909 0.649523
4 4 0.174882 0.150878 0.100106 0.010335 0.563799
4 4 0.141321 0.180720 0.142213 0.026268 0.509478
4 4 0.150156 0.190578 0.156614 0.029830 0.472822
4 4 0.110830 0.209386 0.240267 0.066278 0.373239
2 4 0.067852 0.192506 0.496789 0.108763 0.134089
2 4 0.024511 0.109166 0.772086 0.068589 0.025649
2 4 0.008421 0.054105 0.889488 0.043274 0.004712
2 4 0.005559 0.040757 0.920026 0.031072 0.002585
2 4 0.004219 0.035446 0.925520 0.032881 0.001934
2 4 0.003717 0.033603 0.924077 0.036890 0.001714
2 4 0.003839 0.034787 0.916894 0.042671 0.001809
2 4 0.003861 0.034915 0.916528 0.042873 0.001822
2 4 0.003313 0.031492 0.927871 0.035817 0.001508
2 4 0.004648 0.037965 0.917313 0.037886 0.002188
2 4 0.004967 0.039909 0.909894 0.042841 0.002390
2 2 0.006999 0.049082 0.887010 0.053342 0.003567
2 2 0.007366 0.050979 0.879000 0.058834 0.003821
2 2 0.008114 0.055782 0.860821 0.070540 0.004742
2 2 0.016507 0.087606 0.804371 0.076995 0.014522
2 2 0.019632 0.093591 0.682773 0.190688 0.013316
2 3 0.016023 0.070876 0.727346 0.177274 0.008481
2 3 0.011420 0.064786 0.853205 0.064367 0.006222
2 3 0.013262 0.049736 0.703733 0.228078 0.005191
2 3 0.018179 0.054491 0.645443 0.274963 0.006925
2 3 0.024366 0.055399 0.550408 0.361119 0.008709
2 3 0.024621 0.050375 0.524770 0.392221 0.008013
2 3 0.020918 0.051856 0.556275 0.363461 0.007491
3 3 0.023780 0.044878 0.433373 0.490336 0.007634
3 3 0.027540 0.039594 0.354915 0.570117 0.007834
3 3 0.025083 0.027405 0.260336 0.681386 0.005791
3 3 0.022020 0.028263 0.289819 0.654557 0.005341
3 3 0.016823 0.022704 0.271415 0.685253 0.003805
3 3 0.014797 0.021974 0.301738 0.658230 0.003261
3 3 0.016093 0.020150 0.251725 0.708650 0.003382
3 3 0.039488 0.043395 0.377465 0.529780 0.009872
3 3 0.074704 0.059331 0.351309 0.494969 0.019687
3 3 0.248088 0.102926 0.286355 0.291486 0.071144
2 3 0.092248 0.087652 0.395882 0.392015 0.032203
3 3 0.045409 0.060254 0.407377 0.472103 0.014857
3 3 0.015130 0.026298 0.341930 0.612846 0.003796
3 3 0.014204 0.025549 0.353781 0.602964 0.003502
3 3 0.014481 0.024124 0.308296 0.649534 0.003565
3 3 0.013381 0.019034 0.238488 0.726088 0.003009
3 3 0.012931 0.015260 0.199948 0.769338 0.002523
3 3 0.017697 0.016112 0.178921 0.783985 0.003285
3 3 0.016232 0.013198 0.156005 0.811862 0.002703
3 3 0.015914 0.016576 0.212937 0.751635 0.002937
3 3 0.013545 0.019659 0.283419 0.680528 0.002849
3 3 0.013188 0.025134 0.345474 0.612833 0.003370
3 3 0.013389 0.021140 0.260622 0.701608 0.003240
3 3 0.014886 0.017801 0.213456 0.750757 0.003101
3 3 0.016379 0.016154 0.186601 0.777755 0.003111
3 3 0.019238 0.012930 0.139981 0.824828 0.003022
3 3 0.020650 0.010920 0.114990 0.850582 0.002857
3 3 0.021405 0.011063 0.114182 0.850390 0.002959
3 3 0.025800 0.014849 0.136192 0.819051 0.004108
3 3 0.030226 0.019158 0.158301 0.786857 0.005458
3 3 0.023447 0.015445 0.148629 0.808551 0.003927
3 3 0.023922 0.017633 0.166033 0.788063 0.004349
3 3 0.033162 0.024349 0.187038 0.748590 0.006861
3 3 0.032323 0.021949 0.172805 0.766645 0.006278
3 3 0.029945 0.018081 0.157127 0.789748 0.005098
3 3 0.023304 0.010422 0.103011 0.860227 0.003036
3 3 0.021216 0.007764 0.081639 0.887029 0.002352
3 3 0.015726 0.006656 0.082844 0.893066 0.001707
3 3 0.019150 0.009415 0.103994 0.864982 0.002458
3 3 0.021457 0.011183 0.115200 0.849175 0.002985
3 3 0.024962 0.013261 0.124717 0.833333 0.003726
3 3 0.019904 0.011986 0.128057 0.837103 0.002951
3 3 0.017072 0.014693 0.167656 0.797568 0.003010
3 3 0.015427 0.010820 0.133227 0.838238 0.002288
3 3 0.014849 0.008614 0.109575 0.865039 0.001923
3 3 0.015292 0.009013 0.112614 0.861058 0.002022
3 3 0.016848 0.012195 0.142189 0.826130 0.002638
3 3 0.014568 0.009490 0.121379 0.852546 0.002016
3 3 0.016480 0.010127 0.120844 0.850246 0.002303
3 3 0.022579 0.014080 0.139183 0.820561 0.003596
3 3 0.027080 0.013580 0.122050 0.833270 0.004020
3 3 0.026677 0.012601 0.114653 0.842281 0.003789
3 3 0.020295 0.010556 0.112386 0.854003 0.002760
3 3 0.019526 0.010107 0.110112 0.857646 0.002609
3 3 0.017404 0.009217 0.107311 0.863810 0.002259
3 3 0.016943 0.008904 0.105337 0.866649 0.002166
3 3 0.014921 0.008709 0.110447 0.863979 0.001943
3 3 0.013526 0.008068 0.108221 0.868464 0.001721
3 3 0.013855 0.007848 0.104042 0.872533 0.001722
3 3 0.014114 0.007299 0.096073 0.880846 0.001668
3 3 0.016343 0.007000 0.085183 0.889661 0.001813
3 3 0.017579 0.006588 0.077150 0.896839 0.001844
3 3 0.024091 0.008670 0.084724 0.879742 0.002772
3 3 0.023420 0.008939 0.088634 0.876240 0.002766
3 3 0.033890 0.012991 0.103532 0.844965 0.004623
3 3 0.031749 0.012137 0.100580 0.851319 0.004215
3 3 0.035306 0.013817 0.107331 0.838589 0.004958
3 3 0.029165 0.012019 0.104410 0.850475 0.003931
3 3 0.019883 0.011229 0.120490 0.845570 0.002828
3 3 0.014428 0.009074 0.116932 0.857620 0.001945
3 3 0.017852 0.010848 0.123558 0.845189 0.002553
3 3 0.021110 0.010651 0.110960 0.854420 0.002859
3 3 0.020677 0.011034 0.116040 0.849369 0.002879
3 3 0.019112 0.011551 0.126394 0.840147 0.002796
3 3 0.015981 0.010553 0.127714 0.843441 0.002311
3 3 0.017787 0.013035 0.146998 0.819313 0.002867
3 3 0.020450 0.013194 0.138094 0.825058 0.003204
3 3 0.026206 0.014866 0.135207 0.819562 0.004159
3 3 0.024448 0.012692 0.121022 0.838271 0.003567
3 3 0.016286 0.009514 0.114630 0.857377 0.002194
3 3 0.015312 0.007667 0.096390 0.878803 0.001828
3 3 0.020708 0.008173 0.086954 0.881780 0.002385
3 3 0.023640 0.009254 0.091175 0.873084 0.002847
3 3 0.020665 0.007768 0.082873 0.886387 0.002307
3 3 0.021459 0.008975 0.093345 0.873625 0.002597
3 3 0.014768 0.006426 0.082855 0.894358 0.001593
3 3 0.013141 0.006744 0.092526 0.886085 0.001505
3 3 0.017040 0.010680 0.124826 0.845011 0.002442
3 3 0.019924 0.010394 0.111860 0.855126 0.002696
3 3 0.019505 0.010765 0.116980 0.850036 0.002714
3 3 0.021585 0.011433 0.117269 0.846672 0.003041
3 3 0.020415 0.012731 0.133680 0.830048 0.003126
3 3 0.026577 0.014273 0.129188 0.825868 0.004094
3 3 0.027985 0.015767 0.137870 0.813842 0.004537
3 3 0.030025 0.014426 0.122155 0.828881 0.004514
3 3 0.029643 0.013403 0.114767 0.837923 0.004265
3 3 0.035993 0.017125 0.129968 0.811141 0.005774
3 3 0.031775 0.015503 0.126735 0.821054 0.004933
3 3 0.024072 0.013027 0.125061 0.834255 0.003585
3 3 0.017739 0.009497 0.109284 0.861144 0.002335
3 3 0.014742 0.008619 0.110060 0.864667 0.001913
3 3 0.016922 0.009840 0.115943 0.854989 0.002306
3 3 0.018805 0.010109 0.112389 0.856160 0.002537
3 3 0.021910 0.010106 0.103432 0.861710 0.002843
3 3 0.022237 0.009875 0.100354 0.864702 0.002833
3 3 0.028378 0.012044 0.106197 0.849525 0.003856
3 3 0.036739 0.014360 0.108914 0.834751 0.005235
3 3 0.041604 0.019447 0.135154 0.796805 0.006990
3 3 0.032800 0.024203 0.197071 0.739345 0.006581
3 3 0.022729 0.023279 0.218188 0.730748 0.005056
3 3 0.015055 0.025125 0.286460 0.669395 0.003966
2 3 0.012604 0.053881 0.720476 0.207514 0.005525
2 3 0.009039 0.045124 0.695329 0.246573 0.003936
2 3 0.017512 0.058647 0.605644 0.310516 0.007680
2 1 0.007884 0.053145 0.862418 0.072404 0.004149
2 1 0.006092 0.037399 0.826782 0.127268 0.002459
2 1 0.005018 0.037983 0.873024 0.081709 0.002267
2 1 0.005904 0.045343 0.887153 0.058593 0.003007
2 1 0.006382 0.046598 0.891943 0.051861 0.003216
2 1 0.009229 0.056506 0.879289 0.050155 0.004821
2 1 0.017516 0.088182 0.818665 0.060592 0.015046
2 1 0.022139 0.104731 0.781198 0.067897 0.024035
2 1 0.038673 0.143168 0.685331 0.080650 0.052178
2 1 0.040452 0.146437 0.680372 0.076376 0.056363
2 1 0.039575 0.145018 0.683720 0.076655 0.055032
2 4 0.054886 0.161120 0.656952 0.060301 0.066740
2 4 0.050288 0.158268 0.656840 0.067544 0.067060
2 4 0.095104 0.211027 0.434898 0.068942 0.190030
2 4 0.115552 0.216847 0.316044 0.053541 0.298016
4 4 0.121458 0.185754 0.156425 0.034274 0.502090
4 4 0.104594 0.166001 0.125830 0.027742 0.575833
4 4 0.110218 0.184537 0.167727 0.034656 0.502862
4 4 0.140573 0.209307 0.226992 0.032372 0.390756
2 4 0.081769 0.197953 0.509247 0.081838 0.129194
2 4 0.048927 0.155052 0.657402 0.079827 0.058793
2 4 0.036456 0.140072 0.695224 0.077277 0.050971
2 4 0.040289 0.153996 0.649486 0.083570 0.072659
2 4 0.048152 0.170618 0.597043 0.077054 0.107133
2 4 0.032972 0.134118 0.724310 0.056948 0.051652
2 4 0.031486 0.124725 0.745582 0.061186 0.037022
2 4 0.012383 0.067448 0.868147 0.044309 0.007713
2 4 0.008178 0.052538 0.888913 0.046185 0.004186
2 4 0.004732 0.037866 0.920944 0.034256 0.002201
2 4 0.004092 0.036268 0.912134 0.045549 0.001956
2 4 0.003515 0.033596 0.913940 0.047280 0.001668
2 4 0.004701 0.040543 0.889023 0.063356 0.002377
2 4 0.004863 0.040891 0.893574 0.058235 0.002437
2 2 0.004057 0.036742 0.904231 0.052992 0.001978
2 2 0.003614 0.034106 0.913159 0.047402 0.001719
2 2 0.004066 0.035783 0.916386 0.041846 0.001920
2 2 0.009356 0.058778 0.858240 0.068567 0.005058
2 2 0.019766 0.088573 0.793676 0.086194 0.011791
2 2 0.031318 0.111377 0.732902 0.104773 0.019630
2 2 0.024133 0.098427 0.772300 0.090367 0.014772
2 2 0.016727 0.080228 0.818263 0.075150 0.009632
2 2 0.006196 0.045254 0.899406 0.046078 0.003065
2 2 0.003837 0.033718 0.927669 0.033029 0.001747
2 2 0.003808 0.033961 0.924286 0.036191 0.001754
2 2 0.004839 0.039412 0.906094 0.047329 0.002326
2 2 0.005206 0.041084 0.894532 0.056653 0.002524
2 2 0.005440 0.040992 0.856430 0.094552 0.002585
2 2 0.006215 0.042776 0.839513 0.108597 0.002899
2 2 0.011228 0.049446 0.770402 0.164320 0.004604
2 3 0.010741 0.044684 0.733236 0.207250 0.004090
2 3 0.009240 0.038614 0.732142 0.216782 0.003221
2 3 0.008292 0.035923 0.769236 0.183791 0.002758
2 3 0.009692 0.040373 0.761174 0.185354 0.003408
2 3 0.017029 0.048193 0.633139 0.295767 0.005871
2 3 0.023475 0.057421 0.589269 0.321206 0.008629
2 3 0.061755 0.075508 0.478084 0.364267 0.020386
2 3 0.066295 0.083989 0.522698 0.304234 0.022784
2 3 0.055587 0.096313 0.601097 0.223862 0.023141
2 3 0.037835 0.085660 0.686270 0.174304 0.015930
2 3 0.047574 0.088369 0.655002 0.190363 0.018693
2 3 0.042694 0.068010 0.499790 0.374558 0.014948
2 3 0.041849 0.066817 0.481722 0.394815 0.014798
2 3 0.018924 0.068766 0.725953 0.177554 0.008803
2 3 0.011778 0.057587 0.761405 0.163560 0.005670
2 3 0.005158 0.040614 0.866612 0.085125 0.002490
2 3 0.004194 0.034617 0.883634 0.075684 0.001871
2 3 0.004360 0.034896 0.893405 0.065420 0.001919
2 3 0.004542 0.036977 0.891222 0.065164 0.002095
2 3 0.005971 0.043299 0.850391 0.097459 0.002880
2 3 0.005908 0.038336 0.816831 0.136415 0.002510
2 3 0.012528 0.045589 0.738720 0.198698 0.004464
2 3 0.017185 0.044539 0.647678 0.285292 0.005305
2 3 0.021612 0.045431 0.515071 0.411122 0.006764
2 3 0.011774 0.035805 0.533852 0.414727 0.003841
2 3 0.008818 0.030965 0.600912 0.356625 0.002679
2 3 0.008869 0.028436 0.628484 0.331840 0.002371
2 3 0.013708 0.036062 0.619233 0.327169 0.003828
2 3 0.014455 0.034544 0.535153 0.411829 0.004019
2 3 0.012939 0.037856 0.594956 0.350212 0.004037
2 3 0.012527 0.042630 0.617099 0.323245 0.004499
2 3 0.009221 0.035615 0.601085 0.350854 0.003224
3 3 0.009234 0.028945 0.464024 0.494900 0.002898
2 3 0.007330 0.023925 0.516399 0.450372 0.001974
2 3 0.010276 0.026063 0.517842 0.443293 0.002525
2 3 0.015588 0.033131 0.554297 0.393105 0.003878
3 3 0.014039 0.028112 0.454587 0.499867 0.003395
3 3 0.011281 0.029096 0.446031 0.510342 0.003250
3 3 0.011346 0.030496 0.437969 0.516709 0.003480
3 3 0.012103 0.026029 0.344739 0.613741 0.003389
3 3 0.014763 0.022765 0.267611 0.691225 0.003636
3 3 0.021820 0.024072 0.274168 0.675402 0.004539
3 3 0.022007 0.026487 0.286510 0.660020 0.004977
3 3 0.017985 0.025705 0.309316 0.642780 0.004214
3 3 0.015891 0.024301 0.300371 0.655638 0.003799
3 3 0.016042 0.027627 0.351903 0.600364 0.004062
2 3 0.023795 0.046363 0.502626 0.419895 0.007321
2 3 0.064693 0.084112 0.516537 0.311938 0.022720
0 3 0.415434 0.113840 0.216165 0.135390 0.119171
0 3 0.529301 0.095415 0.200789 0.063122 0.111374
0 3 0.395853 0.126485 0.274462 0.087359 0.115841
2 3 0.130333 0.147741 0.418176 0.235628 0.068122
2 3 0.025252 0.069341 0.580858 0.313311 0.011238
2 3 0.009497 0.048208 0.742109 0.195965 0.004221
2 3 0.014181 0.060730 0.737056 0.181389 0.006643
2 3 0.039318 0.081273 0.592374 0.270713 0.016323
2 3 0.149788 0.138160 0.498157 0.153724 0.060171
0 3 0.338961 0.165451 0.289298 0.061079 0.145212
2 3 0.196398 0.176902 0.394166 0.128935 0.103599
2 3 0.057548 0.094442 0.473064 0.348978 0.025968
2 3 0.017435 0.044175 0.535819 0.396736 0.005834
2 3 0.011011 0.032620 0.485950 0.466904 0.003515
2 3 0.013588 0.034571 0.541288 0.406662 0.003892
2 3 0.015247 0.041593 0.625687 0.312748 0.004724
2 3 0.026229 0.060946 0.608148 0.295110 0.009567
2 3 0.020388 0.048507 0.553793 0.370452 0.006858
2 3 0.018428 0.046042 0.516863 0.412267 0.006400
2 3 0.010128 0.035373 0.594044 0.357102 0.003352
2 3 0.007283 0.045706 0.808552 0.135054 0.003406
2 3 0.006062 0.041782 0.769391 0.179884 0.002882
2 3 0.035139 0.124978 0.588682 0.225058 0.026142
2 3 0.027233 0.105381 0.751845 0.098453 0.017089
2 3 0.035696 0.124754 0.649753 0.164722 0.025076
2 3 0.067975 0.164220 0.629902 0.091010 0.046893
2 3 0.037288 0.124062 0.704705 0.109375 0.024569
2 3 0.012715 0.069849 0.829324 0.080927 0.007185
2 3 0.004833 0.040931 0.891315 0.060488 0.002433
2 3 0.002613 0.029203 0.903453 0.063492 0.001239
2 3 0.002435 0.026881 0.894236 0.075360 0.001089
2 3 0.002687 0.027884 0.892335 0.075906 0.001188
2 3 0.003272 0.029037 0.883797 0.082534 0.001361
2 3 0.004535 0.036927 0.869115 0.087325 0.002099
2 3 0.005934 0.038698 0.813859 0.138961 0.002547
2 3 0.005747 0.034254 0.809735 0.148088 0.002176
2 3 0.007088 0.038333 0.783659 0.168159 0.002762
2 3 0.010191 0.040831 0.690829 0.254457 0.003692
2 3 0.016454 0.042265 0.559918 0.376090 0.005274
2 3 0.016688 0.042098 0.571581 0.364409 0.005224
2 3 0.024111 0.056070 0.588091 0.323233 0.008495
2 3 0.018279 0.056865 0.644888 0.272661 0.007307
2 3 0.007495 0.041912 0.794597 0.152865 0.003130
2 3 0.005484 0.040409 0.863135 0.088427 0.002545
2 3 0.005507 0.036091 0.843612 0.112550 0.002240
2 3 0.009833 0.041260 0.723004 0.222302 0.003602
2 3 0.010142 0.041048 0.723687 0.221495 0.003627
2 3 0.011365 0.041149 0.709880 0.233750 0.003857
2 3 0.013991 0.042823 0.695529 0.243187 0.004470
2 3 0.015716 0.034088 0.643096 0.303373 0.003726
2 3 0.022266 0.043380 0.605559 0.322841 0.005955
2 3 0.015608 0.035708 0.538085 0.406290 0.004309
2 3 0.012948 0.035139 0.561596 0.386506 0.003810
2 3 0.010362 0.028562 0.530059 0.428227 0.002790
2 3 0.010126 0.027452 0.562364 0.397505 0.002553
3 3 0.014179 0.023486 0.388567 0.570762 0.003005
3 3 0.018469 0.023849 0.280953 0.672610 0.004118
3 3 0.020326 0.019880 0.201078 0.754530 0.004186
3 3 0.025368 0.023733 0.209904 0.735449 0.005547
3 3 0.037786 0.029075 0.222594 0.702432 0.008113
3 3 0.035569 0.035510 0.286077 0.634157 0.008687
3 3 0.048513 0.041856 0.307544 0.590484 0.011603
3 3 0.072249 0.065538 0.418570 0.423816 0.019826
2 3 0.260150 0.133670 0.396001 0.127215 0.082964
2 3 0.169936 0.137379 0.510906 0.119816 0.061962
2 3 0.142159 0.120244 0.509104 0.179552 0.048941
2 3 0.087679 0.131302 0.648110 0.093601 0.039308
2 3 0.054109 0.126351 0.638109 0.149170 0.032260
2 3 0.028846 0.096934 0.727858 0.130350 0.016012
2 3 0.018306 0.085486 0.795755 0.089547 0.010905
2 3 0.031114 0.113782 0.723048 0.111869 0.020187
2 0 0.041015 0.128631 0.717197 0.086766 0.026393
2 0 0.084960 0.172788 0.643308 0.044499 0.054443
2 0 0.242874 0.231554 0.326081 0.022153 0.177338
4 0 0.278604 0.205403 0.206101 0.014451 0.295441
0 0 0.530151 0.100984 0.099146 0.022351 0.247368
0 0 0.567633 0.091646 0.105720 0.032890 0.202111
0 0 0.415719 0.108195 0.092147 0.033197 0.350742
4 0 0.193861 0.157939 0.109254 0.011804 0.527141
4 1 0.153876 0.185889 0.142116 0.019680 0.498438
4 1 0.149161 0.188230 0.147700 0.023081 0.491827
4 4 0.125735 0.171244 0.126286 0.020310 0.556425
4 4 0.120597 0.190369 0.164336 0.044071 0.480628
4 4 0.123996 0.189456 0.160211 0.039782 0.486555
4 4 0.118178 0.210781 0.262567 0.049730 0.358743
4 4 0.122201 0.211552 0.263952 0.044262 0.358033
2 4 0.099869 0.212851 0.398840 0.054864 0.233576
4 4 0.109298 0.195854 0.211898 0.038151 0.444800
4 4 0.104245 0.188927 0.189171 0.040120 0.477538
4 4 0.122137 0.181348 0.149245 0.027456 0.519813
4 4 0.139758 0.182029 0.139677 0.022215 0.516321
4 4 0.121721 0.163160 0.115061 0.016678 0.583380
4 4 0.105159 0.142368 0.091181 0.011422 0.649870
4 4 0.095397 0.130777 0.079532 0.009327 0.684967
4 4 0.106767 0.148444 0.098730 0.013817 0.632242
4 4 0.142399 0.163747 0.110407 0.011327 0.572120
4 4 0.154901 0.184976 0.144145 0.016726 0.499252
4 4 0.173245 0.187952 0.143848 0.014296 0.480659
4 4 0.153400 0.182720 0.136822 0.017843 0.509215
4 4 0.157984 0.169405 0.115083 0.010576 0.546952
4 4 0.178760 0.176370 0.121335 0.009842 0.513694
4 4 0.215839 0.169510 0.127952 0.016876 0.469822
4 4 0.205787 0.162762 0.113559 0.011296 0.506596
4 4 0.153719 0.173271 0.121702 0.012922 0.538387
4 4 0.132686 0.169270 0.121029 0.016463 0.560552
4 4 0.118842 0.166462 0.121038 0.019965 0.573694
4 4 0.122456 0.175964 0.135320 0.025674 0.540586
4 4 0.125554 0.169932 0.124253 0.019480 0.560782
4 4 0.127988 0.172672 0.127842 0.020356 0.551142
4 4 0.132478 0.162048 0.110413 0.012854 0.582208
4 4 0.132851 0.167031 0.117588 0.015186 0.567344
4 4 0.151743 0.167328 0.113412 0.010906 0.556610
4 4 0.141789 0.188598 0.150870 0.026721 0.492023
4 4 0.174397 0.195883 0.154756 0.019937 0.455027
4 4 0.183735 0.213470 0.201244 0.025461 0.376091
4 4 0.158194 0.202451 0.173061 0.032055 0.434238
4 4 0.137372 0.189611 0.154483 0.030121 0.488413
4 4 0.135465 0.184883 0.146265 0.026598 0.506789
4 4 0.148052 0.176551 0.128166 0.015889 0.531342
4 4 0.144986 0.192223 0.156683 0.028485 0.477623
2 4 0.123098 0.221493 0.309604 0.063413 0.282392
2 4 0.049492 0.171871 0.576678 0.103164 0.098795
2 4 0.019955 0.099944 0.787546 0.070886 0.021669
2 4 0.021241 0.103438 0.783407 0.068048 0.023865
2 4 0.013646 0.075717 0.848632 0.051099 0.010905
2 4 0.017740 0.089642 0.822707 0.053175 0.016736
2 4 0.016885 0.086487 0.827915 0.053665 0.015047
2 4 0.041652 0.152989 0.659438 0.077430 0.068491
2 4 0.042573 0.148837 0.675431 0.075495 0.057664
2 4 0.131417 0.224036 0.369349 0.048511 0.226687
2 4 0.138000 0.221608 0.422545 0.038778 0.179070
2 4 0.184809 0.228039 0.312243 0.026650 0.248259
2 4 0.142380 0.217987 0.458100 0.029615 0.151917
2 4 0.124498 0.219174 0.449066 0.047740 0.159522
2 4 0.086500 0.204133 0.485188 0.086281 0.137898
2 4 0.132292 0.226040 0.354732 0.058337 0.228600
4 4 0.180241 0.224126 0.278767 0.024605 0.292262
4 4 0.333596 0.163825 0.136224 0.016414 0.349942
0 4 0.368390 0.177435 0.175385 0.020041 0.258750
4 4 0.226918 0.213072 0.179628 0.018859 0.361524
4 1 0.146388 0.197523 0.166981 0.033309 0.455799
4 1 0.116488 0.216989 0.266709 0.091355 0.308459
2 1 0.045472 0.140135 0.585642 0.193986 0.034765
2 1 0.039247 0.135228 0.709104 0.077820 0.038601
2 1 0.111866 0.217217 0.432606 0.089693 0.148619
2 1 0.114836 0.221221 0.398247 0.071390 0.194306
4 1 0.153316 0.191257 0.151991 0.023782 0.479654
4 0 0.180048 0.197778 0.156975 0.019600 0.445600
4 0 0.313296 0.176220 0.140195 0.013744 0.356546
0 0 0.362659 0.171257 0.189773 0.036324 0.239988
0 0 0.362575 0.145768 0.147593 0.060344 0.283721
4 1 0.173377 0.165013 0.134808 0.034642 0.492161
4 1 0.109577 0.146883 0.095814 0.012167 0.635559
4 1 0.084604 0.124550 0.075224 0.009883 0.705739
4 1 0.106448 0.149378 0.100101 0.014422 0.629651
4 1 0.116103 0.173240 0.133162 0.026973 0.550523
4 1 0.102574 0.159156 0.115697 0.022834 0.599739
4 1 0.100909 0.174175 0.148381 0.033701 0.542834
4 1 0.112634 0.199068 0.208693 0.048738 0.430867
2 1 0.099929 0.215183 0.374450 0.073745 0.236692
2 1 0.093318 0.209137 0.468086 0.076883 0.152575
4 1 0.182740 0.214012 0.191835 0.032954 0.378459
4 1 0.181656 0.207438 0.176465 0.026534 0.407906
4 1 0.162879 0.194896 0.155994 0.022962 0.463268
4 1 0.149839 0.177985 0.129990 0.016170 0.526016
4 1 0.174086 0.195618 0.154335 0.019852 0.456110
4 0 0.236320 0.218986 0.192702 0.021259 0.330733
0 0 0.280003 0.225674 0.209466 0.019797 0.265060
0 0 0.417439 0.164856 0.169673 0.035567 0.212465
0 0 0.377077 0.165618 0.220693 0.059991 0.176622
0 0 0.494061 0.119289 0.157304 0.067693 0.161653
0 0 0.463824 0.120922 0.207142 0.070947 0.137164
0 0 0.514145 0.108564 0.164467 0.069478 0.143347
0 0 0.537489 0.110879 0.147992 0.044678 0.158961
0 0 0.414041 0.146544 0.140284 0.035070 0.264061
0 0 0.375040 0.171589 0.196793 0.025195 0.231383
0 0 0.371904 0.171108 0.245982 0.024727 0.186278
0 0 0.491198 0.125358 0.203973 0.031396 0.148076
2 0 0.301622 0.174650 0.362543 0.030725 0.130460
2 0 0.104936 0.186999 0.593261 0.045387 0.069417
2 1 0.064379 0.157847 0.652978 0.079887 0.044908
2 1 0.033592 0.115263 0.762798 0.065622 0.022725
2 1 0.093792 0.187444 0.579021 0.065485 0.074258
2 1 0.156975 0.223740 0.432666 0.054572 0.132048
2 1 0.193625 0.234576 0.313132 0.047377 0.211289
4 1 0.214513 0.218721 0.195618 0.026242 0.344905
4 1 0.165568 0.187601 0.142009 0.017278 0.487545
4 1 0.203049 0.186937 0.133728 0.010263 0.466023
4 0 0.260028 0.197031 0.161817 0.016711 0.364413
0 0 0.463411 0.138002 0.119712 0.017271 0.261605
0 0 0.453107 0.144265 0.130645 0.021133 0.250849
0 0 0.362851 0.161298 0.127534 0.012489 0.335828
4 0 0.264874 0.205813 0.160590 0.010601 0.358122
4 0 0.251174 0.215421 0.182330 0.016436 0.334640
4 0 0.261466 0.221065 0.195969 0.018634 0.302866
0 0 0.321063 0.196472 0.184550 0.016405 0.281509
0 0 0.379153 0.161036 0.253283 0.029427 0.177101
0 0 0.477752 0.121075 0.211953 0.036851 0.152368
0 0 0.681350 0.067510 0.099530 0.021769 0.129840
0 0 0.754023 0.048950 0.058349 0.020842 0.117836
0 0 0.775254 0.043811 0.053994 0.017619 0.109323
0 0 0.737168 0.054731 0.083727 0.015643 0.108731
0 0 0.761849 0.049223 0.053928 0.010173 0.124828
0 0 0.669630 0.075165 0.095315 0.018729 0.141160
0 0 0.725963 0.054336 0.066596 0.031487 0.121618
0 0 0.711577 0.054323 0.075131 0.046429 0.112540
0 0 0.791503 0.035268 0.060065 0.032896 0.080268
0 0 0.787235 0.034898 0.050600 0.040186 0.087081
0 0 0.834081 0.025925 0.034961 0.027521 0.077511
0 0 0.805690 0.031353 0.036496 0.033229 0.093233
0 0 0.827375 0.027989 0.032272 0.023878 0.088486
0 0 0.722295 0.050833 0.092604 0.041164 0.093103
0 0 0.683753 0.063120 0.103313 0.039335 0.110480
0 0 0.781895 0.041215 0.065385 0.019896 0.091609
0 0 0.678791 0.065421 0.120340 0.029918 0.105529
0 0 0.758714 0.045896 0.072757 0.026011 0.096621
0 0 0.736951 0.050378 0.079908 0.031759 0.101004
0 0 0.768629 0.041704 0.061314 0.032860 0.095493
0 0 0.717688 0.056763 0.093006 0.026919 0.105624
0 0 0.714061 0.058768 0.089272 0.025510 0.112389
0 0 0.706257 0.063160 0.091507 0.018840 0.120236
0 0 0.708372 0.063220 0.094985 0.015332 0.118091
0 0 0.633419 0.085149 0.139069 0.012981 0.129382
0 0 0.622536 0.089257 0.139876 0.012959 0.135372
0 0 0.649540 0.083702 0.109369 0.010636 0.146753
0 0 0.748043 0.052903 0.055471 0.010859 0.132724
0 0 0.792608 0.039173 0.037502 0.011775 0.118942
0 0 0.783694 0.039565 0.037609 0.019741 0.119391
0 0 0.702346 0.062184 0.060529 0.026405 0.148535
0 0 0.596653 0.100625 0.106768 0.013959 0.181995
4 0 0.256122 0.217496 0.242797 0.011157 0.272428
4 1 0.193778 0.227471 0.267635 0.029234 0.281881
2 1 0.124406 0.220234 0.340891 0.056296 0.258174
2 1 0.099536 0.212764 0.353876 0.075892 0.257932
4 1 0.129114 0.208554 0.215259 0.057653 0.389420
4 1 0.155639 0.167487 0.112822 0.010285 0.553767
4 4 0.116707 0.127815 0.071363 0.004879 0.679236
4 4 0.109834 0.131905 0.077312 0.006750 0.674199
4 4 0.078099 0.100785 0.051539 0.004050 0.765526
4 4 0.064703 0.093618 0.047772 0.004574 0.789333
4 4 0.090778 0.116961 0.065091 0.005889 0.721281
4 4 0.128093 0.151848 0.097577 0.009734 0.612748
4 4 0.125939 0.145265 0.089697 0.007969 0.631129
4 4 0.180506 0.125498 0.077982 0.008586 0.607428
4 4 0.129567 0.122832 0.073230 0.007880 0.666491
4 4 0.077797 0.096099 0.047200 0.003208 0.775697
4 4 0.061403 0.084897 0.040530 0.003199 0.809971
4 4 0.061626 0.083232 0.039025 0.002867 0.813250
4 4 0.046512 0.073381 0.034028 0.003224 0.842855
4 4 0.055907 0.081558 0.038835 0.003354 0.820347
4 4 0.070191 0.102148 0.054761 0.005759 0.767141
4 4 0.074043 0.107237 0.058980 0.006423 0.753317
4 4 0.115099 0.137789 0.083017 0.007552 0.656542
4 4 0.142690 0.118290 0.067078 0.005566 0.666377
4 4 0.118333 0.130584 0.074085 0.005275 0.671723
4 4 0.096072 0.123257 0.070701 0.006683 0.703288
4 4 0.078354 0.116845 0.068198 0.008648 0.727955
4 4 0.086045 0.118765 0.068216 0.007349 0.719626
4 4 0.092721 0.130249 0.079643 0.009840 0.687546
4 4 0.100224 0.137625 0.086561 0.010780 0.664811
4 4 0.062847 0.103651 0.058446 0.008344 0.766711
4 4 0.114767 0.161464 0.114755 0.018351 0.590663
4 4 0.176589 0.182845 0.131700 0.012571 0.496296
4 4 0.078699 0.105677 0.056216 0.005066 0.754343
4 4 0.099641 0.132926 0.080965 0.009076 0.677392
4 4 0.125545 0.164181 0.115427 0.015938 0.578910
4 4 0.139416 0.184301 0.143803 0.024151 0.508328
2 4 0.093952 0.210743 0.456723 0.068679 0.169903
2 4 0.046855 0.154564 0.647084 0.092920 0.058576
2 4 0.022491 0.101293 0.783797 0.072736 0.019683
2 4 0.019658 0.092920 0.802771 0.068772 0.015879
2 4 0.019235 0.092058 0.810452 0.062073 0.016181
2 4 0.019763 0.093014 0.807607 0.063320 0.016296
2 4 0.029768 0.115053 0.769586 0.058299 0.027294
2 4 0.026299 0.105969 0.794581 0.050419 0.022732
2 2 0.052349 0.162734 0.646377 0.061696 0.076843
2 2 0.047404 0.156864 0.661350 0.063866 0.070516
2 2 0.045467 0.153140 0.671016 0.065773 0.064604
2 2 0.037296 0.131630 0.730596 0.061598 0.038880
2 2 0.051275 0.160793 0.640364 0.080091 0.067476
2 2 0.053533 0.165950 0.615230 0.092061 0.073226
2 2 0.084131 0.208700 0.361069 0.102236 0.243864
2 2 0.056556 0.183149 0.538918 0.093242 0.128134
4 2 0.098823 0.205746 0.262048 0.061680 0.371703
2 2 0.092569 0.210597 0.332141 0.070322 0.294370
4 2 0.107703 0.183938 0.157884 0.048898 0.501578
4 2 0.118242 0.183421 0.150868 0.036704 0.510765
4 2 0.186201 0.204441 0.176647 0.029099 0.403612
0 2 0.395224 0.156969 0.207342 0.033521 0.206944
0 2 0.569077 0.106011 0.137845 0.026227 0.160840
0 2 0.421308 0.165548 0.193289 0.020344 0.199511
4 2 0.202392 0.230100 0.265700 0.033719 0.268089
2 2 0.143421 0.225081 0.292761 0.065116 0.273621
2 2 0.023258 0.107165 0.789647 0.052306 0.027623
2 2 0.008587 0.054266 0.895923 0.036231 0.004993
2 2 0.004791 0.037291 0.927081 0.028658 0.002179
2 2 0.005851 0.042906 0.910478 0.037958 0.002806
2 2 0.006539 0.047119 0.900878 0.041914 0.003550
2 2 0.008668 0.057972 0.877482 0.050032 0.005847
2 2 0.008850 0.056803 0.887807 0.040924 0.005616
2 2 0.009926 0.060572 0.884612 0.038238 0.006652
2 2 0.008019 0.051334 0.903400 0.032824 0.004424
2 2 0.006710 0.045400 0.911658 0.033026 0.003205
2 3 0.006424 0.044905 0.908829 0.036751 0.003091
2 3 0.006528 0.045208 0.908898 0.036228 0.003138
2 3 0.009360 0.055088 0.893288 0.037536 0.004728
2 3 0.009578 0.056687 0.890474 0.038074 0.005187
2 3 0.007590 0.049805 0.896975 0.041864 0.003766
2 3 0.007372 0.049652 0.892799 0.046474 0.003702
2 3 0.006612 0.048123 0.883433 0.058435 0.003397
2 3 0.006274 0.046494 0.889002 0.055048 0.003183
2 3 0.006876 0.049118 0.882131 0.058332 0.003543
2 3 0.006446 0.047819 0.880134 0.062267 0.003334
2 3 0.005821 0.044679 0.891617 0.054949 0.002935
2 3 0.004033 0.035321 0.919860 0.038901 0.001885
2 3 0.004824 0.039448 0.909143 0.044259 0.002326
2 3 0.007091 0.049331 0.887456 0.052513 0.003609
2 3 0.005011 0.040677 0.903446 0.048412 0.002454
2 3 0.005630 0.041656 0.877627 0.072427 0.002661
2 3 0.005532 0.042317 0.868418 0.081037 0.002696
2 3 0.005268 0.037183 0.836897 0.118369 0.002283
2 3 0.003102 0.028476 0.851822 0.115288 0.001312
2 3 0.003189 0.030899 0.866262 0.098193 0.001456
2 3 0.003482 0.032176 0.858569 0.104182 0.001592
2 3 0.005232 0.037434 0.824233 0.130795 0.002307
2 3 0.005775 0.036154 0.804889 0.150851 0.002331
2 3 0.008473 0.039388 0.738022 0.210953 0.003165
2 3 0.009344 0.036108 0.699027 0.252466 0.003055
2 3 0.013824 0.038853 0.616180 0.326935 0.004208
2 3 0.010467 0.036320 0.621170 0.328614 0.003428
2 3 0.009711 0.034118 0.575909 0.377057 0.003205
2 3 0.010464 0.037765 0.600535 0.347583 0.003654
2 3 0.011307 0.038461 0.599312 0.347055 0.003865
2 3 0.011067 0.036980 0.592927 0.355350 0.003676
2 3 0.009842 0.034188 0.623046 0.329822 0.003101
2 3 0.010684 0.032075 0.559927 0.394165 0.003151
2 3 0.011498 0.029066 0.494904 0.461441 0.003092
3 3 0.013813 0.031450 0.448754 0.502105 0.003879
3 3 0.014111 0.026677 0.361501 0.594080 0.003631
3 3 0.013608 0.024089 0.318608 0.640295 0.003400
3 3 0.014548 0.026016 0.337919 0.617808 0.003709
3 3 0.013457 0.024923 0.351120 0.607164 0.003336
3 3 0.013175 0.025955 0.405964 0.551708 0.003198
3 3 0.013092 0.027689 0.410365 0.545431 0.003423
3 3 0.016942 0.027371 0.366245 0.585419 0.004023
3 3 0.021471 0.031711 0.389200 0.552486 0.005132
3 3 0.020934 0.034504 0.390410 0.548552 0.005601
3 3 0.024174 0.040501 0.402112 0.526120 0.007094
3 3 0.027190 0.044818 0.428578 0.491286 0.008128
2 3 0.024482 0.044328 0.527188 0.397153 0.006849
2 3 0.023505 0.047936 0.548489 0.372839 0.007231
2 3 0.023143 0.048851 0.509533 0.410833 0.007640
2 3 0.015871 0.035946 0.476518 0.466994 0.004671
3 3 0.015551 0.030844 0.426948 0.522556 0.004101
3 3 0.012533 0.028837 0.436181 0.519041 0.003408
3 3 0.015398 0.031301 0.407320 0.541716 0.004265
3 3 0.016602 0.022678 0.271254 0.685687 0.003779
3 3 0.017477 0.022708 0.262010 0.693857 0.003947
3 3 0.015473 0.022966 0.295449 0.662567 0.003545
3 3 0.014084 0.028378 0.391087 0.562714 0.003737
3 3 0.011884 0.026333 0.438067 0.520733 0.002983
3 3 0.011078 0.023545 0.429209 0.533605 0.002563
3 3 0.016831 0.025428 0.330523 0.623324 0.003894
3 3 0.021352 0.024470 0.260131 0.689323 0.004723
3 3 0.018123 0.024873 0.267197 0.685389 0.004417
3 3 0.016458 0.023486 0.292362 0.663933 0.003761
3 3 0.017657 0.021271 0.268112 0.689338 0.003622
3 3 0.023184 0.025248 0.288104 0.658669 0.004794
3 3 0.025484 0.027727 0.260627 0.680254 0.005908
3 3 0.023669 0.027036 0.264179 0.679605 0.005510
3 3 0.019624 0.025100 0.250251 0.700228 0.004797
3 3 0.016346 0.021301 0.244049 0.714603 0.003701
3 3 0.017226 0.021796 0.257973 0.699235 0.003770
3 3 0.014036 0.016435 0.230586 0.736312 0.002631
3 3 0.014184 0.015158 0.206399 0.761700 0.002559
3 3 0.017275 0.019655 0.264838 0.694942 0.003289
3 3 0.018779 0.014898 0.181336 0.781938 0.003049
3 3 0.017008 0.013054 0.150698 0.816463 0.002777
3 3 0.020688 0.015252 0.156944 0.803565 0.003552
3 3 0.021477 0.019028 0.188052 0.767213 0.004229
2 3 0.024093 0.047906 0.497461 0.422844 0.007695
2 3 0.015487 0.038818 0.489584 0.451121 0.004990
3 3 0.019869 0.032913 0.342699 0.598950 0.005568
2 3 0.027176 0.048508 0.495133 0.420931 0.008251
3 3 0.021928 0.014573 0.145943 0.813958 0.003598
3 3 0.025654 0.020178 0.181082 0.768081 0.005004
3 3 0.021856 0.015862 0.158065 0.800422 0.003795
3 3 0.021227 0.014469 0.147495 0.813313 0.003497
3 3 0.016988 0.012300 0.142705 0.825337 0.002669
3 3 0.021124 0.016725 0.184717 0.773792 0.003641
3 3 0.024225 0.017940 0.181433 0.772160 0.004242
3 3 0.032968 0.019081 0.162030 0.780356 0.005566
3 3 0.028213 0.017819 0.153683 0.795340 0.004945
3 3 0.018128 0.010808 0.122124 0.846364 0.002576
3 3 0.012049 0.008302 0.118318 0.859723 0.001608
3 3 0.014224 0.009708 0.125602 0.848456 0.002010
3 3 0.014651 0.010484 0.132914 0.839793 0.002158
3 3 0.016178 0.010609 0.127518 0.843355 0.002340
3 3 0.020959 0.013837 0.142472 0.819368 0.003365
3 3 0.023447 0.017056 0.162788 0.792517 0.004192
3 3 0.022566 0.016762 0.163473 0.793170 0.004029
3 3 0.027896 0.020267 0.173772 0.772724 0.005341
3 3 0.022853 0.017541 0.169244 0.786171 0.004191
3 3 0.016854 0.018950 0.211897 0.748760 0.003539
3 3 0.011615 0.014997 0.207791 0.763288 0.002308
3 3 0.009454 0.017265 0.268177 0.702947 0.002157
3 3 0.009333 0.012565 0.198601 0.777753 0.001747
3 3 0.013160 0.019670 0.251057 0.713096 0.003016
3 3 0.014588 0.024116 0.302322 0.655359 0.003614
3 3 0.018231 0.030778 0.379245 0.567065 0.004681
3 3 0.028008 0.041702 0.448486 0.474432 0.007372
3 3 0.044898 0.037518 0.328380 0.579709 0.009495
3 3 0.082475 0.040332 0.286662 0.575966 0.014565
3 3 0.196655 0.069708 0.250997 0.438847 0.043793
0 1 0.445358 0.129269 0.179310 0.087812 0.158252
2 1 0.179982 0.218227 0.410152 0.065541 0.126098
2 1 0.045862 0.140612 0.609171 0.170969 0.033386
2 1 0.010870 0.065539 0.824799 0.092576 0.006216
2 1 0.008656 0.054958 0.877959 0.053931 0.004495
2 1 0.015380 0.078486 0.841803 0.053459 0.010872
2 1 0.021538 0.099461 0.803122 0.054855 0.021023
2 1 0.034768 0.137862 0.710303 0.063774 0.053294
2 1 0.040421 0.155796 0.652695 0.068370 0.082719
2 1 0.080574 0.205661 0.374809 0.079435 0.259522
4 1 0.124369 0.207849 0.244469 0.037032 0.386281
4 1 0.180876 0.198277 0.168445 0.015184 0.437218
4 1 0.185582 0.202821 0.183442 0.014504 0.413651
4 1 0.142992 0.215462 0.254787 0.035225 0.351534
4 1 0.151141 0.193491 0.156983 0.026626 0.471759
2 1 0.126150 0.221268 0.339929 0.052810 0.259842
4 1 0.166821 0.198007 0.160913 0.023963 0.450296
4 1 0.125677 0.175603 0.133497 0.023646 0.541577
4 1 0.116999 0.180932 0.146660 0.034617 0.520792
4 1 0.117273 0.200609 0.204578 0.051065 0.426475
2 1 0.082470 0.204699 0.433222 0.065994 0.213614
2 1 0.056926 0.173158 0.608976 0.061389 0.099551
2 1 0.051782 0.169128 0.617615 0.064961 0.096513
2 1 0.027015 0.115344 0.775347 0.048955 0.033338
2 1 0.020656 0.098998 0.811326 0.045829 0.023191
2 1 0.012764 0.070521 0.866437 0.040925 0.009353
2 1 0.008136 0.051979 0.903338 0.031902 0.004645
2 1 0.005269 0.039208 0.924531 0.028579 0.002413
2 1 0.003925 0.033931 0.928850 0.031516 0.001779
2 1 0.004131 0.035334 0.923505 0.035123 0.001908
2 1 0.003520 0.032439 0.927378 0.035059 0.001605
2 1 0.004686 0.037467 0.922910 0.032772 0.002165
2 1 0.009971 0.059256 0.886399 0.038386 0.005989
2 1 0.045320 0.156712 0.662138 0.058894 0.076935
4 1 0.101779 0.204151 0.260487 0.056075 0.377508
4 1 0.121217 0.164950 0.117917 0.017961 0.577955
4 1 0.185891 0.198808 0.173700 0.012846 0.428754
0 0 0.361011 0.163479 0.224960 0.015271 0.235278
0 0 0.657389 0.079009 0.122132 0.012057 0.129413
0 0 0.786877 0.041283 0.054841 0.015289 0.101710
0 0 0.848351 0.025549 0.027617 0.010562 0.087921
0 0 0.707398 0.066019 0.070910 0.008936 0.146736
0 0 0.321005 0.216791 0.225290 0.010674 0.226239
2 1 0.189401 0.231909 0.361314 0.045751 0.171626
2 1 0.041392 0.145346 0.691326 0.067066 0.054871
2 1 0.019694 0.094105 0.824313 0.041739 0.020149
2 1 0.022795 0.103876 0.801090 0.046748 0.025491
2 1 0.034614 0.130393 0.734282 0.059359 0.041352
2 1 0.081809 0.206378 0.409981 0.088616 0.213217
4 1 0.105058 0.180140 0.151577 0.045705 0.517519
4 1 0.088514 0.131405 0.082306 0.011674 0.686101
4 4 0.071981 0.112693 0.065463 0.008970 0.740893
4 4 0.074134 0.108896 0.060703 0.006934 0.749333
4 4 0.085313 0.113765 0.063859 0.006621 0.730443
4 4 0.129303 0.136398 0.082309 0.007378 0.644612
4 4 0.236917 0.140027 0.095682 0.011317 0.516056
0 4 0.412763 0.150624 0.135581 0.023791 0.277240
0 4 0.489714 0.133205 0.121329 0.020726 0.235025
0 4 0.418672 0.156185 0.129960 0.013241 0.281942
4 4 0.239930 0.216864 0.190593 0.017799 0.334814
4 4 0.188657 0.214547 0.191338 0.030946 0.374512
4 4 0.146301 0.196658 0.165185 0.032376 0.459480
4 4 0.115359 0.213453 0.260960 0.060555 0.349673
4 4 0.119238 0.191901 0.170438 0.042203 0.476220
4 4 0.100396 0.166644 0.128866 0.031801 0.572292
4 4 0.084409 0.147966 0.106461 0.025585 0.635580
4 4 0.080720 0.148876 0.109678 0.030000 0.630727
4 4 0.076117 0.146056 0.107735 0.031658 0.638434
4 4 0.075442 0.192163 0.252003 0.068079 0.412312
4 4 0.095114 0.194778 0.218719 0.057429 0.433960
4 4 0.108490 0.206304 0.268624 0.042270 0.374313
4 4 0.155891 0.207630 0.204807 0.026905 0.404767
4 4 0.258380 0.190605 0.157113 0.018717 0.375185
0 4 0.377863 0.148943 0.134227 0.030097 0.308871
0 4 0.432639 0.131177 0.122350 0.035213 0.278621
0 4 0.447280 0.117244 0.099840 0.024381 0.311255
4 4 0.304206 0.156114 0.116883 0.012777 0.410020
4 4 0.198747 0.205937 0.169610 0.019925 0.405781
2 4 0.142016 0.223407 0.302122 0.048386 0.284069
2 4 0.027424 0.115759 0.758360 0.069041 0.029416
2 4 0.007571 0.050522 0.897834 0.039976 0.004097
2 4 0.006628 0.046058 0.904527 0.039559 0.003229
2 4 0.006472 0.045473 0.906075 0.038812 0.003168
2 4 0.008135 0.052050 0.897038 0.038438 0.004339
2 4 0.007783 0.049744 0.901603 0.037063 0.003807
2 1 0.009853 0.058377 0.888863 0.037146 0.005761
2 1 0.017417 0.085486 0.844295 0.036980 0.015821
2 1 0.013883 0.080610 0.805488 0.088193 0.011826
2 1 0.048523 0.144512 0.631300 0.139366 0.036300
2 1 0.048175 0.144486 0.700880 0.061377 0.045082
2 1 0.047042 0.146500 0.685002 0.074735 0.046721
2 1 0.063060 0.174868 0.605059 0.070154 0.086859
2 1 0.065888 0.182094 0.579269 0.060852 0.111897
2 1 0.084819 0.206048 0.420007 0.065487 0.223639
4 1 0.093321 0.202699 0.286805 0.053495 0.363681
4 1 0.122542 0.207242 0.258043 0.030809 0.381364
4 1 0.158128 0.174441 0.122482 0.012514 0.532435
4 1 0.189130 0.200195 0.163916 0.016894 0.429864
2 1 0.136808 0.226077 0.341499 0.049149 0.246467
2 1 0.032534 0.123967 0.737171 0.074015 0.032313
2 1 0.018772 0.086027 0.824002 0.058745 0.012454
2 1 0.006285 0.044830 0.905906 0.039928 0.003052
2 1 0.005556 0.042348 0.906588 0.042811 0.002697
2 1 0.004785 0.039004 0.912202 0.041721 0.002288
2 1 0.005615 0.043387 0.897992 0.050218 0.002788
2 2 0.006256 0.045467 0.899249 0.045933 0.003095
2 2 0.008623 0.055968 0.886954 0.043132 0.005322
2 2 0.007889 0.051432 0.899874 0.036438 0.004367
2 2 0.007186 0.047074 0.909032 0.033266 0.003442
2 2 0.004729 0.037812 0.921311 0.033951 0.002197
2 2 0.004848 0.038716 0.917128 0.037025 0.002283
2 2 0.007197 0.049684 0.887270 0.052185 0.003665
2 2 0.010667 0.061168 0.869727 0.052818 0.005620
2 2 0.007629 0.049833 0.897654 0.041106 0.003778
2 2 0.008148 0.051766 0.893703 0.042311 0.004073
2 2 0.007861 0.049964 0.901514 0.036817 0.003845
2 2 0.006752 0.045496 0.911601 0.032937 0.003214
2 2 0.005937 0.041987 0.919498 0.029819 0.002760
2 2 0.007443 0.048202 0.907549 0.033144 0.003662
2 2 0.007336 0.047553 0.910098 0.031425 0.003589
2 2 0.007257 0.046699 0.912766 0.029849 0.003429
2 2 0.006728 0.044603 0.917091 0.028438 0.003140
2 2 0.005567 0.040417 0.922594 0.028858 0.002564
2 2 0.004969 0.039094 0.917619 0.035982 0.002336
2 2 0.006442 0.045825 0.901527 0.043039 0.003167
2 2 0.004981 0.039541 0.913970 0.039139 0.002368
2 2 0.005953 0.043884 0.904777 0.042483 0.002903
2 2 0.004945 0.039347 0.914566 0.038795 0.002347
2 3 0.005055 0.040129 0.910913 0.041478 0.002425
2 3 0.007585 0.049981 0.895394 0.043260 0.003781
2 3 0.021557 0.092555 0.786801 0.086125 0.012962
2 3 0.249034 0.161181 0.352373 0.128957 0.108455
0 3 0.539308 0.109853 0.130398 0.051435 0.169006
0 3 0.401333 0.150931 0.227660 0.060597 0.159479
2 3 0.094965 0.183396 0.570563 0.085679 0.065397
2 3 0.020088 0.089385 0.791507 0.087002 0.012018
2 3 0.006202 0.044661 0.905083 0.041034 0.003020
2 3 0.006215 0.043993 0.910968 0.035852 0.002972
2 3 0.006362 0.044811 0.908079 0.037679 0.003069
2 3 0.004657 0.038191 0.915501 0.039445 0.002205
2 2 0.007034 0.048905 0.889996 0.050505 0.003559
2 2 0.012472 0.067305 0.853486 0.059959 0.006778
2 2 0.095876 0.134431 0.550346 0.173169 0.046179
3 2 0.245306 0.096710 0.198949 0.376801 0.082234
2 2 0.209860 0.139814 0.290501 0.263759 0.096066
2 2 0.113775 0.163058 0.500326 0.157145 0.065696
2 2 0.029384 0.108561 0.753762 0.089968 0.018324
2 2 0.012768 0.069297 0.840603 0.070221 0.007111
2 2 0.004288 0.037221 0.910483 0.045949 0.002059
2 2 0.003576 0.033007 0.924060 0.037707 0.001649
2 2 0.003720 0.033967 0.920350 0.040228 0.001735
2 2 0.003269 0.031551 0.925096 0.038583 0.001501
2 2 0.003685 0.034047 0.917759 0.042778 0.001732
2 2 0.004941 0.040853 0.898128 0.053627 0.002451
2 2 0.006318 0.046351 0.892292 0.051859 0.003181
2 2 0.006513 0.046634 0.896031 0.047574 0.003248
2 2 0.006724 0.047081 0.898185 0.044677 0.003334
2 2 0.007265 0.049237 0.893657 0.046199 0.003641
2 2 0.003986 0.035159 0.919549 0.039442 0.001864
2 2 0.003955 0.035912 0.909338 0.048892 0.001903
2 2 0.002543 0.028244 0.921101 0.046936 0.001176
2 2 0.003067 0.031334 0.900508 0.063646 0.001445
2 2 0.003784 0.031687 0.846760 0.116142 0.001627
2 2 0.003891 0.030308 0.838486 0.125748 0.001567
2 2 0.003749 0.031430 0.856394 0.106828 0.001600
2 2 0.004288 0.039003 0.885082 0.069446 0.002181
2 2 0.004320 0.038558 0.894588 0.060378 0.002155
2 2 0.005260 0.042477 0.893155 0.056468 0.002640
2 2 0.004851 0.040385 0.899546 0.052821 0.002397
2 2 0.006087 0.042222 0.854698 0.094180 0.002814
2 2 0.006310 0.044167 0.853862 0.092644 0.003018
2 2 0.005894 0.040118 0.854979 0.096400 0.002609
2 2 0.005215 0.034568 0.821789 0.136331 0.002097
2 2 0.008202 0.052681 0.809221 0.125645 0.004251
2 2 0.008109 0.044361 0.803933 0.140145 0.003451
2 2 0.004614 0.034811 0.854535 0.104060 0.001979
2 2 0.003446 0.031908 0.872363 0.090721 0.001562
2 2 0.005873 0.035203 0.794895 0.161744 0.002286
2 2 0.013055 0.045840 0.674826 0.261505 0.004774
2 2 0.028012 0.060386 0.584013 0.317647 0.009942
2 2 0.027752 0.063014 0.577481 0.321274 0.010479
2 2 0.013782 0.050584 0.674364 0.255772 0.005498
2 2 0.009546 0.046782 0.731279 0.208284 0.004109
2 2 0.006617 0.046376 0.838711 0.105012 0.003283
2 2 0.007998 0.054639 0.858212 0.074830 0.004321
2 2 0.012757 0.074488 0.834651 0.068150 0.009954
2 2 0.035607 0.147122 0.669351 0.080249 0.067672
2 4 0.080006 0.203401 0.322881 0.074029 0.319683
4 4 0.101296 0.171660 0.138855 0.035279 0.552910
4 0 0.106732 0.148200 0.098410 0.013703 0.632954
4 0 0.108317 0.129798 0.075246 0.006423 0.680216
4 0 0.109568 0.139688 0.086632 0.009246 0.654867
4 0 0.114704 0.151305 0.100280 0.012719 0.620993
4 0 0.183412 0.198030 0.166564 0.014815 0.437178
4 0 0.272006 0.181863 0.156758 0.023426 0.365947
0 0 0.683508 0.068623 0.073856 0.026549 0.147465
0 0 0.665796 0.072566 0.080543 0.032796 0.148298
0 0 0.662407 0.074933 0.067956 0.018527 0.176177
4 1 0.270739 0.161866 0.111438 0.007935 0.448021
4 1 0.202357 0.190690 0.142148 0.012918 0.451887
4 4 0.174639 0.200272 0.163240 0.022998 0.438850
4 4 0.150589 0.198742 0.169811 0.030621 0.450237
4 4 0.142698 0.195101 0.163391 0.032829 0.465981
4 4 0.111185 0.169376 0.128640 0.026479 0.564320
4 4 0.095183 0.161278 0.122351 0.030304 0.590884
4 4 0.082382 0.142538 0.099396 0.022137 0.653546
4 4 0.092767 0.141147 0.093442 0.015202 0.657443
4 4 0.145687 0.212075 0.208768 0.043590 0.389880
4 4 0.185543 0.193140 0.147224 0.015616 0.458478
4 4 0.074061 0.095583 0.047486 0.003554 0.779317
4 4 0.084243 0.109849 0.059165 0.005171 0.741572
4 4 0.085821 0.116055 0.065311 0.006556 0.726257
4 4 0.110830 0.143443 0.091011 0.010367 0.644348
4 4 0.129943 0.181311 0.141856 0.026318 0.520572
4 4 0.145182 0.197350 0.167107 0.033863 0.456497
4 4 0.141799 0.194295 0.162089 0.032479 0.469339
4 4 0.136485 0.177757 0.133454 0.020452 0.531853
4 4 0.140064 0.169766 0.119755 0.014551 0.555863
4 4 0.142225 0.170119 0.119729 0.014158 0.553768
4 4 0.136320 0.179819 0.136991 0.022009 0.524861
4 4 0.124163 0.167743 0.121268 0.018589 0.568237
4 4 0.136215 0.172315 0.124732 0.017071 0.549666
4 4 0.161885 0.186237 0.140579 0.017483 0.493816
4 4 0.173124 0.178672 0.125840 0.011496 0.510868
4 4 0.146572 0.174467 0.125272 0.015195 0.538493
4 4 0.129114 0.159312 0.107417 0.012474 0.591683
4 4 0.118284 0.157675 0.108100 0.014792 0.601148
4 4 0.107579 0.149069 0.099331 0.013863 0.630159
4 4 0.105479 0.140695 0.088961 0.010623 0.654242
4 4 0.102400 0.134839 0.082544 0.009121 0.671096
4 4 0.118499 0.142633 0.088111 0.008443 0.642313
4 4 0.117831 0.144889 0.091081 0.009334 0.636865
4 4 0.104763 0.135792 0.083089 0.008923 0.667433
4 4 0.098119 0.139133 0.089085 0.012100 0.661564
4 4 0.100371 0.135812 0.084272 0.009995 0.669550
4 4 0.101749 0.133776 0.081434 0.008889 0.674151
4 4 0.097600 0.135070 0.084130 0.010447 0.672753
4 4 0.090725 0.125279 0.074341 0.008470 0.701185
4 4 0.110953 0.135084 0.080754 0.007468 0.665742
4 4 0.171447 0.182449 0.132105 0.013349 0.500650
4 4 0.284736 0.201014 0.172249 0.009317 0.332685
0 4 0.414166 0.157631 0.244241 0.019988 0.163974
0 4 0.474665 0.137740 0.196319 0.024378 0.166897
0 4 0.331873 0.185161 0.205358 0.028920 0.248688
4 4 0.206806 0.201086 0.157870 0.015617 0.418621
4 4 0.134101 0.163339 0.111842 0.013032 0.577687
4 4 0.098514 0.139947 0.090010 0.012359 0.659170
4 4 0.091941 0.143073 0.096340 0.016782 0.651864
4 4 0.087303 0.142942 0.097916 0.019202 0.652637
4 4 0.096583 0.149475 0.103599 0.018771 0.631573
4 4 0.114518 0.153325 0.103100 0.013756 0.615301
4 4 0.133775 0.152144 0.096688 0.008800 0.608594
4 4 0.135742 0.150531 0.094213 0.007992 0.611523
4 4 0.134147 0.164895 0.114081 0.013748 0.573129
4 4 0.129031 0.172288 0.126882 0.019662 0.552136
4 4 0.129095 0.177474 0.135453 0.023474 0.534504
4 4 0.149259 0.192699 0.163965 0.021745 0.472332
4 4 0.145276 0.181741 0.137464 0.019877 0.515642
4 4 0.146401 0.166569 0.113506 0.011637 0.561886
4 4 0.083645 0.115330 0.065078 0.006790 0.729157
4 4 0.069013 0.101044 0.053954 0.005696 0.770293
4 4 0.071141 0.107712 0.060281 0.007311 0.753555
4 4 0.078224 0.119135 0.070843 0.009622 0.722176
4 4 0.087747 0.140080 0.093802 0.016930 0.661441
4 4 0.107577 0.146237 0.095533 0.012465 0.638187
4 4 0.101371 0.141429 0.091067 0.012137 0.653997
4 4 0.129290 0.140016 0.082711 0.006101 0.641883
4 4 0.185563 0.174776 0.117880 0.008521 0.513261
4 4 0.282480 0.166357 0.111743 0.006026 0.433394
0 4 0.347859 0.183952 0.128378 0.004393 0.335417
4 4 0.245687 0.183589 0.130740 0.008558 0.431426
4 4 0.322662 0.136661 0.095054 0.009312 0.436312
4 4 0.176633 0.113024 0.063484 0.004940 0.641919
4 4 0.206917 0.076866 0.038717 0.003339 0.674161
4 4 0.213620 0.083965 0.041666 0.002633 0.658116
4 4 0.168385 0.120106 0.068208 0.005046 0.638255
4 4 0.235740 0.126792 0.085035 0.011761 0.540671
4 4 0.102908 0.108942 0.061650 0.007000 0.719501
4 4 0.165499 0.118070 0.072283 0.008898 0.635251
4 4 0.140035 0.119198 0.072694 0.009314 0.658758
4 4 0.133591 0.126046 0.070899 0.004954 0.664510
4 4 0.090782 0.127386 0.076784 0.009241 0.695807
4 4 0.090428 0.109299 0.057277 0.004182 0.738815
4 4 0.108200 0.118510 0.063146 0.003989 0.706156
4 4 0.123118 0.135895 0.079135 0.005891 0.655961
4 4 0.175816 0.182200 0.130825 0.012439 0.498720
4 4 0.144989 0.185966 0.144936 0.023039 0.501070
4 4 0.200591 0.205014 0.166785 0.019131 0.408480
4 4 0.168100 0.217840 0.227401 0.033459 0.353199
4 4 0.161532 0.219301 0.218699 0.052439 0.348028
4 4 0.107076 0.211274 0.261046 0.072496 0.348108
4 4 0.089364 0.155809 0.116283 0.029456 0.609088
4 4 0.072688 0.128352 0.084110 0.017471 0.697379
4 4 0.077159 0.118620 0.070578 0.009755 0.723888
4 4 0.074075 0.114263 0.066576 0.008933 0.736153
4 4 0.124618 0.133148 0.083284 0.010003 0.648947
4 4 0.266780 0.122256 0.086443 0.015850 0.508671
0 4 0.434438 0.080461 0.054983 0.011696 0.418421
4 4 0.359473 0.107282 0.071970 0.009336 0.451939
4 4 0.202686 0.179510 0.124192 0.008945 0.484668
4 4 0.155363 0.182337 0.135665 0.017051 0.509584
4 4 0.096692 0.146438 0.099280 0.016681 0.640909
4 4 0.074124 0.120805 0.074136 0.011966 0.718970
4 4 0.084270 0.130613 0.082695 0.012884 0.689538
4 4 0.076240 0.112346 0.063827 0.007572 0.740016
4 4 0.102101 0.142518 0.092263 0.012419 0.650699
4 4 0.124272 0.167790 0.121307 0.018577 0.568055
4 4 0.141310 0.179154 0.134294 0.019578 0.525664
4 4 0.116164 0.152888 0.102025 0.013040 0.615883
4 4 0.110060 0.153937 0.105313 0.015624 0.615065
4 4 0.095550 0.137382 0.087629 0.012117 0.667321
4 4 0.104195 0.131281 0.077883 0.007551 0.679091
4 4 0.118373 0.150690 0.098457 0.011450 0.621030
4 4 0.110963 0.143865 0.091514 0.010502 0.643156
4 4 0.107912 0.142576 0.090686 0.010756 0.648069
4 4 0.103728 0.136360 0.084046 0.009367 0.666499
4 4 0.135835 0.154507 0.099314 0.009217 0.601126
4 4 0.134581 0.167907 0.118425 0.015136 0.563951
4 4 0.143899 0.175626 0.127805 0.016572 0.536098
4 4 0.132903 0.163923 0.112995 0.013614 0.576565
4 4 0.115261 0.159513 0.111693 0.016920 0.596613
4 4 0.099226 0.141263 0.091498 0.012762 0.655251
4 4 0.076401 0.113150 0.064658 0.007815 0.737976
4 4 0.072461 0.109657 0.061988 0.007640 0.748254
4 4 0.070435 0.119746 0.074175 0.013101 0.722543
4 4 0.080268 0.188626 0.214692 0.069290 0.447125
2 4 0.064706 0.197166 0.389875 0.077142 0.271112
2 4 0.026094 0.120868 0.704720 0.114745 0.033572
