0 0 0.383296 0.267429 0.197748 0.064429 0.087098
0 0 0.375993 0.228638 0.207501 0.024092 0.163776
0 0 0.422549 0.279541 0.194902 0.040996 0.062012
0 0 0.363090 0.279464 0.253840 0.033028 0.070578
0 0 0.388954 0.271895 0.239712 0.023719 0.075719
0 0 0.410704 0.249956 0.194523 0.031604 0.113212
0 0 0.409969 0.255115 0.186143 0.044239 0.104534
0 0 0.343165 0.267900 0.249466 0.045486 0.093984
0 0 0.302544 0.240901 0.250505 0.060240 0.145810
0 0 0.360009 0.215427 0.163546 0.064695 0.196324
0 0 0.393636 0.225498 0.159740 0.055983 0.165143
0 0 0.431429 0.213526 0.154390 0.023712 0.176944
0 0 0.515053 0.190708 0.098620 0.021474 0.174144
0 0 0.569102 0.174967 0.060057 0.043926 0.151948
0 0 0.554882 0.220880 0.082092 0.060936 0.081210
0 0 0.464686 0.264435 0.145433 0.058392 0.067053
0 0 0.410677 0.231181 0.167979 0.039772 0.150390
0 0 0.427747 0.198496 0.127915 0.035262 0.210581
0 0 0.368677 0.190274 0.137948 0.047775 0.255325
0 0 0.336613 0.213158 0.165852 0.082905 0.201472
2 0 0.231518 0.210006 0.268220 0.071280 0.218977
2 0 0.205662 0.227383 0.349899 0.061044 0.156011
2 1 0.206862 0.212336 0.267650 0.127727 0.185425
4 1 0.214906 0.193516 0.211646 0.153808 0.226124
4 0 0.200062 0.177457 0.202734 0.144979 0.274768
4 0 0.215022 0.174865 0.181874 0.143042 0.285196
2 0 0.199284 0.193196 0.253420 0.108411 0.245689
2 1 0.154110 0.191670 0.356015 0.098100 0.200105
2 1 0.156238 0.193724 0.356074 0.096184 0.197780
2 1 0.161758 0.199289 0.354819 0.102424 0.181710
2 1 0.135059 0.180988 0.407031 0.160236 0.116685
2 1 0.090643 0.152321 0.542938 0.145187 0.068910
2 0 0.066066 0.127188 0.636299 0.115488 0.054959
2 0 0.070425 0.157227 0.665312 0.049882 0.057154
2 0 0.099187 0.191067 0.600717 0.041364 0.067666
2 1 0.143192 0.217944 0.488914 0.047915 0.102034
2 0 0.219740 0.233797 0.338993 0.060067 0.147404
2 0 0.233127 0.236961 0.317440 0.066191 0.146281
0 0 0.287675 0.240534 0.265278 0.055262 0.151252
0 0 0.334032 0.228723 0.225963 0.035190 0.176092
0 0 0.412135 0.222072 0.163361 0.033659 0.168773
0 0 0.518825 0.227112 0.112371 0.036853 0.104838
0 0 0.552710 0.214230 0.093946 0.032986 0.106128
0 0 0.559187 0.230393 0.101563 0.031103 0.077755
0 0 0.535102 0.249904 0.121077 0.031277 0.062641
0 0 0.506759 0.249852 0.139564 0.027649 0.076176
0 0 0.516071 0.227623 0.123633 0.025394 0.107279
0 0 0.482159 0.230237 0.134842 0.032384 0.120378
0 0 0.414414 0.204863 0.141677 0.034909 0.204138
0 0 0.416856 0.171323 0.105992 0.030058 0.275771
0 0 0.446513 0.184870 0.105162 0.036410 0.227045
0 0 0.474585 0.183021 0.095918 0.033005 0.213471
0 0 0.514273 0.187007 0.085669 0.035387 0.177664
0 0 0.502703 0.183178 0.089210 0.030061 0.194848
0 0 0.511482 0.177691 0.085090 0.025603 0.200134
0 0 0.512879 0.195664 0.097893 0.028013 0.165550
0 0 0.547329 0.216295 0.092800 0.039820 0.103755
0 0 0.544709 0.255595 0.115048 0.034616 0.050032
0 0 0.556409 0.252478 0.116641 0.024909 0.049563
0 0 0.639027 0.223203 0.068272 0.029939 0.039559
0 0 0.696682 0.205025 0.047737 0.024599 0.025956
0 0 0.744143 0.191747 0.036236 0.014222 0.013651
0 0 0.723761 0.208431 0.044273 0.012229 0.011305
0 0 0.725034 0.213381 0.042474 0.011558 0.007554
0 0 0.680856 0.234567 0.058895 0.014753 0.010929
0 0 0.634299 0.251298 0.080436 0.017295 0.016673
0 0 0.618722 0.245018 0.086441 0.021084 0.028736
0 0 0.599882 0.236962 0.087951 0.029108 0.046097
0 0 0.529799 0.250822 0.117158 0.039978 0.062243
0 0 0.514867 0.239951 0.116769 0.043865 0.084549
0 0 0.468934 0.226944 0.126334 0.048695 0.129093
0 0 0.480787 0.221824 0.111071 0.059784 0.126534
0 0 0.379097 0.231689 0.163562 0.074356 0.151296
0 0 0.317765 0.229478 0.213238 0.064030 0.175489
2 1 0.230443 0.236425 0.326668 0.060302 0.146162
2 0 0.188867 0.244959 0.398115 0.068518 0.099541
2 1 0.197771 0.259500 0.400240 0.066766 0.075723
2 1 0.176574 0.259125 0.471147 0.040810 0.052344
2 1 0.176349 0.255271 0.454846 0.053078 0.060456
2 1 0.205935 0.269736 0.406548 0.056558 0.061222
2 1 0.215313 0.268192 0.384721 0.062255 0.069518
2 2 0.151351 0.235859 0.474756 0.072277 0.065757
2 2 0.081763 0.138825 0.582978 0.154144 0.042291
2 2 0.040374 0.078877 0.688310 0.167518 0.024920
2 2 0.025058 0.053766 0.731524 0.171285 0.018366
2 2 0.021238 0.050553 0.783303 0.127525 0.017382
2 2 0.021403 0.053614 0.808529 0.098968 0.017485
2 2 0.015361 0.044257 0.850140 0.077887 0.012355
2 2 0.010033 0.029797 0.860949 0.090235 0.008986
2 2 0.008770 0.025516 0.843006 0.114727 0.007982
2 2 0.010589 0.025677 0.754509 0.201450 0.007774
2 2 0.013666 0.029787 0.699682 0.246973 0.009892
2 3 0.016529 0.033270 0.671711 0.267105 0.011384
2 3 0.016775 0.028739 0.519650 0.424114 0.010722
3 3 0.015139 0.024109 0.431648 0.519728 0.009375
3 3 0.017147 0.023068 0.325259 0.625668 0.008857
3 3 0.016618 0.019818 0.245061 0.711167 0.007337
3 3 0.020327 0.021728 0.220264 0.729128 0.008553
3 2 0.036480 0.038992 0.265642 0.648092 0.010795
3 0 0.068787 0.070832 0.316920 0.528887 0.014575
2 1 0.143609 0.171174 0.451091 0.209470 0.024655
2 1 0.109161 0.184434 0.597624 0.081862 0.026920
2 0 0.096487 0.177057 0.614066 0.082261 0.030129
2 0 0.079512 0.145711 0.623096 0.109479 0.042202
2 2 0.095457 0.168105 0.587341 0.093038 0.056059
2 0 0.190661 0.228856 0.397093 0.102040 0.081350
2 0 0.226131 0.250280 0.350709 0.066286 0.106594
2 2 0.177684 0.236647 0.418746 0.067788 0.099135
2 1 0.123938 0.211631 0.527472 0.060592 0.076367
2 1 0.043724 0.111998 0.761966 0.046524 0.035788
2 2 0.025958 0.066904 0.790089 0.094888 0.022161
2 2 0.013294 0.033118 0.749268 0.190113 0.014207
2 2 0.008355 0.016701 0.494383 0.471948 0.008613
3 3 0.006791 0.012158 0.452864 0.521462 0.006726
3 3 0.006207 0.011585 0.464418 0.511472 0.006318
3 3 0.006787 0.011836 0.454392 0.520108 0.006877
3 3 0.008088 0.012375 0.372592 0.600746 0.006198
3 3 0.011425 0.013674 0.284780 0.683525 0.006596
2 3 0.028571 0.041839 0.494944 0.402762 0.031884
3 3 0.022392 0.031745 0.419359 0.510295 0.016208
3 3 0.013357 0.019796 0.410104 0.546170 0.010572
2 3 0.016038 0.027929 0.543364 0.391646 0.021023
3 3 0.010482 0.010570 0.202989 0.771706 0.004254
3 3 0.013054 0.011557 0.171513 0.799314 0.004562
3 3 0.013767 0.013102 0.195038 0.772692 0.005401
3 3 0.013503 0.012208 0.167949 0.801813 0.004527
3 3 0.016850 0.015357 0.176200 0.785701 0.005892
3 3 0.015216 0.014886 0.195882 0.768148 0.005867
3 3 0.015301 0.015490 0.212685 0.750091 0.006433
3 3 0.016971 0.016198 0.195742 0.764489 0.006600
3 3 0.020824 0.020509 0.226209 0.722915 0.009542
3 3 0.018433 0.016287 0.177844 0.780819 0.006617
3 3 0.017327 0.015406 0.183253 0.777555 0.006458
3 3 0.015309 0.013657 0.177258 0.788280 0.005496
3 3 0.018941 0.015978 0.181538 0.776369 0.007173
3 3 0.016404 0.013164 0.153389 0.811817 0.005227
3 3 0.015596 0.013508 0.171237 0.794207 0.005453
3 3 0.014984 0.013437 0.173850 0.792491 0.005239
3 3 0.016192 0.015038 0.183697 0.779158 0.005915
3 3 0.012393 0.009575 0.126328 0.848448 0.003256
3 3 0.014718 0.010489 0.115454 0.855728 0.003610
3 3 0.015184 0.009828 0.101559 0.870033 0.003396
3 3 0.015298 0.010971 0.122653 0.847073 0.004005
3 3 0.016110 0.011200 0.117998 0.850598 0.004093
3 3 0.019044 0.014164 0.121657 0.840374 0.004762
3 3 0.027596 0.019460 0.110396 0.836308 0.006240
3 3 0.074223 0.061604 0.235031 0.615234 0.013908
3 3 0.126462 0.113196 0.319108 0.421747 0.019486
2 3 0.094902 0.107228 0.402165 0.375089 0.020617
2 2 0.062975 0.082668 0.441829 0.392935 0.019594
3 2 0.029119 0.043306 0.451563 0.459073 0.016939
2 3 0.022370 0.038805 0.543047 0.380466 0.015313
2 2 0.020939 0.040985 0.636553 0.286265 0.015259
2 2 0.029846 0.058913 0.674616 0.218150 0.018475
2 2 0.030113 0.067827 0.741863 0.140792 0.019404
2 1 0.036764 0.080830 0.729438 0.132853 0.020115
2 2 0.033960 0.072655 0.728889 0.146800 0.017696
2 2 0.025201 0.048583 0.663021 0.248324 0.014871
2 2 0.016328 0.028713 0.532139 0.410283 0.012538
3 2 0.010754 0.018373 0.433056 0.528124 0.009693
3 3 0.010463 0.016907 0.427659 0.535241 0.009730
3 2 0.021875 0.030344 0.428849 0.503726 0.015206
3 2 0.019783 0.025837 0.346657 0.593570 0.014152
3 3 0.018120 0.025012 0.341467 0.602967 0.012433
3 3 0.017584 0.025269 0.363710 0.580370 0.013067
3 2 0.016335 0.024078 0.375828 0.571114 0.012645
3 2 0.013593 0.020591 0.367225 0.588598 0.009993
3 2 0.013258 0.021496 0.401641 0.552692 0.010913
2 2 0.012734 0.023436 0.476620 0.474030 0.013179
3 2 0.011911 0.021334 0.457530 0.497440 0.011784
3 2 0.011432 0.019974 0.467788 0.488802 0.012004
2 2 0.010820 0.021467 0.532824 0.420970 0.013919
2 2 0.009793 0.018720 0.528126 0.430731 0.012630
3 2 0.009647 0.016300 0.454752 0.509476 0.009825
3 2 0.011286 0.017814 0.423123 0.537363 0.010414
3 2 0.013291 0.019534 0.383757 0.572689 0.010728
3 2 0.012540 0.019687 0.392358 0.565297 0.010118
3 2 0.010976 0.017288 0.395809 0.566911 0.009015
3 3 0.011215 0.017426 0.422200 0.538751 0.010409
3 2 0.012140 0.018008 0.400193 0.559151 0.010508
3 3 0.013819 0.018238 0.355234 0.602250 0.010458
3 2 0.011847 0.015926 0.313803 0.651083 0.007341
3 3 0.014184 0.018198 0.297031 0.662328 0.008258
3 3 0.014633 0.018808 0.317271 0.639896 0.009392
3 2 0.012773 0.017131 0.329989 0.631572 0.008534
3 3 0.010002 0.013451 0.330940 0.638823 0.006784
3 3 0.010779 0.014287 0.327369 0.640340 0.007225
3 3 0.013730 0.018182 0.353703 0.604086 0.010299
3 2 0.011840 0.016962 0.357861 0.604663 0.008674
3 2 0.009803 0.014114 0.365467 0.603139 0.007477
3 3 0.006814 0.010866 0.374012 0.603132 0.005176
3 3 0.009770 0.013613 0.337583 0.632338 0.006696
2 0 0.021499 0.035856 0.546451 0.381004 0.015190
2 0 0.039997 0.091522 0.742572 0.096562 0.029348
2 0 0.067618 0.159527 0.686380 0.044807 0.041668
2 0 0.103437 0.200288 0.589286 0.051525 0.055465
2 0 0.099070 0.196830 0.612977 0.039994 0.051129
2 0 0.137425 0.225684 0.515456 0.054066 0.067369
2 0 0.153936 0.236443 0.488881 0.050292 0.070449
2 0 0.190414 0.252340 0.408172 0.064689 0.084385
2 1 0.151768 0.226450 0.464522 0.063492 0.093768
2 1 0.099010 0.188499 0.579512 0.055457 0.077522
2 1 0.063236 0.141179 0.684688 0.060184 0.050714
2 2 0.050260 0.113169 0.722083 0.074383 0.040105
2 2 0.036565 0.094293 0.777356 0.059749 0.032038
2 2 0.028332 0.085285 0.827401 0.037401 0.021581
2 2 0.029665 0.087177 0.824265 0.038580 0.020313
2 2 0.032720 0.087872 0.810831 0.051120 0.017457
2 2 0.041630 0.093271 0.739789 0.103719 0.021591
2 2 0.031428 0.067212 0.710904 0.174431 0.016025
2 2 0.030237 0.060198 0.664523 0.228376 0.016665
2 2 0.029411 0.058412 0.686313 0.211581 0.014282
2 2 0.034773 0.066235 0.672607 0.210412 0.015972
2 2 0.051046 0.090097 0.625835 0.212132 0.020889
2 2 0.067700 0.123521 0.620822 0.163662 0.024295
2 1 0.065137 0.130709 0.657180 0.119854 0.027121
2 2 0.060281 0.118710 0.647950 0.150558 0.022501
2 2 0.027136 0.068160 0.754070 0.131899 0.018735
2 3 0.023028 0.050526 0.678669 0.227894 0.019882
2 2 0.016271 0.031255 0.578112 0.357842 0.016519
3 2 0.010433 0.017997 0.443522 0.518071 0.009977
3 3 0.010413 0.018598 0.456069 0.504636 0.010284
3 2 0.012654 0.022887 0.474125 0.479429 0.010904
2 2 0.022946 0.040728 0.586824 0.335676 0.013826
2 2 0.035280 0.070071 0.717433 0.160638 0.016579
2 0 0.058551 0.127901 0.735583 0.059611 0.018354
2 1 0.099366 0.186402 0.640090 0.057230 0.016911
2 1 0.262555 0.303155 0.363446 0.046267 0.024577
2 2 0.303049 0.272640 0.325129 0.071565 0.027617
2 2 0.291820 0.255694 0.318775 0.107378 0.026334
2 2 0.121789 0.158120 0.511856 0.185395 0.022840
2 2 0.063401 0.100367 0.612546 0.200986 0.022699
2 2 0.029514 0.055573 0.658764 0.234998 0.021151
2 2 0.031588 0.060814 0.671618 0.210694 0.025286
2 2 0.024807 0.051247 0.669900 0.230436 0.023611
2 2 0.022902 0.043904 0.608926 0.303536 0.020731
2 2 0.021059 0.041985 0.623343 0.294102 0.019511
2 2 0.020130 0.036377 0.548880 0.373411 0.021203
2 2 0.033050 0.061624 0.624190 0.237843 0.043292
2 0 0.020356 0.035195 0.522260 0.403360 0.018827
0 0 0.277313 0.210563 0.195561 0.108024 0.208538
4 0 0.256400 0.155978 0.157533 0.044352 0.385737
0 0 0.258329 0.198548 0.207224 0.084484 0.251415
2 0 0.209479 0.236274 0.338581 0.084393 0.131272
2 1 0.098660 0.192485 0.593162 0.052081 0.063613
2 1 0.055487 0.140667 0.719226 0.038984 0.045636
2 1 0.065109 0.152618 0.696896 0.043349 0.042029
2 0 0.093888 0.171371 0.608550 0.075675 0.050517
2 0 0.125832 0.213402 0.535655 0.076315 0.048795
2 1 0.085109 0.163935 0.633121 0.075320 0.042514
2 1 0.066783 0.146252 0.687468 0.070921 0.028577
2 2 0.039278 0.095834 0.773203 0.073465 0.018220
2 2 0.033349 0.084152 0.800720 0.066399 0.015380
2 2 0.028505 0.071798 0.817774 0.069147 0.012775
2 2 0.051181 0.110733 0.751015 0.069453 0.017619
2 2 0.103577 0.178704 0.613823 0.077677 0.026219
2 0 0.259605 0.303241 0.329004 0.071810 0.036340
1 0 0.303975 0.310338 0.291303 0.060171 0.034213
0 0 0.314101 0.304626 0.294802 0.046573 0.039898
2 0 0.276898 0.294733 0.337624 0.043947 0.046799
2 0 0.235867 0.285904 0.371130 0.057804 0.049296
2 0 0.232689 0.287787 0.352711 0.080462 0.046352
2 0 0.118107 0.221879 0.583403 0.038598 0.038014
2 0 0.095679 0.195541 0.614438 0.047474 0.046869
2 0 0.075444 0.164550 0.648557 0.054037 0.057411
2 0 0.067606 0.151095 0.658383 0.060180 0.062736
2 0 0.050634 0.133549 0.723237 0.036202 0.056378
2 0 0.069784 0.154615 0.642127 0.051020 0.082454
2 0 0.064957 0.146113 0.668909 0.053488 0.066533
2 0 0.102018 0.168317 0.508026 0.092630 0.129010
2 0 0.121909 0.191523 0.453237 0.100464 0.132867
2 0 0.189662 0.190443 0.280881 0.082600 0.256414
4 0 0.258341 0.190370 0.198508 0.075354 0.277427
4 0 0.271764 0.161519 0.147698 0.057083 0.361935
4 0 0.274114 0.175774 0.166614 0.063527 0.319972
4 0 0.254300 0.183695 0.187133 0.080957 0.293915
0 0 0.260903 0.197450 0.213246 0.068381 0.260020
2 0 0.232815 0.209657 0.282027 0.055992 0.219509
0 0 0.266852 0.213308 0.236261 0.066182 0.217397
2 0 0.238370 0.208854 0.263826 0.063565 0.225384
2 0 0.227754 0.222751 0.287972 0.081495 0.180029
2 0 0.208786 0.241665 0.395077 0.040440 0.114033
0 0 0.281604 0.228208 0.266383 0.043821 0.179985
0 0 0.340371 0.210104 0.176643 0.054569 0.218313
0 0 0.358901 0.201143 0.141608 0.074894 0.223453
0 0 0.320927 0.231859 0.204825 0.076258 0.166131
0 0 0.308754 0.245414 0.249651 0.055201 0.140980
0 0 0.368160 0.222768 0.170966 0.058473 0.179634
0 0 0.354020 0.230149 0.179837 0.072444 0.163550
0 0 0.333318 0.242970 0.206114 0.078109 0.139490
0 0 0.314573 0.229149 0.214877 0.064953 0.176448
0 0 0.360237 0.229738 0.180974 0.063322 0.165729
0 0 0.433477 0.224909 0.142885 0.047391 0.151337
0 0 0.457281 0.215004 0.122807 0.046962 0.157946
0 0 0.485965 0.212123 0.108922 0.046276 0.146713
0 0 0.486609 0.204768 0.108334 0.037114 0.163174
0 0 0.524343 0.194543 0.084107 0.043567 0.153440
0 0 0.475696 0.186385 0.089233 0.050680 0.198006
0 0 0.476331 0.175333 0.080632 0.048713 0.218991
0 0 0.433246 0.172878 0.094428 0.042019 0.257429
0 0 0.416915 0.171122 0.095217 0.047925 0.268821
0 0 0.388485 0.182282 0.122012 0.042220 0.265000
0 0 0.362200 0.200710 0.150684 0.054118 0.232288
0 0 0.287181 0.225414 0.225381 0.078159 0.183865
2 0 0.207293 0.222071 0.305472 0.095971 0.169192
2 1 0.076253 0.158339 0.597536 0.066179 0.101694
2 1 0.048565 0.124126 0.704615 0.055966 0.066728
2 1 0.040604 0.113257 0.744806 0.046886 0.054447
2 1 0.039643 0.118353 0.768376 0.031187 0.042441
2 1 0.040226 0.118120 0.778394 0.027936 0.035323
2 1 0.052020 0.133163 0.747814 0.034965 0.032039
2 1 0.051541 0.121301 0.749673 0.051591 0.025894
2 1 0.050157 0.116786 0.746951 0.060279 0.025826
2 1 0.082717 0.158332 0.638581 0.087844 0.032526
2 1 0.129162 0.215531 0.536370 0.083931 0.035006
2 1 0.169651 0.247303 0.471532 0.079328 0.032186
2 2 0.166846 0.268773 0.490509 0.046077 0.027794
2 2 0.132222 0.227105 0.555234 0.058723 0.026717
2 2 0.112065 0.194711 0.598359 0.070159 0.024706
2 1 0.116708 0.197892 0.596667 0.066169 0.022563
2 1 0.114235 0.203501 0.600374 0.060657 0.021233
2 0 0.156448 0.241141 0.511920 0.067422 0.023070
2 0 0.209447 0.298289 0.423971 0.044049 0.024243
2 0 0.246666 0.305541 0.373462 0.044726 0.029605
2 0 0.279535 0.311847 0.334108 0.045003 0.029508
2 1 0.242177 0.305471 0.366330 0.055812 0.030210
2 1 0.169213 0.271112 0.488497 0.044538 0.026641
2 1 0.131080 0.222069 0.565619 0.055716 0.025517
2 1 0.093082 0.181607 0.651708 0.049955 0.023648
2 2 0.077172 0.155360 0.678742 0.065855 0.022871
2 2 0.049783 0.112091 0.744066 0.073945 0.020114
2 2 0.050439 0.112050 0.732517 0.085424 0.019570
2 2 0.048959 0.112663 0.747597 0.072623 0.018158
2 2 0.050516 0.113214 0.749044 0.069970 0.017256
2 2 0.039868 0.096952 0.792752 0.055642 0.014786
2 2 0.031047 0.073037 0.796750 0.085569 0.013597
2 2 0.025466 0.063676 0.814571 0.082776 0.013511
2 2 0.029547 0.064066 0.749378 0.142527 0.014482
2 2 0.024194 0.055177 0.759311 0.148116 0.013202
2 2 0.014071 0.035006 0.761917 0.178813 0.010192
2 2 0.009448 0.026621 0.804873 0.151140 0.007918
2 2 0.009308 0.022592 0.698499 0.261275 0.008325
2 2 0.012817 0.026547 0.628386 0.322569 0.009680
2 2 0.012438 0.025786 0.590962 0.360230 0.010584
2 2 0.010366 0.022798 0.603963 0.352782 0.010091
2 2 0.009112 0.023871 0.749864 0.206270 0.010883
2 2 0.010854 0.024834 0.677297 0.272173 0.014843
2 2 0.011874 0.024599 0.619586 0.329973 0.013968
2 2 0.009735 0.020632 0.630115 0.327560 0.011959
2 2 0.013939 0.026732 0.605514 0.341703 0.012112
2 2 0.014928 0.031881 0.686668 0.252446 0.014077
2 2 0.018418 0.037086 0.645251 0.281945 0.017301
2 2 0.014957 0.033305 0.697199 0.238023 0.016515
2 2 0.012150 0.025714 0.611439 0.335949 0.014748
2 2 0.009249 0.020936 0.610914 0.346354 0.012546
2 2 0.008095 0.017640 0.565616 0.397875 0.010774
2 2 0.008338 0.018122 0.560079 0.402997 0.010464
2 3 0.009606 0.018828 0.523487 0.436974 0.011106
2 3 0.019177 0.044342 0.728532 0.181523 0.026426
2 3 0.016098 0.032122 0.615206 0.321985 0.014588
2 3 0.021237 0.034911 0.567296 0.361051 0.015505
2 2 0.015820 0.041907 0.809170 0.109874 0.023229
3 3 0.009540 0.014647 0.377501 0.590923 0.007389
3 3 0.007696 0.011842 0.373650 0.600889 0.005923
3 3 0.007460 0.010405 0.331426 0.645661 0.005048
3 3 0.006931 0.009476 0.295088 0.684497 0.004009
3 3 0.008105 0.010432 0.290914 0.685834 0.004715
3 3 0.007547 0.010879 0.338202 0.638211 0.005160
3 3 0.007704 0.010779 0.330079 0.646276 0.005160
3 3 0.008035 0.010321 0.295449 0.681405 0.004790
3 3 0.010634 0.011801 0.252809 0.719299 0.005456
3 3 0.010236 0.010510 0.209411 0.765557 0.004285
3 3 0.012177 0.012317 0.210056 0.760342 0.005107
3 3 0.013753 0.012962 0.186368 0.781796 0.005120
3 3 0.014802 0.014086 0.201517 0.763561 0.006034
3 3 0.012657 0.012401 0.200984 0.768859 0.005098
3 3 0.011993 0.011591 0.197812 0.773816 0.004788
3 3 0.015503 0.013424 0.175048 0.790448 0.005576
3 3 0.017653 0.014697 0.164780 0.796886 0.005984
3 3 0.011767 0.011010 0.178402 0.794616 0.004205
3 3 0.010736 0.011052 0.212679 0.760969 0.004565
3 3 0.010740 0.011797 0.247234 0.724855 0.005374
3 3 0.009612 0.012285 0.300054 0.672237 0.005813
3 3 0.009778 0.011621 0.277475 0.695613 0.005513
3 3 0.009506 0.010409 0.229633 0.746107 0.004345
3 3 0.012912 0.013948 0.245713 0.721027 0.006400
3 3 0.012340 0.013400 0.221765 0.747177 0.005318
3 3 0.013576 0.015188 0.235484 0.729557 0.006194
3 3 0.013666 0.014202 0.214522 0.751854 0.005755
3 3 0.018616 0.018828 0.230733 0.723165 0.008658
3 3 0.017295 0.016666 0.208428 0.750357 0.007253
3 3 0.013017 0.012647 0.195028 0.774249 0.005059
3 3 0.011062 0.010850 0.191829 0.782031 0.004229
3 3 0.010413 0.009811 0.182089 0.793852 0.003835
3 3 0.010719 0.009829 0.171983 0.803741 0.003728
3 3 0.014908 0.012306 0.153767 0.814309 0.004710
3 3 0.020028 0.014876 0.148178 0.810574 0.006344
3 3 0.020949 0.016386 0.164508 0.790856 0.007302
3 3 0.015407 0.011843 0.168394 0.798672 0.005684
3 3 0.015218 0.011063 0.138900 0.830231 0.004588
3 3 0.015394 0.011683 0.155979 0.811740 0.005204
3 3 0.016182 0.012425 0.145453 0.820971 0.004969
3 3 0.018786 0.014447 0.166933 0.793058 0.006777
3 3 0.017879 0.014043 0.156904 0.805266 0.005908
3 3 0.018453 0.014154 0.153053 0.808351 0.005989
3 3 0.024734 0.019931 0.174754 0.771505 0.009075
3 3 0.026534 0.019246 0.146145 0.799794 0.008280
3 3 0.016951 0.012590 0.126224 0.839771 0.004464
3 3 0.016220 0.011027 0.104418 0.864717 0.003618
3 3 0.019253 0.013815 0.129317 0.832323 0.005292
3 3 0.020929 0.015372 0.130920 0.827051 0.005729
3 3 0.019961 0.015253 0.146014 0.812669 0.006103
3 3 0.024130 0.017239 0.141199 0.810119 0.007314
3 3 0.020724 0.014917 0.142670 0.815311 0.006378
3 3 0.018815 0.013226 0.124563 0.838381 0.005015
3 3 0.019404 0.015870 0.157776 0.800681 0.006269
3 3 0.017412 0.014263 0.146204 0.816975 0.005146
3 3 0.015557 0.013355 0.150206 0.816234 0.004648
3 3 0.015821 0.012114 0.129290 0.838549 0.004226
3 3 0.018825 0.016089 0.178965 0.779174 0.006946
3 3 0.013965 0.012397 0.176123 0.792500 0.005016
3 3 0.014976 0.012529 0.171279 0.795851 0.005365
3 3 0.017490 0.013766 0.154725 0.808340 0.005679
3 3 0.018834 0.015235 0.163744 0.795761 0.006426
3 3 0.015173 0.012583 0.162850 0.804269 0.005126
3 3 0.013655 0.011988 0.169499 0.800145 0.004713
3 3 0.011898 0.012337 0.219143 0.751417 0.005205
3 3 0.014366 0.012573 0.176113 0.791751 0.005197
3 3 0.012761 0.010322 0.147447 0.825552 0.003918
3 3 0.010982 0.007840 0.115191 0.863245 0.002742
3 3 0.011583 0.008051 0.110909 0.866655 0.002801
3 3 0.014333 0.010103 0.117995 0.853930 0.003639
3 3 0.014718 0.011444 0.140775 0.828728 0.004335
3 3 0.015353 0.012356 0.151670 0.815786 0.004836
3 3 0.014472 0.011947 0.158941 0.809869 0.004771
3 3 0.012921 0.010993 0.167554 0.804034 0.004498
3 3 0.012160 0.009936 0.160250 0.813530 0.004124
3 3 0.012704 0.010008 0.148356 0.824936 0.003996
3 3 0.013488 0.009204 0.108031 0.866113 0.003164
3 3 0.013304 0.009916 0.122411 0.850944 0.003425
3 3 0.015285 0.011271 0.129927 0.839303 0.004213
3 3 0.017293 0.013057 0.133870 0.830948 0.004832
3 3 0.016799 0.011533 0.116897 0.850528 0.004243
3 3 0.012969 0.008745 0.096373 0.879222 0.002691
3 3 0.014536 0.008706 0.083998 0.890009 0.002752
3 3 0.021517 0.012169 0.089613 0.872272 0.004429
3 3 0.022264 0.012917 0.093842 0.866229 0.004747
3 3 0.016475 0.011357 0.124349 0.843347 0.004472
3 3 0.010087 0.009140 0.180969 0.796019 0.003786
3 3 0.008843 0.009332 0.220678 0.757207 0.003941
3 3 0.010677 0.010618 0.205673 0.768591 0.004441
3 3 0.012055 0.010741 0.176160 0.796681 0.004363
3 3 0.014509 0.011195 0.140489 0.829520 0.004287
3 3 0.016199 0.011806 0.139324 0.827795 0.004875
3 3 0.016896 0.012488 0.144855 0.820489 0.005272
3 3 0.013083 0.009739 0.138766 0.834489 0.003923
3 3 0.012263 0.008550 0.117595 0.858434 0.003157
3 3 0.013224 0.009791 0.128734 0.844620 0.003632
3 3 0.022753 0.016852 0.133939 0.820115 0.006342
3 0 0.083742 0.058615 0.134298 0.702556 0.020790
0 0 0.271595 0.217765 0.241885 0.214676 0.054079
0 0 0.345725 0.276612 0.223279 0.078957 0.075427
0 1 0.295463 0.266606 0.267128 0.084928 0.085875
2 1 0.212010 0.246113 0.361413 0.083659 0.096805
2 2 0.062524 0.122245 0.677897 0.092236 0.045097
2 2 0.011253 0.040387 0.890665 0.043450 0.014246
2 2 0.010032 0.032712 0.864397 0.077869 0.014990
2 2 0.008154 0.028315 0.880068 0.071304 0.012159
2 2 0.010641 0.033597 0.862226 0.081372 0.012165
2 2 0.009684 0.032230 0.872349 0.074915 0.010822
2 2 0.012009 0.038230 0.858894 0.080349 0.010518
2 2 0.012598 0.038801 0.852341 0.085335 0.010925
2 2 0.011093 0.034745 0.847180 0.096149 0.010833
2 0 0.010355 0.031953 0.851349 0.095352 0.010991
2 1 0.006953 0.025995 0.896093 0.061770 0.009189
2 2 0.008290 0.028847 0.878021 0.072243 0.012599
2 2 0.007356 0.027108 0.883159 0.070488 0.011889
2 2 0.006595 0.027536 0.897127 0.057233 0.011509
2 2 0.011936 0.053233 0.880948 0.033477 0.020405
2 2 0.012533 0.043355 0.857560 0.066145 0.020408
2 1 0.023481 0.075095 0.839529 0.035657 0.026239
2 1 0.012538 0.062613 0.900738 0.010855 0.013256
2 1 0.008403 0.045698 0.921125 0.013957 0.010817
2 2 0.007108 0.039675 0.927049 0.016147 0.010021
2 2 0.007348 0.038548 0.921942 0.021179 0.010983
2 2 0.009456 0.048973 0.909100 0.018651 0.013820
2 2 0.014064 0.066530 0.885606 0.016001 0.017800
2 2 0.016307 0.072652 0.878596 0.014438 0.018008
2 2 0.021305 0.083920 0.856583 0.016335 0.021857
2 2 0.022498 0.079604 0.854635 0.021223 0.022040
2 2 0.019751 0.069623 0.863056 0.028115 0.019456
2 2 0.015404 0.057030 0.882613 0.027703 0.017249
2 2 0.012401 0.052224 0.900950 0.020597 0.013827
2 2 0.014320 0.053956 0.888161 0.027463 0.016100
2 2 0.015337 0.053152 0.874612 0.038353 0.018547
2 2 0.013721 0.051041 0.881188 0.036259 0.017791
2 2 0.009225 0.045341 0.914874 0.018596 0.011963
2 2 0.011371 0.051681 0.897976 0.023332 0.015639
2 2 0.013606 0.059992 0.884484 0.023217 0.018701
2 2 0.015672 0.059317 0.861248 0.040052 0.023710
2 2 0.012804 0.052518 0.880250 0.035016 0.019413
2 2 0.014693 0.058834 0.874444 0.031331 0.020698
2 2 0.011376 0.054916 0.902653 0.016752 0.014303
2 2 0.012405 0.059229 0.899158 0.014733 0.014475
2 2 0.008265 0.044197 0.922320 0.014669 0.010548
2 2 0.007136 0.035534 0.924204 0.023093 0.010033
2 2 0.006667 0.034086 0.926227 0.023288 0.009731
2 2 0.008762 0.043179 0.914774 0.021101 0.012184
2 2 0.011261 0.053753 0.896758 0.021847 0.016382
2 2 0.016470 0.070419 0.868034 0.022624 0.022454
2 2 0.019754 0.078969 0.852903 0.022986 0.025388
2 2 0.020807 0.080660 0.853904 0.020736 0.023893
2 2 0.027510 0.090571 0.828866 0.027640 0.025413
2 2 0.027737 0.084093 0.829927 0.037267 0.020977
2 2 0.021288 0.065647 0.852037 0.045739 0.015289
2 2 0.011133 0.040038 0.897924 0.040150 0.010756
2 2 0.012397 0.039257 0.867075 0.070219 0.011052
2 2 0.007626 0.028573 0.894889 0.059104 0.009809
2 2 0.008093 0.029479 0.888137 0.065067 0.009223
2 2 0.011670 0.038636 0.865167 0.071895 0.012631
2 2 0.013017 0.043083 0.861194 0.068840 0.013866
2 2 0.009144 0.032281 0.876195 0.069252 0.013129
2 2 0.006032 0.026799 0.914977 0.042671 0.009521
2 2 0.004056 0.020128 0.920027 0.048108 0.007681
2 2 0.004704 0.020144 0.896011 0.070199 0.008943
2 2 0.005645 0.022151 0.877207 0.084187 0.010810
2 2 0.007250 0.025345 0.860116 0.094393 0.012896
2 2 0.014443 0.044832 0.846184 0.076072 0.018469
2 2 0.010776 0.038939 0.884539 0.050835 0.014911
2 2 0.009893 0.037334 0.888347 0.049833 0.014593
2 2 0.006293 0.025734 0.897066 0.060179 0.010728
2 2 0.005867 0.023348 0.892396 0.068293 0.010096
2 2 0.008805 0.029353 0.859523 0.087937 0.014383
2 2 0.018930 0.050738 0.804098 0.101490 0.024744
2 0 0.057858 0.110088 0.653170 0.135681 0.043203
2 1 0.083213 0.154225 0.600188 0.101034 0.061341
2 1 0.068291 0.142081 0.635796 0.092417 0.061416
2 1 0.038851 0.104215 0.749470 0.062277 0.045186
2 2 0.015709 0.056163 0.851572 0.051501 0.025056
2 2 0.007654 0.032611 0.903922 0.043648 0.012165
2 2 0.006033 0.023671 0.887143 0.072539 0.010614
2 2 0.005641 0.018973 0.830844 0.136348 0.008193
2 2 0.006547 0.018780 0.774253 0.191375 0.009044
2 2 0.018981 0.040892 0.716856 0.208878 0.014393
2 0 0.054875 0.089809 0.626499 0.202150 0.026668
2 0 0.148837 0.203435 0.487496 0.112888 0.047343
2 0 0.261565 0.267777 0.309854 0.077366 0.083437
2 1 0.261499 0.257823 0.288191 0.086865 0.105622
2 2 0.215673 0.250488 0.332551 0.101892 0.099396
2 2 0.074662 0.159763 0.639559 0.066475 0.059540
2 2 0.032224 0.092752 0.808644 0.041495 0.024886
2 2 0.015162 0.047532 0.862761 0.058049 0.016496
2 2 0.013468 0.038772 0.851894 0.080036 0.015830
2 2 0.014685 0.038598 0.823989 0.107440 0.015287
2 2 0.017208 0.042770 0.796005 0.131705 0.012312
2 2 0.024537 0.059572 0.798628 0.104310 0.012954
2 2 0.032973 0.075814 0.776737 0.097288 0.017188
2 2 0.022381 0.062543 0.815151 0.082708 0.017217
2 2 0.018441 0.046476 0.753244 0.164160 0.017679
2 2 0.012212 0.035614 0.814647 0.124005 0.013521
2 2 0.008414 0.026478 0.837600 0.116519 0.010990
2 2 0.008480 0.025392 0.826104 0.127284 0.012741
2 2 0.008824 0.026271 0.814868 0.138204 0.011832
2 2 0.013861 0.036898 0.775221 0.160413 0.013607
2 2 0.018973 0.048312 0.771728 0.147688 0.013298
2 1 0.043349 0.098413 0.757122 0.082556 0.018560
2 1 0.047608 0.117133 0.767099 0.048655 0.019505
2 1 0.063802 0.139104 0.715177 0.061865 0.020052
2 2 0.054057 0.124101 0.748311 0.054333 0.019198
2 1 0.051682 0.113092 0.738233 0.077651 0.019343
2 2 0.032308 0.076975 0.778607 0.097889 0.014221
2 2 0.025169 0.062951 0.792738 0.103975 0.015167
2 2 0.021713 0.059781 0.823518 0.082233 0.012755
2 2 0.021636 0.059653 0.827801 0.078998 0.011912
2 2 0.026142 0.066510 0.799493 0.095712 0.012143
2 2 0.038715 0.086301 0.754305 0.105899 0.014780
2 2 0.045586 0.090279 0.701305 0.144262 0.018568
2 2 0.027188 0.059849 0.730697 0.166197 0.016069
2 2 0.018004 0.046728 0.794182 0.123358 0.017728
2 0 0.019309 0.052629 0.805594 0.103907 0.018561
2 2 0.027419 0.072671 0.789012 0.087932 0.022966
2 2 0.039698 0.096353 0.755266 0.084551 0.024133
2 2 0.030296 0.084693 0.805599 0.057823 0.021589
2 2 0.025552 0.070169 0.815289 0.069927 0.019063
2 2 0.029332 0.085548 0.813099 0.051122 0.020900
2 0 0.057483 0.129234 0.723454 0.051341 0.038488
2 0 0.167469 0.242456 0.474770 0.046000 0.069305
2 1 0.118374 0.205559 0.556848 0.040878 0.078341
2 1 0.118225 0.208510 0.536701 0.065259 0.071304
2 1 0.068410 0.157598 0.662758 0.047881 0.063353
2 2 0.026176 0.094340 0.825688 0.023207 0.030590
2 2 0.015608 0.061600 0.880155 0.024238 0.018400
2 2 0.010404 0.043002 0.907124 0.026963 0.012507
2 2 0.014798 0.052059 0.887973 0.031301 0.013868
2 2 0.022711 0.066233 0.856915 0.040735 0.013406
2 2 0.060310 0.135916 0.740286 0.048047 0.015442
2 2 0.096070 0.185681 0.650130 0.051081 0.017038
2 2 0.138198 0.238785 0.551321 0.051222 0.020475
2 2 0.114325 0.220620 0.599916 0.032357 0.032782
2 2 0.071761 0.147259 0.688760 0.068540 0.023680
2 0 0.140732 0.203801 0.482351 0.108869 0.064247
2 0 0.217768 0.221408 0.366644 0.028493 0.165687
0 0 0.336081 0.234693 0.215374 0.050824 0.163028
0 0 0.375250 0.195151 0.131352 0.063836 0.234410
0 0 0.345365 0.184738 0.136571 0.058946 0.274380
4 0 0.283833 0.163299 0.149511 0.046077 0.357281
4 0 0.288208 0.161997 0.126790 0.080688 0.342316
4 0 0.290556 0.175527 0.146729 0.078157 0.309032
4 0 0.325506 0.156593 0.107333 0.062648 0.347920
4 0 0.351113 0.149241 0.102442 0.032245 0.364959
4 0 0.379655 0.129443 0.066765 0.038119 0.386018
0 0 0.433269 0.184867 0.104928 0.045029 0.231908
0 0 0.423009 0.213195 0.148918 0.032299 0.182579
0 0 0.431129 0.229533 0.159484 0.034205 0.145649
0 0 0.477244 0.226863 0.123333 0.047314 0.125246
0 0 0.508454 0.231772 0.108339 0.055072 0.096364
0 0 0.527957 0.229022 0.101652 0.049726 0.091644
0 0 0.507544 0.253728 0.128459 0.041888 0.068382
0 0 0.484017 0.242414 0.130816 0.047260 0.095493
0 0 0.425304 0.264538 0.175186 0.052301 0.082672
0 0 0.377855 0.280579 0.222450 0.049908 0.069208
0 0 0.368994 0.297874 0.232168 0.054225 0.046739
0 0 0.374251 0.309812 0.231297 0.051133 0.033506
0 0 0.427443 0.306403 0.199436 0.036860 0.029858
0 0 0.390432 0.297928 0.252307 0.020795 0.038538
0 0 0.450693 0.267567 0.195973 0.018985 0.066781
0 0 0.392311 0.272664 0.229508 0.028958 0.076559
0 0 0.416022 0.271730 0.192789 0.044384 0.075075
0 0 0.395035 0.252802 0.191187 0.048242 0.112734
0 0 0.381878 0.219552 0.163778 0.051126 0.183665
0 0 0.365300 0.224065 0.173610 0.059554 0.177471
0 0 0.327411 0.191846 0.172980 0.037961 0.269802
0 0 0.343649 0.187006 0.150349 0.043766 0.275230
0 0 0.372003 0.197834 0.133496 0.069144 0.227524
0 0 0.380755 0.210524 0.127636 0.104804 0.176282
0 0 0.355357 0.237524 0.189676 0.068297 0.149147
0 0 0.431458 0.234804 0.143428 0.061571 0.128739
0 0 0.427661 0.271287 0.190882 0.037450 0.072719
0 0 0.450461 0.265742 0.172881 0.036641 0.074275
0 0 0.481948 0.233445 0.133811 0.036520 0.114275
0 0 0.481111 0.226514 0.113671 0.060849 0.117855
0 0 0.473278 0.253453 0.134720 0.059373 0.079176
0 0 0.412871 0.279062 0.185662 0.059332 0.063073
0 0 0.381214 0.281727 0.219483 0.050630 0.066945
0 0 0.359125 0.296924 0.239653 0.055579 0.048719
0 0 0.368855 0.306451 0.244179 0.043422 0.037094
0 0 0.401362 0.292447 0.227708 0.030771 0.047712
0 0 0.455904 0.264446 0.174885 0.030646 0.074119
0 0 0.477800 0.240877 0.140589 0.037294 0.103439
0 0 0.439082 0.246104 0.166026 0.037754 0.111033
0 0 0.404689 0.240994 0.178660 0.042856 0.132800
0 0 0.345345 0.227418 0.181489 0.074753 0.170994
0 0 0.306577 0.197776 0.169746 0.076277 0.249624
0 0 0.294697 0.231822 0.227294 0.077721 0.168466
2 0 0.249490 0.244319 0.299945 0.072128 0.134118
2 0 0.248980 0.260002 0.333839 0.058086 0.099093
2 0 0.241440 0.279155 0.372597 0.046945 0.059864
0 0 0.315704 0.302207 0.301976 0.038754 0.041359
0 0 0.392792 0.303192 0.238564 0.029204 0.036249
0 0 0.400891 0.301117 0.228569 0.031370 0.038053
0 0 0.355137 0.302216 0.255869 0.044270 0.042508
0 0 0.328928 0.281585 0.266734 0.051192 0.071561
0 0 0.323704 0.272664 0.260686 0.056434 0.086512
0 0 0.338266 0.278339 0.248510 0.058434 0.076450
0 0 0.371186 0.282673 0.229526 0.049595 0.067020
0 0 0.314812 0.278030 0.272585 0.057349 0.077225
0 0 0.314533 0.268175 0.259115 0.064045 0.094131
0 0 0.291065 0.265710 0.285852 0.059885 0.097487
2 0 0.274641 0.282253 0.308951 0.068078 0.066077
2 0 0.271027 0.296855 0.329606 0.057471 0.045040
2 0 0.261235 0.301866 0.354233 0.046372 0.036294
1 0 0.301662 0.310326 0.301119 0.053038 0.033856
0 0 0.333597 0.314122 0.282597 0.039427 0.030257
0 0 0.357860 0.310140 0.261373 0.037303 0.033325
0 0 0.379051 0.306638 0.239966 0.038641 0.035705
0 0 0.380383 0.303710 0.228658 0.048137 0.039113
0 0 0.365295 0.306616 0.243353 0.047377 0.037359
0 0 0.358749 0.304911 0.251013 0.045846 0.039481
0 0 0.324319 0.303527 0.285984 0.044842 0.041328
0 0 0.327186 0.304773 0.273554 0.053834 0.040653
0 0 0.318758 0.310000 0.282355 0.053829 0.035059
2 0 0.296407 0.308641 0.314550 0.046004 0.034398
2 0 0.268569 0.306287 0.355780 0.037859 0.031505
2 0 0.288512 0.312810 0.320603 0.048032 0.030042
1 0 0.320373 0.320595 0.287011 0.046564 0.025457
0 0 0.356626 0.318015 0.245578 0.052408 0.027373
0 0 0.413554 0.316184 0.203629 0.042791 0.023842
0 0 0.427440 0.313659 0.195302 0.039698 0.023902
0 0 0.476135 0.288877 0.156384 0.042508 0.036096
0 0 0.434687 0.288459 0.174981 0.055949 0.045924
0 0 0.398169 0.280487 0.171391 0.095268 0.054685
0 0 0.297049 0.296214 0.279023 0.079282 0.048432
2 0 0.200311 0.269252 0.416695 0.055102 0.058639
2 0 0.178002 0.251027 0.454312 0.044889 0.071770
2 0 0.152459 0.227359 0.479636 0.048104 0.092443
2 0 0.144901 0.217824 0.479534 0.051151 0.106591
2 0 0.151700 0.215580 0.442369 0.060726 0.129625
2 0 0.184818 0.215722 0.347402 0.077969 0.174089
2 0 0.191647 0.207820 0.323126 0.073211 0.204197
4 1 0.204955 0.188283 0.255528 0.077183 0.274050
4 1 0.203748 0.189504 0.252841 0.087032 0.266875
2 1 0.213498 0.205163 0.272904 0.084866 0.223569
2 1 0.190128 0.213232 0.342058 0.068364 0.186218
2 1 0.199074 0.217896 0.319011 0.086226 0.177793
2 0 0.199824 0.215477 0.302802 0.099368 0.182529
0 0 0.261661 0.215807 0.223194 0.099352 0.199986
0 0 0.267118 0.207445 0.220823 0.073238 0.231376
0 0 0.314245 0.199093 0.177329 0.057929 0.251405
4 0 0.302137 0.162615 0.131087 0.055542 0.348619
4 1 0.275368 0.168845 0.147445 0.076196 0.332147
4 1 0.252205 0.192347 0.195974 0.096328 0.263146
2 0 0.206976 0.200912 0.264982 0.097348 0.229782
2 0 0.183571 0.211314 0.339079 0.079728 0.186308
2 0 0.207214 0.225418 0.324329 0.080496 0.162543
2 0 0.173182 0.229081 0.412603 0.061900 0.123234
2 0 0.177646 0.233915 0.414299 0.059530 0.114610
2 0 0.166513 0.233689 0.450645 0.049001 0.100151
2 0 0.176163 0.237687 0.425634 0.057251 0.103266
2 0 0.168035 0.211780 0.384304 0.066992 0.168890
2 0 0.098750 0.181785 0.565854 0.052560 0.101050
2 0 0.088550 0.177307 0.611906 0.044957 0.077281
2 0 0.082058 0.169770 0.630517 0.040209 0.077446
2 0 0.082051 0.172304 0.651148 0.029962 0.064535
2 0 0.103189 0.189500 0.577997 0.043039 0.086275
2 0 0.121932 0.201757 0.516215 0.056955 0.103142
2 0 0.145182 0.214054 0.466067 0.058204 0.116494
2 0 0.191677 0.228308 0.377253 0.060245 0.142516
2 0 0.210351 0.239279 0.351414 0.070457 0.128499
2 0 0.232439 0.233223 0.307127 0.071846 0.155366
2 0 0.226216 0.221850 0.330953 0.041703 0.179278
4 0 0.252619 0.178609 0.207458 0.042441 0.318874
4 0 0.220943 0.177235 0.218373 0.066699 0.316750
2 0 0.212246 0.210726 0.277478 0.095815 0.203735
2 0 0.105163 0.187698 0.556183 0.049840 0.101116
2 0 0.086369 0.172899 0.611263 0.044594 0.084874
2 0 0.106659 0.188611 0.551066 0.050688 0.102976
2 0 0.128767 0.203028 0.496763 0.053433 0.118009
2 0 0.132954 0.206589 0.493581 0.050688 0.116188
2 0 0.102215 0.185319 0.562741 0.049978 0.099746
2 0 0.064190 0.149392 0.668297 0.045068 0.073053
2 0 0.045832 0.124731 0.714021 0.050010 0.065406
2 0 0.037269 0.111866 0.745754 0.047880 0.057231
2 0 0.046764 0.125598 0.705250 0.053483 0.068905
2 0 0.062245 0.144892 0.651588 0.057559 0.083715
2 1 0.106632 0.182111 0.507956 0.073316 0.129985
2 1 0.168079 0.203846 0.353812 0.080611 0.193651
2 1 0.193714 0.210854 0.312881 0.087937 0.194614
2 0 0.214833 0.212908 0.275939 0.098466 0.197853
2 0 0.210248 0.229831 0.314382 0.095350 0.150189
2 0 0.222060 0.239507 0.317985 0.087169 0.133279
2 1 0.183695 0.250382 0.413633 0.072828 0.079462
2 1 0.131318 0.228291 0.539715 0.050902 0.049774
2 0 0.077374 0.170866 0.666263 0.046233 0.039264
2 0 0.051018 0.133029 0.738406 0.043818 0.033728
2 0 0.056058 0.148190 0.725674 0.034128 0.035950
2 0 0.119655 0.213140 0.547776 0.057392 0.062038
2 0 0.232893 0.250117 0.330794 0.071524 0.114672
0 0 0.263827 0.208760 0.252753 0.044036 0.230624
4 0 0.258931 0.167027 0.173469 0.048336 0.352237
4 4 0.268517 0.173836 0.154557 0.089234 0.313856
0 4 0.257200 0.214646 0.208709 0.132111 0.187334
2 4 0.250667 0.240783 0.262643 0.112615 0.133291
2 4 0.226158 0.268267 0.349879 0.080679 0.075017
2 4 0.235189 0.274984 0.360363 0.062657 0.066806
2 4 0.209698 0.275349 0.409668 0.051711 0.053574
2 4 0.215400 0.285973 0.400443 0.055494 0.042690
2 4 0.215603 0.289248 0.405663 0.051202 0.038284
2 4 0.211073 0.290165 0.414662 0.049896 0.034205
2 4 0.146130 0.248911 0.529437 0.041618 0.033903
2 1 0.131175 0.231046 0.549023 0.048807 0.039949
2 0 0.136865 0.231565 0.520965 0.057889 0.052716
2 0 0.145764 0.226795 0.478998 0.067824 0.080619
2 4 0.202612 0.222542 0.329503 0.080083 0.165260
2 4 0.189869 0.207938 0.312833 0.088792 0.200568
2 4 0.225068 0.204080 0.234432 0.118109 0.218311
2 4 0.213374 0.220267 0.291664 0.097857 0.176838
2 4 0.225104 0.214274 0.254776 0.113283 0.192563
2 4 0.204710 0.210667 0.281249 0.106330 0.197042
2 4 0.186711 0.218360 0.327446 0.103086 0.164398
2 4 0.145092 0.217257 0.447697 0.084081 0.105873
2 4 0.139790 0.222419 0.495834 0.060824 0.081134
2 4 0.110643 0.202523 0.573513 0.045750 0.067571
2 4 0.131023 0.222100 0.535064 0.048631 0.063182
2 4 0.064935 0.157640 0.715067 0.022305 0.040053
2 4 0.068793 0.162073 0.703620 0.022997 0.042517
2 0 0.069743 0.163752 0.701559 0.023323 0.041623
2 1 0.072694 0.168273 0.688222 0.028469 0.042341
2 1 0.167858 0.251114 0.480779 0.042700 0.057550
2 0 0.227883 0.252825 0.362076 0.052778 0.104437
0 0 0.292723 0.208264 0.217399 0.048517 0.233097
4 0 0.231580 0.173965 0.204060 0.060517 0.329879
4 0 0.257340 0.190736 0.194884 0.084157 0.272883
2 0 0.140647 0.201629 0.499953 0.035540 0.122231
2 0 0.217796 0.224179 0.380678 0.024566 0.152781
2 0 0.243251 0.228008 0.332037 0.032165 0.164538
2 0 0.255185 0.224016 0.309441 0.031496 0.179862
2 0 0.269029 0.253396 0.311077 0.048708 0.117790
0 0 0.278067 0.243469 0.248612 0.092621 0.137230
2 0 0.273421 0.241278 0.278467 0.059225 0.147609
0 0 0.281002 0.211954 0.215859 0.071323 0.219862
0 0 0.279269 0.207365 0.216109 0.063177 0.234080
0 0 0.278471 0.203045 0.221676 0.048983 0.247825
0 0 0.294327 0.212040 0.216815 0.054259 0.222559
0 0 0.283609 0.217782 0.228079 0.063938 0.206592
0 0 0.342549 0.241608 0.221382 0.047558 0.146904
0 0 0.339607 0.255778 0.247872 0.040015 0.116729
0 0 0.433526 0.243344 0.145679 0.066991 0.110459
0 0 0.444343 0.231619 0.120110 0.090131 0.113797
0 0 0.415249 0.239231 0.149446 0.072927 0.123148
0 0 0.382517 0.236092 0.171074 0.065643 0.144674
0 0 0.326646 0.204043 0.164232 0.076558 0.228521
4 1 0.266458 0.184765 0.160765 0.120380 0.267632
0 1 0.266252 0.190377 0.163698 0.135546 0.244126
2 1 0.145336 0.203262 0.394305 0.107685 0.149412
2 1 0.055528 0.136717 0.663427 0.064708 0.079621
2 1 0.031976 0.096802 0.780985 0.045653 0.044585
2 1 0.036996 0.102467 0.755761 0.059567 0.045208
2 1 0.086049 0.170494 0.577481 0.084167 0.081809
2 1 0.127903 0.204653 0.458217 0.106804 0.102423
2 1 0.101924 0.182741 0.539128 0.099111 0.077096
2 1 0.093950 0.182792 0.582398 0.071844 0.069016
2 1 0.070064 0.163092 0.677311 0.039007 0.050526
2 0 0.102938 0.199664 0.604537 0.039088 0.053773
2 1 0.124716 0.222494 0.560377 0.043179 0.049234
2 1 0.167300 0.248964 0.467045 0.054695 0.061996
2 1 0.174099 0.251852 0.438443 0.071845 0.063762
2 1 0.186295 0.250944 0.388966 0.097566 0.076230
2 1 0.208090 0.258510 0.356634 0.096109 0.080656
2 0 0.166642 0.242207 0.435915 0.080717 0.074518
2 1 0.170562 0.246619 0.447367 0.063846 0.071606
2 1 0.157853 0.238440 0.468943 0.062725 0.072039
2 1 0.216523 0.265316 0.380022 0.062864 0.075274
2 1 0.224228 0.272463 0.360575 0.075568 0.067166
2 1 0.215980 0.269503 0.381012 0.066459 0.067045
2 1 0.192029 0.259223 0.423378 0.059068 0.066302
2 0 0.203799 0.268861 0.409351 0.056960 0.061029
2 0 0.210840 0.279235 0.404338 0.056075 0.049512
2 0 0.194090 0.277402 0.453369 0.036510 0.038629
2 0 0.198433 0.262887 0.427789 0.045608 0.065282
2 0 0.164416 0.244840 0.476901 0.046982 0.066860
2 0 0.252071 0.266946 0.310203 0.095319 0.075461
2 0 0.227065 0.223804 0.358795 0.027151 0.163185
0 0 0.295248 0.246415 0.281343 0.040673 0.136320
0 1 0.286761 0.201160 0.202424 0.058606 0.251049
0 1 0.267306 0.205692 0.221164 0.068390 0.237447
4 1 0.243214 0.171620 0.154334 0.132186 0.298647
2 0 0.204441 0.212419 0.289438 0.103399 0.190303
2 0 0.145753 0.196238 0.433399 0.059240 0.165370
2 1 0.200524 0.201421 0.303507 0.078567 0.215981
4 1 0.233493 0.186321 0.189587 0.127297 0.263303
0 1 0.246012 0.205874 0.213214 0.119054 0.215845
2 1 0.228255 0.206954 0.277444 0.059430 0.227917
2 0 0.234300 0.230272 0.337024 0.039618 0.158786
2 0 0.272417 0.221148 0.284940 0.030011 0.191485
0 0 0.391169 0.225222 0.173797 0.039763 0.170049
0 0 0.416111 0.208981 0.139149 0.042700 0.193060
0 0 0.439410 0.244635 0.157895 0.045571 0.112490
0 0 0.388337 0.161330 0.100427 0.036723 0.313183
0 0 0.362103 0.165746 0.098828 0.074671 0.298651
0 0 0.331369 0.177232 0.136278 0.054938 0.300184
0 0 0.333401 0.179009 0.147523 0.040253 0.299813
4 0 0.329896 0.156047 0.115426 0.040867 0.357764
0 0 0.371478 0.188525 0.127994 0.058727 0.253275
4 0 0.330147 0.146630 0.103929 0.037901 0.381392
4 0 0.313154 0.171911 0.153258 0.035246 0.326431
0 0 0.313930 0.188064 0.168196 0.047629 0.282181
0 0 0.291704 0.198295 0.183761 0.073113 0.253128
4 0 0.243875 0.196480 0.223321 0.077128 0.259196
4 0 0.216225 0.183357 0.237472 0.066685 0.296261
4 0 0.214725 0.181770 0.234139 0.069004 0.300361
4 0 0.217429 0.172047 0.207891 0.071680 0.330952
4 0 0.244478 0.182428 0.190031 0.088439 0.294624
0 0 0.296796 0.189845 0.156968 0.093216 0.263174
0 0 0.321056 0.192727 0.157587 0.067050 0.261581
0 0 0.327333 0.193075 0.152588 0.069708 0.257296
0 0 0.363666 0.196489 0.134192 0.073513 0.232139
0 0 0.385408 0.208328 0.138858 0.068009 0.199397
0 0 0.406681 0.202616 0.126326 0.060065 0.204311
0 0 0.374909 0.192588 0.136753 0.049096 0.246654
0 0 0.381651 0.202686 0.137811 0.061819 0.216032
0 0 0.354673 0.226101 0.179152 0.065608 0.174467
0 0 0.352684 0.245182 0.202342 0.064743 0.135049
0 0 0.323228 0.248767 0.255314 0.040437 0.132253
0 0 0.341665 0.239633 0.231440 0.036900 0.150362
0 0 0.321168 0.207894 0.205961 0.035176 0.229800
0 0 0.287548 0.209479 0.206350 0.070651 0.225972
4 0 0.230977 0.197362 0.224015 0.102383 0.245263
2 0 0.183423 0.208106 0.322283 0.091672 0.194515
2 0 0.171111 0.215219 0.373331 0.077967 0.162372
2 0 0.197063 0.215218 0.351857 0.052403 0.183458
2 0 0.245342 0.215558 0.278262 0.052597 0.208241
0 0 0.281566 0.194220 0.196198 0.057493 0.270523
4 0 0.268364 0.184782 0.169415 0.095785 0.281655
0 0 0.249463 0.196782 0.203324 0.101944 0.248486
0 0 0.245115 0.213812 0.226638 0.119319 0.195115
2 0 0.239912 0.231425 0.283659 0.083971 0.161034
0 0 0.256050 0.210445 0.233538 0.078958 0.221009
2 0 0.208418 0.199985 0.284748 0.066704 0.240145
2 0 0.189434 0.206217 0.320911 0.076099 0.207339
2 0 0.170540 0.219351 0.402815 0.059983 0.147311
2 0 0.158143 0.225551 0.461497 0.045496 0.109313
2 0 0.189833 0.244915 0.419455 0.049640 0.096156
2 0 0.232098 0.254358 0.354418 0.055420 0.103706
2 0 0.248508 0.264511 0.347837 0.050488 0.088656
2 0 0.252922 0.267201 0.355324 0.041962 0.082592
2 0 0.267232 0.269935 0.335164 0.044809 0.082859
0 0 0.289241 0.260824 0.284088 0.058962 0.106885
0 0 0.298850 0.227439 0.221773 0.071644 0.180295
4 0 0.254999 0.174352 0.169851 0.081223 0.319575
4 0 0.234357 0.176338 0.190031 0.085773 0.313500
2 0 0.193736 0.197748 0.297699 0.072840 0.237977
2 0 0.209047 0.202329 0.295922 0.059460 0.233242
2 4 0.192536 0.205848 0.323545 0.066815 0.211256
2 4 0.210506 0.215143 0.291455 0.091533 0.191363
2 4 0.177730 0.200942 0.326002 0.081364 0.213962
2 4 0.140199 0.193265 0.388848 0.096622 0.181067
2 4 0.116151 0.188352 0.484765 0.073852 0.136880
2 4 0.193472 0.228676 0.347160 0.087025 0.143667
2 0 0.245497 0.256409 0.314762 0.077875 0.105457
0 0 0.295446 0.271893 0.281327 0.064963 0.086371
0 0 0.298937 0.263339 0.267774 0.067571 0.102380
0 0 0.324722 0.250555 0.219484 0.080876 0.124363
2 0 0.273868 0.259230 0.289270 0.070266 0.107366
2 0 0.269338 0.250962 0.293070 0.062146 0.124484
2 0 0.227816 0.248253 0.342610 0.064884 0.116437
2 0 0.166571 0.230598 0.454113 0.043548 0.105169
2 0 0.174916 0.222599 0.430434 0.038888 0.133163
2 0 0.151488 0.203010 0.428890 0.058172 0.158439
2 0 0.166538 0.193796 0.334920 0.093420 0.211327
4 0 0.228364 0.192620 0.212743 0.112969 0.253304
4 0 0.205330 0.151844 0.167845 0.090666 0.384315
4 0 0.230137 0.150592 0.146143 0.083765 0.389362
4 0 0.213771 0.149957 0.160242 0.081040 0.394991
4 0 0.239524 0.162590 0.172864 0.060992 0.364030
4 0 0.256669 0.192016 0.185497 0.108134 0.257684
2 0 0.246816 0.228031 0.255815 0.106529 0.162809
0 0 0.284255 0.248160 0.264739 0.070480 0.132366
0 0 0.276351 0.237226 0.255734 0.074771 0.155919
2 1 0.184019 0.221393 0.359227 0.088535 0.146827
2 0 0.123100 0.180877 0.404060 0.113656 0.178306
2 0 0.131106 0.176924 0.351199 0.127435 0.213336
2 0 0.171255 0.191081 0.298693 0.102521 0.236449
4 0 0.202450 0.190317 0.266727 0.073335 0.267171
4 1 0.195517 0.187461 0.263702 0.082481 0.270839
4 0 0.200226 0.186552 0.257324 0.078793 0.277106
4 1 0.187443 0.181133 0.255673 0.093425 0.282326
4 1 0.183681 0.178050 0.246049 0.104220 0.287999
4 1 0.178444 0.183166 0.264032 0.109255 0.265103
2 1 0.143000 0.194412 0.406784 0.079100 0.176704
2 1 0.157316 0.195931 0.363783 0.084166 0.198803
2 1 0.114127 0.191214 0.515507 0.060151 0.119001
2 1 0.134118 0.209319 0.494021 0.052983 0.109558
2 1 0.177102 0.244362 0.438608 0.052478 0.087449
2 1 0.201537 0.262174 0.400779 0.062859 0.072650
2 0 0.220757 0.270811 0.379184 0.061644 0.067604
2 1 0.199945 0.266164 0.409706 0.059869 0.064315
2 1 0.201177 0.263192 0.397555 0.066967 0.071108
2 1 0.206070 0.267839 0.396319 0.064256 0.065516
2 1 0.247819 0.245022 0.318285 0.057059 0.131815
2 1 0.191221 0.239559 0.384622 0.074800 0.109798
2 1 0.235208 0.258148 0.328846 0.093959 0.083838
2 0 0.175299 0.243991 0.470995 0.033224 0.076490
2 0 0.169757 0.247043 0.473042 0.041123 0.069035
2 1 0.122725 0.213192 0.569710 0.030381 0.063992
2 1 0.128600 0.205589 0.512385 0.046046 0.107380
2 1 0.106066 0.186765 0.543086 0.055454 0.108628
2 1 0.119254 0.188825 0.471381 0.076871 0.143670
2 1 0.105485 0.178074 0.489401 0.085015 0.142026
2 1 0.180322 0.196348 0.306571 0.086187 0.230572
2 0 0.192700 0.210885 0.324773 0.076357 0.195285
2 0 0.245760 0.242743 0.304835 0.069848 0.136813
2 0 0.253227 0.260537 0.322705 0.063720 0.099811
2 0 0.267063 0.275688 0.322573 0.059630 0.075047
2 0 0.205401 0.271028 0.427754 0.041233 0.054585
2 0 0.182400 0.254184 0.454534 0.041974 0.066908
2 1 0.197590 0.247397 0.396917 0.058900 0.099197
2 1 0.192609 0.238298 0.398646 0.054684 0.115764
2 1 0.214428 0.226729 0.313534 0.082425 0.162884
2 1 0.205686 0.208832 0.274649 0.108896 0.201937
2 0 0.148444 0.196182 0.383842 0.086969 0.184562
2 1 0.113230 0.183556 0.468622 0.089767 0.144825
2 0 0.109754 0.184491 0.497172 0.078010 0.130573
2 1 0.100033 0.186474 0.575982 0.050002 0.087509
2 1 0.115885 0.205472 0.562279 0.043787 0.072578
2 1 0.113856 0.211058 0.600589 0.026479 0.048019
2 1 0.127677 0.221160 0.556571 0.037668 0.056924
2 1 0.106369 0.204902 0.605200 0.035058 0.048471
2 1 0.089657 0.182673 0.628057 0.037871 0.061742
2 1 0.162175 0.243705 0.467556 0.060250 0.066314
2 0 0.166348 0.257527 0.490449 0.042113 0.043563
2 0 0.138336 0.242660 0.546276 0.039212 0.033516
2 1 0.107170 0.209588 0.600692 0.052638 0.029913
2 4 0.108141 0.177240 0.569217 0.117060 0.028342
2 4 0.156809 0.230030 0.495382 0.086723 0.031056
2 4 0.189204 0.271295 0.435052 0.064090 0.040359
2 4 0.238006 0.298422 0.372014 0.055600 0.035958
2 4 0.227272 0.303608 0.393272 0.048353 0.027495
2 4 0.192936 0.290157 0.463402 0.031215 0.022289
2 0 0.140121 0.243553 0.549862 0.033111 0.033352
2 1 0.172294 0.251897 0.490252 0.034173 0.051384
2 1 0.077844 0.173350 0.666342 0.034348 0.048116
2 0 0.069344 0.156958 0.669584 0.036909 0.067205
2 4 0.045195 0.125981 0.743108 0.034296 0.051420
2 4 0.043287 0.113389 0.725841 0.057175 0.060309
2 4 0.047363 0.117135 0.717577 0.067641 0.050284
2 4 0.065411 0.152830 0.664598 0.050276 0.066885
2 4 0.077930 0.168061 0.650294 0.038025 0.065690
2 4 0.114840 0.207340 0.574546 0.039551 0.063724
2 0 0.150463 0.234509 0.511470 0.036302 0.067255
2 4 0.173868 0.249570 0.467198 0.040423 0.068941
2 4 0.174460 0.253285 0.474310 0.037026 0.060919
2 4 0.139997 0.230735 0.542766 0.030508 0.055995
2 4 0.062352 0.155266 0.723129 0.022320 0.036934
2 4 0.042369 0.114741 0.772146 0.034303 0.036442
2 1 0.121894 0.203392 0.564254 0.032119 0.078340
2 1 0.149435 0.225233 0.510050 0.037482 0.077800
2 1 0.127929 0.219536 0.549012 0.041358 0.062166
2 1 0.101272 0.200196 0.597895 0.050482 0.050155
2 1 0.084952 0.180992 0.642917 0.039363 0.051776
2 1 0.086869 0.184130 0.647659 0.033575 0.047767
2 1 0.067412 0.158841 0.689170 0.033482 0.051096
2 1 0.055728 0.145572 0.721698 0.035135 0.041867
2 0 0.051572 0.141267 0.742942 0.029797 0.034422
2 0 0.081703 0.181496 0.655393 0.040256 0.041153
2 0 0.104199 0.205318 0.606273 0.040290 0.043920
2 0 0.123591 0.225374 0.575698 0.035190 0.040148
2 0 0.055044 0.144394 0.754897 0.014025 0.031640
2 1 0.074266 0.167944 0.702907 0.014956 0.039927
2 1 0.067590 0.158999 0.710899 0.018787 0.043726
2 1 0.067524 0.163738 0.722957 0.015585 0.030196
2 1 0.094830 0.198054 0.646695 0.025866 0.034555
2 1 0.115889 0.219558 0.605536 0.024443 0.034575
2 0 0.103362 0.195251 0.621301 0.021190 0.058896
2 1 0.132251 0.209316 0.554946 0.022975 0.080513
2 1 0.110767 0.196147 0.570537 0.036681 0.085869
2 1 0.146140 0.224998 0.471593 0.071100 0.086169
2 1 0.121382 0.206422 0.532037 0.054546 0.085612
2 1 0.081410 0.170768 0.630973 0.044634 0.072216
2 1 0.034800 0.110491 0.793721 0.024462 0.036525
2 1 0.020576 0.082606 0.853217 0.019366 0.024236
2 1 0.019553 0.080177 0.856477 0.019829 0.023964
2 1 0.016121 0.072197 0.879848 0.014149 0.017685
2 0 0.030563 0.103781 0.822100 0.016602 0.026954
2 1 0.062913 0.153736 0.721863 0.019985 0.041503
2 4 0.103758 0.193826 0.595456 0.035467 0.071494
2 1 0.138105 0.225160 0.499906 0.066829 0.070001
2 1 0.104010 0.191040 0.549849 0.069396 0.085705
2 1 0.054632 0.139314 0.695035 0.052360 0.058659
2 1 0.047890 0.126824 0.720675 0.056333 0.048278
2 1 0.062949 0.150263 0.677326 0.056238 0.053224
2 1 0.080780 0.171785 0.624791 0.066285 0.056357
2 1 0.150637 0.233151 0.471139 0.072739 0.072334
2 1 0.245454 0.267173 0.310154 0.094974 0.082245
0 0 0.318010 0.263592 0.225497 0.098103 0.094798
0 0 0.339446 0.260116 0.213803 0.083353 0.103282
0 0 0.356202 0.252103 0.193061 0.083842 0.114792
0 1 0.323606 0.261959 0.240933 0.068528 0.104973
0 1 0.311804 0.269922 0.267443 0.059668 0.091162
2 4 0.267966 0.283924 0.325590 0.060419 0.062102
2 4 0.221814 0.290000 0.387883 0.059521 0.040781
2 4 0.208300 0.282562 0.416706 0.049561 0.042871
2 4 0.213833 0.286106 0.405626 0.052921 0.041514
2 4 0.196995 0.278519 0.435793 0.048551 0.040142
2 4 0.194645 0.277835 0.432978 0.055312 0.039230
2 0 0.236433 0.274030 0.354515 0.065949 0.069073
0 0 0.291359 0.267582 0.271540 0.076888 0.092632
0 0 0.287647 0.226218 0.212034 0.100346 0.173756
0 1 0.295062 0.210253 0.173460 0.123081 0.198144
4 0 0.231246 0.169604 0.162836 0.126973 0.309341
4 4 0.220292 0.180459 0.182616 0.161029 0.255604
2 4 0.167532 0.200348 0.333094 0.112381 0.186645
2 4 0.118528 0.206517 0.522917 0.074514 0.077524
2 0 0.100369 0.190986 0.611693 0.029455 0.067497
2 4 0.086912 0.180676 0.643779 0.032617 0.056016
2 4 0.092209 0.182359 0.607529 0.044687 0.073216
2 4 0.165973 0.240460 0.437431 0.079139 0.076997
2 4 0.186297 0.240873 0.390813 0.076818 0.105199
2 4 0.198801 0.237677 0.350287 0.089081 0.124155
2 4 0.135591 0.203791 0.469382 0.059300 0.131936
2 4 0.085198 0.167259 0.577908 0.063996 0.105638
2 0 0.262925 0.281021 0.349132 0.044116 0.062807
2 0 0.302895 0.257654 0.329647 0.016546 0.093259
0 4 0.364653 0.246990 0.215153 0.041592 0.131612
0 4 0.326493 0.233677 0.189679 0.097406 0.152746
4 4 0.224272 0.195689 0.221272 0.116394 0.242372
2 4 0.117847 0.172716 0.384685 0.127689 0.197062
2 4 0.054922 0.136985 0.684479 0.050943 0.072671
2 4 0.031560 0.104010 0.795201 0.029910 0.039319
2 4 0.025490 0.093130 0.831384 0.021334 0.028663
2 4 0.037713 0.115022 0.777934 0.027989 0.041342
2 4 0.039253 0.117701 0.774622 0.027076 0.041347
2 4 0.079635 0.172531 0.663820 0.029352 0.054662
2 4 0.165770 0.224240 0.488918 0.023073 0.097998
2 4 0.231463 0.232635 0.381026 0.021383 0.133494
2 4 0.139550 0.205925 0.515681 0.035664 0.103180
2 4 0.085563 0.171625 0.609209 0.046694 0.086909
2 4 0.081224 0.176161 0.643217 0.045121 0.054277
2 4 0.112365 0.208786 0.595661 0.033575 0.049613
0 0 0.353273 0.293249 0.277105 0.027216 0.049158
0 0 0.456800 0.281405 0.191094 0.022524 0.048177
0 0 0.442215 0.275693 0.188517 0.031746 0.061829
0 4 0.329989 0.259001 0.258920 0.041191 0.110899
0 4 0.266321 0.198767 0.193080 0.096959 0.244873
2 4 0.179550 0.200467 0.322097 0.080666 0.217221
2 4 0.089421 0.171983 0.579067 0.057234 0.102294
2 4 0.058734 0.143158 0.687635 0.042866 0.067607
2 4 0.063215 0.148602 0.674601 0.043096 0.070485
2 4 0.069604 0.154339 0.641895 0.051419 0.082743
2 4 0.072947 0.158092 0.634237 0.050676 0.084048
2 4 0.109802 0.181937 0.519300 0.059807 0.129153
2 4 0.148895 0.193246 0.423551 0.057589 0.176720
2 4 0.194593 0.220810 0.355578 0.073435 0.155584
2 4 0.231957 0.244960 0.342169 0.059081 0.121833
2 4 0.262876 0.236673 0.279712 0.064154 0.156584
0 4 0.285213 0.211107 0.207558 0.075776 0.220346
4 4 0.240208 0.142416 0.136691 0.055720 0.424965
4 4 0.242889 0.119075 0.097474 0.048421 0.492141
4 4 0.227943 0.134782 0.126521 0.065298 0.445456
4 4 0.222556 0.181127 0.216919 0.077923 0.301475
4 4 0.210852 0.174269 0.212473 0.084275 0.318132
4 4 0.205945 0.186603 0.253260 0.073433 0.280759
4 4 0.229439 0.165573 0.187117 0.063036 0.354834
4 4 0.212224 0.165518 0.195047 0.079447 0.347764
4 4 0.214936 0.155357 0.163068 0.096494 0.370145
4 4 0.197382 0.156461 0.181949 0.099685 0.364523
4 4 0.219694 0.141768 0.141854 0.074527 0.422157
4 4 0.218065 0.141879 0.143833 0.074870 0.421354
4 4 0.249054 0.148059 0.127914 0.083825 0.391148
4 4 0.221726 0.142318 0.140948 0.075275 0.419733
4 4 0.224552 0.140109 0.135898 0.072190 0.427251
4 4 0.201024 0.154423 0.175505 0.095541 0.373507
4 4 0.193449 0.158521 0.188871 0.104180 0.354979
2 4 0.128246 0.165121 0.355654 0.110051 0.240928
2 4 0.116549 0.155314 0.337928 0.140364 0.249845
2 4 0.084499 0.143752 0.423397 0.152418 0.195934
2 4 0.077189 0.145225 0.477668 0.136924 0.162993
2 4 0.065318 0.138545 0.547090 0.115593 0.133454
2 4 0.062726 0.138711 0.582422 0.098353 0.117789
2 4 0.137601 0.158795 0.298125 0.122612 0.282866
4 4 0.198560 0.159769 0.199198 0.086297 0.356176
4 4 0.230211 0.132678 0.122235 0.062758 0.452118
4 4 0.228031 0.134701 0.126355 0.065199 0.445713
4 4 0.219496 0.141923 0.142217 0.074749 0.421614
4 4 0.211745 0.147640 0.156329 0.083439 0.400847
4 4 0.207406 0.150532 0.164132 0.088322 0.389607
4 4 0.221486 0.143601 0.144736 0.072805 0.417372
4 4 0.203918 0.152710 0.170361 0.092261 0.380749
4 4 0.179377 0.164768 0.213393 0.120477 0.321985
4 4 0.174022 0.166709 0.222639 0.126779 0.309851
2 4 0.135611 0.175064 0.348682 0.114543 0.226100
4 4 0.200876 0.172171 0.217737 0.088644 0.320571
4 4 0.210781 0.168385 0.202591 0.079844 0.338398
4 4 0.228500 0.156871 0.165888 0.070551 0.378191
4 4 0.218368 0.145576 0.149670 0.076138 0.410248
4 4 0.213616 0.146326 0.152944 0.081337 0.405776
4 4 0.212720 0.150488 0.159116 0.088029 0.389647
4 4 0.212806 0.146900 0.154412 0.082247 0.403636
4 4 0.225945 0.136566 0.130269 0.067534 0.439686
4 4 0.227168 0.135482 0.127979 0.066166 0.443206
4 4 0.226051 0.136473 0.130072 0.067416 0.439988
4 4 0.225057 0.137340 0.131929 0.068528 0.437147
4 4 0.226990 0.135641 0.128312 0.066365 0.442692
4 4 0.235707 0.127199 0.111690 0.056580 0.468823
4 4 0.238224 0.124490 0.106773 0.053736 0.476778
4 4 0.243322 0.118544 0.096596 0.047924 0.493613
4 4 0.240063 0.131157 0.113973 0.061037 0.453770
4 4 0.226444 0.136127 0.129336 0.066976 0.441117
4 4 0.204760 0.152196 0.168862 0.091310 0.382872
4 4 0.179544 0.163278 0.212625 0.117447 0.327105
2 4 0.104157 0.155534 0.368885 0.154006 0.217417
2 4 0.069613 0.143509 0.541574 0.110876 0.134428
2 4 0.048866 0.126219 0.670605 0.070534 0.083776
2 4 0.057983 0.137279 0.637168 0.073537 0.094033
2 4 0.063245 0.144364 0.631745 0.067434 0.093212
2 4 0.078740 0.155972 0.561638 0.081690 0.121960
2 4 0.158468 0.180149 0.309085 0.103165 0.249134
4 0 0.209042 0.165543 0.190345 0.095029 0.340041
4 0 0.236902 0.154608 0.158276 0.063140 0.387073
4 0 0.257358 0.124597 0.099804 0.046902 0.471340
4 0 0.268398 0.131829 0.099704 0.060869 0.439200
4 0 0.301418 0.168232 0.133620 0.068154 0.328575
4 0 0.274171 0.141776 0.116434 0.051302 0.416316
4 0 0.287838 0.110512 0.069303 0.041650 0.490696
4 0 0.271456 0.107008 0.071363 0.038416 0.511757
4 0 0.256927 0.098207 0.067026 0.031649 0.546191
4 0 0.257951 0.096254 0.064547 0.030330 0.550919
4 0 0.261328 0.107714 0.075876 0.038795 0.516286
4 0 0.292068 0.115096 0.072321 0.045780 0.474735
4 0 0.272635 0.111290 0.075425 0.041954 0.498697
4 0 0.265930 0.119752 0.087221 0.049458 0.477639
4 0 0.251849 0.106806 0.078644 0.037930 0.524771
4 0 0.254950 0.101749 0.071667 0.034140 0.537494
4 0 0.282590 0.101362 0.062018 0.034324 0.519706
4 0 0.261235 0.115891 0.084999 0.045756 0.492119
4 0 0.259839 0.123181 0.093821 0.052719 0.470441
4 1 0.237276 0.125526 0.108632 0.054808 0.473758
4 1 0.238304 0.142765 0.129202 0.075850 0.413880
4 1 0.252154 0.157458 0.135472 0.100052 0.354865
4 1 0.214727 0.145527 0.150927 0.080090 0.408728
4 0 0.187550 0.179983 0.248378 0.097924 0.286166
