4 0 0.104474 0.203437 0.326348 0.025431 0.340309
2 0 0.073563 0.187022 0.438103 0.033592 0.267719
4 0 0.158520 0.181962 0.202516 0.025354 0.431648
0 0 0.299551 0.198521 0.193569 0.025720 0.282639
0 0 0.425604 0.178417 0.072204 0.019315 0.304460
4 0 0.218282 0.268267 0.158531 0.017239 0.337680
4 0 0.102205 0.306995 0.241033 0.013802 0.335965
4 0 0.064556 0.286576 0.243568 0.016945 0.388356
4 0 0.059416 0.222659 0.131209 0.015606 0.571110
4 0 0.067453 0.203815 0.104301 0.015157 0.609274
4 0 0.092394 0.232621 0.127429 0.015966 0.531589
4 0 0.125021 0.199307 0.081053 0.013052 0.581567
4 0 0.141118 0.219864 0.095267 0.012594 0.531157
4 0 0.216969 0.231419 0.139448 0.025907 0.386257
2 0 0.290909 0.132816 0.306045 0.027915 0.242315
0 0 0.526469 0.130374 0.152686 0.010486 0.179985
0 0 0.568077 0.171658 0.074425 0.010862 0.174978
0 0 0.325929 0.257053 0.133958 0.012119 0.270941
4 0 0.189062 0.278000 0.174237 0.016919 0.341782
4 0 0.085449 0.213364 0.109735 0.016564 0.574888
4 0 0.058229 0.278966 0.261400 0.022212 0.379192
2 0 0.053058 0.288824 0.387802 0.027298 0.243019
2 0 0.046486 0.245905 0.490523 0.032563 0.184523
2 0 0.064151 0.283900 0.364274 0.034772 0.252902
4 0 0.075768 0.209232 0.118263 0.021700 0.575038
4 0 0.081594 0.141823 0.049383 0.014821 0.712380
4 0 0.058315 0.119672 0.032772 0.006855 0.782386
4 0 0.052428 0.114004 0.029850 0.005873 0.797844
4 0 0.060295 0.127134 0.038118 0.008435 0.766018
4 0 0.064724 0.223234 0.129128 0.015869 0.567045
4 0 0.054718 0.279140 0.314575 0.022518 0.329048
2 0 0.058944 0.292374 0.329276 0.024078 0.295328
2 0 0.031098 0.203292 0.639378 0.023225 0.103008
2 0 0.034006 0.222280 0.612190 0.023962 0.107563
2 0 0.038555 0.226276 0.595103 0.025490 0.114575
2 0 0.051911 0.257190 0.512663 0.028194 0.150041
2 0 0.060558 0.294919 0.378106 0.026025 0.240391
2 0 0.049472 0.296786 0.359908 0.020767 0.273067
2 0 0.051933 0.287084 0.327307 0.024748 0.308928
4 0 0.066534 0.259186 0.220180 0.027957 0.426143
4 0 0.096420 0.253709 0.215496 0.035565 0.398810
4 0 0.091767 0.263813 0.209466 0.028170 0.406783
2 0 0.056420 0.271252 0.367626 0.028528 0.276174
4 0 0.048560 0.268493 0.315526 0.022647 0.344774
2 0 0.033126 0.229461 0.493805 0.019430 0.224178
4 0 0.048463 0.267610 0.305451 0.020006 0.358470
4 0 0.048566 0.258336 0.334217 0.021302 0.337580
2 0 0.042208 0.221663 0.427127 0.017924 0.291078
2 0 0.037741 0.191297 0.557328 0.021825 0.191809
2 0 0.043240 0.212076 0.554343 0.026254 0.164087
2 0 0.052660 0.258314 0.447805 0.032978 0.208243
2 0 0.051715 0.233158 0.496296 0.038579 0.180252
2 0 0.055101 0.237150 0.445978 0.037038 0.224733
4 0 0.071088 0.256538 0.298405 0.036275 0.337693
2 0 0.032075 0.195246 0.625391 0.023410 0.123879
4 0 0.083215 0.239025 0.307646 0.042660 0.327453
2 0 0.057748 0.146679 0.642659 0.025875 0.127040
2 0 0.205108 0.146921 0.333227 0.033120 0.281624
0 0 0.413275 0.172440 0.089200 0.017087 0.307998
0 0 0.482760 0.165397 0.061021 0.009916 0.280906
0 0 0.364030 0.192198 0.098987 0.015361 0.329424
4 0 0.224017 0.175528 0.055857 0.012030 0.532568
4 0 0.165116 0.208960 0.091558 0.017402 0.516963
4 0 0.138921 0.222009 0.106733 0.017080 0.515257
4 0 0.144175 0.278863 0.186360 0.018317 0.372286
4 0 0.140085 0.284024 0.196479 0.018088 0.361324
4 0 0.172897 0.265982 0.146411 0.014192 0.400518
4 0 0.178712 0.248633 0.123199 0.013904 0.435551
4 0 0.261687 0.210854 0.082374 0.013265 0.431819
0 0 0.328386 0.242636 0.137596 0.019996 0.271387
0 0 0.508305 0.151399 0.114331 0.017560 0.208405
0 0 0.474172 0.181517 0.141116 0.019398 0.183797
0 0 0.327825 0.250378 0.157912 0.017168 0.246718
2 0 0.160426 0.281523 0.309721 0.018999 0.229331
4 0 0.206186 0.231431 0.127268 0.026623 0.408492
0 0 0.331192 0.207067 0.105165 0.029453 0.327122
4 0 0.185229 0.274882 0.199284 0.025417 0.315188
2 0 0.090490 0.298362 0.392445 0.028428 0.190275
2 0 0.102700 0.272594 0.384109 0.036272 0.204325
2 0 0.221849 0.211717 0.280314 0.058194 0.227926
4 0 0.243973 0.235815 0.189895 0.059189 0.271127
1 0 0.154427 0.278513 0.261574 0.037961 0.267524
2 0 0.118407 0.281920 0.335739 0.026101 0.237833
4 0 0.139176 0.249264 0.240262 0.019158 0.352140
4 0 0.270424 0.199843 0.144661 0.018233 0.366839
0 0 0.453486 0.137851 0.173202 0.011041 0.224420
0 0 0.639206 0.106335 0.136378 0.008488 0.109594
0 0 0.727469 0.102266 0.074820 0.008257 0.087188
0 0 0.728329 0.060692 0.159307 0.002135 0.049537
0 0 0.727427 0.045527 0.190420 0.000994 0.035632
0 0 0.924263 0.040635 0.007228 0.000161 0.027714
0 0 0.685404 0.118141 0.021679 0.001323 0.173453
0 0 0.767434 0.097468 0.017639 0.000981 0.116479
4 0 0.255129 0.210169 0.079854 0.012216 0.442632
4 0 0.228465 0.238150 0.112473 0.015155 0.405757
4 0 0.217129 0.240017 0.112547 0.014262 0.416044
4 0 0.216017 0.265220 0.148637 0.015745 0.354382
4 0 0.241097 0.246320 0.120754 0.014748 0.377081
4 0 0.245763 0.226555 0.097743 0.013936 0.416002
4 0 0.203004 0.208034 0.082755 0.014080 0.492127
4 0 0.194811 0.166888 0.046683 0.008283 0.583335
4 0 0.138364 0.149242 0.036025 0.005274 0.671095
4 0 0.123308 0.141552 0.031447 0.004068 0.699624
4 0 0.099865 0.135759 0.032082 0.004781 0.727513
4 0 0.168984 0.162545 0.045699 0.008396 0.614376
0 0 0.359470 0.158089 0.129441 0.010596 0.342403
0 0 0.695122 0.103671 0.094694 0.006916 0.099597
0 0 0.802463 0.085342 0.042731 0.003992 0.065472
0 0 0.797660 0.089455 0.039394 0.004553 0.068938
0 0 0.805943 0.078772 0.051731 0.003243 0.060311
0 0 0.803646 0.081109 0.049445 0.003515 0.062286
0 0 0.796661 0.088415 0.042116 0.004449 0.068359
0 0 0.780614 0.098392 0.037478 0.006112 0.077405
0 0 0.766774 0.098912 0.047964 0.006561 0.079788
0 0 0.766374 0.101592 0.043299 0.006994 0.081740
0 0 0.736686 0.104170 0.064885 0.007925 0.086334
0 0 0.697089 0.105147 0.095019 0.009853 0.092892
0 0 0.741945 0.097120 0.072688 0.006899 0.081348
0 0 0.739187 0.097906 0.072054 0.006407 0.084445
0 0 0.733363 0.114069 0.046552 0.010469 0.095547
0 0 0.537695 0.147520 0.135057 0.086184 0.093544
0 0 0.641667 0.137954 0.068864 0.023306 0.128209
0 0 0.616479 0.144120 0.087566 0.040017 0.111818
0 0 0.699885 0.123585 0.054809 0.014549 0.107172
0 0 0.728226 0.115569 0.047758 0.011017 0.097430
0 0 0.702995 0.122657 0.053767 0.013980 0.106601
0 0 0.712436 0.120060 0.051503 0.012816 0.103186
0 0 0.646567 0.137440 0.045769 0.007886 0.162338
0 0 0.420007 0.205874 0.080880 0.010557 0.282682
0 0 0.382212 0.229905 0.102310 0.010882 0.274691
1 0 0.147105 0.311109 0.285431 0.018764 0.237591
2 0 0.126121 0.319569 0.342854 0.017138 0.194318
1 0 0.129539 0.312035 0.308596 0.019791 0.230039
4 0 0.169019 0.291620 0.215196 0.019298 0.304867
4 0 0.147163 0.282836 0.188622 0.017151 0.364227
4 0 0.179923 0.226373 0.094411 0.011465 0.487828
4 0 0.179679 0.236918 0.105315 0.011904 0.466184
4 0 0.204530 0.210270 0.074937 0.009255 0.501008
4 0 0.142858 0.245013 0.116952 0.011631 0.483546
4 0 0.117463 0.250354 0.134669 0.013733 0.483782
4 0 0.080708 0.277820 0.227107 0.021638 0.392728
4 0 0.087131 0.258720 0.176304 0.019485 0.458360
4 1 0.070800 0.287002 0.282382 0.024768 0.335048
4 1 0.081543 0.255541 0.171008 0.018399 0.473510
4 1 0.082852 0.263690 0.193867 0.021324 0.438267
4 1 0.093970 0.230869 0.123506 0.015428 0.536227
4 0 0.137381 0.227116 0.102696 0.012674 0.520133
4 1 0.098199 0.214702 0.095969 0.011370 0.579760
4 1 0.086246 0.222236 0.107886 0.011841 0.571791
4 2 0.042199 0.242683 0.173556 0.014482 0.527080
4 2 0.037936 0.246803 0.241615 0.013894 0.459751
4 2 0.036166 0.233440 0.348865 0.015170 0.366359
2 2 0.027303 0.196331 0.529220 0.013532 0.233613
2 2 0.020933 0.139175 0.689665 0.012363 0.137865
2 2 0.021097 0.135371 0.694093 0.012445 0.136994
2 2 0.020088 0.138545 0.701744 0.012380 0.127243
2 2 0.017089 0.123552 0.750331 0.011607 0.097422
2 2 0.010732 0.079866 0.852098 0.008807 0.048497
2 2 0.011679 0.075486 0.858463 0.010547 0.043825
2 2 0.012660 0.076662 0.853969 0.011647 0.045063
2 2 0.016563 0.095343 0.808448 0.013745 0.065901
2 2 0.010386 0.067542 0.875074 0.009728 0.037269
2 2 0.011141 0.063227 0.877352 0.010384 0.037895
2 2 0.010305 0.042840 0.912215 0.012190 0.022449
2 2 0.015497 0.050770 0.884044 0.022231 0.027458
2 2 0.015793 0.046357 0.885298 0.029206 0.023345
2 2 0.019720 0.056634 0.858423 0.036109 0.029114
2 3 0.018640 0.064566 0.853270 0.026585 0.036939
2 3 0.021759 0.075676 0.826492 0.029521 0.046552
2 3 0.028270 0.080733 0.798016 0.041663 0.051319
2 3 0.031869 0.068905 0.791440 0.070478 0.037308
2 3 0.041162 0.069689 0.736354 0.114353 0.038442
2 3 0.040294 0.070365 0.726551 0.127271 0.035519
2 3 0.042113 0.063992 0.684860 0.179195 0.029840
2 3 0.036331 0.050489 0.730942 0.157507 0.024731
2 3 0.033706 0.051766 0.762020 0.126665 0.025844
2 3 0.042947 0.056464 0.698492 0.172393 0.029704
2 3 0.056152 0.062585 0.601027 0.245794 0.034442
2 3 0.059602 0.072023 0.567938 0.262976 0.037461
2 3 0.055220 0.065867 0.523962 0.325461 0.029491
2 3 0.061158 0.071743 0.501468 0.331786 0.033844
3 3 0.071003 0.068095 0.386883 0.440532 0.033488
3 3 0.080561 0.068185 0.277002 0.539879 0.034372
3 3 0.079498 0.059454 0.210042 0.621443 0.029563
3 3 0.079917 0.060257 0.183352 0.647322 0.029152
3 3 0.079918 0.059685 0.214427 0.616029 0.029941
3 3 0.081495 0.060367 0.242210 0.584195 0.031734
3 3 0.091211 0.067204 0.253415 0.549252 0.038918
2 2 0.132484 0.127412 0.401352 0.254556 0.084196
2 2 0.049729 0.135877 0.666486 0.068911 0.078997
2 2 0.028510 0.126113 0.723090 0.024213 0.098073
2 2 0.030321 0.114700 0.688360 0.018642 0.147978
2 2 0.034991 0.081372 0.741174 0.022199 0.120263
2 2 0.282788 0.125234 0.320432 0.016757 0.254790
4 1 0.332118 0.219817 0.091800 0.012874 0.343391
1 2 0.109192 0.325041 0.257423 0.010336 0.298008
2 2 0.041113 0.305279 0.390522 0.015117 0.247968
2 2 0.037707 0.232135 0.403070 0.018344 0.308744
2 2 0.025626 0.133360 0.707498 0.018761 0.114754
2 2 0.017127 0.088353 0.822227 0.015836 0.056457
2 2 0.013023 0.077035 0.852524 0.012094 0.045324
2 2 0.010491 0.061338 0.885864 0.010900 0.031407
2 2 0.010383 0.056512 0.892817 0.011034 0.029253
2 2 0.007816 0.039061 0.924914 0.008947 0.019262
2 2 0.007576 0.037580 0.927772 0.008793 0.018280
2 2 0.006860 0.029491 0.940249 0.008417 0.014983
2 2 0.008654 0.028194 0.934523 0.014228 0.014402
2 2 0.010292 0.027377 0.926838 0.021728 0.013765
2 3 0.016183 0.037161 0.889600 0.037949 0.019107
2 3 0.021876 0.046678 0.846482 0.062612 0.022352
2 3 0.029370 0.054794 0.790756 0.099259 0.025821
2 3 0.039472 0.064794 0.726732 0.136674 0.032327
2 3 0.042558 0.069852 0.705886 0.146864 0.034839
2 3 0.036330 0.058129 0.734722 0.143324 0.027495
2 3 0.038832 0.058733 0.742762 0.127996 0.031676
2 3 0.058608 0.081854 0.637058 0.173999 0.048481
2 3 0.065931 0.072955 0.517044 0.305216 0.038854
3 3 0.073400 0.059284 0.294208 0.543896 0.029213
3 3 0.079862 0.062429 0.327265 0.495867 0.034577
3 3 0.088431 0.064910 0.270249 0.538901 0.037510
3 3 0.102975 0.076545 0.212493 0.561757 0.046229
3 3 0.085431 0.064372 0.181878 0.635744 0.032575
3 3 0.076048 0.058233 0.141975 0.697786 0.025958
3 3 0.075031 0.057483 0.141181 0.700935 0.025371
3 3 0.063010 0.048585 0.130924 0.738566 0.018915
3 3 0.057943 0.044812 0.126077 0.754710 0.016459
3 3 0.062276 0.047847 0.140194 0.730997 0.018687
3 3 0.070651 0.053878 0.155692 0.696542 0.023237
3 3 0.073698 0.055366 0.199070 0.646062 0.025804
3 3 0.082253 0.061051 0.256704 0.567220 0.032772
2 2 0.071901 0.098275 0.498683 0.280836 0.050304
2 2 0.083094 0.125515 0.496492 0.212296 0.082603
2 2 0.075170 0.148432 0.534646 0.132598 0.109153
2 3 0.072899 0.115968 0.553212 0.182465 0.075457
2 3 0.062833 0.084220 0.556596 0.253235 0.043117
2 3 0.066163 0.076847 0.520226 0.296311 0.040453
2 3 0.076461 0.079607 0.437994 0.362241 0.043697
3 3 0.101179 0.088684 0.358371 0.385838 0.065929
2 3 0.077246 0.157662 0.512278 0.123633 0.129182
3 3 0.084558 0.093130 0.318501 0.458914 0.044896
3 3 0.111791 0.081599 0.162757 0.598067 0.045786
3 3 0.155180 0.130211 0.195560 0.407772 0.111278
3 3 0.082563 0.063023 0.146813 0.677724 0.029877
3 3 0.085711 0.064822 0.170687 0.646333 0.032447
3 3 0.083032 0.062729 0.175434 0.647926 0.030879
3 3 0.082818 0.063176 0.148415 0.675520 0.030071
3 3 0.077304 0.059158 0.142941 0.693905 0.026692
3 3 0.065330 0.050308 0.133035 0.731236 0.020092
3 3 0.062707 0.048360 0.130644 0.739525 0.018764
3 3 0.053409 0.041423 0.121440 0.769337 0.014390
3 3 0.064056 0.049363 0.131885 0.735254 0.019442
3 3 0.056308 0.043591 0.124438 0.759965 0.015698
3 3 0.057631 0.044579 0.125767 0.755712 0.016312
3 3 0.050614 0.039328 0.118429 0.778453 0.013176
3 3 0.066962 0.051519 0.134481 0.726098 0.020940
3 3 0.078020 0.059685 0.143485 0.691695 0.027116
3 3 0.087773 0.066839 0.150387 0.661790 0.033211
3 3 0.077720 0.059464 0.143257 0.692621 0.026938
3 3 0.085097 0.064881 0.148584 0.669962 0.031476
3 3 0.088383 0.067285 0.150788 0.659932 0.033612
3 3 0.083395 0.063633 0.147401 0.675173 0.030398
3 3 0.071442 0.054835 0.138290 0.712082 0.023350
3 3 0.069783 0.053608 0.136906 0.717259 0.022443
3 3 0.066255 0.050994 0.133858 0.728322 0.020571
3 3 0.058929 0.045547 0.127047 0.751552 0.016925
3 3 0.056488 0.043725 0.124621 0.759385 0.015781
3 3 0.057028 0.044128 0.125164 0.757649 0.016031
3 3 0.055818 0.043225 0.123940 0.761543 0.015474
3 3 0.048011 0.037373 0.115513 0.787015 0.012088
3 3 0.053009 0.041124 0.121016 0.770637 0.014214
3 3 0.055147 0.042723 0.123252 0.763710 0.015168
3 3 0.053041 0.041148 0.121050 0.770533 0.014228
3 3 0.056548 0.043771 0.124682 0.759190 0.015809
3 3 0.064192 0.049463 0.132008 0.734825 0.019511
3 3 0.094876 0.072021 0.154858 0.640195 0.038050
3 2 0.132165 0.094380 0.170898 0.543081 0.059476
3 2 0.252549 0.138464 0.207255 0.288643 0.113089
0 1 0.331877 0.164059 0.161082 0.190280 0.152702
0 2 0.295312 0.206231 0.183491 0.105454 0.209512
0 2 0.281755 0.215351 0.200176 0.100293 0.202425
4 2 0.196993 0.184955 0.146121 0.142793 0.329139
4 2 0.217541 0.173592 0.167964 0.215183 0.225719
4 2 0.214762 0.173866 0.168090 0.215503 0.227779
3 2 0.209508 0.162166 0.176334 0.267911 0.184080
4 2 0.177162 0.170646 0.165723 0.225712 0.260757
4 2 0.127535 0.217487 0.196949 0.099493 0.358536
4 2 0.096449 0.205210 0.178323 0.048763 0.471255
4 2 0.096875 0.196922 0.248252 0.054685 0.403266
4 2 0.140528 0.193769 0.239872 0.149147 0.276683
4 2 0.168358 0.174174 0.183819 0.236080 0.237569
3 2 0.160338 0.144981 0.182196 0.355503 0.156982
3 2 0.149730 0.126449 0.181591 0.427559 0.114672
3 2 0.149389 0.132065 0.183179 0.410087 0.125281
3 2 0.145976 0.131218 0.183714 0.416257 0.122834
3 2 0.127215 0.106236 0.176827 0.510742 0.078980
3 2 0.128594 0.119212 0.183111 0.470726 0.098356
3 2 0.135185 0.132486 0.186386 0.423157 0.122786
3 2 0.136408 0.129788 0.185375 0.430432 0.117997
3 2 0.141850 0.133987 0.185283 0.411598 0.127283
3 2 0.147667 0.177841 0.200210 0.253218 0.221064
2 2 0.079484 0.187632 0.444529 0.093011 0.195344
2 2 0.045257 0.147886 0.604134 0.032462 0.170262
2 2 0.044199 0.161837 0.543036 0.026026 0.224902
2 2 0.039789 0.158831 0.543406 0.021393 0.236580
2 2 0.041539 0.172177 0.522980 0.023114 0.240190
2 2 0.036440 0.173349 0.515601 0.018261 0.256349
2 2 0.025246 0.134922 0.694146 0.016862 0.128824
2 2 0.025687 0.136388 0.681821 0.016286 0.139818
2 2 0.023244 0.116374 0.740701 0.016968 0.102713
2 2 0.030922 0.176183 0.559011 0.016481 0.217403
2 2 0.033653 0.184427 0.531528 0.017945 0.232448
4 2 0.046936 0.214182 0.197570 0.016214 0.525098
4 2 0.049719 0.195216 0.270981 0.018730 0.465354
4 4 0.059999 0.161700 0.164331 0.019030 0.594940
4 4 0.088570 0.148197 0.179100 0.023386 0.560747
4 4 0.074137 0.229992 0.191156 0.023006 0.481709
4 4 0.039898 0.240365 0.329789 0.017411 0.372537
4 4 0.045706 0.251583 0.275922 0.020077 0.406713
4 4 0.046997 0.216335 0.150226 0.015275 0.571167
4 4 0.044980 0.178930 0.085256 0.011770 0.679065
4 4 0.040644 0.168458 0.074409 0.009669 0.706820
4 4 0.039196 0.156667 0.063972 0.008722 0.731442
4 4 0.037404 0.136087 0.048238 0.007468 0.770802
4 4 0.044747 0.159496 0.067123 0.010764 0.717871
4 4 0.044166 0.179613 0.108027 0.011784 0.656410
4 4 0.049164 0.190217 0.112517 0.014397 0.633704
4 4 0.057226 0.189919 0.153432 0.019145 0.580278
4 4 0.056852 0.190261 0.111502 0.017956 0.623428
4 4 0.057082 0.202592 0.115763 0.018865 0.605699
4 4 0.050707 0.199842 0.110157 0.015490 0.623805
4 4 0.053670 0.218928 0.137822 0.018555 0.571025
4 4 0.053857 0.213007 0.128971 0.018109 0.586056
4 4 0.050410 0.162250 0.070358 0.013038 0.703944
4 4 0.041911 0.121060 0.038851 0.008291 0.789886
4 4 0.030949 0.093631 0.023528 0.004662 0.847230
4 4 0.029307 0.091045 0.022275 0.004248 0.853125
4 4 0.032539 0.112500 0.033207 0.005486 0.816268
4 4 0.052478 0.189117 0.118053 0.015958 0.624394
4 4 0.109820 0.171267 0.077079 0.027461 0.614374
4 4 0.138251 0.260265 0.159183 0.019220 0.423082
2 4 0.039130 0.289160 0.360544 0.020820 0.290345
4 4 0.043110 0.251876 0.272647 0.018214 0.414154
4 4 0.063697 0.198052 0.115417 0.022043 0.600790
4 4 0.101566 0.182320 0.102400 0.043552 0.570162
4 2 0.122394 0.185199 0.123837 0.062738 0.505832
4 2 0.100861 0.221490 0.173284 0.055388 0.448976
4 2 0.060810 0.229198 0.272831 0.029218 0.407942
4 2 0.060606 0.224788 0.222183 0.026052 0.466371
4 2 0.068942 0.193363 0.130605 0.025098 0.581991
4 2 0.077089 0.156895 0.089740 0.025163 0.651113
4 2 0.070573 0.135955 0.070506 0.019906 0.703060
4 2 0.075126 0.136212 0.095241 0.022588 0.670834
4 2 0.076616 0.139372 0.084160 0.023261 0.676591
4 2 0.079173 0.164354 0.119237 0.027954 0.609281
4 2 0.055406 0.205459 0.273203 0.023128 0.442804
2 2 0.035365 0.190140 0.488419 0.017410 0.268666
2 2 0.040957 0.212432 0.377335 0.018145 0.351130
4 2 0.046938 0.215914 0.356917 0.021832 0.358399
2 2 0.042857 0.221615 0.445374 0.024352 0.265802
2 2 0.058467 0.232540 0.392412 0.037170 0.279411
4 2 0.213224 0.177518 0.151767 0.077087 0.380404
4 2 0.076862 0.195041 0.158447 0.031237 0.538413
4 2 0.107028 0.172194 0.153079 0.049572 0.518126
4 2 0.084207 0.190829 0.164975 0.036092 0.523896
4 2 0.084042 0.205230 0.226750 0.042067 0.441911
4 2 0.088193 0.194673 0.193177 0.041367 0.482589
4 2 0.112444 0.186952 0.177419 0.059976 0.463209
4 2 0.151908 0.177696 0.147799 0.113568 0.409028
4 2 0.171041 0.174351 0.163857 0.212703 0.278048
4 2 0.171192 0.171432 0.167788 0.230579 0.259009
3 2 0.163454 0.155403 0.209241 0.274004 0.197899
2 3 0.144850 0.183836 0.260380 0.155448 0.255486
4 3 0.176434 0.177737 0.149988 0.167912 0.327929
3 3 0.187275 0.166587 0.169585 0.244526 0.232027
3 3 0.173808 0.161762 0.174561 0.275391 0.214479
3 3 0.164211 0.153049 0.180451 0.321899 0.180389
3 3 0.163260 0.162158 0.177982 0.286634 0.209966
3 3 0.163900 0.156137 0.179870 0.310382 0.189712
3 3 0.157144 0.142053 0.182901 0.369044 0.148858
3 3 0.149881 0.132002 0.183056 0.409789 0.125273
3 3 0.141563 0.116096 0.179300 0.467484 0.095557
3 3 0.148935 0.127188 0.181978 0.426031 0.115868
3 3 0.150301 0.131340 0.182808 0.411481 0.124070
3 3 0.156474 0.145004 0.183193 0.359595 0.155734
3 3 0.157101 0.147803 0.183002 0.349077 0.163017
3 3 0.151090 0.134829 0.183389 0.399415 0.131276
3 3 0.154291 0.141191 0.183537 0.374993 0.145988
3 3 0.151426 0.135505 0.183440 0.396866 0.132764
3 3 0.163661 0.156223 0.181445 0.310934 0.187736
3 3 0.144954 0.174991 0.227573 0.273253 0.179230
3 3 0.145490 0.156356 0.237885 0.292004 0.168265
3 3 0.150953 0.132703 0.188150 0.399758 0.128436
3 3 0.134551 0.109230 0.177216 0.494845 0.084157
3 3 0.109428 0.082567 0.162671 0.596238 0.049095
3 3 0.100873 0.076379 0.158291 0.622047 0.042411
3 3 0.100454 0.076075 0.158061 0.623312 0.042098
3 3 0.126073 0.092419 0.169004 0.553452 0.059052
3 3 0.137719 0.100071 0.177818 0.514784 0.069608
3 3 0.122732 0.090269 0.230529 0.491675 0.064795
3 3 0.133056 0.109951 0.177859 0.494145 0.084989
3 3 0.136377 0.116883 0.180616 0.470163 0.095961
3 3 0.103898 0.078571 0.159908 0.612911 0.044711
3 3 0.103085 0.077982 0.159481 0.615366 0.044086
3 3 0.079829 0.061015 0.144835 0.686122 0.028199
3 3 0.076514 0.058577 0.142336 0.696344 0.026230
3 3 0.077159 0.059052 0.142831 0.694351 0.026608
3 3 0.108832 0.079653 0.161376 0.606293 0.043846
3 3 0.119416 0.082363 0.164443 0.590698 0.043080
3 3 0.088468 0.065102 0.149527 0.666778 0.030125
3 3 0.073784 0.056564 0.140192 0.704799 0.024660
3 3 0.088506 0.067375 0.150869 0.659556 0.033694
3 3 0.090267 0.068661 0.152007 0.654195 0.034870
3 3 0.109689 0.082755 0.162795 0.595454 0.049307
3 3 0.109931 0.082930 0.162910 0.594723 0.049505
3 3 0.155712 0.103784 0.175804 0.498762 0.065939
3 3 0.223256 0.130096 0.181086 0.372481 0.093081
0 1 0.376133 0.163691 0.152543 0.161457 0.146176
0 2 0.280978 0.222067 0.234095 0.097495 0.165365
0 2 0.422487 0.177077 0.121715 0.076013 0.202708
0 1 0.441253 0.172115 0.114329 0.070926 0.201377
0 1 0.290703 0.227469 0.181374 0.060195 0.240259
4 2 0.202873 0.242976 0.220651 0.066971 0.266528
4 2 0.118290 0.202134 0.131246 0.053593 0.494737
4 2 0.076441 0.195548 0.112245 0.029030 0.586735
4 2 0.068298 0.220458 0.153849 0.027846 0.529550
4 2 0.058054 0.224651 0.274651 0.026753 0.415892
4 2 0.048679 0.213576 0.298160 0.020304 0.419281
2 2 0.037402 0.194999 0.487580 0.019483 0.260536
2 2 0.032784 0.172783 0.585794 0.019852 0.188787
2 2 0.023454 0.129131 0.718961 0.016681 0.111773
2 2 0.022737 0.126573 0.723296 0.015874 0.111521
2 2 0.035365 0.169469 0.594170 0.023007 0.177989
2 2 0.032267 0.161016 0.610636 0.019993 0.176088
2 2 0.031814 0.168038 0.621691 0.021750 0.156706
2 2 0.021505 0.118682 0.746595 0.015935 0.097283
2 2 0.019026 0.100044 0.789056 0.015155 0.076719
2 2 0.028461 0.138755 0.685709 0.020487 0.126587
2 2 0.025794 0.093494 0.767551 0.019664 0.093497
2 2 0.030811 0.058227 0.819332 0.029684 0.061947
2 2 0.041885 0.106258 0.738300 0.033728 0.079829
2 2 0.018087 0.079769 0.843294 0.016763 0.042086
2 2 0.013852 0.082223 0.844082 0.013217 0.046626
2 2 0.013726 0.080501 0.844088 0.012410 0.049275
2 2 0.013751 0.075674 0.851557 0.012803 0.046215
2 2 0.016328 0.080254 0.833928 0.014634 0.054856
2 2 0.017262 0.065677 0.856110 0.017830 0.043121
2 2 0.094242 0.120005 0.560991 0.068458 0.156304
0 2 0.264015 0.202581 0.259479 0.080949 0.192976
2 2 0.239405 0.233910 0.280834 0.076907 0.168945
2 2 0.171533 0.257375 0.329822 0.071260 0.170011
2 2 0.134533 0.226607 0.360324 0.069639 0.208897
0 2 0.277430 0.150448 0.264145 0.100929 0.207048
0 2 0.328314 0.152587 0.255320 0.041302 0.222477
2 1 0.132240 0.260368 0.376952 0.018809 0.211631
2 2 0.061176 0.236246 0.471720 0.017718 0.213139
2 2 0.040477 0.186127 0.415038 0.017451 0.340908
2 2 0.034522 0.160960 0.544422 0.017179 0.242917
2 2 0.027619 0.130315 0.675197 0.016850 0.150019
2 2 0.020202 0.094490 0.793110 0.016340 0.075857
2 2 0.016078 0.083181 0.831009 0.014392 0.055339
2 2 0.012460 0.075874 0.858810 0.012307 0.040549
2 2 0.008583 0.065751 0.884734 0.008086 0.032846
2 2 0.007477 0.054558 0.906000 0.007926 0.024040
2 2 0.006858 0.048038 0.916793 0.007496 0.020814
2 2 0.008034 0.055234 0.902732 0.008405 0.025595
2 2 0.012634 0.075928 0.858476 0.012605 0.040357
2 2 0.015193 0.093662 0.822413 0.013917 0.054816
2 2 0.030203 0.121609 0.728761 0.027252 0.092175
2 2 0.103888 0.148988 0.460340 0.064672 0.222112
4 2 0.236190 0.204155 0.244718 0.057875 0.257062
2 2 0.102960 0.273012 0.349550 0.040965 0.233513
2 2 0.039069 0.248330 0.533526 0.018825 0.160250
2 2 0.015997 0.125868 0.781038 0.011073 0.066024
2 2 0.007624 0.057183 0.901140 0.007719 0.026334
2 2 0.009755 0.065499 0.882026 0.009651 0.033069
2 2 0.014237 0.083747 0.839407 0.013233 0.049375
2 2 0.019123 0.123023 0.754624 0.014656 0.088574
2 2 0.025694 0.159284 0.654124 0.016776 0.144122
2 2 0.023064 0.149073 0.682050 0.015156 0.130657
2 2 0.027210 0.142572 0.684490 0.019420 0.126308
2 2 0.035372 0.187295 0.548813 0.021160 0.207360
2 2 0.018959 0.102838 0.794451 0.016934 0.066819
2 2 0.044183 0.161695 0.585608 0.031250 0.177264
2 2 0.081261 0.129631 0.619491 0.044602 0.125016
2 2 0.078514 0.265464 0.447718 0.039677 0.168626
2 2 0.020326 0.138498 0.762238 0.020651 0.058287
2 2 0.023495 0.114142 0.771010 0.023604 0.067748
2 2 0.069549 0.091236 0.707275 0.045923 0.086017
2 2 0.180024 0.245088 0.271804 0.061872 0.241212
2 2 0.202268 0.225362 0.278426 0.055209 0.238735
4 1 0.264354 0.230171 0.155577 0.044978 0.304920
4 2 0.150513 0.245119 0.242008 0.049058 0.313302
4 2 0.132430 0.218912 0.200457 0.079194 0.369006
4 2 0.138079 0.175678 0.105578 0.073052 0.507613
4 2 0.134506 0.189018 0.178818 0.095182 0.402475
4 2 0.114017 0.196327 0.267659 0.083613 0.338384
2 2 0.064126 0.189936 0.425228 0.039410 0.281300
2 2 0.033885 0.192465 0.509715 0.017580 0.246355
2 2 0.020769 0.151591 0.684870 0.013201 0.129569
2 2 0.025320 0.146816 0.658472 0.015164 0.154229
2 2 0.025338 0.119948 0.716948 0.017134 0.120633
2 2 0.022992 0.102958 0.766304 0.017745 0.090001
2 2 0.013314 0.062670 0.868406 0.011988 0.043621
2 2 0.016554 0.064104 0.858083 0.016061 0.045197
2 2 0.008972 0.047068 0.911239 0.010347 0.022374
2 2 0.012387 0.057930 0.885795 0.014149 0.029739
2 2 0.019764 0.092347 0.808487 0.018649 0.060753
2 2 0.020132 0.085595 0.815139 0.018750 0.060384
2 2 0.015826 0.080076 0.836079 0.014189 0.053830
2 2 0.019368 0.086208 0.819735 0.018905 0.055784
2 2 0.021098 0.086575 0.818083 0.022774 0.051469
2 2 0.022314 0.099265 0.793937 0.022353 0.062130
2 2 0.028169 0.116076 0.748162 0.026899 0.080694
2 2 0.023272 0.113991 0.758228 0.019539 0.084971
2 2 0.026277 0.128014 0.710078 0.018932 0.116699
2 2 0.026711 0.136068 0.684214 0.017646 0.135361
2 2 0.037541 0.141081 0.661619 0.030071 0.129688
2 2 0.057787 0.169435 0.550813 0.053421 0.168544
2 2 0.068232 0.166211 0.521872 0.065120 0.178565
2 2 0.076926 0.189727 0.417479 0.057238 0.258629
2 2 0.049195 0.159402 0.579689 0.036746 0.174967
2 2 0.030575 0.154226 0.647885 0.021048 0.146267
2 2 0.021969 0.099527 0.788623 0.019974 0.069908
2 2 0.021091 0.076346 0.829021 0.021687 0.051855
2 2 0.022758 0.075840 0.824756 0.023769 0.052876
2 2 0.019713 0.064195 0.851851 0.023908 0.040334
2 2 0.018664 0.062382 0.857987 0.021724 0.039243
2 2 0.015847 0.056071 0.876684 0.018930 0.032466
2 2 0.019205 0.061177 0.858182 0.027332 0.034104
2 2 0.033817 0.070841 0.789022 0.063696 0.042624
2 2 0.044507 0.094131 0.723823 0.080376 0.057164
2 2 0.051719 0.097246 0.680711 0.109211 0.061114
2 2 0.056587 0.091977 0.648700 0.147723 0.055013
2 2 0.076533 0.103168 0.558465 0.188929 0.072904
2 2 0.101304 0.113440 0.372287 0.336658 0.076311
2 2 0.117731 0.137838 0.341220 0.278402 0.124809
2 3 0.109811 0.133205 0.390924 0.244746 0.121314
2 3 0.109115 0.163177 0.376716 0.123580 0.227412
2 3 0.104017 0.165830 0.394240 0.127283 0.208631
2 3 0.106848 0.182034 0.341843 0.102303 0.266973
2 3 0.091943 0.142338 0.489264 0.144763 0.131691
2 3 0.095529 0.126827 0.454867 0.232776 0.090001
3 3 0.111742 0.101954 0.344748 0.369618 0.071939
3 3 0.130912 0.096222 0.224815 0.475289 0.072762
3 3 0.135539 0.101244 0.172472 0.517464 0.073281
3 3 0.119200 0.092465 0.173249 0.556301 0.058785
3 3 0.100257 0.075848 0.163464 0.618258 0.042173
3 3 0.071595 0.060522 0.371309 0.465248 0.031325
2 3 0.071617 0.079138 0.434630 0.375412 0.039203
2 3 0.068510 0.082478 0.502140 0.304268 0.042603
2 3 0.086586 0.104032 0.459059 0.287752 0.062571
2 3 0.097273 0.112644 0.433365 0.275867 0.080850
2 3 0.107716 0.128344 0.340803 0.339058 0.084078
3 3 0.118855 0.107557 0.224589 0.479323 0.069676
3 3 0.133874 0.103100 0.173870 0.513603 0.075553
3 3 0.126464 0.094790 0.169664 0.544911 0.064170
3 3 0.126416 0.094755 0.169648 0.545057 0.064124
0 3 0.284331 0.152500 0.173970 0.254584 0.134615
1 0 0.252843 0.252949 0.251898 0.054154 0.188156
2 0 0.142688 0.308776 0.352068 0.022129 0.174339
2 0 0.106095 0.280462 0.449357 0.023381 0.140705
0 0 0.297635 0.170051 0.262382 0.030715 0.239217
0 0 0.389834 0.169071 0.124274 0.024007 0.292813
0 0 0.339615 0.177489 0.135381 0.024974 0.322541
4 0 0.253112 0.197162 0.202902 0.032269 0.314556
4 0 0.240543 0.163211 0.131177 0.015174 0.449895
4 0 0.310553 0.183025 0.064780 0.015598 0.426044
4 0 0.196745 0.178327 0.055521 0.009934 0.559472
4 0 0.079822 0.181715 0.073439 0.011496 0.653528
4 1 0.034137 0.098427 0.025959 0.005514 0.835965
4 1 0.045481 0.186527 0.093318 0.012364 0.662310
4 1 0.055294 0.124632 0.042117 0.012764 0.765193
4 0 0.156958 0.174146 0.069021 0.022147 0.577728
4 0 0.123941 0.202900 0.098259 0.022216 0.552684
4 0 0.097977 0.225917 0.200128 0.028245 0.447732
4 0 0.162573 0.167692 0.065625 0.015833 0.588278
0 0 0.425988 0.177092 0.064274 0.014897 0.317750
0 0 0.373354 0.233096 0.119723 0.015776 0.258052
0 0 0.306623 0.270380 0.168429 0.015274 0.239294
4 0 0.272350 0.220944 0.111690 0.024852 0.370164
4 0 0.180780 0.177147 0.070498 0.023168 0.548407
4 0 0.136399 0.165878 0.073009 0.023109 0.601604
4 0 0.107555 0.154041 0.069943 0.019831 0.648631
4 0 0.084566 0.142676 0.062724 0.016977 0.693057
4 0 0.067190 0.136294 0.050349 0.014823 0.731342
4 0 0.051545 0.212743 0.125430 0.014850 0.595431
4 0 0.065569 0.205194 0.103041 0.013466 0.612730
4 0 0.074080 0.247633 0.161151 0.017657 0.499480
4 0 0.077632 0.194195 0.086535 0.012716 0.628922
4 1 0.067275 0.152355 0.055290 0.011326 0.713754
4 1 0.041800 0.108191 0.030867 0.007288 0.811853
4 1 0.045891 0.139721 0.051657 0.010290 0.752440
4 1 0.042571 0.174301 0.080227 0.010621 0.692280
4 1 0.046854 0.208577 0.120315 0.014279 0.609976
4 2 0.049708 0.237813 0.168674 0.018227 0.525577
4 1 0.059004 0.215643 0.128781 0.018206 0.578366
4 1 0.065887 0.167072 0.074228 0.017376 0.675436
4 1 0.072683 0.129889 0.036984 0.007997 0.752447
4 1 0.067057 0.130286 0.041195 0.010805 0.750657
4 1 0.066493 0.190850 0.097558 0.018624 0.626475
4 1 0.141828 0.194185 0.087473 0.022356 0.554157
4 1 0.053521 0.180896 0.089020 0.015472 0.661090
4 1 0.050799 0.179973 0.087491 0.014226 0.667511
4 2 0.048109 0.243067 0.184787 0.018043 0.505994
2 2 0.039109 0.226236 0.412824 0.019473 0.302358
2 2 0.022295 0.148548 0.684686 0.014476 0.129995
2 2 0.016411 0.100414 0.796676 0.012642 0.073858
2 2 0.013082 0.083140 0.835924 0.010402 0.057452
2 2 0.015852 0.110497 0.774829 0.010858 0.087964
2 2 0.013477 0.090974 0.821404 0.010319 0.063827
2 2 0.012657 0.085851 0.831124 0.009605 0.060764
2 2 0.011471 0.073014 0.856199 0.009156 0.050161
2 2 0.013756 0.076232 0.843818 0.011232 0.054962
2 2 0.011623 0.061010 0.877191 0.010527 0.039648
2 2 0.010831 0.060460 0.882667 0.010268 0.035775
2 2 0.011242 0.061309 0.880452 0.010781 0.036215
2 2 0.007769 0.048066 0.911932 0.007962 0.024271
2 2 0.009692 0.057154 0.892256 0.009503 0.031395
2 2 0.010939 0.064784 0.877720 0.010628 0.035929
2 2 0.016851 0.087832 0.825816 0.016123 0.053378
2 2 0.030339 0.165108 0.620681 0.019464 0.164407
2 2 0.045559 0.201470 0.450152 0.024863 0.277956
2 2 0.039206 0.202991 0.443062 0.019168 0.295574
2 2 0.036906 0.187310 0.509949 0.019701 0.246134
2 2 0.030467 0.170575 0.565601 0.015959 0.217398
2 2 0.028641 0.154861 0.645415 0.018585 0.152499
2 2 0.020070 0.096580 0.800988 0.018661 0.063701
2 2 0.019968 0.083521 0.824356 0.020838 0.051317
2 2 0.027636 0.092477 0.789665 0.030613 0.059609
2 2 0.023722 0.080541 0.817345 0.025883 0.052508
2 2 0.018343 0.073417 0.846144 0.020943 0.041154
2 2 0.016179 0.064460 0.863536 0.017789 0.038036
2 2 0.010725 0.045176 0.907950 0.012716 0.023433
2 2 0.008776 0.042988 0.917415 0.010452 0.020369
2 2 0.007213 0.039534 0.927103 0.008606 0.017544
2 2 0.009462 0.056352 0.898669 0.011092 0.024425
2 2 0.009386 0.061165 0.890857 0.009975 0.028618
2 2 0.010094 0.059340 0.890544 0.010776 0.029247
2 2 0.015055 0.065056 0.863433 0.015083 0.041373
2 2 0.012257 0.053252 0.889122 0.012552 0.032817
2 2 0.007526 0.040285 0.923558 0.008177 0.020454
2 2 0.005232 0.033068 0.941473 0.006017 0.014209
2 2 0.007332 0.043256 0.921590 0.008396 0.019427
2 2 0.007217 0.037525 0.929443 0.008579 0.017236
2 2 0.012272 0.060500 0.880167 0.012663 0.034398
2 2 0.014142 0.081881 0.839925 0.012599 0.051453
2 2 0.018531 0.133086 0.740457 0.013720 0.094206
2 2 0.020729 0.170529 0.665076 0.013667 0.129999
2 2 0.019573 0.160454 0.694275 0.013849 0.111849
2 2 0.014435 0.115892 0.788372 0.011540 0.069761
2 2 0.009236 0.071585 0.874535 0.008605 0.036039
2 2 0.008984 0.064669 0.884366 0.008448 0.033533
2 2 0.016929 0.094454 0.812652 0.015017 0.060948
2 2 0.023907 0.136842 0.726640 0.020260 0.092351
2 2 0.027930 0.172844 0.642208 0.020239 0.136779
2 2 0.032448 0.202290 0.569883 0.022042 0.173337
2 2 0.044095 0.249453 0.371939 0.023384 0.311128
4 2 0.050054 0.251419 0.253177 0.022175 0.423175
4 2 0.051785 0.209463 0.123185 0.016741 0.598826
4 2 0.046812 0.139859 0.051852 0.010609 0.750868
4 1 0.045900 0.114033 0.034939 0.009201 0.795927
4 1 0.038949 0.105175 0.029631 0.006919 0.819326
4 1 0.035648 0.100606 0.027112 0.005939 0.830694
4 1 0.037231 0.100934 0.036980 0.006400 0.818455
4 1 0.033174 0.094917 0.034697 0.005246 0.831967
4 2 0.035167 0.097545 0.037808 0.005802 0.823678
4 2 0.033610 0.189411 0.123597 0.008221 0.645160
4 1 0.050542 0.195958 0.287665 0.019841 0.445995
4 1 0.132788 0.150219 0.219913 0.027373 0.469707
4 0 0.279636 0.216941 0.118152 0.017186 0.368085
4 0 0.166069 0.276251 0.167196 0.010950 0.379534
4 0 0.121075 0.301952 0.235160 0.016278 0.325536
4 0 0.172635 0.175069 0.063705 0.017167 0.571424
0 0 0.313422 0.222471 0.136551 0.024634 0.302923
1 0 0.153488 0.309358 0.231205 0.013962 0.291987
4 0 0.163981 0.253959 0.115648 0.009313 0.457099
4 0 0.165333 0.200434 0.075070 0.011717 0.547446
4 0 0.064234 0.125320 0.036136 0.008140 0.766170
4 1 0.052248 0.116789 0.033369 0.007637 0.789958
4 1 0.043806 0.125010 0.041460 0.009011 0.780714
4 1 0.048236 0.186927 0.094377 0.013546 0.656914
4 1 0.050761 0.241785 0.177373 0.019310 0.510771
4 2 0.052626 0.246069 0.188108 0.021051 0.492146
4 2 0.053994 0.269143 0.262439 0.027084 0.387339
2 2 0.045897 0.264326 0.394614 0.028445 0.266718
2 2 0.037349 0.243323 0.482272 0.024529 0.212527
2 2 0.031328 0.184995 0.597014 0.021063 0.165600
2 2 0.027131 0.147614 0.663185 0.017645 0.144425
2 2 0.029973 0.143319 0.663983 0.020377 0.142347
2 2 0.035238 0.175786 0.556545 0.020234 0.212197
2 2 0.040832 0.199663 0.466530 0.021580 0.271395
4 2 0.050187 0.209139 0.287929 0.020574 0.432171
2 2 0.040450 0.195941 0.463649 0.020694 0.279266
2 2 0.036524 0.193910 0.503992 0.019652 0.245922
2 2 0.018510 0.119236 0.754579 0.013163 0.094512
2 2 0.011202 0.069119 0.868793 0.010213 0.040673
2 2 0.008593 0.045590 0.914029 0.009728 0.022059
2 2 0.008545 0.056123 0.901117 0.009478 0.024738
2 2 0.009757 0.065536 0.882953 0.009951 0.031803
2 2 0.011757 0.072666 0.864574 0.011356 0.039647
2 2 0.009640 0.058879 0.892012 0.010005 0.029464
2 2 0.008013 0.046487 0.914675 0.008901 0.021924
2 2 0.009140 0.047564 0.909210 0.010110 0.023975
2 2 0.027788 0.125744 0.703905 0.019578 0.122986
2 2 0.030136 0.138942 0.663374 0.019738 0.147811
4 2 0.050572 0.208226 0.356296 0.023862 0.361045
4 1 0.046194 0.242428 0.308357 0.021132 0.381889
4 2 0.044972 0.245231 0.180611 0.016259 0.512927
4 2 0.055419 0.244173 0.178058 0.019921 0.502430
4 2 0.047261 0.172617 0.079449 0.012352 0.688321
4 1 0.048042 0.190786 0.098645 0.013692 0.648835
4 1 0.044005 0.229834 0.151126 0.014395 0.560640
4 2 0.041987 0.280996 0.296169 0.020254 0.360595
2 2 0.042684 0.244796 0.393997 0.023080 0.295442
2 2 0.029166 0.193329 0.565417 0.017006 0.195082
2 2 0.025800 0.175208 0.591035 0.013850 0.194107
2 2 0.019745 0.141686 0.708019 0.012932 0.117618
2 2 0.025986 0.170214 0.622025 0.015624 0.166151
2 2 0.013815 0.099077 0.817095 0.011819 0.058194
2 2 0.025165 0.162593 0.657697 0.016998 0.137547
2 2 0.015247 0.102264 0.810370 0.013725 0.058394
2 2 0.008031 0.049133 0.912943 0.009691 0.020203
2 2 0.008657 0.055039 0.900232 0.008930 0.027142
2 2 0.010327 0.065065 0.880194 0.010171 0.034242
2 2 0.006685 0.040452 0.927024 0.007525 0.018314
2 2 0.008580 0.039471 0.921637 0.009765 0.020547
2 2 0.009557 0.036535 0.922412 0.011210 0.020286
2 2 0.013596 0.050923 0.891133 0.016106 0.028242
2 2 0.010718 0.051946 0.899134 0.012344 0.025858
2 2 0.005410 0.035424 0.938530 0.006479 0.014158
2 2 0.004702 0.029447 0.948077 0.005589 0.012184
2 2 0.005971 0.033339 0.938870 0.007092 0.014728
2 2 0.006412 0.034432 0.935986 0.007611 0.015559
2 2 0.006700 0.033890 0.935582 0.007930 0.015897
2 2 0.008257 0.034990 0.928768 0.009713 0.018272
2 2 0.012666 0.045742 0.900346 0.014731 0.026515
2 2 0.017840 0.052871 0.873701 0.024661 0.030927
2 2 0.030416 0.087373 0.783430 0.037404 0.061377
2 2 0.036291 0.112925 0.725167 0.038505 0.087112
2 2 0.043578 0.161221 0.597714 0.032326 0.165161
2 2 0.036965 0.177298 0.559009 0.022374 0.204354
4 2 0.043166 0.191972 0.183754 0.013040 0.568069
4 4 0.032095 0.093742 0.031589 0.004957 0.837617
4 4 0.019512 0.073177 0.016169 0.002133 0.889009
4 4 0.017841 0.070147 0.013539 0.001838 0.896636
4 4 0.021456 0.077369 0.016291 0.002505 0.882378
4 4 0.022087 0.078562 0.016772 0.002631 0.879947
4 4 0.026380 0.086218 0.020043 0.003553 0.863806
4 4 0.016980 0.068316 0.012883 0.001692 0.900129
4 4 0.016167 0.066543 0.012265 0.001558 0.903467
4 4 0.039294 0.103026 0.042443 0.007031 0.808207
4 4 0.094332 0.131671 0.061138 0.006455 0.706403
4 1 0.338481 0.176968 0.052229 0.009048 0.423274
4 1 0.092112 0.318954 0.222927 0.007872 0.358135
4 2 0.065382 0.250681 0.140083 0.009141 0.534713
4 2 0.032561 0.097865 0.025608 0.005129 0.838837
4 4 0.014685 0.063189 0.011137 0.001327 0.909662
4 4 0.010566 0.052853 0.008005 0.000768 0.927808
4 4 0.011343 0.054938 0.008596 0.000864 0.924259
4 4 0.012271 0.057337 0.009301 0.000984 0.920108
4 4 0.012329 0.057484 0.009345 0.000992 0.919851
4 4 0.010648 0.052885 0.008578 0.000777 0.927112
4 4 0.010531 0.051889 0.010554 0.000760 0.926266
4 4 0.012085 0.054977 0.015995 0.000952 0.915991
4 4 0.013250 0.058046 0.016289 0.001111 0.911304
4 4 0.014585 0.060387 0.021647 0.001302 0.902079
4 4 0.023642 0.076668 0.041376 0.002863 0.855450
4 4 0.031937 0.088342 0.037127 0.003472 0.839123
4 4 0.016006 0.064608 0.017977 0.001525 0.899885
4 4 0.012194 0.056124 0.012479 0.000970 0.918233
4 4 0.014080 0.060109 0.016705 0.001230 0.907876
4 4 0.013206 0.058503 0.013884 0.001107 0.913301
4 4 0.014160 0.061960 0.010737 0.001249 0.911894
4 4 0.017244 0.068882 0.013084 0.001736 0.899054
4 4 0.018958 0.072455 0.014389 0.002035 0.892163
4 4 0.014974 0.063857 0.011357 0.001371 0.908440
4 4 0.012911 0.058941 0.009788 0.001071 0.917289
4 4 0.013572 0.060557 0.010291 0.001164 0.914416
4 4 0.015229 0.064441 0.011551 0.001410 0.907368
4 4 0.029524 0.087801 0.040182 0.004298 0.838195
4 4 0.049720 0.110996 0.082988 0.010751 0.745545
4 4 0.077856 0.131502 0.082188 0.013110 0.695344
4 4 0.069541 0.125335 0.055649 0.008705 0.740770
4 4 0.067589 0.121365 0.050799 0.006791 0.753456
4 4 0.044365 0.104943 0.045866 0.006121 0.798705
4 4 0.020186 0.072980 0.023143 0.002252 0.881439
4 4 0.021665 0.076428 0.021645 0.002540 0.877723
4 4 0.016069 0.065398 0.015362 0.001538 0.901632
4 4 0.019806 0.071205 0.028296 0.002179 0.878514
4 4 0.023888 0.077479 0.040948 0.002996 0.854688
4 4 0.029278 0.084898 0.058079 0.004257 0.823488
4 4 0.023857 0.076223 0.050211 0.002995 0.846713
4 4 0.033876 0.091251 0.066842 0.005484 0.802547
4 4 0.073606 0.122570 0.090875 0.009228 0.703721
4 4 0.108803 0.142823 0.083472 0.011630 0.653271
4 4 0.114239 0.146729 0.066405 0.010716 0.661911
4 4 0.037849 0.099173 0.043254 0.005839 0.813885
4 4 0.035492 0.095717 0.051971 0.005911 0.810909
4 4 0.035583 0.094571 0.061231 0.005956 0.802659
4 4 0.118237 0.151020 0.068983 0.013074 0.648685
4 4 0.079357 0.129064 0.071864 0.009532 0.710184
4 4 0.093956 0.140728 0.053853 0.010302 0.701162
4 4 0.054978 0.115451 0.038108 0.006559 0.784904
4 4 0.075639 0.132484 0.038749 0.008720 0.744409
4 4 0.073742 0.131731 0.038841 0.008899 0.746788
4 4 0.047233 0.111313 0.046941 0.008369 0.786144
4 4 0.046610 0.106081 0.091306 0.009643 0.746359
4 4 0.024862 0.077738 0.053145 0.003216 0.841040
4 4 0.050023 0.105291 0.043481 0.004406 0.796799
4 4 0.042886 0.102673 0.045698 0.005637 0.803107
4 4 0.040281 0.106155 0.029659 0.006792 0.817112
4 4 0.027832 0.088648 0.021150 0.003891 0.858480
4 4 0.048351 0.168736 0.075950 0.012578 0.694386
4 4 0.047756 0.214359 0.128668 0.015116 0.594101
4 4 0.044852 0.204420 0.114227 0.013100 0.623402
4 4 0.041577 0.175567 0.081269 0.010304 0.691283
4 4 0.042584 0.167623 0.073969 0.010334 0.705490
4 4 0.038812 0.146125 0.055623 0.008228 0.751213
4 2 0.039216 0.158392 0.065404 0.008791 0.728196
4 2 0.041429 0.127503 0.042868 0.008382 0.779818
4 2 0.039452 0.128495 0.043344 0.007827 0.780882
4 2 0.042162 0.116032 0.035859 0.008180 0.797768
4 2 0.041397 0.153661 0.061816 0.009348 0.733778
4 2 0.042689 0.187795 0.094063 0.011292 0.664162
2 2 0.037715 0.224629 0.386644 0.017080 0.333933
2 2 0.032396 0.188492 0.570169 0.020097 0.188847
2 2 0.016388 0.100719 0.804033 0.013955 0.064904
2 2 0.012328 0.080965 0.851211 0.011669 0.043828
2 2 0.011025 0.067896 0.874402 0.010973 0.035704
2 2 0.010071 0.057338 0.892867 0.010672 0.029052
2 2 0.015143 0.078381 0.844223 0.014506 0.047747
2 2 0.019448 0.101039 0.791885 0.016666 0.070962
2 2 0.022600 0.122527 0.739902 0.017233 0.097739
2 2 0.020119 0.112934 0.759947 0.014850 0.092151
2 2 0.018641 0.108876 0.771155 0.013664 0.087664
2 2 0.022204 0.127190 0.725500 0.015586 0.109520
2 2 0.021483 0.125135 0.734670 0.015473 0.103240
2 2 0.020474 0.123467 0.745883 0.015353 0.094823
2 2 0.013464 0.084100 0.842551 0.012661 0.047224
2 2 0.022411 0.136948 0.716917 0.016456 0.107268
2 2 0.017636 0.105360 0.797581 0.016030 0.063394
2 2 0.011318 0.058476 0.890087 0.013642 0.026477
2 2 0.012093 0.074090 0.864552 0.012658 0.036607
2 2 0.012783 0.087231 0.842821 0.012403 0.044761
2 2 0.010062 0.069986 0.877416 0.010601 0.031934
2 2 0.008356 0.056374 0.901749 0.009363 0.024159
2 2 0.008350 0.050731 0.908484 0.009344 0.023092
2 2 0.010231 0.057542 0.892006 0.010833 0.029387
2 2 0.013780 0.073406 0.854733 0.012943 0.045138
2 2 0.019918 0.105420 0.772914 0.014980 0.086767
2 2 0.030837 0.152622 0.608836 0.017322 0.190382
2 2 0.034595 0.169190 0.504177 0.015873 0.276165
4 2 0.044296 0.187573 0.370501 0.018337 0.379294
4 2 0.066263 0.186452 0.255897 0.027919 0.463469
4 2 0.089363 0.182156 0.190828 0.040267 0.497386
4 2 0.110403 0.195438 0.211208 0.064835 0.418116
4 2 0.116637 0.199002 0.221921 0.079276 0.383163
4 2 0.123035 0.204627 0.247860 0.111438 0.313041
2 3 0.108858 0.192432 0.312178 0.106690 0.279842
2 3 0.094427 0.187901 0.329904 0.074561 0.313206
4 3 0.079277 0.179118 0.333770 0.044167 0.363668
4 3 0.074839 0.166803 0.342499 0.037426 0.378433
2 3 0.085915 0.164920 0.357617 0.052597 0.338951
2 3 0.088495 0.160793 0.386464 0.067242 0.297005
2 3 0.101468 0.179096 0.326726 0.098009 0.294703
2 3 0.111026 0.164358 0.351346 0.159294 0.213976
3 3 0.135337 0.119517 0.207341 0.432695 0.105111
3 3 0.106934 0.082849 0.163265 0.597759 0.049193
3 3 0.090559 0.068875 0.152194 0.653305 0.035067
3 3 0.110078 0.092000 0.173993 0.564247 0.059682
3 3 0.114222 0.097924 0.173752 0.547390 0.066713
3 3 0.111782 0.092627 0.170363 0.565024 0.060203
3 3 0.094382 0.074814 0.157674 0.632594 0.040536
3 3 0.088236 0.067854 0.151415 0.658416 0.034079
3 3 0.098003 0.074296 0.156686 0.630724 0.040292
3 3 0.120007 0.096804 0.172065 0.545165 0.065958
3 3 0.111389 0.086570 0.165725 0.582869 0.053447
3 3 0.103788 0.081076 0.162168 0.605799 0.047168
3 3 0.099882 0.078029 0.159962 0.618216 0.043912
3 3 0.077496 0.059299 0.143087 0.693312 0.026806
3 3 0.076051 0.058235 0.141977 0.697777 0.025960
3 3 0.096405 0.073134 0.155762 0.635561 0.039138
3 3 0.207028 0.124722 0.181056 0.399716 0.087478
0 3 0.375887 0.161538 0.155693 0.171522 0.135359
0 3 0.269199 0.188185 0.207675 0.176222 0.158720
2 3 0.175241 0.204255 0.249507 0.181447 0.189549
4 2 0.110218 0.213593 0.234954 0.083206 0.358029
4 2 0.066808 0.229103 0.288582 0.035297 0.380210
2 2 0.043315 0.189349 0.529255 0.028121 0.209960
2 2 0.046411 0.198494 0.467569 0.026681 0.260845
2 2 0.050762 0.203651 0.457846 0.030975 0.256766
4 2 0.054337 0.228985 0.275394 0.024448 0.416836
4 2 0.044713 0.229096 0.336569 0.020303 0.369319
4 2 0.050149 0.219744 0.298165 0.021759 0.410182
2 2 0.042722 0.221804 0.406025 0.021653 0.307796
2 2 0.043226 0.207005 0.486830 0.026355 0.236584
2 2 0.049002 0.172012 0.556821 0.035581 0.186585
2 2 0.039748 0.124752 0.691132 0.035944 0.108424
2 2 0.043298 0.114985 0.693927 0.040434 0.107356
2 2 0.038002 0.115323 0.707150 0.033351 0.106176
2 2 0.045399 0.148213 0.620783 0.035950 0.149655
2 2 0.044803 0.157144 0.594585 0.032462 0.171006
2 2 0.047245 0.150096 0.595845 0.037190 0.169624
2 3 0.066865 0.151693 0.542189 0.066052 0.173201
2 3 0.100375 0.146849 0.444096 0.160161 0.148519
2 3 0.120669 0.127500 0.341765 0.297340 0.112727
3 3 0.131766 0.137450 0.294323 0.316418 0.120043
2 3 0.125275 0.178918 0.301556 0.192233 0.202019
2 3 0.121473 0.185208 0.304764 0.141565 0.246991
2 3 0.134107 0.170838 0.297371 0.162946 0.234739
2 3 0.130921 0.168553 0.314932 0.176383 0.209211
2 3 0.111818 0.147771 0.407777 0.161779 0.170855
2 3 0.121635 0.151518 0.353017 0.213057 0.160774
2 3 0.121114 0.182018 0.305919 0.164866 0.226082
2 3 0.081208 0.159787 0.476406 0.163707 0.118893
2 3 0.046293 0.175391 0.574509 0.042576 0.161231
2 3 0.023849 0.134078 0.708607 0.016824 0.116641
2 3 0.020257 0.116232 0.748755 0.014151 0.100604
2 3 0.033576 0.118060 0.700465 0.025173 0.122725
2 3 0.057696 0.146354 0.580441 0.048991 0.166518
2 3 0.063483 0.128667 0.603070 0.098418 0.106362
2 3 0.063306 0.134752 0.591757 0.118109 0.092075
2 3 0.086708 0.125829 0.499715 0.193832 0.093917
2 3 0.116406 0.135559 0.376614 0.254313 0.117107
2 3 0.117076 0.146755 0.334582 0.282391 0.119195
2 3 0.085674 0.169594 0.463857 0.131427 0.149448
2 3 0.064444 0.161230 0.551829 0.075593 0.146904
2 3 0.062752 0.141609 0.594118 0.079363 0.122158
2 2 0.093690 0.141421 0.485403 0.151471 0.128015
2 2 0.124684 0.158031 0.346765 0.234823 0.135697
2 2 0.117524 0.205753 0.313179 0.128459 0.235084
2 2 0.079956 0.205656 0.427656 0.069668 0.217064
2 2 0.067457 0.184855 0.472213 0.049767 0.225707
2 2 0.081799 0.171798 0.480909 0.094863 0.170631
2 2 0.105763 0.168504 0.398305 0.172060 0.155367
2 2 0.094020 0.135947 0.465824 0.203102 0.101108
2 2 0.097031 0.129962 0.469340 0.207471 0.096196
2 2 0.066608 0.107510 0.611141 0.146334 0.068407
2 3 0.046243 0.085984 0.710789 0.107897 0.049087
2 3 0.044402 0.090789 0.718163 0.090365 0.056280
2 3 0.051407 0.080580 0.695888 0.120702 0.051423
2 3 0.095482 0.089208 0.434398 0.318654 0.062257
3 3 0.102799 0.084194 0.373401 0.379615 0.059991
2 3 0.087955 0.092914 0.402588 0.362967 0.053576
2 3 0.081485 0.098838 0.469553 0.293451 0.056673
2 3 0.072080 0.106484 0.548498 0.209657 0.063282
2 3 0.072669 0.130920 0.543136 0.172311 0.080966
2 3 0.091196 0.137866 0.504224 0.144199 0.122515
2 3 0.154692 0.117477 0.379990 0.153389 0.194453
4 1 0.309864 0.187794 0.114225 0.068045 0.320072
1 2 0.171350 0.268985 0.260379 0.047160 0.252126
0 2 0.321817 0.214497 0.147941 0.054031 0.261714
0 1 0.450371 0.167726 0.120817 0.053715 0.207370
0 0 0.613480 0.145044 0.072311 0.024958 0.144208
0 0 0.454314 0.218296 0.124598 0.017692 0.185100
0 0 0.306649 0.233645 0.129288 0.023873 0.306546
4 0 0.058213 0.127650 0.044349 0.013985 0.755802
4 0 0.062107 0.131493 0.047327 0.015699 0.743374
4 1 0.046502 0.203367 0.113380 0.013779 0.622972
4 1 0.053120 0.243146 0.181944 0.020964 0.500826
4 2 0.108230 0.176510 0.175094 0.053295 0.486871
4 2 0.074899 0.190680 0.105453 0.027422 0.601547
4 2 0.064090 0.168351 0.109315 0.020088 0.638155
4 2 0.058826 0.188477 0.205247 0.021428 0.526022
2 2 0.038724 0.179035 0.469936 0.018112 0.294192
2 2 0.046946 0.170620 0.494460 0.025653 0.262322
2 2 0.037626 0.124408 0.672845 0.027634 0.137487
2 2 0.019259 0.077163 0.831788 0.018786 0.053005
2 2 0.009837 0.050300 0.902826 0.010622 0.026414
2 2 0.009734 0.052224 0.899374 0.009929 0.028739
2 2 0.008331 0.048272 0.909342 0.008458 0.025597
2 2 0.009761 0.050265 0.901199 0.009771 0.029004
2 2 0.010852 0.056497 0.886716 0.010037 0.035897
2 2 0.011147 0.072727 0.859312 0.009125 0.047689
2 2 0.011631 0.076472 0.854416 0.009879 0.047601
2 2 0.016028 0.085596 0.826068 0.013871 0.058439
2 2 0.016155 0.083753 0.827824 0.013948 0.058319
2 2 0.027278 0.098788 0.767762 0.023977 0.082194
2 2 0.026432 0.104008 0.764147 0.023352 0.082061
2 2 0.026643 0.096039 0.777181 0.024478 0.075658
2 2 0.014797 0.068612 0.860366 0.015033 0.041192
2 2 0.011915 0.050783 0.895940 0.013435 0.027927
2 2 0.009313 0.043723 0.913898 0.010618 0.022449
2 2 0.008623 0.051521 0.904267 0.008761 0.026828
2 2 0.008206 0.047929 0.910937 0.008582 0.024346
2 2 0.013134 0.062004 0.876028 0.013908 0.034926
2 2 0.014932 0.060225 0.874587 0.017317 0.032939
2 2 0.020324 0.069917 0.845214 0.024251 0.040294
2 2 0.021065 0.082150 0.827564 0.025172 0.044048
2 2 0.013932 0.064314 0.873911 0.016770 0.031074
2 2 0.011938 0.052151 0.895032 0.014001 0.026878
2 2 0.013137 0.047227 0.897193 0.015499 0.026944
2 2 0.018990 0.060961 0.860683 0.022494 0.036872
2 2 0.016706 0.053699 0.876424 0.023586 0.029586
2 2 0.022736 0.071984 0.832316 0.026163 0.046801
2 2 0.015841 0.070645 0.854365 0.016214 0.042935
2 2 0.017312 0.077095 0.840679 0.017598 0.047315
2 2 0.011906 0.057055 0.886282 0.012486 0.032272
2 2 0.013822 0.065291 0.868604 0.014261 0.038021
2 2 0.011715 0.049904 0.897933 0.013335 0.027113
2 2 0.019715 0.064945 0.853355 0.023426 0.038559
2 2 0.029885 0.074198 0.807032 0.040795 0.048090
2 2 0.028766 0.071684 0.811881 0.044129 0.043540
2 2 0.014796 0.049183 0.888698 0.020230 0.027092
2 2 0.036284 0.060469 0.806753 0.041898 0.054596
2 1 0.082556 0.171846 0.590305 0.029925 0.125368
2 2 0.020170 0.148169 0.759365 0.012333 0.059963
2 2 0.013483 0.115614 0.803045 0.012501 0.055358
2 2 0.015052 0.059144 0.873528 0.016242 0.036035
2 2 0.016438 0.072059 0.846867 0.015514 0.049122
2 2 0.011041 0.072436 0.864541 0.009900 0.042082
2 2 0.010362 0.075762 0.862967 0.009250 0.041659
2 2 0.035654 0.182270 0.561906 0.021957 0.198212
4 2 0.055329 0.223314 0.245722 0.023359 0.452277
4 2 0.057545 0.203414 0.124165 0.019362 0.595513
4 4 0.052593 0.187992 0.096567 0.015538 0.647309
4 4 0.053594 0.214939 0.131717 0.018143 0.581607
4 4 0.052846 0.173280 0.081102 0.014683 0.678089
4 4 0.046671 0.128025 0.043643 0.010037 0.771622
4 4 0.040444 0.107163 0.030772 0.007384 0.814237
4 4 0.048639 0.116211 0.041923 0.010189 0.783038
4 4 0.094566 0.154755 0.082295 0.023149 0.645236
4 4 0.183001 0.195329 0.091025 0.028467 0.502178
4 4 0.120685 0.267673 0.180464 0.020662 0.410516
4 4 0.058189 0.284876 0.234252 0.014643 0.408040
4 4 0.036524 0.156146 0.063178 0.007834 0.736318
4 4 0.020389 0.075311 0.015479 0.002299 0.886521
4 4 0.018029 0.070542 0.013682 0.001870 0.895877
4 4 0.022947 0.080156 0.017427 0.002806 0.876664
4 4 0.019858 0.074265 0.015075 0.002200 0.888603
4 4 0.020523 0.075571 0.015581 0.002325 0.886001
4 4 0.012558 0.058061 0.009519 0.001023 0.918840
4 4 0.015010 0.062321 0.017295 0.001369 0.904005
4 4 0.018263 0.068367 0.025312 0.001901 0.886158
4 4 0.034078 0.097081 0.031354 0.005494 0.831992
4 4 0.038438 0.174315 0.095033 0.009272 0.682943
2 4 0.040335 0.238263 0.355875 0.018630 0.346897
4 4 0.056613 0.244429 0.261365 0.026810 0.410783
4 4 0.056508 0.226028 0.191686 0.022253 0.503526
4 4 0.044262 0.159585 0.067130 0.010593 0.718431
4 4 0.031685 0.094762 0.024088 0.004853 0.844612
4 4 0.025556 0.084806 0.019415 0.003366 0.866857
4 4 0.034720 0.098339 0.030378 0.005674 0.830889
4 4 0.050261 0.114714 0.061841 0.010854 0.762330
4 4 0.047189 0.114757 0.034780 0.008951 0.794324
4 4 0.037816 0.103635 0.028766 0.006575 0.823209
4 4 0.026251 0.085998 0.019945 0.003523 0.864283
4 4 0.014466 0.062681 0.010971 0.001294 0.910588
4 4 0.014223 0.062109 0.010786 0.001258 0.911624
4 4 0.013108 0.059427 0.009938 0.001098 0.916429
4 4 0.012355 0.057550 0.009365 0.000995 0.919734
4 4 0.017451 0.069324 0.013242 0.001771 0.898212
4 4 0.013443 0.059801 0.011535 0.001143 0.914078
4 4 0.013607 0.059232 0.015211 0.001163 0.910787
4 4 0.019610 0.070896 0.027661 0.002143 0.879690
4 4 0.030367 0.092168 0.046014 0.004598 0.826853
4 4 0.036869 0.122734 0.043585 0.006932 0.789880
4 4 0.051814 0.196991 0.119078 0.016054 0.616063
2 2 0.043087 0.213659 0.390300 0.020387 0.332567
2 2 0.035034 0.192499 0.512670 0.018755 0.241041
2 2 0.030578 0.160710 0.624112 0.019436 0.165163
2 2 0.027076 0.150182 0.675742 0.019483 0.127518
2 2 0.016825 0.087945 0.823502 0.015451 0.056277
2 2 0.015893 0.089821 0.822975 0.014174 0.057136
2 2 0.016638 0.091548 0.820312 0.015464 0.056038
2 2 0.015851 0.081041 0.839227 0.015508 0.048373
2 2 0.015754 0.082158 0.836473 0.014886 0.050728
2 2 0.014277 0.074970 0.852323 0.013845 0.044586
2 2 0.009680 0.059963 0.888730 0.009465 0.032161
2 2 0.010462 0.061637 0.885312 0.010766 0.031823
2 2 0.010956 0.067730 0.875279 0.011033 0.035003
2 2 0.013367 0.076700 0.855973 0.013750 0.040210
2 2 0.013080 0.073512 0.861407 0.013620 0.038380
2 2 0.013849 0.067350 0.866995 0.014740 0.037067
2 2 0.011371 0.058952 0.887008 0.012429 0.030240
2 2 0.013726 0.063765 0.873286 0.015296 0.033927
2 2 0.015397 0.066423 0.863269 0.016669 0.038242
2 2 0.015989 0.081605 0.839313 0.016092 0.047001
2 2 0.009417 0.057556 0.895847 0.010306 0.026875
2 2 0.024616 0.117298 0.752304 0.021522 0.084260
