0 0 0.481138 0.108265 0.158637 0.031359 0.220601
0 0 0.532767 0.089567 0.120218 0.019099 0.238349
0 0 0.850031 0.016643 0.024631 0.008148 0.100548
0 0 0.895045 0.010173 0.015487 0.006852 0.072443
0 0 0.937875 0.004485 0.007070 0.003683 0.046889
0 0 0.911264 0.008093 0.012486 0.006385 0.061772
0 0 0.887284 0.010822 0.016346 0.006143 0.079406
0 0 0.834463 0.019966 0.029416 0.010403 0.105751
0 0 0.792590 0.026833 0.038747 0.010724 0.131106
0 0 0.776837 0.029030 0.041584 0.010029 0.142520
0 0 0.838692 0.018854 0.027788 0.009338 0.105328
0 0 0.883089 0.012111 0.018318 0.008050 0.078432
0 0 0.890628 0.011919 0.018256 0.011356 0.067841
0 0 0.906060 0.009749 0.015135 0.011251 0.057805
0 0 0.935327 0.005677 0.009048 0.008271 0.041677
0 0 0.937199 0.005485 0.008773 0.008537 0.040006
0 0 0.923518 0.006859 0.010738 0.007077 0.051808
0 0 0.881018 0.012310 0.018581 0.007845 0.080246
0 0 0.850850 0.016472 0.024384 0.008035 0.100259
0 0 0.806785 0.025512 0.037218 0.012992 0.117493
0 0 0.830439 0.021309 0.031425 0.012256 0.104570
0 0 0.746062 0.038078 0.054387 0.016409 0.145064
0 0 0.728126 0.042587 0.060580 0.018580 0.150127
0 0 0.629640 0.070532 0.098742 0.036143 0.164942
0 0 0.562208 0.090913 0.125807 0.047186 0.173887
0 0 0.576924 0.086932 0.121285 0.053915 0.160944
0 0 0.580546 0.085796 0.119680 0.051919 0.162059
0 0 0.607294 0.078060 0.109754 0.052315 0.152577
0 0 0.585531 0.084138 0.118548 0.067138 0.144646
0 0 0.573872 0.087778 0.123081 0.064362 0.150908
0 0 0.528227 0.101991 0.141068 0.062222 0.166491
0 0 0.446418 0.129416 0.175804 0.068386 0.179977
0 0 0.473048 0.120177 0.164056 0.064647 0.178072
0 0 0.587021 0.083610 0.116474 0.046826 0.166069
0 0 0.640395 0.068649 0.097094 0.045947 0.147916
0 0 0.706023 0.051079 0.073213 0.034669 0.135016
0 0 0.653392 0.064433 0.090914 0.036911 0.154349
0 0 0.622667 0.072350 0.101061 0.035922 0.168000
0 0 0.486498 0.114106 0.154524 0.044426 0.200447
0 0 0.399014 0.144294 0.191106 0.043946 0.221641
0 0 0.337461 0.170707 0.224671 0.059963 0.207199
0 0 0.343272 0.168185 0.221477 0.058227 0.208839
0 0 0.454326 0.124425 0.166935 0.042572 0.211742
0 0 0.526019 0.102034 0.139919 0.048138 0.183890
0 0 0.624141 0.073143 0.103012 0.047027 0.152677
0 0 0.614083 0.076148 0.107486 0.055465 0.146818
0 0 0.562730 0.091247 0.127015 0.056797 0.162212
0 0 0.492586 0.113237 0.154441 0.053635 0.186100
0 0 0.362699 0.160805 0.214135 0.070760 0.191600
0 0 0.371163 0.154487 0.214858 0.082042 0.177450
0 0 0.492685 0.113479 0.155222 0.058833 0.179780
0 0 0.513038 0.106868 0.147300 0.063242 0.169552
0 0 0.500915 0.110775 0.151859 0.058998 0.177453
0 0 0.350799 0.165588 0.219751 0.069889 0.193973
0 0 0.320669 0.178008 0.233891 0.065215 0.202217
0 0 0.299378 0.187273 0.245541 0.072425 0.195383
0 0 0.280756 0.187581 0.268380 0.074626 0.188657
0 0 0.323549 0.175537 0.235485 0.079535 0.185894
0 0 0.398428 0.146328 0.195036 0.054897 0.205311
0 0 0.465235 0.118790 0.159023 0.035444 0.221508
0 0 0.443563 0.125408 0.166771 0.033844 0.230414
0 0 0.436372 0.128406 0.170638 0.035286 0.229298
0 0 0.429218 0.131403 0.174496 0.036763 0.228120
0 0 0.349783 0.161289 0.187759 0.043012 0.258157
0 0 0.337153 0.170841 0.224840 0.060056 0.207111
0 0 0.321470 0.177659 0.233452 0.064956 0.202463
0 0 0.360350 0.160788 0.212090 0.053357 0.213416
0 0 0.370898 0.157256 0.208679 0.059524 0.203643
0 0 0.406230 0.143599 0.191966 0.056756 0.201448
0 0 0.384465 0.151258 0.200587 0.052095 0.211595
0 0 0.388489 0.148679 0.196655 0.046024 0.220153
0 0 0.391383 0.147441 0.195072 0.045315 0.220789
0 0 0.423524 0.134504 0.178802 0.040298 0.222871
0 0 0.587473 0.079743 0.109580 0.028103 0.195101
0 0 0.653984 0.061017 0.085113 0.023348 0.176539
0 0 0.601388 0.077258 0.106944 0.032186 0.182225
0 0 0.562312 0.090914 0.125842 0.047547 0.173385
0 0 0.477791 0.118463 0.162373 0.070348 0.171025
0 0 0.463735 0.123109 0.168507 0.075029 0.169620
0 0 0.369758 0.139378 0.243950 0.071388 0.175526
0 0 0.423321 0.136935 0.183411 0.052534 0.203799
0 0 0.400520 0.143541 0.190081 0.043131 0.222727
0 0 0.439921 0.126925 0.168728 0.034569 0.229858
0 0 0.333730 0.172328 0.226721 0.061099 0.206123
0 0 0.364641 0.158934 0.209732 0.052185 0.214508
0 0 0.391901 0.147219 0.194788 0.045189 0.220902
0 0 0.396763 0.146974 0.195838 0.055114 0.205310
0 0 0.411143 0.140505 0.187011 0.047014 0.214327
0 0 0.383759 0.150706 0.199244 0.047200 0.219090
0 0 0.347805 0.166219 0.218985 0.056901 0.210090
0 0 0.281435 0.195069 0.255297 0.079030 0.189169
2 0 0.261654 0.203629 0.265949 0.086942 0.181826
0 0 0.320594 0.178040 0.233932 0.065240 0.202194
0 0 0.383262 0.150920 0.199517 0.047325 0.218977
0 0 0.457174 0.119770 0.159491 0.031225 0.232340
0 0 0.460235 0.118510 0.157861 0.030656 0.232738
0 0 0.388985 0.148467 0.196383 0.045902 0.220263
0 0 0.363775 0.159308 0.210208 0.052419 0.214289
0 0 0.321084 0.177827 0.233663 0.065081 0.202344
0 0 0.358624 0.161534 0.213038 0.053834 0.212970
0 0 0.428417 0.131739 0.174929 0.036931 0.227984
0 0 0.519645 0.098116 0.132220 0.026516 0.223503
0 0 0.654968 0.059427 0.082653 0.020244 0.182708
0 0 0.652775 0.056940 0.078681 0.015306 0.196298
0 0 0.582608 0.078764 0.107578 0.022979 0.208070
0 0 0.526383 0.098000 0.132771 0.030725 0.212121
0 0 0.382300 0.151332 0.200043 0.047567 0.218757
0 0 0.340298 0.169475 0.223111 0.059110 0.208005
0 0 0.370055 0.156599 0.206759 0.050734 0.215852
0 0 0.437132 0.131425 0.176187 0.048172 0.207083
0 0 0.519253 0.102981 0.140283 0.040592 0.196892
0 0 0.453793 0.125765 0.169388 0.048983 0.202071
0 0 0.375247 0.154364 0.203911 0.049373 0.217107
0 0 0.300724 0.186687 0.244807 0.071950 0.195832
0 0 0.280517 0.195468 0.255794 0.079381 0.188840
0 0 0.305762 0.178347 0.251908 0.066736 0.197246
0 0 0.429576 0.134269 0.179783 0.049312 0.207061
0 0 0.525207 0.101692 0.139026 0.043647 0.190427
0 0 0.504358 0.107100 0.145107 0.038327 0.205108
0 0 0.436969 0.132776 0.179996 0.069053 0.181206
0 0 0.630813 0.059377 0.101466 0.098382 0.109962
0 0 0.602452 0.078955 0.110261 0.043872 0.164459
0 0 0.640504 0.068744 0.097794 0.054968 0.137990
0 0 0.542799 0.097385 0.134918 0.058041 0.166857
0 0 0.467094 0.121910 0.165383 0.055684 0.189928
0 0 0.433319 0.129683 0.172283 0.035911 0.228803
0 0 0.455808 0.120334 0.160220 0.031482 0.232158
0 0 0.487712 0.107325 0.143363 0.025855 0.235745
0 0 0.531725 0.089968 0.120743 0.019241 0.238323
0 0 0.497160 0.103537 0.138440 0.024327 0.236535
0 0 0.461317 0.118065 0.157286 0.030456 0.232876
0 0 0.479472 0.110653 0.147684 0.027238 0.234953
0 0 0.441299 0.125560 0.164406 0.033015 0.235720
0 0 0.512089 0.097604 0.130685 0.022022 0.237600
0 0 0.533609 0.088769 0.118408 0.018614 0.240600
0 0 0.525987 0.092501 0.124119 0.020441 0.236950
0 0 0.503446 0.104487 0.140610 0.029739 0.221718
0 0 0.500662 0.105875 0.142524 0.031009 0.219930
0 0 0.473090 0.113749 0.151846 0.029341 0.231975
0 0 0.436537 0.128337 0.170549 0.035253 0.229324
0 0 0.385517 0.149953 0.198281 0.046760 0.219489
0 0 0.419273 0.135588 0.179879 0.038888 0.226372
0 0 0.388063 0.148953 0.197061 0.046564 0.219360
0 0 0.407535 0.143096 0.191331 0.056515 0.201523
0 0 0.455951 0.126011 0.170960 0.061083 0.185994
0 0 0.419102 0.138926 0.188309 0.078480 0.175183
0 0 0.376586 0.153228 0.207171 0.098303 0.164712
0 0 0.277553 0.189463 0.258287 0.117838 0.156859
0 0 0.334975 0.171411 0.228104 0.085219 0.180291
0 0 0.395639 0.146450 0.194324 0.048310 0.215277
0 0 0.439458 0.127565 0.169724 0.035873 0.227380
0 0 0.378504 0.152963 0.202124 0.048533 0.217877
0 0 0.335223 0.171679 0.225900 0.060642 0.206555
2 0 0.262541 0.203246 0.265475 0.086572 0.182166
0 0 0.312473 0.181574 0.238383 0.067915 0.199655
0 0 0.364123 0.159158 0.210017 0.052325 0.214377
0 0 0.428717 0.133366 0.177836 0.042982 0.217099
0 0 0.578757 0.085234 0.117953 0.040351 0.177704
0 0 0.605150 0.076549 0.106180 0.033431 0.178690
0 0 0.730052 0.043038 0.061435 0.021044 0.144430
0 0 0.687792 0.051182 0.071798 0.018560 0.170668
0 0 0.702481 0.047163 0.066348 0.016838 0.167170
0 0 0.512685 0.097385 0.130427 0.021948 0.237556
0 0 0.476506 0.111857 0.149245 0.027747 0.234644
0 0 0.473910 0.112913 0.150614 0.028198 0.234365
0 0 0.464248 0.116861 0.155728 0.029920 0.233242
0 0 0.383800 0.141386 0.158606 0.031532 0.284676
4 1 0.210354 0.216551 0.174538 0.042802 0.355755
4 1 0.114376 0.280910 0.173456 0.051398 0.379859
2 2 0.094208 0.262045 0.314465 0.068229 0.261052
2 2 0.071776 0.214882 0.462663 0.069167 0.181512
2 1 0.063672 0.182095 0.551938 0.075111 0.127183
2 2 0.068195 0.186685 0.538322 0.079682 0.127116
2 2 0.073500 0.209424 0.478687 0.074591 0.163799
2 2 0.085916 0.249984 0.353345 0.066756 0.243999
2 2 0.103807 0.269528 0.293340 0.073301 0.260024
1 2 0.122734 0.281506 0.256530 0.082727 0.256503
1 1 0.129667 0.276265 0.275217 0.094412 0.224440
2 1 0.115519 0.247218 0.361966 0.103305 0.171993
2 1 0.106502 0.246075 0.370133 0.093746 0.183545
4 1 0.126617 0.273081 0.201535 0.057398 0.341369
4 1 0.118901 0.267047 0.158684 0.043528 0.411840
4 1 0.141081 0.236764 0.142062 0.034106 0.445988
4 1 0.151976 0.254720 0.180316 0.050020 0.362968
4 1 0.144548 0.273222 0.214746 0.069233 0.298251
4 1 0.191913 0.239696 0.208451 0.060033 0.299908
2 0 0.208728 0.212883 0.304356 0.085561 0.188471
0 0 0.357102 0.162192 0.213874 0.054257 0.212574
0 1 0.337719 0.170595 0.224529 0.059885 0.207272
0 1 0.271187 0.199510 0.260831 0.083041 0.185430
2 1 0.206849 0.226867 0.294493 0.113155 0.158636
2 2 0.115804 0.249282 0.338688 0.083187 0.213040
2 2 0.039123 0.103852 0.734828 0.075026 0.047171
2 2 0.018304 0.059889 0.849406 0.046986 0.025415
2 2 0.008743 0.034514 0.913805 0.029159 0.013780
2 2 0.005181 0.023245 0.942015 0.020656 0.008903
2 2 0.003065 0.015587 0.961035 0.014580 0.005733
2 2 0.002480 0.011414 0.966549 0.015054 0.004504
2 2 0.002705 0.011447 0.963967 0.017164 0.004717
2 2 0.004322 0.015381 0.948317 0.025171 0.006809
2 2 0.005676 0.016451 0.933630 0.036376 0.007868
2 2 0.005481 0.016094 0.935231 0.035580 0.007614
2 2 0.008049 0.018608 0.905307 0.058905 0.009131
2 2 0.011404 0.020355 0.857499 0.100580 0.010162
2 1 0.026470 0.034600 0.715484 0.205855 0.017590
2 2 0.045402 0.066008 0.654598 0.201787 0.032205
2 2 0.057442 0.072365 0.609580 0.223545 0.037068
2 1 0.072655 0.097781 0.612561 0.163250 0.053752
2 2 0.049146 0.105579 0.693534 0.099413 0.052328
2 2 0.034816 0.094893 0.756886 0.070591 0.042813
2 2 0.015534 0.053041 0.866905 0.042320 0.022200
2 2 0.009212 0.035602 0.910382 0.030462 0.014342
2 2 0.006752 0.025544 0.929254 0.027827 0.010622
2 2 0.006555 0.020927 0.929446 0.033458 0.009615
2 2 0.008640 0.018125 0.894313 0.069852 0.009070
2 2 0.012777 0.016592 0.797250 0.164513 0.008868
2 2 0.016407 0.016569 0.705151 0.252755 0.009118
2 2 0.022835 0.020276 0.620555 0.325058 0.011277
2 2 0.023053 0.018033 0.569506 0.379169 0.010239
3 3 0.026226 0.016630 0.455147 0.492405 0.009591
3 3 0.026925 0.017318 0.454264 0.491648 0.009844
3 3 0.030610 0.019179 0.425861 0.513390 0.010959
3 3 0.033517 0.022745 0.451607 0.479211 0.012920
3 3 0.035780 0.020646 0.374545 0.556836 0.012193
3 3 0.034406 0.014622 0.248590 0.693323 0.009059
3 3 0.032183 0.010702 0.162126 0.788273 0.006716
3 3 0.032358 0.009316 0.117850 0.834642 0.005833
3 3 0.039421 0.013157 0.140084 0.799413 0.007924
3 3 0.039453 0.014994 0.177958 0.758773 0.008822
3 3 0.043642 0.019050 0.217401 0.708874 0.011033
3 3 0.054147 0.024433 0.207312 0.700020 0.014087
3 3 0.060106 0.027087 0.192221 0.705223 0.015362
3 3 0.051850 0.020738 0.167526 0.747943 0.011943
3 3 0.048908 0.017460 0.141973 0.781297 0.010362
3 3 0.043441 0.012824 0.103481 0.832412 0.007841
3 3 0.036357 0.008418 0.065540 0.884444 0.005241
3 3 0.032166 0.006872 0.057448 0.899231 0.004283
3 3 0.034566 0.007616 0.060084 0.892966 0.004767
3 3 0.059186 0.028910 0.236367 0.658373 0.017164
3 3 0.038242 0.012693 0.150762 0.790253 0.008051
3 3 0.035999 0.009877 0.104679 0.843061 0.006384
3 3 0.048511 0.017207 0.147864 0.775820 0.010598
3 3 0.035427 0.009376 0.093900 0.855372 0.005926
3 3 0.034298 0.008773 0.088557 0.862810 0.005563
3 3 0.037861 0.009098 0.071788 0.875509 0.005744
3 3 0.038016 0.008845 0.065520 0.882070 0.005549
3 3 0.040887 0.009155 0.057752 0.886428 0.005778
3 3 0.040132 0.008429 0.049542 0.896586 0.005311
3 3 0.031037 0.005422 0.036697 0.923366 0.003479
3 3 0.033292 0.006154 0.039249 0.917453 0.003853
3 3 0.034093 0.006422 0.040181 0.915312 0.003991
3 3 0.045337 0.010593 0.055135 0.882635 0.006301
3 3 0.072899 0.025440 0.102663 0.784401 0.014596
3 3 0.074011 0.029311 0.134941 0.744828 0.016909
3 2 0.059617 0.022456 0.138604 0.766296 0.013026
3 2 0.047359 0.024090 0.267896 0.646967 0.013688
3 2 0.047702 0.032871 0.397360 0.504057 0.018010
2 1 0.049325 0.050735 0.556069 0.316861 0.027009
2 2 0.049054 0.056784 0.600533 0.262859 0.030770
2 2 0.041871 0.047954 0.631514 0.251721 0.026940
2 2 0.032243 0.033427 0.637590 0.277979 0.018761
2 2 0.033387 0.028249 0.556966 0.365262 0.016135
3 2 0.035077 0.024024 0.456145 0.470831 0.013923
3 2 0.033725 0.018526 0.347672 0.589478 0.010599
3 2 0.036835 0.021159 0.341593 0.588941 0.011471
3 2 0.046528 0.031355 0.362417 0.544016 0.015684
2 2 0.073394 0.071696 0.469345 0.349821 0.035744
2 2 0.075480 0.096922 0.521895 0.258207 0.047496
2 2 0.055583 0.097813 0.653059 0.143104 0.050442
2 2 0.037773 0.073538 0.740325 0.109229 0.039134
2 3 0.025215 0.049322 0.800007 0.099209 0.026247
2 3 0.026011 0.037491 0.750171 0.166229 0.020098
2 2 0.024131 0.026820 0.691114 0.243402 0.014533
2 2 0.028553 0.024341 0.573421 0.360190 0.013495
2 2 0.029076 0.021264 0.509212 0.428303 0.012145
3 2 0.031577 0.015102 0.307993 0.636113 0.009214
3 3 0.033511 0.013524 0.223343 0.721422 0.008199
3 2 0.039068 0.012281 0.126562 0.814559 0.007530
3 2 0.056303 0.024944 0.196237 0.708143 0.014372
3 2 0.065286 0.035844 0.267491 0.610511 0.020868
3 2 0.057524 0.042001 0.404175 0.472589 0.023712
3 2 0.043968 0.027442 0.384530 0.527876 0.016184
3 2 0.036288 0.020927 0.373350 0.557039 0.012397
3 2 0.029551 0.011493 0.224757 0.727105 0.007093
3 3 0.027709 0.007452 0.113446 0.846595 0.004797
3 3 0.031612 0.008186 0.094457 0.860579 0.005166
3 3 0.035073 0.009232 0.092135 0.857769 0.005790
3 3 0.042382 0.012431 0.103048 0.834552 0.007587
3 3 0.045412 0.016645 0.148290 0.780141 0.009512
3 2 0.060984 0.031259 0.219564 0.671853 0.016341
3 2 0.093807 0.085485 0.366703 0.412125 0.041879
2 2 0.067834 0.068804 0.477479 0.351383 0.034500
2 2 0.048372 0.057724 0.597327 0.267426 0.029151
2 2 0.036556 0.036096 0.599040 0.308270 0.020037
2 2 0.027545 0.029904 0.673505 0.252338 0.016708
2 2 0.026353 0.027383 0.666617 0.264187 0.015460
2 2 0.037436 0.035988 0.589552 0.316706 0.020319
2 2 0.044030 0.032977 0.456533 0.447913 0.018547
3 2 0.045533 0.031268 0.399268 0.506983 0.016949
3 1 0.055046 0.044257 0.422853 0.455412 0.022432
2 1 0.074389 0.072473 0.512964 0.301958 0.038216
2 2 0.095835 0.082697 0.510937 0.261292 0.049239
2 1 0.090419 0.076189 0.554232 0.231315 0.047846
2 2 0.093793 0.080949 0.558450 0.215588 0.051221
2 1 0.097943 0.093309 0.580858 0.168069 0.059820
2 1 0.100719 0.117384 0.565149 0.146660 0.070087
2 2 0.078086 0.125535 0.594770 0.133916 0.067693
2 2 0.039922 0.084124 0.731485 0.102235 0.042234
2 2 0.019673 0.040473 0.830842 0.088090 0.020922
2 2 0.013608 0.029547 0.869362 0.072141 0.015341
2 2 0.011188 0.029353 0.893754 0.051096 0.014608
2 2 0.014827 0.037390 0.869999 0.059086 0.018697
2 2 0.026708 0.072695 0.801548 0.065602 0.033448
2 2 0.035893 0.097690 0.751131 0.071273 0.044013
2 2 0.028149 0.082044 0.792158 0.061497 0.036151
2 2 0.027936 0.077765 0.794328 0.064762 0.035209
2 2 0.032654 0.083835 0.769750 0.074422 0.039339
2 1 0.041652 0.096164 0.725271 0.089776 0.047137
2 1 0.063498 0.145083 0.623438 0.098791 0.069190
2 1 0.069629 0.154248 0.598061 0.103759 0.074303
2 2 0.061943 0.142690 0.630023 0.097475 0.067869
2 2 0.039928 0.105359 0.730829 0.075935 0.047948
2 2 0.028061 0.081858 0.792643 0.061379 0.036059
2 2 0.018968 0.059820 0.845720 0.049621 0.025870
2 2 0.018522 0.058457 0.848518 0.049193 0.025310
2 2 0.015205 0.049620 0.869540 0.044286 0.021348
2 2 0.013454 0.042163 0.881182 0.044484 0.018717
2 2 0.011389 0.035012 0.894843 0.042872 0.015884
2 2 0.008329 0.026425 0.916369 0.036872 0.012006
2 2 0.010100 0.027442 0.901696 0.047292 0.013470
2 2 0.012434 0.031100 0.882241 0.059176 0.015049
2 0 0.026371 0.043578 0.807035 0.099801 0.023216
2 1 0.098999 0.095443 0.620422 0.118079 0.067057
2 2 0.088394 0.143611 0.594886 0.087784 0.085324
2 2 0.059700 0.139187 0.639635 0.095534 0.065944
2 2 0.030667 0.084794 0.779203 0.067047 0.038288
2 2 0.021779 0.056240 0.829497 0.065436 0.027049
2 2 0.022422 0.049294 0.819495 0.084168 0.024621
2 2 0.030360 0.060498 0.773269 0.105038 0.030835
2 1 0.046646 0.097559 0.702125 0.103484 0.050186
2 1 0.055407 0.116212 0.662555 0.106921 0.058905
2 2 0.035743 0.094057 0.752891 0.074084 0.043226
2 2 0.018075 0.056097 0.851501 0.049762 0.024565
2 2 0.009104 0.033936 0.911362 0.031628 0.013970
2 2 0.007107 0.022927 0.925459 0.034088 0.010419
2 2 0.006238 0.020139 0.931983 0.032418 0.009221
2 2 0.006784 0.021976 0.927916 0.033333 0.009991
2 2 0.006831 0.022894 0.927932 0.032141 0.010202
2 2 0.006467 0.022641 0.931083 0.029937 0.009872
2 2 0.009869 0.035101 0.905862 0.034396 0.014772
2 2 0.014131 0.041352 0.876498 0.048982 0.019037
2 2 0.018568 0.049346 0.848408 0.060085 0.023593
2 2 0.016334 0.041510 0.861056 0.060563 0.020537
2 2 0.017589 0.040787 0.846540 0.075611 0.019473
2 1 0.054799 0.062673 0.720322 0.123445 0.038760
2 1 0.188024 0.108181 0.485807 0.123426 0.094562
0 1 0.364463 0.131570 0.258164 0.097805 0.147998
0 1 0.392799 0.136884 0.221973 0.071828 0.176515
0 2 0.287565 0.192408 0.251972 0.076715 0.191339
2 2 0.163860 0.201279 0.393760 0.104919 0.136181
2 2 0.043537 0.099062 0.716296 0.092298 0.048806
2 2 0.027008 0.079620 0.798470 0.059949 0.034953
2 2 0.017069 0.056876 0.857116 0.044944 0.023994
2 2 0.021239 0.066816 0.831610 0.051615 0.028719
2 2 0.024649 0.074502 0.811756 0.056651 0.032442
2 2 0.027438 0.079594 0.796356 0.061382 0.035231
2 2 0.032572 0.087215 0.769466 0.070799 0.039948
2 2 0.024633 0.073936 0.812001 0.057104 0.032327
2 2 0.026635 0.078822 0.800546 0.059438 0.034559
2 2 0.013977 0.049037 0.877097 0.039545 0.020343
2 2 0.015141 0.049131 0.870001 0.044514 0.021213
2 2 0.012683 0.038068 0.886063 0.045795 0.017391
2 2 0.017774 0.041553 0.850295 0.069069 0.021310
2 2 0.017149 0.040491 0.854526 0.067010 0.020824
2 2 0.019351 0.041172 0.836819 0.080960 0.021699
2 2 0.027453 0.047244 0.774074 0.126061 0.025168
2 2 0.031544 0.038856 0.690879 0.217340 0.021381
2 2 0.033929 0.040958 0.673540 0.229191 0.022381
2 2 0.033005 0.037956 0.666050 0.241931 0.021058
2 2 0.034033 0.039947 0.671607 0.231836 0.022577
2 2 0.032364 0.041402 0.701924 0.200950 0.023359
2 2 0.030949 0.041222 0.716175 0.188648 0.023007
2 2 0.031698 0.036749 0.668348 0.243382 0.019823
2 2 0.036710 0.036824 0.582500 0.325215 0.018751
2 1 0.057968 0.050710 0.443214 0.423589 0.024518
2 1 0.111421 0.091251 0.430815 0.315347 0.051166
2 1 0.138226 0.156838 0.436799 0.178298 0.089838
2 2 0.080111 0.166189 0.562359 0.108775 0.082566
2 2 0.046458 0.117171 0.699301 0.082956 0.054113
2 2 0.037836 0.101420 0.741271 0.073551 0.045921
2 2 0.037842 0.101432 0.741242 0.073558 0.045927
2 2 0.036525 0.098912 0.747904 0.072022 0.044637
2 2 0.029861 0.085619 0.782829 0.063763 0.037927
2 2 0.024805 0.074846 0.810865 0.056874 0.032610
2 2 0.019260 0.062180 0.843531 0.048527 0.026502
2 2 0.010101 0.038469 0.903848 0.032043 0.015539
2 2 0.009410 0.035013 0.909099 0.032080 0.014398
2 2 0.011149 0.035037 0.896622 0.041476 0.015716
2 2 0.013376 0.036338 0.880424 0.052337 0.017524
2 2 0.022070 0.040140 0.804825 0.112194 0.020771
2 1 0.038641 0.059835 0.704494 0.165896 0.031135
2 1 0.075524 0.108181 0.562641 0.197332 0.056321
2 1 0.128378 0.158652 0.467065 0.148297 0.097607
2 2 0.129760 0.196236 0.439688 0.118584 0.115732
2 2 0.071203 0.146797 0.594958 0.113448 0.073593
2 2 0.032719 0.083778 0.769441 0.074695 0.039367
2 2 0.012077 0.036610 0.890138 0.044494 0.016681
2 2 0.008687 0.029763 0.914376 0.034273 0.012901
2 2 0.009215 0.034828 0.910478 0.031266 0.014212
2 2 0.011196 0.041267 0.896128 0.034533 0.016877
2 2 0.007276 0.030053 0.924999 0.025848 0.011824
2 2 0.004996 0.022612 0.943593 0.020163 0.008636
2 2 0.020801 0.056980 0.853402 0.041208 0.027609
2 2 0.064801 0.074906 0.759349 0.036907 0.064037
0 0 0.621792 0.055857 0.140060 0.031309 0.150983
0 0 0.868114 0.016312 0.024859 0.018686 0.072029
0 0 0.915568 0.008592 0.013513 0.012846 0.049481
0 0 0.920781 0.007900 0.012514 0.013409 0.045396
0 0 0.889679 0.012578 0.019393 0.015448 0.062901
0 0 0.869893 0.015229 0.023020 0.012698 0.079160
0 0 0.742804 0.038799 0.055360 0.016589 0.146448
0 0 0.605983 0.067241 0.091592 0.014843 0.220341
0 0 0.577766 0.072707 0.098093 0.013597 0.237837
0 0 0.520495 0.094324 0.126434 0.020809 0.237936
0 0 0.576177 0.073285 0.098855 0.013772 0.237912
0 0 0.561600 0.078651 0.105911 0.015439 0.238399
0 0 0.473704 0.112997 0.150723 0.028234 0.234342
0 0 0.397207 0.144953 0.191889 0.043914 0.222037
0 0 0.373888 0.154948 0.204656 0.049726 0.216782
0 0 0.348682 0.165839 0.218503 0.056648 0.210329
0 0 0.336323 0.171202 0.225296 0.060307 0.206872
0 0 0.327709 0.174946 0.230028 0.062969 0.204349
0 0 0.417271 0.136434 0.180965 0.039326 0.226004
0 0 0.513446 0.097085 0.130037 0.021835 0.237597
0 0 0.628980 0.054844 0.074479 0.008686 0.233011
0 0 0.681983 0.042831 0.058979 0.007468 0.208738
0 0 0.607070 0.062293 0.084349 0.010621 0.235667
0 0 0.542642 0.085785 0.115269 0.017790 0.238514
0 0 0.460034 0.118592 0.157968 0.030693 0.232713
0 0 0.422571 0.134198 0.178091 0.038174 0.226966
0 1 0.406830 0.138748 0.175310 0.037264 0.241848
0 1 0.346862 0.145021 0.140210 0.026020 0.341888
4 0 0.311504 0.156079 0.139796 0.026493 0.366128
4 1 0.314613 0.152599 0.135477 0.025076 0.372236
4 1 0.313228 0.146292 0.124520 0.021807 0.394153
4 1 0.305232 0.146206 0.120725 0.020841 0.406995
4 1 0.332426 0.145962 0.133676 0.024225 0.363711
0 0 0.361282 0.143818 0.147041 0.027983 0.319876
0 1 0.428916 0.127685 0.158396 0.031010 0.253994
0 1 0.416555 0.136736 0.181353 0.039483 0.225872
0 1 0.370118 0.156572 0.206725 0.050718 0.215868
0 1 0.320833 0.177958 0.232201 0.064324 0.204683
0 1 0.254060 0.209232 0.228342 0.065542 0.242823
4 1 0.215174 0.230576 0.235220 0.072331 0.246699
4 1 0.195757 0.241758 0.232477 0.072728 0.257280
4 1 0.214885 0.216410 0.179329 0.044581 0.344795
4 1 0.269751 0.193905 0.189093 0.046024 0.301227
0 0 0.354172 0.157962 0.180602 0.040069 0.267196
0 0 0.452691 0.121621 0.161883 0.032072 0.231733
0 1 0.421152 0.134796 0.178860 0.038480 0.226712
0 1 0.283018 0.194383 0.254439 0.078426 0.189734
2 1 0.227444 0.219467 0.279557 0.099267 0.174265
1 1 0.170303 0.258617 0.240716 0.080925 0.249439
1 1 0.151062 0.271326 0.230986 0.077916 0.268710
4 1 0.135235 0.268781 0.183444 0.053542 0.358998
4 1 0.129370 0.280645 0.199780 0.063139 0.327066
1 1 0.143261 0.276669 0.227233 0.076942 0.275896
2 1 0.189780 0.242011 0.279489 0.104294 0.184427
2 1 0.249530 0.208844 0.272407 0.092156 0.177063
0 1 0.264198 0.203314 0.259401 0.082626 0.190460
2 1 0.213523 0.230934 0.261122 0.088283 0.206137
4 1 0.163508 0.224887 0.145503 0.033878 0.432223
4 1 0.152083 0.214976 0.125793 0.027176 0.479972
4 1 0.150246 0.193553 0.104362 0.020058 0.531782
4 0 0.182219 0.155403 0.085231 0.013604 0.563542
4 1 0.170530 0.192945 0.113957 0.022273 0.500295
4 1 0.158242 0.219469 0.134899 0.030149 0.457241
4 1 0.136999 0.260832 0.171463 0.047422 0.383284
4 1 0.102293 0.288004 0.166487 0.049758 0.393457
4 1 0.096225 0.283402 0.185865 0.049212 0.385296
4 1 0.110691 0.219025 0.103777 0.021941 0.544567
4 1 0.089308 0.263746 0.124415 0.031839 0.490692
4 1 0.087359 0.221621 0.091317 0.019274 0.580429
4 1 0.083422 0.254260 0.111382 0.027124 0.523813
4 1 0.098327 0.232333 0.106012 0.023640 0.539688
4 0 0.183830 0.244515 0.208011 0.060587 0.303057
0 0 0.306975 0.181922 0.206320 0.052192 0.252592
0 1 0.474492 0.112676 0.150307 0.028097 0.234428
0 1 0.426823 0.132408 0.175790 0.037267 0.227711
0 1 0.403458 0.142290 0.188478 0.042445 0.223328
0 1 0.317073 0.179303 0.221214 0.058892 0.223518
2 1 0.228667 0.223264 0.240504 0.074142 0.233423
2 1 0.169964 0.257029 0.269208 0.100178 0.203621
2 1 0.148113 0.266913 0.288883 0.120492 0.175598
2 1 0.116823 0.245275 0.365620 0.106286 0.165997
2 1 0.075837 0.182553 0.539692 0.094499 0.107420
2 1 0.056294 0.149757 0.627863 0.081377 0.084709
2 2 0.056352 0.148899 0.629368 0.082039 0.083342
2 2 0.073907 0.183764 0.539533 0.090582 0.112213
2 1 0.097384 0.196281 0.484961 0.118197 0.103176
2 1 0.145501 0.248771 0.328522 0.131260 0.145946
2 2 0.119152 0.215905 0.420285 0.132670 0.111987
2 2 0.080321 0.169268 0.555896 0.111642 0.082873
2 2 0.026755 0.079079 0.799877 0.059603 0.034686
2 2 0.019818 0.063500 0.840142 0.049410 0.027131
2 2 0.013706 0.048326 0.878903 0.039049 0.020016
2 2 0.016409 0.055239 0.861299 0.043827 0.023226
2 2 0.019302 0.062280 0.843274 0.048594 0.026550
2 2 0.022435 0.069552 0.824558 0.053418 0.030037
2 2 0.018001 0.059156 0.851284 0.046491 0.025068
2 2 0.016638 0.055809 0.859843 0.044217 0.023493
2 2 0.016572 0.055645 0.860261 0.044105 0.023416
2 2 0.015360 0.052598 0.868036 0.042014 0.021993
2 2 0.013524 0.047846 0.880121 0.038714 0.019795
2 2 0.012843 0.046039 0.884707 0.037445 0.018966
2 2 0.010905 0.040740 0.898116 0.033679 0.016560
2 2 0.010801 0.040449 0.898851 0.033471 0.016429
2 2 0.009999 0.038175 0.904588 0.031830 0.015408
2 2 0.012543 0.045234 0.886748 0.036877 0.018598
2 2 0.014516 0.050435 0.873542 0.040518 0.020989
2 2 0.016474 0.055403 0.860881 0.043939 0.023302
2 2 0.014887 0.051392 0.871108 0.041181 0.021432
2 2 0.012379 0.044793 0.887865 0.036566 0.018397
2 2 0.014674 0.050845 0.872499 0.040802 0.021179
2 2 0.013098 0.046719 0.882982 0.037923 0.019278
2 2 0.012886 0.046155 0.884412 0.037527 0.019020
2 2 0.010212 0.038784 0.903053 0.032271 0.015680
2 2 0.012532 0.045206 0.886819 0.036857 0.018585
2 2 0.018835 0.061165 0.846135 0.047845 0.026020
2 2 0.021486 0.067384 0.830148 0.051990 0.028992
2 2 0.049179 0.124692 0.684843 0.066009 0.075276
2 1 0.079095 0.118739 0.657021 0.066555 0.078590
0 0 0.382397 0.136710 0.227979 0.047717 0.205197
0 1 0.572058 0.083091 0.113493 0.026064 0.205294
0 1 0.472666 0.113420 0.151271 0.028416 0.234227
0 2 0.406326 0.141071 0.186916 0.041783 0.223904
2 2 0.238964 0.213362 0.277979 0.096949 0.172746
2 2 0.162289 0.208623 0.382320 0.111137 0.135631
2 2 0.140743 0.211989 0.402366 0.121255 0.123647
2 2 0.109149 0.205855 0.451444 0.127550 0.106003
2 2 0.092908 0.205464 0.474325 0.104796 0.122508
2 2 0.065499 0.154140 0.605675 0.095982 0.078703
2 2 0.045127 0.114819 0.705605 0.081573 0.052876
2 2 0.039438 0.104444 0.733258 0.075384 0.047476
2 2 0.023888 0.072816 0.816122 0.055554 0.031620
2 2 0.018557 0.060500 0.847841 0.047398 0.025705
2 2 0.012055 0.043915 0.890089 0.035944 0.017997
2 2 0.011056 0.041161 0.897053 0.033981 0.016749
2 2 0.009364 0.036340 0.909209 0.030497 0.014590
2 2 0.011156 0.041440 0.896349 0.034180 0.016875
2 2 0.013205 0.047003 0.882261 0.038123 0.019408
2 2 0.013965 0.047300 0.877522 0.041186 0.020027
2 2 0.016195 0.046483 0.863371 0.052502 0.021450
2 2 0.013566 0.035747 0.878689 0.054470 0.017529
2 2 0.021944 0.045606 0.821405 0.086963 0.024082
2 3 0.022793 0.043284 0.808403 0.102646 0.022875
2 2 0.033967 0.061158 0.749500 0.122954 0.032422
2 2 0.026044 0.055687 0.801711 0.087555 0.029003
2 2 0.022030 0.058922 0.828232 0.063067 0.027749
2 2 0.013715 0.045513 0.879337 0.041912 0.019523
2 2 0.013519 0.040775 0.880627 0.046579 0.018500
2 2 0.011466 0.031968 0.893149 0.048080 0.015337
2 2 0.013819 0.032870 0.873930 0.062530 0.016852
2 2 0.017654 0.039138 0.846957 0.076320 0.019932
2 1 0.049979 0.076972 0.721734 0.105812 0.045503
2 1 0.141350 0.144003 0.516772 0.084750 0.113126
2 2 0.215230 0.168614 0.384781 0.071505 0.159869
2 1 0.215827 0.168624 0.383976 0.071425 0.160147
0 1 0.295303 0.178723 0.264442 0.067948 0.193585
2 2 0.226168 0.193892 0.327326 0.086103 0.166511
2 2 0.161256 0.206665 0.387184 0.109900 0.134994
2 2 0.096669 0.180298 0.515498 0.112794 0.094741
2 2 0.070510 0.155531 0.594488 0.104445 0.075026
2 2 0.080057 0.151839 0.591191 0.095196 0.081716
2 2 0.078528 0.135252 0.625765 0.080930 0.079525
2 2 0.076837 0.129216 0.639666 0.076396 0.077885
2 2 0.071407 0.132935 0.639030 0.082340 0.074289
2 2 0.084344 0.128387 0.631699 0.072565 0.083005
2 1 0.148587 0.159325 0.489504 0.077479 0.125104
2 2 0.241243 0.197365 0.302187 0.085956 0.173249
0 2 0.269790 0.200115 0.261584 0.083602 0.184909
0 1 0.282267 0.194708 0.254846 0.078712 0.189466
2 2 0.250712 0.208337 0.271780 0.091635 0.177536
2 2 0.170686 0.206075 0.376496 0.106711 0.140033
2 2 0.075747 0.162985 0.573625 0.108384 0.079259
2 2 0.061338 0.141750 0.632605 0.096956 0.067351
2 2 0.043606 0.112097 0.712885 0.079963 0.051450
2 2 0.052794 0.128004 0.670097 0.089227 0.059878
2 2 0.076371 0.161530 0.575903 0.106560 0.079635
2 2 0.108435 0.180139 0.501972 0.106988 0.102465
2 0 0.192737 0.191615 0.374246 0.090763 0.150639
0 0 0.314983 0.180482 0.237008 0.067078 0.200449
0 1 0.358280 0.161683 0.213227 0.053929 0.212881
0 1 0.338519 0.170248 0.224089 0.059644 0.207500
0 1 0.338525 0.170245 0.224086 0.059642 0.207502
2 1 0.248287 0.210910 0.264993 0.087379 0.188430
2 2 0.138858 0.248867 0.335097 0.120690 0.156488
2 2 0.086559 0.192718 0.506638 0.104431 0.109654
2 1 0.032836 0.091670 0.766977 0.067555 0.040961
2 1 0.028570 0.082930 0.789849 0.062061 0.036590
2 1 0.051281 0.149674 0.634228 0.071870 0.092947
2 2 0.032144 0.098317 0.758454 0.061055 0.050029
2 2 0.036053 0.101090 0.745849 0.069199 0.047809
2 2 0.037564 0.107570 0.732608 0.068484 0.053773
2 2 0.025302 0.075934 0.808044 0.057578 0.033142
2 2 0.016913 0.056491 0.858100 0.044682 0.023813
2 2 0.015012 0.051710 0.870296 0.041401 0.021580
2 2 0.012436 0.044945 0.887479 0.036673 0.018467
2 2 0.016266 0.054883 0.862207 0.043584 0.023059
2 2 0.016561 0.055619 0.860328 0.044087 0.023404
2 2 0.019663 0.063844 0.840144 0.048625 0.027724
2 2 0.016674 0.055900 0.859610 0.044279 0.023536
2 2 0.030399 0.086728 0.779929 0.064463 0.038481
2 1 0.057423 0.135567 0.649531 0.093511 0.063968
2 1 0.110094 0.205478 0.450593 0.129184 0.104651
2 1 0.120107 0.216004 0.418714 0.133830 0.111346
2 1 0.108272 0.203477 0.456577 0.128275 0.103399
2 1 0.115247 0.210992 0.433980 0.131647 0.108134
1 1 0.140671 0.278643 0.264045 0.102621 0.214019
4 1 0.144544 0.275687 0.227209 0.076700 0.275860
4 0 0.151460 0.244927 0.162780 0.041985 0.398849
4 4 0.171716 0.203976 0.126145 0.026286 0.471876
4 4 0.240128 0.164418 0.115901 0.020722 0.458830
4 0 0.310402 0.137724 0.111002 0.018074 0.422797
4 0 0.342785 0.114330 0.091584 0.012909 0.438391
4 4 0.269091 0.120741 0.079289 0.010845 0.520034
4 4 0.268996 0.113939 0.072953 0.009490 0.534622
4 4 0.165337 0.137416 0.066948 0.009511 0.620787
4 4 0.134810 0.117119 0.047657 0.005907 0.694507
4 4 0.113767 0.128161 0.048730 0.006457 0.702884
4 4 0.119160 0.173253 0.075873 0.012886 0.618828
4 4 0.148086 0.174525 0.087975 0.015263 0.574152
4 4 0.139269 0.183306 0.091012 0.016441 0.569972
4 4 0.120975 0.182480 0.082641 0.014716 0.599188
4 4 0.100581 0.209847 0.091265 0.018366 0.579941
4 4 0.089977 0.208045 0.084263 0.016746 0.600968
4 4 0.119670 0.254217 0.143431 0.036590 0.446092
4 4 0.126588 0.249552 0.144502 0.036366 0.442991
4 4 0.137553 0.268528 0.186654 0.054880 0.352385
4 4 0.128049 0.279419 0.193893 0.060092 0.338547
1 4 0.132245 0.286518 0.239365 0.087004 0.254868
1 4 0.131792 0.286820 0.238113 0.086260 0.257015
1 4 0.139617 0.279892 0.260793 0.100453 0.219245
2 4 0.137921 0.266764 0.267777 0.082530 0.245008
4 4 0.146244 0.258239 0.179166 0.050086 0.366266
4 4 0.135342 0.271236 0.188745 0.056262 0.348415
4 0 0.135643 0.231563 0.131891 0.030502 0.470401
4 4 0.135964 0.252967 0.158207 0.041417 0.411446
4 4 0.123395 0.242315 0.133641 0.032164 0.468485
4 4 0.121774 0.224201 0.115049 0.025189 0.513787
4 4 0.107104 0.184223 0.077853 0.013907 0.616912
4 1 0.122070 0.202539 0.097505 0.019188 0.558697
4 4 0.106055 0.155649 0.060911 0.009415 0.667969
4 4 0.096218 0.159469 0.059634 0.009397 0.675282
4 4 0.116524 0.170510 0.073155 0.012241 0.627570
4 4 0.151066 0.189253 0.101063 0.019000 0.539618
4 4 0.166599 0.184506 0.104071 0.019333 0.525491
4 4 0.176109 0.209934 0.135850 0.029508 0.448600
4 4 0.169889 0.196625 0.117317 0.023392 0.492777
4 4 0.132578 0.225754 0.123747 0.027638 0.490283
4 4 0.133707 0.240330 0.140049 0.033885 0.452030
4 4 0.131080 0.244963 0.143166 0.035392 0.445400
4 4 0.135380 0.231437 0.131558 0.030393 0.471232
4 4 0.134812 0.228302 0.127871 0.029027 0.479988
4 4 0.125816 0.262678 0.160679 0.043632 0.407194
4 4 0.144839 0.227261 0.134064 0.030689 0.463146
4 4 0.213423 0.221422 0.189667 0.049250 0.326237
0 0 0.332459 0.157589 0.157253 0.031892 0.320806
0 1 0.481197 0.109955 0.146778 0.026944 0.235126
0 1 0.412140 0.138605 0.183752 0.040465 0.225039
0 1 0.391504 0.147389 0.195006 0.045286 0.220815
0 1 0.372064 0.153252 0.188119 0.042735 0.243830
0 1 0.371715 0.138473 0.142134 0.026281 0.321398
0 1 0.386158 0.114729 0.105866 0.015970 0.377277
4 1 0.379680 0.103599 0.088097 0.011868 0.416756
0 1 0.419756 0.101654 0.096935 0.013626 0.368030
0 1 0.426764 0.107011 0.108234 0.016295 0.341697
0 1 0.433476 0.122527 0.146041 0.026918 0.271038
0 1 0.391244 0.147500 0.195147 0.045349 0.220759
0 0 0.349083 0.165665 0.218282 0.056532 0.210438
0 0 0.345809 0.167084 0.220082 0.057482 0.209542
0 1 0.319609 0.178469 0.234473 0.065559 0.201890
2 1 0.238213 0.213682 0.278373 0.097299 0.172433
2 1 0.182978 0.238675 0.301643 0.123177 0.153527
2 1 0.152160 0.257488 0.304445 0.133093 0.152815
2 1 0.149520 0.263956 0.294073 0.124559 0.167893
2 1 0.148056 0.267028 0.288675 0.120332 0.175909
2 1 0.145756 0.271266 0.280594 0.114252 0.188132
2 1 0.135126 0.251768 0.334386 0.121124 0.157596
2 2 0.082497 0.173047 0.546295 0.112459 0.085703
2 2 0.034765 0.095491 0.756928 0.069921 0.042895
2 2 0.014907 0.051442 0.870981 0.041215 0.021456
2 2 0.008820 0.034742 0.913230 0.029327 0.013881
2 2 0.009247 0.035999 0.910069 0.030247 0.014438
2 2 0.008893 0.034958 0.912687 0.029485 0.013976
2 2 0.012803 0.045932 0.884978 0.037370 0.018917
2 2 0.013716 0.048353 0.878834 0.039068 0.020028
2 2 0.024779 0.074787 0.811018 0.056835 0.032581
2 2 0.041219 0.107750 0.724472 0.077372 0.049186
2 1 0.060791 0.140897 0.634946 0.096484 0.066882
2 1 0.082433 0.172099 0.547863 0.113090 0.084516
2 1 0.063398 0.144929 0.623861 0.098707 0.069105
2 1 0.046997 0.118115 0.696767 0.083509 0.054612
2 1 0.022812 0.070405 0.822354 0.053979 0.030450
2 2 0.019029 0.061630 0.844943 0.048157 0.026241
2 2 0.013288 0.047224 0.881702 0.038277 0.019509
2 2 0.014728 0.050982 0.872151 0.040897 0.021242
2 2 0.012837 0.046024 0.884746 0.037434 0.018959
2 2 0.013175 0.046925 0.882459 0.038068 0.019372
2 2 0.011709 0.042969 0.892482 0.035272 0.017568
2 2 0.011486 0.042356 0.894034 0.034835 0.017289
2 2 0.013020 0.046513 0.883505 0.037779 0.019183
2 2 0.017591 0.058157 0.853842 0.045814 0.024597
2 2 0.019078 0.061747 0.844641 0.048236 0.026297
2 2 0.020044 0.064033 0.838771 0.049766 0.027386
2 2 0.014906 0.051441 0.870983 0.041215 0.021455
2 2 0.013398 0.047514 0.880965 0.038481 0.019643
2 2 0.028807 0.082444 0.790681 0.061297 0.036771
2 1 0.161137 0.184817 0.427078 0.093121 0.133847
2 2 0.168852 0.188072 0.411290 0.093602 0.138184
2 2 0.032378 0.090750 0.769392 0.066982 0.040498
2 2 0.017984 0.059115 0.851388 0.046463 0.025049
2 2 0.025801 0.077021 0.805224 0.058279 0.033674
2 2 0.025203 0.075719 0.808603 0.057439 0.033036
2 2 0.027869 0.081453 0.793699 0.061121 0.035858
2 2 0.029757 0.085405 0.783390 0.063628 0.037820
2 2 0.024050 0.073178 0.815184 0.055790 0.031797
2 2 0.020999 0.066260 0.833044 0.051246 0.028452
2 2 0.018381 0.059861 0.848987 0.047307 0.025465
2 1 0.033760 0.093509 0.762144 0.068697 0.041890
2 1 0.091359 0.170995 0.540021 0.106958 0.090667
2 1 0.204400 0.212473 0.322795 0.103148 0.157184
2 1 0.270234 0.194438 0.270383 0.080033 0.184911
0 1 0.355076 0.163069 0.214988 0.054825 0.212042
0 1 0.416665 0.136690 0.181294 0.039459 0.225892
0 1 0.399330 0.144048 0.190730 0.043411 0.222481
0 1 0.290263 0.191236 0.250506 0.075716 0.192279
2 1 0.189022 0.234152 0.303291 0.123411 0.150125
2 2 0.140582 0.235193 0.358482 0.141622 0.124120
2 2 0.097094 0.190613 0.494542 0.122253 0.095498
2 2 0.057997 0.136486 0.647023 0.094026 0.064468
2 2 0.029072 0.083981 0.787108 0.062727 0.037112
2 2 0.019170 0.061966 0.844081 0.048383 0.026400
2 2 0.016397 0.055211 0.861371 0.043808 0.023213
2 2 0.014474 0.050329 0.873813 0.040444 0.020940
2 2 0.017418 0.057735 0.854920 0.045528 0.024398
2 2 0.015794 0.053699 0.865230 0.042771 0.022506
2 2 0.019386 0.062480 0.842762 0.048727 0.026645
2 2 0.015003 0.051687 0.870355 0.041385 0.021570
2 2 0.015190 0.052167 0.869133 0.041717 0.021793
2 2 0.011280 0.041786 0.895475 0.034428 0.017032
2 2 0.009447 0.033267 0.908920 0.034246 0.014120
2 2 0.010719 0.026132 0.892640 0.057506 0.013003
2 2 0.016631 0.026666 0.818908 0.123398 0.014396
2 2 0.022198 0.029189 0.755457 0.176724 0.016432
2 2 0.023232 0.026303 0.713403 0.221963 0.015100
2 2 0.028640 0.030842 0.675039 0.247497 0.017982
2 2 0.029948 0.027398 0.608842 0.317921 0.015892
2 3 0.030914 0.025921 0.564889 0.363414 0.014862
2 2 0.030496 0.025275 0.556204 0.373807 0.014219
2 2 0.031951 0.024295 0.514060 0.415853 0.013841
3 2 0.037280 0.025747 0.454114 0.467817 0.015042
3 2 0.044913 0.028827 0.391145 0.518321 0.016793
3 2 0.044347 0.026538 0.363668 0.549763 0.015683
3 2 0.039533 0.026541 0.429646 0.488893 0.015387
3 2 0.036684 0.022614 0.402938 0.524454 0.013310
3 3 0.041948 0.023117 0.330224 0.591109 0.013603
3 3 0.042912 0.017779 0.211623 0.716833 0.010853
3 3 0.038981 0.014540 0.185826 0.751577 0.009076
3 2 0.042991 0.015495 0.165916 0.765904 0.009694
3 2 0.039221 0.012136 0.127087 0.813895 0.007662
3 2 0.036632 0.009487 0.090789 0.856954 0.006138
3 3 0.039370 0.010447 0.090192 0.853346 0.006644
3 3 0.041409 0.011156 0.090133 0.850251 0.007052
3 3 0.042083 0.012541 0.111992 0.825498 0.007886
3 3 0.040472 0.013024 0.136246 0.802037 0.008221
3 3 0.037424 0.012892 0.162024 0.779584 0.008076
3 3 0.042505 0.016086 0.180629 0.750865 0.009915
3 3 0.044436 0.017040 0.179819 0.748278 0.010427
3 3 0.044163 0.016058 0.160584 0.769431 0.009764
3 3 0.040911 0.012435 0.117581 0.821312 0.007761
3 3 0.043350 0.012767 0.106926 0.828949 0.008008
3 3 0.045277 0.011991 0.082212 0.852953 0.007567
3 3 0.050174 0.015111 0.103882 0.821358 0.009475
3 3 0.052231 0.016316 0.109281 0.812014 0.010159
3 3 0.053596 0.017972 0.124629 0.792709 0.011095
3 3 0.049806 0.014797 0.099747 0.826458 0.009193
3 3 0.053403 0.016519 0.104018 0.815879 0.010181
3 3 0.046915 0.013201 0.093126 0.838421 0.008338
3 3 0.055059 0.018546 0.121772 0.793324 0.011301
3 3 0.054940 0.018147 0.120597 0.795001 0.011315
3 3 0.061684 0.020025 0.109271 0.796485 0.012535
3 3 0.054606 0.015480 0.089279 0.830685 0.009949
3 3 0.051473 0.013097 0.075117 0.851610 0.008702
3 3 0.047780 0.012505 0.083001 0.848460 0.008254
3 3 0.038566 0.008075 0.056065 0.891845 0.005448
3 3 0.037338 0.007287 0.048204 0.902228 0.004943
3 3 0.041218 0.008689 0.052928 0.891437 0.005727
3 3 0.040908 0.009048 0.058872 0.885277 0.005895
3 3 0.049849 0.013539 0.084728 0.843202 0.008682
3 3 0.048633 0.014995 0.110573 0.816450 0.009349
3 3 0.060003 0.022158 0.137953 0.766639 0.013248
3 3 0.062143 0.020372 0.105489 0.799705 0.012290
3 2 0.057450 0.016484 0.081030 0.835099 0.009937
3 3 0.067706 0.024855 0.120607 0.772527 0.014305
3 2 0.096831 0.052548 0.191343 0.631163 0.028115
3 2 0.079343 0.062608 0.371919 0.452032 0.034098
3 2 0.064106 0.041269 0.337657 0.533098 0.023870
2 2 0.034834 0.033498 0.600953 0.311754 0.018962
2 2 0.036419 0.042154 0.655029 0.242865 0.023533
2 2 0.035879 0.045049 0.677669 0.216615 0.024788
2 3 0.046320 0.050370 0.596370 0.278915 0.028024
2 2 0.044566 0.052725 0.624240 0.249804 0.028665
2 2 0.044491 0.051766 0.622559 0.252627 0.028557
2 2 0.036278 0.039950 0.640493 0.260921 0.022359
2 3 0.034699 0.031391 0.579325 0.336676 0.017909
3 3 0.034257 0.022382 0.441184 0.489001 0.013176
3 3 0.035494 0.022754 0.427874 0.500443 0.013436
3 2 0.033536 0.017100 0.339428 0.599250 0.010686
3 2 0.033774 0.022580 0.456946 0.473304 0.013396
2 2 0.035993 0.026034 0.484158 0.438465 0.015351
2 3 0.036578 0.032373 0.561476 0.351179 0.018393
2 2 0.034560 0.028155 0.535666 0.385521 0.016098
2 3 0.033767 0.026692 0.526876 0.397325 0.015340
2 3 0.028642 0.026374 0.609202 0.320957 0.014824
2 2 0.031900 0.035640 0.661992 0.250671 0.019798
2 3 0.032383 0.038748 0.677929 0.229729 0.021210
2 3 0.035044 0.036595 0.626599 0.281368 0.020393
2 3 0.038515 0.027897 0.470226 0.447171 0.016192
3 3 0.039077 0.018592 0.279035 0.652021 0.011275
3 3 0.040533 0.018454 0.255641 0.674164 0.011208
3 2 0.040232 0.022538 0.344471 0.579456 0.013302
3 3 0.039179 0.023612 0.380632 0.542776 0.013801
3 3 0.044674 0.022334 0.277535 0.642294 0.013162
3 3 0.042903 0.019675 0.250678 0.674873 0.011871
3 3 0.044381 0.017036 0.187095 0.740750 0.010738
3 3 0.040951 0.017065 0.222602 0.708802 0.010580
3 3 0.044056 0.019569 0.241117 0.683144 0.012114
2 3 0.050734 0.048032 0.533266 0.341035 0.026933
3 2 0.043170 0.029157 0.430654 0.479514 0.017505
3 3 0.064400 0.040917 0.354853 0.514137 0.025692
2 3 0.060234 0.060415 0.530877 0.313557 0.034916
3 3 0.048393 0.029672 0.373535 0.530254 0.018146
3 3 0.053537 0.030856 0.326170 0.570818 0.018618
3 3 0.053241 0.033101 0.357505 0.536484 0.019669
3 3 0.054428 0.032943 0.342614 0.550389 0.019625
3 2 0.056071 0.036829 0.370871 0.514660 0.021569
3 2 0.057839 0.030959 0.269515 0.623848 0.017838
3 2 0.062219 0.039433 0.314849 0.562243 0.021256
3 2 0.069829 0.052935 0.361889 0.488115 0.027232
2 2 0.074855 0.089052 0.499626 0.293615 0.042852
2 2 0.069478 0.106626 0.572137 0.201504 0.050255
2 2 0.069956 0.105570 0.570803 0.202823 0.050848
2 2 0.074519 0.106404 0.550519 0.215608 0.052950
2 2 0.078445 0.093784 0.505300 0.273921 0.048550
2 3 0.080973 0.136277 0.554679 0.157269 0.070802
2 1 0.068381 0.152415 0.603155 0.102775 0.073274
2 1 0.057096 0.135042 0.650963 0.093216 0.063682
2 1 0.055440 0.132362 0.658264 0.091705 0.062228
2 1 0.099374 0.193322 0.486615 0.123546 0.097142
2 1 0.135861 0.231037 0.371801 0.140018 0.121282
2 1 0.150453 0.240400 0.337336 0.141982 0.129828
2 1 0.184228 0.236076 0.305598 0.126349 0.147749
2 1 0.198456 0.230320 0.298674 0.117858 0.154692
2 1 0.148812 0.265481 0.291436 0.122477 0.171794
2 1 0.148178 0.266784 0.289117 0.120673 0.175248
1 1 0.140730 0.278571 0.264228 0.102745 0.213726
2 1 0.167703 0.259721 0.261010 0.094758 0.216809
2 1 0.178918 0.245312 0.291429 0.115484 0.168858
2 1 0.185626 0.247957 0.260959 0.091806 0.213651
2 1 0.188737 0.236919 0.297208 0.118347 0.158789
4 1 0.173882 0.251559 0.210635 0.063029 0.300895
4 1 0.204462 0.235139 0.221583 0.065779 0.273037
2 1 0.230353 0.221869 0.255670 0.083069 0.209039
2 1 0.241494 0.212283 0.276650 0.095779 0.173794
2 4 0.219197 0.221723 0.288230 0.106608 0.164242
2 4 0.151690 0.258739 0.302530 0.131474 0.155567
4 4 0.146390 0.262540 0.188178 0.054540 0.348351
4 4 0.121283 0.279416 0.181692 0.054612 0.362997
4 4 0.185236 0.190958 0.119547 0.023502 0.480756
4 0 0.305250 0.166851 0.156564 0.032244 0.339090
4 0 0.378426 0.105942 0.090839 0.012482 0.412310
0 1 0.444898 0.111165 0.124679 0.020517 0.298740
4 4 0.328625 0.153147 0.144898 0.027814 0.345516
4 4 0.264682 0.191519 0.176224 0.040890 0.326684
4 4 0.173760 0.254485 0.223727 0.070290 0.277738
4 4 0.178654 0.234346 0.174569 0.044948 0.367483
4 4 0.171208 0.243271 0.183262 0.049544 0.352715
4 4 0.157818 0.199683 0.113845 0.022778 0.505876
4 4 0.167815 0.214529 0.135761 0.029917 0.451978
4 0 0.223064 0.196727 0.150180 0.032569 0.397459
4 4 0.298086 0.175827 0.171257 0.037819 0.317010
4 4 0.272025 0.188224 0.175859 0.040467 0.323425
4 4 0.297184 0.149536 0.121916 0.021318 0.410045
4 4 0.186853 0.142643 0.076560 0.011361 0.582583
4 1 0.208187 0.115556 0.061477 0.007752 0.607027
4 1 0.205852 0.127664 0.069991 0.009564 0.586929
4 1 0.233883 0.133225 0.081729 0.011827 0.539337
4 1 0.320146 0.148289 0.131146 0.023657 0.376761
4 1 0.369464 0.125005 0.115731 0.018652 0.371147
0 0 0.329627 0.158847 0.157931 0.032185 0.321410
0 0 0.319336 0.177969 0.216529 0.056542 0.229625
4 4 0.226392 0.181149 0.129964 0.025456 0.437039
4 4 0.167497 0.142819 0.071262 0.010468 0.607954
4 4 0.104272 0.095168 0.031652 0.003366 0.765541
4 4 0.064985 0.066289 0.015928 0.001344 0.851453
4 1 0.106954 0.108364 0.037850 0.004422 0.742410
4 0 0.201580 0.155548 0.091853 0.014900 0.536118
4 0 0.288480 0.177870 0.167029 0.036500 0.330121
0 0 0.319583 0.176203 0.203645 0.050568 0.250001
0 0 0.343875 0.165267 0.196390 0.046741 0.247727
0 0 0.331599 0.173253 0.227719 0.061668 0.205761
0 0 0.361766 0.160176 0.211312 0.052968 0.213778
0 0 0.378460 0.152982 0.202149 0.048544 0.217866
0 0 0.420617 0.135021 0.179150 0.038596 0.226615
0 1 0.354148 0.163471 0.215498 0.055087 0.211796
0 4 0.247603 0.212650 0.229936 0.066816 0.242995
4 4 0.176797 0.222537 0.153154 0.036056 0.411456
4 4 0.136896 0.239241 0.141479 0.034204 0.448180
4 4 0.118198 0.211639 0.102431 0.021017 0.546715
4 4 0.090212 0.225897 0.095967 0.020675 0.567249
4 4 0.075874 0.230685 0.089546 0.019588 0.584307
4 4 0.073464 0.229423 0.087142 0.018947 0.591024
4 4 0.073695 0.236741 0.091745 0.020584 0.577235
4 4 0.075672 0.165902 0.055266 0.009016 0.694144
4 4 0.084110 0.159666 0.055492 0.008760 0.691972
4 4 0.090103 0.144382 0.050252 0.007314 0.707950
4 4 0.108745 0.123766 0.045385 0.005855 0.716249
4 4 0.112391 0.112043 0.040598 0.004859 0.730110
4 4 0.155595 0.111860 0.048830 0.005871 0.677844
4 4 0.146528 0.149307 0.069651 0.010518 0.623997
4 4 0.155704 0.180955 0.096191 0.017366 0.549785
4 4 0.156916 0.233484 0.151459 0.036724 0.421416
4 4 0.127437 0.277482 0.188360 0.057201 0.349520
4 4 0.120571 0.291183 0.208833 0.069993 0.309419
4 4 0.135759 0.259471 0.180569 0.048084 0.376117
4 0 0.171201 0.234629 0.166890 0.042153 0.385127
4 0 0.302859 0.169749 0.161004 0.033884 0.332504
0 0 0.325771 0.172281 0.196040 0.047056 0.258852
4 1 0.271988 0.195340 0.197558 0.049625 0.285490
4 1 0.232276 0.218441 0.214162 0.059686 0.275435
4 1 0.278341 0.172564 0.148268 0.030049 0.370778
0 4 0.431742 0.112958 0.121761 0.019789 0.313751
0 4 0.487707 0.084913 0.090587 0.011967 0.324826
0 4 0.406420 0.121768 0.127000 0.021419 0.323392
4 4 0.323968 0.116906 0.089430 0.012579 0.457117
4 4 0.210609 0.164972 0.104137 0.018042 0.502240
4 0 0.200767 0.160112 0.095711 0.015947 0.527463
4 1 0.173524 0.221268 0.148654 0.034481 0.422074
4 1 0.127572 0.280403 0.195309 0.060945 0.335770
2 1 0.122333 0.264371 0.313161 0.097226 0.202909
2 1 0.054213 0.150225 0.629740 0.077107 0.088715
2 1 0.039642 0.104825 0.732248 0.075613 0.047672
2 1 0.050618 0.132587 0.667171 0.081223 0.068402
2 1 0.056263 0.146992 0.632966 0.083103 0.080676
2 1 0.080843 0.230991 0.408637 0.067788 0.211741
4 1 0.102997 0.251964 0.285885 0.055462 0.303692
4 1 0.124349 0.249126 0.141943 0.035497 0.449086
4 1 0.100684 0.264450 0.136076 0.035500 0.463289
4 1 0.091104 0.258265 0.123397 0.030514 0.496720
4 1 0.142599 0.247761 0.157757 0.040580 0.411303
4 1 0.116492 0.289458 0.193874 0.062048 0.338127
4 1 0.132506 0.280777 0.207820 0.067193 0.311705
1 1 0.129358 0.288261 0.231482 0.082389 0.268510
2 1 0.119634 0.270782 0.294301 0.089128 0.226154
2 1 0.093291 0.222543 0.436859 0.093584 0.153723
2 1 0.096789 0.216846 0.446793 0.102163 0.137410
2 1 0.156170 0.244545 0.319933 0.113922 0.165430
2 1 0.146140 0.270603 0.281915 0.115227 0.186115
2 1 0.100752 0.233949 0.404322 0.095382 0.165596
2 1 0.061680 0.184725 0.546249 0.070500 0.136846
2 1 0.045563 0.155347 0.624563 0.058370 0.116158
2 1 0.047501 0.154040 0.627283 0.062501 0.108674
2 1 0.065092 0.194523 0.519931 0.070521 0.149933
2 1 0.054121 0.155087 0.619976 0.074045 0.096771
2 1 0.031007 0.092849 0.769566 0.061731 0.044847
2 2 0.020830 0.065870 0.834048 0.050987 0.028265
2 2 0.018504 0.060371 0.848172 0.047311 0.025643
2 2 0.019963 0.063842 0.839262 0.049638 0.027295
2 2 0.016360 0.055118 0.861608 0.043745 0.023169
2 2 0.015561 0.053110 0.866731 0.042367 0.022231
2 2 0.013790 0.048548 0.878340 0.039204 0.020118
2 2 0.015126 0.052004 0.869549 0.041604 0.021717
2 2 0.017005 0.056719 0.857517 0.044838 0.023920
2 2 0.018420 0.060169 0.848689 0.047175 0.025548
2 2 0.013691 0.048286 0.879005 0.039021 0.019997
2 2 0.012242 0.044423 0.888803 0.036304 0.018228
2 2 0.012400 0.044849 0.887723 0.036605 0.018423
2 2 0.016918 0.056504 0.858069 0.044691 0.023819
2 2 0.023829 0.072685 0.816461 0.055469 0.031556
2 0 0.107406 0.167073 0.528367 0.096104 0.101051
2 2 0.207160 0.226739 0.294337 0.112985 0.158780
2 2 0.147748 0.241203 0.338896 0.143845 0.128309
2 2 0.060142 0.139881 0.637732 0.095920 0.066325
2 2 0.038159 0.102033 0.739649 0.073924 0.046235
2 2 0.021557 0.067548 0.829724 0.052099 0.029071
2 2 0.026796 0.079168 0.799647 0.059660 0.034730
2 2 0.020328 0.064699 0.837059 0.050209 0.027704
2 2 0.017982 0.059109 0.851405 0.046459 0.025046
2 2 0.015463 0.052861 0.867364 0.042195 0.022116
2 2 0.014653 0.050790 0.872640 0.040764 0.021153
2 2 0.012440 0.044956 0.887451 0.036681 0.018472
2 2 0.011472 0.042316 0.894134 0.034807 0.017272
2 2 0.011237 0.041667 0.895775 0.034343 0.016978
2 2 0.009950 0.038036 0.904938 0.031730 0.015346
2 2 0.011229 0.041643 0.895835 0.034326 0.016967
2 2 0.013058 0.046612 0.883253 0.037848 0.019229
2 2 0.015191 0.052168 0.869130 0.041718 0.021793
2 2 0.016402 0.055223 0.861340 0.043816 0.023218
2 2 0.020327 0.064697 0.837066 0.050208 0.027703
2 2 0.015742 0.053565 0.865569 0.042680 0.022444
2 2 0.012788 0.045893 0.885078 0.037342 0.018899
2 2 0.009585 0.036982 0.907594 0.030964 0.014875
2 2 0.008490 0.033758 0.915704 0.028602 0.013446
2 2 0.008259 0.033065 0.917443 0.028091 0.013141
2 2 0.007620 0.031118 0.922329 0.026644 0.012288
2 2 0.006285 0.026905 0.932879 0.023469 0.010462
2 2 0.008998 0.035267 0.911910 0.029712 0.014113
2 2 0.011764 0.043118 0.892104 0.035378 0.017635
2 2 0.011753 0.043088 0.892182 0.035356 0.017621
2 2 0.012263 0.044480 0.888659 0.036344 0.018254
2 2 0.007190 0.029384 0.925734 0.026052 0.011640
2 2 0.004747 0.019395 0.945720 0.022255 0.007882
2 2 0.005095 0.017244 0.941464 0.028418 0.007780
2 2 0.008131 0.022243 0.915114 0.043540 0.010972
2 2 0.012354 0.028617 0.881521 0.062666 0.014843
2 2 0.013233 0.030536 0.875514 0.065030 0.015687
2 2 0.010313 0.025877 0.897685 0.053033 0.013092
2 2 0.007642 0.017855 0.911136 0.054216 0.009151
2 2 0.008622 0.018141 0.896482 0.067431 0.009325
2 2 0.010329 0.018477 0.870788 0.090540 0.009866
2 2 0.015159 0.022525 0.814922 0.135094 0.012300
2 2 0.018758 0.025093 0.774570 0.167697 0.013880
2 2 0.026530 0.032627 0.713446 0.209415 0.017982
2 2 0.027012 0.025655 0.635127 0.297445 0.014762
2 2 0.027256 0.023581 0.597263 0.338285 0.013615
2 2 0.031916 0.029583 0.597581 0.324260 0.016660
2 2 0.036352 0.034345 0.588621 0.321181 0.019500
2 2 0.031459 0.032017 0.638676 0.279551 0.018296
2 2 0.029634 0.028705 0.631971 0.293065 0.016625
2 2 0.029559 0.031111 0.661794 0.259522 0.018014
2 2 0.036059 0.033281 0.590824 0.320179 0.019657
2 3 0.039930 0.039487 0.597096 0.300578 0.022908
2 2 0.044207 0.042406 0.565493 0.323706 0.024187
2 2 0.033634 0.029230 0.569565 0.350746 0.016826
3 2 0.040849 0.026808 0.421255 0.495178 0.015910
3 2 0.037662 0.023902 0.419971 0.504114 0.014351
3 2 0.039605 0.022747 0.375154 0.548343 0.014151
3 2 0.040225 0.022136 0.357338 0.566300 0.014001
3 2 0.040974 0.021337 0.334567 0.589345 0.013777
3 2 0.043315 0.021454 0.301688 0.619788 0.013755
3 2 0.039639 0.017978 0.271165 0.659718 0.011502
3 2 0.038286 0.015395 0.225452 0.710921 0.009946
3 2 0.036531 0.013269 0.194120 0.747351 0.008729
3 2 0.036845 0.012195 0.164397 0.778382 0.008181
3 2 0.035194 0.011983 0.175108 0.769779 0.007936
3 2 0.038979 0.015762 0.228028 0.706968 0.010263
3 2 0.038120 0.014719 0.213542 0.723955 0.009664
3 2 0.045326 0.020705 0.262907 0.657633 0.013429
3 2 0.042987 0.017406 0.219751 0.708475 0.011380
3 2 0.048896 0.018907 0.190319 0.729468 0.012409
3 2 0.049167 0.022022 0.237609 0.677313 0.013888
3 2 0.049278 0.024275 0.275118 0.636200 0.015129
3 2 0.050144 0.032304 0.389746 0.508177 0.019629
3 2 0.045022 0.030239 0.419786 0.486917 0.018036
3 2 0.036152 0.024513 0.456714 0.467967 0.014653
2 2 0.033921 0.023322 0.468581 0.460403 0.013773
2 1 0.032704 0.034167 0.626706 0.288167 0.018256
2 1 0.067159 0.108601 0.638066 0.128094 0.058080
2 1 0.192309 0.178220 0.398290 0.081582 0.149599
0 1 0.303170 0.185623 0.243471 0.071093 0.196643
2 1 0.250660 0.208359 0.271808 0.091658 0.177515
2 2 0.182053 0.236943 0.306636 0.127709 0.146658
2 2 0.124530 0.229940 0.388965 0.127607 0.128957
2 2 0.083691 0.193122 0.509504 0.099741 0.113942
2 2 0.066389 0.158544 0.596860 0.094519 0.083688
2 2 0.078938 0.167390 0.561209 0.110674 0.081788
2 1 0.131200 0.204956 0.427100 0.118989 0.117755
2 1 0.172934 0.240538 0.310920 0.133609 0.141998
2 1 0.165020 0.237453 0.325936 0.133797 0.137794
2 1 0.058615 0.183414 0.550153 0.066351 0.141468
2 1 0.030404 0.098558 0.761270 0.056475 0.053294
2 4 0.032589 0.098812 0.756756 0.061872 0.049971
2 4 0.042377 0.125619 0.692895 0.068031 0.071079
2 4 0.079845 0.228336 0.424058 0.072356 0.195405
2 4 0.095173 0.260057 0.323513 0.070774 0.250484
4 4 0.116493 0.274011 0.165618 0.047162 0.396716
4 4 0.122230 0.275545 0.176137 0.051605 0.374482
4 4 0.107233 0.272417 0.152016 0.041899 0.426436
4 4 0.125790 0.239740 0.132882 0.031658 0.469930
4 4 0.090109 0.183168 0.069869 0.012373 0.644481
4 4 0.098819 0.157060 0.059269 0.009225 0.675627
4 4 0.102164 0.114341 0.039568 0.004812 0.739115
4 4 0.182517 0.157241 0.086834 0.014013 0.559395
4 0 0.278719 0.126980 0.088003 0.012714 0.493584
0 1 0.411075 0.095038 0.084870 0.011011 0.398006
0 0 0.443566 0.084337 0.078036 0.009497 0.384565
4 4 0.365336 0.115210 0.099514 0.014583 0.405357
4 4 0.245701 0.170843 0.126615 0.023832 0.433010
4 4 0.187790 0.172476 0.102180 0.018093 0.519462
4 4 0.131698 0.188365 0.091485 0.016879 0.571571
4 4 0.140517 0.221524 0.124934 0.027556 0.485469
4 4 0.162481 0.249034 0.183412 0.050435 0.354639
4 0 0.169841 0.169568 0.092475 0.015858 0.552258
4 4 0.168909 0.144521 0.072867 0.010820 0.602882
4 4 0.157223 0.148356 0.072177 0.010894 0.611351
4 4 0.173231 0.131056 0.064612 0.008861 0.622240
4 4 0.161687 0.111782 0.049936 0.006011 0.670583
4 4 0.188449 0.136734 0.072507 0.010386 0.591924
4 4 0.137915 0.139118 0.060840 0.008638 0.653488
4 4 0.106938 0.118305 0.042393 0.005286 0.727078
4 4 0.096998 0.136220 0.048389 0.006725 0.711669
4 4 0.096591 0.160900 0.060506 0.009605 0.672398
4 4 0.088967 0.197557 0.077456 0.014669 0.621350
4 4 0.106049 0.229850 0.109340 0.024249 0.530512
4 1 0.134247 0.270161 0.184649 0.054290 0.356654
4 1 0.199193 0.229467 0.190240 0.050511 0.330590
4 4 0.250544 0.208761 0.212135 0.057520 0.271040
4 4 0.262123 0.202035 0.206569 0.054219 0.275054
4 4 0.210119 0.174235 0.113623 0.020825 0.481198
4 4 0.166801 0.177941 0.098354 0.017625 0.539278
4 0 0.164473 0.149166 0.074901 0.011401 0.600059
4 4 0.175540 0.156703 0.084067 0.013457 0.570233
4 4 0.148348 0.127022 0.056188 0.007441 0.661002
4 4 0.144930 0.095542 0.038175 0.004071 0.717282
4 4 0.115611 0.098880 0.035128 0.003835 0.746546
4 4 0.153604 0.096104 0.039790 0.004268 0.706234
4 4 0.186940 0.096750 0.045239 0.004923 0.666148
4 4 0.231065 0.096638 0.051998 0.005770 0.614528
4 4 0.237162 0.155040 0.104100 0.017436 0.486262
4 4 0.253456 0.139414 0.093349 0.014341 0.499440
0 0 0.351402 0.147943 0.149387 0.028897 0.322371
0 1 0.311877 0.180273 0.209109 0.053303 0.245438
0 0 0.250596 0.211442 0.247276 0.076313 0.214373
2 0 0.187381 0.234812 0.304083 0.124407 0.149316
2 1 0.128971 0.244084 0.356697 0.120961 0.149287
2 1 0.065176 0.158706 0.598505 0.092165 0.085449
2 1 0.062779 0.178665 0.560584 0.075594 0.122378
2 1 0.057975 0.167358 0.589878 0.073904 0.110885
2 1 0.094771 0.252397 0.337663 0.068747 0.246422
2 1 0.100906 0.220989 0.431125 0.096965 0.150016
2 1 0.213154 0.225288 0.258743 0.076870 0.225945
0 0 0.337793 0.170563 0.224488 0.059862 0.207294
2 1 0.262340 0.203333 0.265582 0.086656 0.182089
2 1 0.206246 0.227116 0.294795 0.113486 0.158356
2 1 0.192300 0.232827 0.301697 0.121448 0.151728
1 1 0.163776 0.262550 0.259627 0.094504 0.219542
4 1 0.154241 0.251685 0.177524 0.048454 0.368097
4 1 0.132551 0.238733 0.137278 0.032861 0.458577
4 1 0.101485 0.218904 0.098109 0.020602 0.560900
4 1 0.078033 0.235544 0.094102 0.021037 0.571285
4 1 0.084425 0.211303 0.083142 0.016743 0.604387
4 1 0.124292 0.227023 0.119276 0.026557 0.502852
4 0 0.223286 0.188268 0.137765 0.028165 0.422516
4 0 0.302318 0.150428 0.125632 0.022315 0.399307
0 0 0.362965 0.138621 0.137053 0.024820 0.336540
4 0 0.333163 0.149052 0.139766 0.026096 0.351924
4 4 0.288422 0.162957 0.138068 0.026420 0.384134
4 4 0.256928 0.124476 0.079776 0.011087 0.527733
4 4 0.243570 0.100714 0.057047 0.006586 0.592083
4 4 0.368459 0.101218 0.082270 0.010687 0.437365
0 0 0.431640 0.072292 0.060513 0.006341 0.429214
0 1 0.487842 0.083974 0.089005 0.011626 0.327553
0 1 0.363850 0.149156 0.162596 0.033205 0.291193
2 1 0.188156 0.244090 0.274962 0.101229 0.191564
2 1 0.146522 0.269927 0.283237 0.116210 0.184104
4 1 0.122935 0.285842 0.199100 0.063853 0.328270
4 1 0.156464 0.247552 0.172753 0.046015 0.377217
4 0 0.205745 0.175510 0.113006 0.020766 0.484972
4 1 0.256284 0.157534 0.114595 0.019984 0.451603
4 1 0.206516 0.190456 0.130673 0.026372 0.445984
4 1 0.148081 0.258770 0.182833 0.051671 0.358645
4 1 0.100401 0.287058 0.162390 0.047979 0.402172
4 1 0.110475 0.290813 0.184774 0.058069 0.355868
4 2 0.096051 0.273893 0.260999 0.060841 0.308216
2 2 0.073889 0.224161 0.434434 0.066929 0.200586
4 2 0.091742 0.264101 0.267061 0.053920 0.323175
4 1 0.110341 0.275016 0.159130 0.044859 0.410654
4 1 0.108852 0.260003 0.139445 0.036022 0.455678
4 1 0.109743 0.287710 0.177702 0.054368 0.370476
4 1 0.147330 0.249756 0.165828 0.043726 0.393360
2 0 0.196803 0.207497 0.298270 0.064426 0.233003
0 1 0.253489 0.210024 0.237886 0.070753 0.227849
2 1 0.185858 0.244353 0.280009 0.105329 0.184451
2 1 0.147839 0.267456 0.287894 0.119732 0.177078
1 1 0.134671 0.284708 0.246191 0.091139 0.243292
2 1 0.089728 0.246062 0.370593 0.073853 0.219764
2 1 0.054750 0.163431 0.601137 0.070472 0.110210
2 1 0.059655 0.167384 0.588419 0.076795 0.107747
2 1 0.099995 0.213206 0.447232 0.095353 0.144213
2 1 0.153450 0.254535 0.306992 0.124149 0.160874
2 2 0.084642 0.191784 0.510887 0.102135 0.110552
2 2 0.037040 0.105407 0.737111 0.068667 0.051774
2 2 0.025229 0.093865 0.777813 0.046086 0.057007
2 2 0.039379 0.142379 0.658220 0.053137 0.106885
2 2 0.061384 0.210387 0.469081 0.057132 0.202016
2 2 0.068762 0.224227 0.429255 0.060131 0.217625
2 2 0.062697 0.199136 0.506532 0.064562 0.167073
2 2 0.045134 0.146736 0.645761 0.061857 0.100512
2 2 0.045048 0.150759 0.636182 0.059671 0.108340
