0.703392 0
0.988906 0
0.996485 0
0.981334 0
0.771015 0
0.009584 0
0.904244 0
0.662426 0
0.996441 0
0.567982 0
0.110144 0
0.749208 0
0.366711 0
0.981612 0
0.970658 0
0.999972 0
0.349020 0
0.999262 0
0.004713 0
0.969080 0
0.999271 0
0.993190 0
0.908534 0
0.029247 0
0.911904 0
0.874255 0
0.550365 0
0.760281 0
0.079077 0
0.999898 0
0.581752 0
0.892822 0
0.999866 0
0.902316 0
0.976063 0
0.982948 0
0.379806 0
0.875484 0
0.391607 0
0.998759 0
0.999802 0
0.994309 0
0.931363 0
0.863322 0
0.891208 0
0.987959 0
0.586310 0
0.970195 0
0.538958 0
0.992064 0
0.998930 0
0.999994 0
0.147592 0
0.165247 0
0.255302 0
0.233292 0
0.997811 0
0.764868 0
0.053559 0
0.996676 0
0.991430 0
0.802057 0
0.967082 0
0.989881 0
0.998718 0
0.934177 0
0.728496 0
0.857848 0
0.692436 0
0.821880 0
0.317405 0
0.077568 0
0.203116 0
0.929488 0
0.075115 0
0.999731 0
0.999992 0
0.286840 0
0.722987 0
0.960695 0
0.009566 0
0.995212 0
0.001137 0
0.956148 0
0.311581 0
0.999909 0
0.993472 0
0.991774 0
1.000000 0
0.001695 0
0.924221 0
0.997826 0
0.993314 0
0.954116 0
0.999260 0
0.008287 0
0.250129 0
0.971676 0
0.687250 0
0.805160 0
0.482510 0
0.999617 0
0.989427 0
0.854068 0
0.782259 0
0.983551 0
0.986292 1
0.964038 1
0.013792 1
0.942822 1
0.927517 1
0.710184 1
1.000000 1
0.695292 1
0.712111 1
0.999049 1
0.426873 1
0.999950 1
0.382061 1
0.974744 1
0.309975 1
0.446002 1
0.955084 1
0.996916 1
0.994591 1
0.997484 1
0.999816 1
0.941594 1
0.999830 1
0.999954 1
0.999859 1
0.998456 1
0.995373 1
0.992901 1
0.999997 1
0.929318 1
1.000000 1
0.999244 1
0.962864 1
0.992175 1
0.988478 1
0.991997 1
0.946297 1
0.784400 1
0.989338 1
0.587448 1
0.982424 1
0.994465 1
0.999992 1
0.987193 1
0.869575 1
0.978701 1
0.401383 1
0.672790 1
0.813556 1
0.948577 1
0.322661 1
0.983996 1
0.977239 1
0.916152 1
0.999022 1
0.722165 1
0.999939 1
0.911523 1
0.999946 1
0.999043 1
0.994131 1
0.903391 1
0.472926 1
0.242386 1
0.667669 1
0.947376 1
0.829594 1
0.968979 1
0.041082 1
0.394554 1
0.998307 1
0.999999 1
0.995911 1
0.978769 1
0.162521 1
0.992619 1
0.988427 1
0.999071 1
0.884941 1
0.999950 1
1.000000 1
0.993093 1
0.317967 1
0.608025 1
0.606314 1
0.998342 1
0.977366 1
0.995040 1
0.754530 1
0.992756 1
0.459563 1
0.966677 1
0.960431 1
0.041380 1
0.883112 1
0.999677 1
0.982803 1
0.986894 1
0.040489 1
0.376989 1
0.604488 1
0.998410 1
0.924065 1
0.999359 1
0.049697 1
0.722520 1
0.989958 1
0.784754 1
0.999768 1
0.957138 1
0.622644 1
0.995776 1
1.000000 1
0.125955 1
0.997596 1
0.690313 1
0.999678 1
0.754808 1
0.998517 1
0.459317 1
0.924471 1
0.390132 1
0.991028 1
0.842657 1
0.867702 1
0.999539 1
0.997876 1
0.707486 1
1.000000 1
0.699632 1
0.996355 1
0.057486 1
0.741087 1
0.968404 1
0.999537 1
0.989949 1
0.972885 1
0.933523 1
0.464347 1
0.031714 1
0.998928 1
0.154066 1
0.962297 1
0.751951 1
0.890102 1
0.590547 1
0.990256 1
0.909506 1
0.283840 1
0.884396 1
0.994511 1
0.970060 1
0.951732 1
0.985305 1
0.924654 1
1.000000 1
0.971882 1
0.999830 1
0.874245 1
0.999938 1
0.997919 1
0.667215 1
0.997359 1
0.000175 1
0.791864 1
0.999719 1
0.168759 1
0.982406 1
0.691688 1
0.072979 1
0.958368 1
0.854293 1
0.184043 1
0.973365 1
0.802124 1
0.999999 1
0.995841 1
0.515384 1
0.998701 1
0.995988 1
0.991548 1
0.978061 1
0.775972 1
0.629078 1
0.626746 1
0.654984 1
0.990033 1
0.975955 1
0.996247 1
0.999987 1
0.997611 1
0.999888 1
0.198913 1
0.991103 1
0.999875 1
0.984685 1
0.124881 1
0.999998 1
0.999964 1
0.999936 1
0.964476 1
0.120638 1
0.999148 1
0.976014 1
0.998401 1
0.999428 1
0.998657 1
1.000000 1
0.936966 1
0.002503 1
0.618233 1
0.005568 1
0.936348 1
0.006986 1
0.944132 1
0.999962 1
0.996413 1
0.999669 1
0.046016 1
0.999600 1
0.999473 1
0.029538 1
0.052228 1
0.522259 1
0.999395 1
0.984553 1
0.976061 1
0.966115 1
0.039321 1
0.962202 1
0.971050 1
0.989918 1
0.999514 1
0.998184 1
0.986394 1
0.986772 1
0.999247 1
0.998355 1
0.999923 1
0.009925 1
0.999992 1
0.960264 1
0.992165 1
0.989693 1
0.999955 1
0.703006 1
0.992783 1
0.999896 1
0.998610 1
0.900990 1
0.989121 1
0.996046 1
0.977870 1
0.997699 1
0.997067 1
0.297204 1
0.949900 1
1.000000 1
0.997033 1
0.999979 1
0.638056 1
0.971830 1
0.507325 1
0.820555 1
0.999697 1
0.999753 1
0.154303 1
0.000193 1
0.624724 1
0.987552 1
0.277056 1
0.316849 1
0.810052 1
1.000000 1
0.344886 1
0.999854 1
0.888761 1
0.983620 1
0.984680 1
0.996153 1
0.999992 1
0.999906 1
0.924931 1
0.945510 1
0.999652 1
0.845961 1
0.860006 1
0.778339 1
0.891983 1
1.000000 1
0.999973 1
0.423518 1
1.000000 1
0.219545 1
0.107927 1
0.578119 1
0.997867 1
0.085294 1
0.433331 1
0.999519 1
0.999689 1
0.993330 1
0.999641 1
0.999158 1
0.999984 1
0.999998 1
