2 0 0.062536 0.135268 0.609824 0.060902 0.131469
4 0 0.187714 0.030513 0.012518 0.003664 0.765591
0 0 0.629832 0.045373 0.012178 0.002532 0.310084
0 0 0.776106 0.028453 0.007887 0.001319 0.186234
0 0 0.913676 0.016913 0.005567 0.002249 0.061595
0 0 0.475191 0.141657 0.055148 0.010306 0.317698
4 0 0.162282 0.348068 0.112406 0.021742 0.355501
0 0 0.317518 0.250393 0.096155 0.024058 0.311877
1 0 0.197785 0.337006 0.123731 0.031218 0.310260
0 0 0.374970 0.259102 0.092993 0.038156 0.234778
4 0 0.170136 0.297249 0.080268 0.010292 0.442055
4 1 0.142070 0.335825 0.080539 0.010720 0.430846
4 1 0.147858 0.327454 0.085167 0.011479 0.428042
4 1 0.099162 0.157182 0.041908 0.003137 0.698611
4 1 0.107541 0.290069 0.174060 0.020022 0.408308
4 1 0.090217 0.196178 0.060556 0.003167 0.649882
4 1 0.088419 0.261907 0.200271 0.017045 0.432358
2 1 0.125877 0.246271 0.329663 0.062791 0.235397
1 1 0.144689 0.288030 0.230644 0.049963 0.286674
2 1 0.072665 0.181161 0.438457 0.038803 0.268915
2 1 0.076202 0.182535 0.441177 0.042972 0.257114
2 1 0.059207 0.159477 0.485021 0.033114 0.263182
2 1 0.057597 0.154907 0.505115 0.033776 0.248605
2 1 0.044941 0.119804 0.640201 0.036781 0.158272
2 2 0.047591 0.125194 0.623598 0.037888 0.165730
2 2 0.037726 0.090650 0.739250 0.046819 0.085555
2 2 0.047027 0.119126 0.649255 0.041791 0.142801
2 2 0.032838 0.090989 0.731945 0.033270 0.110958
2 2 0.009802 0.027187 0.918046 0.025218 0.019747
2 2 0.015080 0.046766 0.864179 0.022512 0.051463
2 2 0.004933 0.015815 0.952049 0.015175 0.012028
2 2 0.010723 0.036000 0.894929 0.017428 0.040920
2 2 0.004825 0.014709 0.953819 0.016681 0.009966
2 2 0.004741 0.013797 0.954835 0.018215 0.008413
2 2 0.044642 0.139031 0.550361 0.024175 0.241792
2 2 0.010493 0.042302 0.864214 0.011701 0.071290
2 2 0.014197 0.043524 0.874013 0.022726 0.045539
2 2 0.018101 0.061673 0.810534 0.019048 0.090644
2 2 0.004440 0.018717 0.943861 0.008388 0.024594
2 2 0.006186 0.019659 0.941564 0.016595 0.015996
2 2 0.009311 0.023479 0.923455 0.030110 0.013644
2 3 0.008535 0.029143 0.915183 0.015781 0.031359
2 3 0.006781 0.016675 0.939731 0.028677 0.008136
2 3 0.011372 0.028665 0.871885 0.062194 0.025883
2 3 0.005974 0.014931 0.927552 0.042350 0.009194
2 3 0.010110 0.023225 0.905474 0.048071 0.013119
2 3 0.007190 0.017459 0.923748 0.041511 0.010092
2 3 0.005044 0.012786 0.872986 0.096588 0.012596
2 3 0.008836 0.020718 0.906301 0.051546 0.012599
2 3 0.006294 0.015483 0.890142 0.075476 0.012604
2 3 0.007169 0.016715 0.730127 0.222695 0.023294
3 3 0.007533 0.015872 0.405454 0.533300 0.037841
2 3 0.006097 0.014036 0.578674 0.373425 0.027767
2 3 0.010914 0.023017 0.582443 0.346659 0.036967
3 3 0.008247 0.015938 0.196432 0.722784 0.056599
3 3 0.007459 0.014331 0.222681 0.710924 0.044604
3 3 0.005681 0.012422 0.390355 0.558384 0.033157
3 3 0.006969 0.014069 0.286009 0.652267 0.040686
3 3 0.006585 0.013213 0.260362 0.679435 0.040405
3 3 0.006607 0.012876 0.216636 0.721812 0.042069
3 3 0.005322 0.010357 0.173734 0.771623 0.038963
3 3 0.004192 0.007983 0.119729 0.832050 0.036046
3 3 0.005061 0.010545 0.256284 0.692833 0.035277
3 3 0.003376 0.006114 0.070070 0.886612 0.033828
3 3 0.004772 0.008669 0.100317 0.846839 0.039402
3 3 0.004475 0.008568 0.132087 0.817977 0.036893
3 3 0.006644 0.011767 0.117931 0.817485 0.046174
2 2 0.204827 0.228043 0.259947 0.076117 0.231066
2 2 0.012509 0.027231 0.803463 0.132350 0.024446
2 3 0.006128 0.015087 0.874580 0.090609 0.013597
2 3 0.008264 0.019177 0.808171 0.144138 0.020249
3 3 0.010605 0.020523 0.328575 0.591663 0.048634
3 3 0.009484 0.017934 0.254100 0.669316 0.049167
2 3 0.006257 0.014074 0.512810 0.436277 0.030583
3 3 0.006060 0.013266 0.418357 0.528963 0.033355
3 3 0.007756 0.015559 0.304989 0.629402 0.042294
3 3 0.004065 0.007012 0.061467 0.889658 0.037798
3 3 0.004002 0.007021 0.067563 0.884225 0.037189
3 3 0.004264 0.007355 0.064389 0.885353 0.038638
3 3 0.004528 0.008278 0.099284 0.849561 0.038349
3 3 0.003831 0.006734 0.065454 0.887555 0.036426
3 3 0.004118 0.007417 0.082260 0.869087 0.037118
3 3 0.003439 0.006713 0.115527 0.841785 0.032537
3 3 0.002224 0.003850 0.034839 0.930683 0.028403
3 3 0.003510 0.005993 0.049887 0.905128 0.035483
3 3 0.002857 0.004897 0.041716 0.918374 0.032156
3 3 0.002980 0.005070 0.041493 0.917552 0.032906
3 3 0.003810 0.006997 0.086271 0.867481 0.035441
3 3 0.005466 0.009970 0.117691 0.825243 0.041631
3 3 0.004029 0.006731 0.049623 0.901379 0.038238
3 3 0.003428 0.005985 0.056192 0.899670 0.034725
3 3 0.003612 0.006478 0.070346 0.884492 0.035072
3 3 0.002791 0.004767 0.039904 0.920696 0.031843
3 3 0.003003 0.005107 0.041685 0.917171 0.033034
3 3 0.004641 0.008462 0.099955 0.848110 0.038833
3 3 0.003319 0.005611 0.044242 0.912100 0.034728
3 3 0.002798 0.004778 0.039963 0.920579 0.031883
3 3 0.004652 0.008331 0.089316 0.858381 0.039321
3 3 0.003080 0.005229 0.042315 0.915923 0.033453
3 3 0.002998 0.005249 0.050204 0.908978 0.032571
3 3 0.003454 0.005910 0.049717 0.905731 0.035188
3 3 0.005262 0.009937 0.141693 0.803236 0.039873
3 3 0.004995 0.008479 0.067859 0.876790 0.041877
3 3 0.004570 0.007624 0.055622 0.891613 0.040570
3 3 0.004172 0.007012 0.053411 0.896656 0.038749
3 3 0.002494 0.004290 0.037318 0.925801 0.030097
3 3 0.002118 0.003678 0.033836 0.932655 0.027712
3 3 0.005639 0.009480 0.071829 0.868587 0.044465
2 3 0.141818 0.169069 0.304327 0.249464 0.135321
2 3 0.017546 0.033608 0.500733 0.396351 0.051761
2 3 0.007928 0.018775 0.875623 0.082679 0.014995
2 3 0.016555 0.034769 0.834402 0.090616 0.023659
2 3 0.011777 0.026414 0.901214 0.046538 0.014056
2 3 0.009788 0.022375 0.859062 0.091081 0.017694
2 3 0.010885 0.022572 0.522545 0.403992 0.040006
2 3 0.008738 0.018744 0.523757 0.412965 0.035795
2 3 0.010648 0.023261 0.708131 0.228531 0.029429
2 3 0.014446 0.029060 0.565997 0.347214 0.043283
2 3 0.011197 0.024421 0.734739 0.201267 0.028377
3 3 0.008251 0.017219 0.416455 0.518855 0.039220
3 3 0.007645 0.013662 0.143316 0.786843 0.048535
3 3 0.003978 0.007257 0.086218 0.866270 0.036277
3 3 0.009442 0.017408 0.215210 0.707153 0.050788
3 3 0.006846 0.012337 0.135741 0.798960 0.046116
3 3 0.006510 0.012456 0.189765 0.748522 0.042746
3 3 0.003309 0.005595 0.044165 0.912253 0.034678
3 3 0.006587 0.012273 0.161874 0.775162 0.044104
3 3 0.011105 0.022048 0.404542 0.516113 0.046192
3 3 0.006081 0.012024 0.219302 0.722424 0.040169
3 3 0.006206 0.010946 0.107431 0.830414 0.045003
3 3 0.004359 0.007557 0.067976 0.881185 0.038922
3 3 0.004584 0.007598 0.053548 0.893518 0.040753
3 3 0.004586 0.007830 0.064813 0.882618 0.040153
3 3 0.003948 0.006802 0.059278 0.892659 0.037314
3 3 0.003851 0.006591 0.055388 0.897154 0.037016
3 3 0.005720 0.011087 0.181725 0.761268 0.040199
3 3 0.003331 0.005700 0.048023 0.908352 0.034593
3 3 0.003972 0.006643 0.049213 0.902199 0.037973
3 3 0.003094 0.005253 0.042435 0.915684 0.033533
3 3 0.005703 0.010072 0.099714 0.841145 0.043366
3 3 0.003427 0.005936 0.053446 0.902342 0.034849
3 3 0.003103 0.005267 0.042508 0.915540 0.033581
3 3 0.003888 0.006901 0.070718 0.882017 0.036476
3 3 0.005295 0.008841 0.064641 0.877845 0.043378
3 3 0.005145 0.008664 0.066311 0.877251 0.042630
3 3 0.004665 0.008008 0.068187 0.878787 0.040353
3 3 0.003475 0.005858 0.045462 0.909676 0.035530
3 3 0.004865 0.008590 0.085136 0.860943 0.040465
3 3 0.004941 0.008423 0.068971 0.876088 0.041577
3 3 0.005943 0.010265 0.089963 0.849037 0.044792
3 3 0.003898 0.006606 0.052610 0.899481 0.037405
3 3 0.004508 0.007480 0.053024 0.894570 0.040419
3 3 0.003585 0.006032 0.046314 0.907980 0.036088
3 3 0.004663 0.008251 0.082814 0.864615 0.039657
3 3 0.003128 0.005376 0.046448 0.911534 0.033515
3 3 0.005744 0.010113 0.098459 0.842096 0.043588
3 3 0.005904 0.010456 0.104943 0.834759 0.043937
3 3 0.004116 0.007016 0.057646 0.892975 0.038246
3 3 0.005211 0.008804 0.068652 0.874541 0.042793
3 3 0.004552 0.007550 0.053333 0.893948 0.040617
3 3 0.003495 0.005948 0.048579 0.906504 0.035474
3 3 0.005142 0.008821 0.074660 0.869191 0.042186
3 3 0.003786 0.006618 0.062452 0.890811 0.036332
3 3 0.004903 0.008620 0.083510 0.862259 0.040707
3 3 0.003486 0.005879 0.045710 0.909348 0.035578
3 3 0.002529 0.004345 0.037624 0.925197 0.030305
3 3 0.003385 0.005953 0.058184 0.898086 0.034392
3 3 0.005060 0.008661 0.072479 0.871867 0.041933
2 2 0.068334 0.106919 0.505723 0.233458 0.085567
3 2 0.023857 0.043050 0.322244 0.520341 0.090507
2 2 0.017163 0.038622 0.822313 0.089008 0.032895
2 2 0.016712 0.049992 0.816209 0.044054 0.073033
2 2 0.018264 0.050814 0.823780 0.046057 0.061084
2 2 0.016706 0.046965 0.840862 0.041682 0.053784
2 2 0.026279 0.094324 0.620672 0.023732 0.234993
2 2 0.021900 0.067297 0.800466 0.024856 0.085480
2 2 0.028038 0.108319 0.561320 0.014505 0.287818
4 2 0.031121 0.126051 0.372349 0.011092 0.459386
4 2 0.011441 0.068315 0.242119 0.008295 0.669830
2 2 0.021260 0.089848 0.493012 0.019033 0.376846
4 2 0.021145 0.098028 0.349965 0.010682 0.520180
4 2 0.020501 0.097723 0.319922 0.009140 0.552714
2 2 0.032022 0.123917 0.458428 0.013224 0.372409
4 2 0.018115 0.087510 0.318943 0.011342 0.564090
4 2 0.027096 0.117733 0.379240 0.009135 0.466796
2 2 0.028375 0.109915 0.563144 0.013586 0.284979
4 2 0.028234 0.121328 0.366571 0.008968 0.474898
2 2 0.032207 0.125190 0.456118 0.012587 0.373898
4 2 0.024022 0.106638 0.328954 0.010757 0.529630
4 2 0.013725 0.080821 0.245833 0.005822 0.653800
4 2 0.021915 0.102326 0.310875 0.009782 0.555102
4 2 0.025185 0.112788 0.342228 0.008801 0.510998
4 2 0.021203 0.107194 0.282605 0.006078 0.582920
4 2 0.017963 0.092267 0.284991 0.008132 0.596648
4 2 0.018926 0.098875 0.269194 0.006644 0.606361
4 2 0.025548 0.108025 0.358089 0.013617 0.494722
4 2 0.027967 0.115294 0.372766 0.012986 0.470987
4 2 0.027387 0.112981 0.372171 0.013698 0.473763
4 2 0.027794 0.119522 0.357274 0.009354 0.486056
4 2 0.011791 0.068674 0.184497 0.008334 0.726704
2 2 0.029640 0.116426 0.453430 0.014819 0.385684
4 2 0.052802 0.151767 0.332628 0.014768 0.448035
2 2 0.027481 0.078065 0.771363 0.030768 0.092323
2 2 0.018924 0.066342 0.790525 0.017974 0.106235
2 2 0.014676 0.057354 0.809950 0.013428 0.104592
2 2 0.021999 0.077495 0.747288 0.018088 0.135130
2 2 0.003552 0.009974 0.963609 0.017806 0.005059
2 2 0.005928 0.018290 0.944647 0.017393 0.013742
2 2 0.012757 0.038535 0.888549 0.022798 0.037360
2 2 0.077764 0.138156 0.592269 0.090580 0.101232
2 2 0.004000 0.011933 0.960473 0.016399 0.007194
2 2 0.006489 0.022651 0.934002 0.013901 0.022957
2 2 0.016972 0.042923 0.872672 0.035590 0.031843
2 2 0.025570 0.066737 0.807875 0.036662 0.063156
2 2 0.002600 0.007624 0.971298 0.014701 0.003777
2 2 0.003973 0.011352 0.960602 0.017844 0.006228
2 2 0.003338 0.009195 0.964965 0.018126 0.004375
2 2 0.003358 0.010844 0.965352 0.013196 0.007249
2 2 0.003943 0.010578 0.960218 0.020198 0.005063
2 2 0.004123 0.010982 0.958839 0.020792 0.005264
2 2 0.009320 0.021760 0.923022 0.035158 0.010740
2 2 0.004646 0.012142 0.954900 0.022466 0.005845
2 2 0.004334 0.011472 0.957268 0.021396 0.005530
2 2 0.012118 0.029077 0.905930 0.036031 0.016844
2 2 0.004648 0.012146 0.954887 0.022472 0.005847
2 2 0.004827 0.013157 0.954088 0.020901 0.007027
2 2 0.004948 0.012801 0.952675 0.023400 0.006176
2 2 0.006856 0.016828 0.939223 0.028879 0.008214
2 2 0.005539 0.014072 0.948405 0.025169 0.006816
2 2 0.004864 0.012618 0.953293 0.023142 0.006084
2 2 0.006761 0.016634 0.939866 0.028623 0.008116
2 2 0.006603 0.016307 0.940950 0.028190 0.007949
2 2 0.008364 0.020910 0.929639 0.029639 0.011448
2 2 0.008348 0.019845 0.929284 0.032768 0.009756
2 2 0.006823 0.016761 0.939447 0.028790 0.008180
2 2 0.015580 0.035881 0.885408 0.042093 0.021038
2 2 0.009343 0.021805 0.922874 0.035214 0.010764
2 2 0.006907 0.016933 0.938876 0.029017 0.008268
2 2 0.016715 0.034982 0.824825 0.098662 0.024816
2 1 0.105532 0.110260 0.613204 0.099051 0.071953
2 2 0.016638 0.041672 0.875541 0.036119 0.030030
2 2 0.016244 0.053758 0.810841 0.030140 0.089016
2 2 0.003968 0.010633 0.960028 0.020280 0.005090
2 2 0.006167 0.019198 0.942415 0.017296 0.014924
2 2 0.005302 0.014154 0.950580 0.022472 0.007492
2 2 0.007586 0.025632 0.925463 0.015583 0.025736
2 2 0.008681 0.022361 0.925153 0.030115 0.013690
2 2 0.012475 0.030779 0.893673 0.041797 0.021276
2 2 0.019209 0.047578 0.758393 0.109261 0.065559
2 2 0.005455 0.013825 0.927972 0.043855 0.008893
2 2 0.020987 0.053257 0.781844 0.077572 0.066340
2 2 0.007443 0.017970 0.921558 0.042607 0.010421
2 2 0.006480 0.016500 0.927754 0.038802 0.010463
2 2 0.009515 0.022925 0.905748 0.047096 0.014715
2 2 0.007124 0.016987 0.830084 0.128222 0.017582
2 2 0.016254 0.034419 0.837552 0.088209 0.023565
2 2 0.009101 0.022879 0.868919 0.077148 0.021953
2 2 0.006071 0.015144 0.929679 0.040079 0.009027
2 2 0.016918 0.042669 0.700851 0.161447 0.078115
2 2 0.012725 0.025976 0.549731 0.369892 0.041675
2 3 0.008179 0.018651 0.720344 0.227483 0.025343
2 3 0.013618 0.030886 0.763529 0.155926 0.036040
2 3 0.007395 0.017360 0.782669 0.171787 0.020788
2 3 0.009132 0.024159 0.873538 0.067754 0.025418
2 3 0.008929 0.018795 0.474658 0.459266 0.038351
3 3 0.009226 0.019314 0.406254 0.519059 0.046148
2 3 0.009137 0.020314 0.683751 0.258052 0.028746
2 3 0.011991 0.026079 0.740268 0.192100 0.029562
3 3 0.008194 0.016011 0.271876 0.659073 0.044847
3 3 0.009810 0.018060 0.221246 0.699354 0.051529
2 3 0.017252 0.038800 0.421504 0.409551 0.112893
2 3 0.013510 0.027676 0.594919 0.323700 0.040195
3 3 0.011659 0.022969 0.403539 0.514445 0.047388
2 3 0.017328 0.045179 0.559854 0.244865 0.132774
3 3 0.009867 0.019705 0.374284 0.551293 0.044851
3 3 0.013059 0.030413 0.153951 0.610028 0.192549
3 3 0.008961 0.015089 0.114270 0.807416 0.054265
3 3 0.010177 0.016983 0.122160 0.793135 0.057544
3 3 0.005152 0.009659 0.132385 0.813031 0.039773
3 3 0.003707 0.006226 0.047298 0.906080 0.036689
3 3 0.013613 0.026586 0.207220 0.654375 0.098205
3 3 0.007460 0.013958 0.187904 0.744674 0.046005
3 3 0.005985 0.010750 0.116486 0.823034 0.043745
3 3 0.006567 0.011617 0.099656 0.830863 0.051296
3 3 0.004818 0.008583 0.089324 0.857206 0.040069
3 3 0.017200 0.033180 0.233504 0.606910 0.109206
3 3 0.011555 0.022486 0.370006 0.547149 0.048804
3 3 0.011468 0.021482 0.244524 0.662029 0.060497
3 3 0.013129 0.022020 0.161863 0.739788 0.063201
3 3 0.006291 0.011308 0.122951 0.814814 0.044636
3 3 0.005705 0.010218 0.071602 0.854251 0.058224
3 3 0.006024 0.012200 0.253290 0.689694 0.038792
3 3 0.005868 0.009736 0.068569 0.870224 0.045603
3 3 0.009892 0.017818 0.194012 0.725250 0.053029
3 3 0.003240 0.005485 0.043614 0.913346 0.034314
3 3 0.003539 0.006050 0.050605 0.904199 0.035607
3 3 0.004946 0.008947 0.101225 0.844758 0.040124
3 3 0.008129 0.013645 0.101774 0.824234 0.052218
3 3 0.005957 0.010452 0.099720 0.839484 0.044386
3 3 0.010369 0.019553 0.272417 0.647020 0.050640
3 3 0.003015 0.005125 0.041781 0.916981 0.033098
3 3 0.007296 0.011753 0.070249 0.859609 0.051093
3 3 0.004228 0.007472 0.074659 0.875661 0.037980
3 3 0.006624 0.010964 0.076071 0.858139 0.048202
3 3 0.005068 0.009075 0.097033 0.847992 0.040831
3 3 0.008137 0.014096 0.124692 0.802018 0.051057
3 3 0.012027 0.021602 0.230525 0.679088 0.056758
3 3 0.008026 0.013530 0.103281 0.823374 0.051789
3 3 0.004853 0.008413 0.075528 0.870351 0.040855
3 3 0.006306 0.012092 0.186604 0.752850 0.042148
3 3 0.008398 0.016162 0.252673 0.676556 0.046212
3 3 0.006994 0.012020 0.102145 0.830627 0.048213
3 3 0.003859 0.006793 0.066590 0.886244 0.036514
3 3 0.021023 0.031795 0.132026 0.732681 0.082475
2 2 0.060784 0.101428 0.683223 0.092729 0.061835
2 2 0.027531 0.060190 0.818142 0.054174 0.039963
2 2 0.008160 0.019471 0.930509 0.032295 0.009564
2 2 0.003850 0.010368 0.960937 0.019887 0.004958
2 2 0.006938 0.016623 0.833707 0.125585 0.017146
2 2 0.004243 0.011223 0.948423 0.029728 0.006382
2 2 0.010179 0.024565 0.917992 0.033809 0.013455
2 2 0.008233 0.019582 0.922565 0.039060 0.010559
2 2 0.019821 0.046927 0.853845 0.045824 0.033583
4 4 0.019391 0.093268 0.307694 0.010583 0.569065
2 4 0.024711 0.094200 0.653645 0.014731 0.212712
4 4 0.030847 0.127857 0.374504 0.009362 0.457430
4 4 0.024056 0.114204 0.293932 0.007177 0.560632
2 4 0.035607 0.132277 0.448297 0.013794 0.370024
4 4 0.020584 0.093646 0.326760 0.013304 0.545706
2 4 0.032066 0.121673 0.503960 0.013751 0.328549
4 4 0.018537 0.089188 0.311411 0.011617 0.569248
4 4 0.015377 0.083551 0.253864 0.008773 0.638435
4 4 0.030591 0.123272 0.404475 0.011824 0.429837
4 4 0.013210 0.080037 0.214783 0.005915 0.686055
4 4 0.010408 0.068356 0.176443 0.006340 0.738453
4 4 0.009761 0.058054 0.134366 0.002884 0.794934
4 4 0.144672 0.197965 0.293158 0.041067 0.323139
4 4 0.031815 0.129756 0.361916 0.009870 0.466643
4 4 0.010809 0.072761 0.182139 0.004428 0.729864
4 4 0.004984 0.039532 0.082947 0.003010 0.869527
4 4 0.016461 0.087221 0.254098 0.009271 0.632948
4 4 0.017392 0.096271 0.248836 0.005481 0.632020
4 4 0.023701 0.111772 0.289494 0.008216 0.566816
4 4 0.009543 0.066103 0.175865 0.004788 0.743700
4 4 0.010520 0.064521 0.223832 0.008859 0.692268
4 4 0.001622 0.013527 0.023319 0.000658 0.960874
4 4 0.016566 0.097738 0.194723 0.004736 0.686237
4 4 0.019953 0.096368 0.298734 0.009982 0.574964
4 4 0.025961 0.117948 0.296418 0.008600 0.551074
2 4 0.030947 0.121427 0.482065 0.012335 0.353227
2 1 0.041386 0.140873 0.457045 0.017554 0.343143
2 1 0.031539 0.126183 0.429564 0.011077 0.401636
4 1 0.027673 0.122240 0.325713 0.007626 0.516747
4 1 0.032182 0.130996 0.364863 0.009689 0.462269
2 1 0.033193 0.126847 0.464204 0.013007 0.362750
4 1 0.028068 0.119160 0.344088 0.010147 0.498537
4 1 0.016747 0.093855 0.240899 0.005668 0.642831
2 1 0.026087 0.111955 0.481824 0.009700 0.370434
2 1 0.134244 0.221001 0.331286 0.048546 0.264924
4 1 0.028261 0.128045 0.285831 0.007370 0.550494
4 1 0.037695 0.147960 0.311954 0.009972 0.492419
4 2 0.028694 0.126076 0.295724 0.008843 0.540662
4 2 0.032026 0.131157 0.354452 0.009376 0.472989
4 2 0.028709 0.131336 0.288744 0.006275 0.544936
2 2 0.028758 0.095929 0.684950 0.020945 0.169418
2 2 0.024151 0.100252 0.533667 0.015521 0.326410
2 2 0.030098 0.110581 0.544871 0.018784 0.295666
2 2 0.013133 0.044581 0.867896 0.017936 0.056454
2 2 0.006302 0.023988 0.929216 0.011520 0.028974
2 2 0.022293 0.070111 0.789306 0.023655 0.094635
2 2 0.016030 0.063483 0.782812 0.013187 0.124487
2 2 0.006280 0.021799 0.936445 0.013922 0.021555
2 2 0.005756 0.022198 0.934511 0.010911 0.026624
2 2 0.005125 0.016068 0.950912 0.016074 0.011821
2 2 0.015043 0.054324 0.830753 0.016140 0.083740
2 2 0.025673 0.078100 0.765655 0.026052 0.104520
2 2 0.009325 0.028709 0.916320 0.020063 0.025584
2 2 0.027638 0.106314 0.587036 0.014026 0.264986
2 2 0.005474 0.019700 0.942469 0.012392 0.019965
2 2 0.012185 0.035910 0.895808 0.023700 0.032397
2 2 0.015924 0.050337 0.852727 0.021889 0.059123
2 2 0.031292 0.089121 0.620970 0.016922 0.241696
2 1 0.020347 0.047439 0.856269 0.044112 0.031834
2 1 0.105315 0.164270 0.502787 0.124418 0.103210
2 2 0.014242 0.047592 0.858998 0.018916 0.060251
2 2 0.026321 0.083031 0.744291 0.023983 0.122374
2 2 0.004802 0.017490 0.948803 0.011603 0.017301
2 2 0.003506 0.013500 0.960274 0.009371 0.013349
2 2 0.007246 0.028215 0.915272 0.011444 0.037823
2 2 0.002952 0.010628 0.967733 0.010152 0.008535
2 2 0.006307 0.025030 0.924998 0.010565 0.033100
2 2 0.007678 0.023394 0.930693 0.019336 0.018899
0 0 0.642277 0.099148 0.081149 0.035179 0.142247
0 0 0.366311 0.233447 0.129104 0.054793 0.216345
2 1 0.100428 0.180448 0.476729 0.088931 0.153465
2 1 0.049930 0.099243 0.706959 0.073469 0.070399
2 1 0.089855 0.170287 0.507531 0.080040 0.152287
2 1 0.039069 0.094106 0.729214 0.046746 0.090866
2 1 0.049798 0.118422 0.656810 0.048778 0.126192
2 2 0.027461 0.078127 0.771069 0.030659 0.092685
2 1 0.030869 0.074542 0.784962 0.044938 0.064689
0 1 0.252665 0.240179 0.223175 0.113453 0.170528
2 1 0.099181 0.173501 0.509785 0.096969 0.120565
4 1 0.093040 0.249025 0.239637 0.024209 0.394089
4 1 0.068026 0.208284 0.300637 0.019310 0.403743
2 1 0.070745 0.189748 0.371847 0.029773 0.337887
4 1 0.093414 0.262522 0.204632 0.019663 0.419768
2 2 0.038590 0.126179 0.558198 0.021153 0.255880
2 2 0.017832 0.053065 0.846246 0.025589 0.057268
2 2 0.017737 0.057388 0.829179 0.021298 0.074398
2 2 0.009638 0.031816 0.907619 0.017530 0.033396
2 2 0.018019 0.051896 0.850218 0.027510 0.052357
2 2 0.028136 0.086603 0.735004 0.025581 0.124676
2 2 0.009168 0.027319 0.919619 0.021350 0.022544
2 2 0.003471 0.010536 0.964632 0.015110 0.006251
2 2 0.004124 0.012400 0.959487 0.016300 0.007690
2 2 0.011006 0.037906 0.888415 0.016625 0.046048
2 2 0.005782 0.020478 0.940237 0.013024 0.020479
2 2 0.004807 0.014800 0.953835 0.016331 0.010228
2 2 0.005447 0.015332 0.949669 0.020377 0.009175
2 2 0.010021 0.035414 0.895415 0.015357 0.043794
2 2 0.010484 0.031858 0.907423 0.021323 0.028912
2 2 0.018711 0.056749 0.834499 0.024817 0.065224
2 2 0.008138 0.023445 0.929171 0.022065 0.017181
2 2 0.013781 0.039675 0.885045 0.025732 0.035767
2 2 0.018455 0.053969 0.843917 0.026773 0.056886
2 2 0.005287 0.015526 0.950599 0.018534 0.010053
2 2 0.005457 0.015391 0.949589 0.020305 0.009257
2 2 0.006643 0.018025 0.941198 0.023378 0.010756
2 2 0.011172 0.030032 0.909384 0.027937 0.021475
2 2 0.005692 0.014397 0.947314 0.025616 0.006981
2 2 0.008343 0.022756 0.929077 0.024841 0.014983
2 2 0.012724 0.030483 0.902181 0.036673 0.017939
2 2 0.007612 0.018370 0.934129 0.030887 0.009001
2 2 0.007756 0.022215 0.932246 0.022000 0.015783
2 2 0.006512 0.017242 0.942147 0.024406 0.009693
2 2 0.005952 0.015024 0.945553 0.026095 0.007376
2 2 0.007019 0.018483 0.938663 0.025267 0.010568
2 2 0.006428 0.015943 0.942160 0.027705 0.007764
2 2 0.021379 0.059054 0.829788 0.031267 0.058512
2 2 0.011394 0.029270 0.909373 0.030823 0.019140
2 2 0.010493 0.029551 0.912238 0.024938 0.022780
2 2 0.009617 0.026840 0.919174 0.024760 0.019609
2 2 0.005839 0.015303 0.946723 0.024057 0.008077
2 2 0.008131 0.023031 0.929733 0.022833 0.016272
2 2 0.017045 0.039848 0.876232 0.041861 0.025014
2 2 0.007008 0.017141 0.938189 0.029289 0.008373
2 2 0.012589 0.034848 0.897510 0.027224 0.027828
2 2 0.009637 0.022376 0.921013 0.035916 0.011058
2 2 0.004298 0.011372 0.957511 0.021359 0.005459
2 2 0.010620 0.024268 0.914868 0.038208 0.012036
2 2 0.007700 0.018547 0.933548 0.031114 0.009091
2 2 0.014379 0.033817 0.892282 0.039440 0.020081
2 2 0.018429 0.040031 0.869737 0.049634 0.022170
2 2 0.004410 0.011621 0.956668 0.021718 0.005584
2 2 0.039323 0.088806 0.743435 0.054014 0.074422
2 2 0.004984 0.012880 0.952410 0.023511 0.006216
2 0 0.134904 0.190410 0.414856 0.146381 0.113448
2 1 0.029487 0.082156 0.759709 0.032464 0.096184
2 2 0.004739 0.012345 0.954215 0.022755 0.005947
2 2 0.007431 0.018722 0.935768 0.028121 0.009958
2 2 0.017741 0.040027 0.873073 0.045490 0.023669
2 2 0.009179 0.026574 0.920968 0.022657 0.020622
2 2 0.012068 0.035337 0.897323 0.023956 0.031316
2 2 0.008850 0.022394 0.926460 0.029443 0.012853
2 2 0.010781 0.030722 0.909410 0.024537 0.024550
2 2 0.005472 0.013929 0.948882 0.024973 0.006744
2 2 0.019285 0.041812 0.864970 0.050441 0.023492
2 2 0.005128 0.013191 0.951361 0.023947 0.006372
0 0 0.356514 0.162250 0.252514 0.081716 0.147006
0 0 0.537493 0.133007 0.119100 0.055820 0.154579
0 0 0.746170 0.032108 0.007622 0.002709 0.211391
0 0 0.788524 0.050142 0.015744 0.008030 0.137560
0 0 0.797778 0.063873 0.011940 0.005314 0.121095
4 0 0.467188 0.045280 0.013481 0.004850 0.469200
0 0 0.446755 0.168612 0.118681 0.033727 0.232225
0 0 0.791087 0.064049 0.016438 0.007430 0.120995
0 0 0.770112 0.072441 0.020127 0.009247 0.128073
2 0 0.161732 0.173795 0.425318 0.092421 0.146734
0 0 0.447635 0.159533 0.094115 0.021921 0.276796
4 0 0.242768 0.137157 0.111739 0.023760 0.484576
0 0 0.504989 0.175111 0.095474 0.050473 0.173953
4 0 0.129880 0.321693 0.149764 0.022858 0.375804
4 1 0.062905 0.214526 0.224722 0.012410 0.485437
4 1 0.071281 0.243450 0.175488 0.010859 0.498922
4 1 0.095089 0.210283 0.318043 0.025187 0.351398
2 1 0.126526 0.204315 0.415092 0.108698 0.145370
2 1 0.096030 0.173233 0.497496 0.089296 0.143945
2 1 0.102609 0.204726 0.425437 0.066900 0.200329
2 1 0.098670 0.205123 0.409921 0.059425 0.226861
2 1 0.094282 0.201327 0.415190 0.055912 0.233288
2 1 0.045885 0.131541 0.580853 0.030047 0.211674
2 2 0.035915 0.106726 0.668011 0.028101 0.161248
2 2 0.020491 0.062949 0.814470 0.024576 0.077514
2 2 0.033203 0.089928 0.737115 0.035127 0.104627
2 2 0.011387 0.035920 0.895969 0.020190 0.036535
2 2 0.007139 0.021263 0.935884 0.019807 0.015907
2 2 0.008049 0.023028 0.930062 0.022305 0.016556
2 2 0.012799 0.038046 0.889887 0.023596 0.035672
2 2 0.007350 0.021943 0.934131 0.019890 0.016685
2 2 0.006018 0.016857 0.945509 0.021249 0.010366
2 2 0.003207 0.009007 0.966184 0.017201 0.004400
2 2 0.004462 0.013031 0.956944 0.017743 0.007821
2 2 0.003841 0.010648 0.961349 0.018751 0.005410
2 2 0.002688 0.007690 0.970332 0.015631 0.003658
2 2 0.002196 0.006462 0.974518 0.013794 0.003030
2 2 0.004391 0.011754 0.957011 0.021016 0.005829
2 2 0.003035 0.009171 0.968088 0.014579 0.005128
2 2 0.004064 0.011218 0.959685 0.019264 0.005769
2 2 0.004741 0.013528 0.954870 0.018953 0.007909
2 2 0.003129 0.009273 0.967245 0.015323 0.005030
2 2 0.002244 0.006583 0.974091 0.013993 0.003089
2 2 0.002341 0.006819 0.973255 0.014381 0.003204
2 2 0.003733 0.010101 0.961849 0.019492 0.004825
2 2 0.003173 0.008812 0.966291 0.017539 0.004185
2 2 0.002612 0.007480 0.970929 0.015450 0.003529
2 2 0.003017 0.009487 0.968302 0.013433 0.005760
2 2 0.002992 0.008385 0.967773 0.016877 0.003974
2 2 0.002609 0.007473 0.970955 0.015438 0.003525
2 2 0.002897 0.008161 0.968552 0.016527 0.003863
2 2 0.002863 0.008080 0.968832 0.016401 0.003824
2 2 0.002498 0.007203 0.971901 0.015005 0.003393
2 2 0.023978 0.050385 0.840131 0.056287 0.029219
2 1 0.041763 0.083649 0.748671 0.070548 0.055370
2 2 0.023455 0.065132 0.811881 0.031505 0.068027
2 2 0.003088 0.009074 0.967517 0.015508 0.004813
2 2 0.007110 0.021601 0.935456 0.018997 0.016836
2 2 0.011502 0.035391 0.897536 0.021327 0.034244
2 2 0.034034 0.085609 0.753450 0.041704 0.085204
2 2 0.006884 0.019252 0.939198 0.022249 0.012417
2 2 0.002219 0.006769 0.974688 0.012885 0.003438
2 2 0.003575 0.010045 0.963448 0.017818 0.005114
2 2 0.003296 0.010379 0.966001 0.013792 0.006532
2 2 0.003325 0.009165 0.965071 0.018080 0.004360
2 2 0.013388 0.042112 0.877813 0.021205 0.045481
2 2 0.003201 0.010967 0.966136 0.011529 0.008166
2 2 0.005359 0.015414 0.950220 0.019409 0.009598
2 2 0.003839 0.012474 0.961189 0.013613 0.008885
2 2 0.003253 0.009453 0.966165 0.016137 0.004992
2 2 0.004006 0.011172 0.960202 0.018780 0.005841
2 2 0.004664 0.013275 0.955436 0.018953 0.007671
2 2 0.002893 0.008152 0.968581 0.016514 0.003859
2 2 0.002277 0.006664 0.973805 0.014126 0.003128
2 2 0.004740 0.012925 0.954711 0.020764 0.006861
2 2 0.006889 0.024736 0.927754 0.013354 0.027267
2 2 0.002349 0.006841 0.973177 0.014417 0.003215
2 2 0.002145 0.006336 0.974965 0.013585 0.002968
2 2 0.004360 0.014764 0.955778 0.013053 0.012045
2 2 0.005926 0.015174 0.945906 0.025329 0.007665
2 2 0.004179 0.012267 0.959105 0.017185 0.007264
2 2 0.004501 0.012533 0.956568 0.019577 0.006821
2 2 0.003737 0.010698 0.962384 0.017421 0.005760
2 2 0.003264 0.009646 0.966185 0.015621 0.005285
2 2 0.003898 0.011492 0.961273 0.016644 0.006694
2 2 0.007352 0.019138 0.936397 0.026247 0.010866
2 2 0.003771 0.010188 0.961553 0.019620 0.004868
2 2 0.002947 0.008279 0.968140 0.016713 0.003922
2 2 0.003488 0.009541 0.963772 0.018651 0.004547
2 2 0.005118 0.013488 0.951739 0.022802 0.006854
2 2 0.003756 0.010154 0.961668 0.019571 0.004851
2 2 0.010038 0.023151 0.918492 0.036861 0.011458
2 2 0.011784 0.026463 0.907112 0.041375 0.013266
2 2 0.024190 0.050969 0.756309 0.121825 0.046707
2 2 0.003908 0.010499 0.960487 0.020082 0.005023
2 3 0.008886 0.020898 0.923270 0.036317 0.010628
2 3 0.007013 0.017103 0.926318 0.039817 0.009750
2 3 0.015577 0.033383 0.885589 0.048657 0.016794
2 3 0.012166 0.027031 0.880572 0.063532 0.016700
2 3 0.017890 0.038455 0.798840 0.112068 0.032748
2 3 0.008487 0.020121 0.928378 0.033116 0.009898
2 3 0.012730 0.028023 0.869230 0.071816 0.018201
2 3 0.012621 0.027736 0.854863 0.085074 0.019706
2 3 0.016611 0.034448 0.777557 0.141741 0.029642
2 3 0.031614 0.062386 0.735562 0.120785 0.049652
2 3 0.011474 0.025338 0.809166 0.130857 0.023165
2 3 0.016938 0.034905 0.762209 0.154642 0.031307
2 3 0.010908 0.024646 0.881713 0.066641 0.016092
2 3 0.012954 0.027851 0.770204 0.161449 0.027542
2 3 0.010470 0.023582 0.836940 0.108924 0.020084
2 3 0.008213 0.017569 0.485048 0.452848 0.036322
2 3 0.011197 0.024669 0.781086 0.157937 0.025111
2 3 0.027963 0.051497 0.610056 0.256840 0.053644
2 3 0.018657 0.036150 0.570872 0.325980 0.048341
2 3 0.016954 0.034304 0.682748 0.227886 0.038109
2 3 0.024422 0.045100 0.545947 0.328101 0.056431
3 3 0.021648 0.038915 0.410164 0.465707 0.063565
2 3 0.020018 0.041105 0.798710 0.109551 0.030617
2 3 0.021870 0.042092 0.636404 0.253247 0.046388
2 3 0.017555 0.034381 0.576123 0.325276 0.046665
2 3 0.017544 0.034575 0.598775 0.304062 0.045044
2 3 0.016593 0.032641 0.561481 0.342817 0.046468
2 3 0.031193 0.057917 0.709830 0.156688 0.044371
2 3 0.009502 0.020087 0.517743 0.415055 0.037613
2 3 0.013633 0.028020 0.612600 0.306476 0.039270
2 3 0.013307 0.028411 0.756875 0.172500 0.028907
3 3 0.016160 0.030322 0.406021 0.491947 0.055549
2 3 0.008769 0.020113 0.795498 0.153986 0.021635
2 3 0.022742 0.042582 0.556292 0.324484 0.053900
3 3 0.010782 0.021926 0.457780 0.466528 0.042984
2 3 0.019690 0.040877 0.423124 0.420472 0.095837
2 3 0.016811 0.035177 0.828020 0.095498 0.024495
2 2 0.014990 0.032336 0.888930 0.047501 0.016243
2 2 0.228157 0.226049 0.253313 0.151163 0.141319
2 2 0.044180 0.109269 0.682709 0.044329 0.119513
2 2 0.006539 0.018672 0.941458 0.020986 0.012346
2 2 0.033906 0.098490 0.701423 0.029760 0.136421
2 4 0.029347 0.108508 0.593434 0.015621 0.253090
4 4 0.025572 0.118341 0.298100 0.007456 0.550531
4 4 0.032446 0.133089 0.324551 0.009610 0.500304
4 4 0.062779 0.200496 0.335853 0.018856 0.382015
4 4 0.030598 0.144148 0.241335 0.005327 0.578591
2 4 0.143674 0.219804 0.314226 0.065012 0.257284
4 4 0.029544 0.132080 0.297313 0.006775 0.534288
4 4 0.027094 0.126520 0.267568 0.007060 0.571759
4 4 0.026887 0.136939 0.223833 0.004134 0.608208
4 4 0.030303 0.147581 0.217985 0.004624 0.599508
4 4 0.013973 0.090656 0.088235 0.002291 0.804844
4 4 0.018885 0.113991 0.141882 0.003687 0.721555
4 4 0.003322 0.013424 0.009835 0.000374 0.973044
4 4 0.033186 0.168839 0.154509 0.003432 0.640034
4 4 0.033736 0.146114 0.274376 0.007138 0.538635
4 4 0.043029 0.159628 0.307448 0.011477 0.478419
4 4 0.015861 0.095583 0.192282 0.004411 0.691863
4 4 0.019233 0.107910 0.211835 0.004594 0.656428
4 4 0.032435 0.151491 0.227402 0.005302 0.583370
4 4 0.100614 0.246304 0.265668 0.032031 0.355383
4 4 0.029159 0.136014 0.262923 0.005896 0.566008
4 4 0.030315 0.140907 0.252238 0.005816 0.570724
4 4 0.006003 0.035268 0.044987 0.001487 0.912254
4 4 0.040166 0.164594 0.254119 0.008021 0.533101
4 4 0.004882 0.017342 0.013103 0.000555 0.964118
4 4 0.002928 0.004668 0.003558 0.000254 0.988591
4 4 0.034282 0.154226 0.237578 0.006008 0.567906
4 4 0.020504 0.113060 0.204755 0.004746 0.656934
4 4 0.032686 0.161819 0.153316 0.004762 0.647417
4 4 0.046257 0.172602 0.275014 0.010746 0.495381
4 4 0.023005 0.120541 0.202652 0.005677 0.648125
4 4 0.002424 0.010970 0.007668 0.000335 0.978603
4 4 0.005043 0.023680 0.016683 0.000946 0.953647
4 4 0.021682 0.116092 0.206757 0.005316 0.650154
4 4 0.015193 0.096561 0.134263 0.004239 0.749744
2 4 0.082982 0.226973 0.348931 0.028422 0.312692
4 4 0.034992 0.168143 0.178946 0.004344 0.613575
4 4 0.035577 0.146352 0.296608 0.008518 0.512944
4 4 0.011480 0.075755 0.092233 0.002319 0.818214
4 4 0.010151 0.074415 0.113319 0.003503 0.798611
4 4 0.029125 0.136359 0.254811 0.006024 0.573681
4 4 0.016843 0.109010 0.118697 0.002982 0.752468
4 4 0.038208 0.167027 0.213925 0.006593 0.574247
4 4 0.043771 0.150365 0.384308 0.015699 0.405857
4 4 0.005025 0.024523 0.020846 0.000810 0.948797
4 4 0.025087 0.145342 0.124896 0.002727 0.701948
4 4 0.004132 0.018329 0.013866 0.000528 0.963146
4 4 0.004772 0.028268 0.029700 0.000916 0.936344
4 4 0.015031 0.102742 0.080501 0.001795 0.799931
4 4 0.018487 0.109775 0.160954 0.004064 0.706719
4 4 0.003173 0.021105 0.023596 0.000633 0.951494
4 4 0.003836 0.024887 0.028994 0.000868 0.941415
4 4 0.044351 0.165162 0.292789 0.011116 0.486581
4 4 0.012941 0.088612 0.128392 0.003286 0.766769
4 4 0.131544 0.194334 0.205046 0.016563 0.452514
2 1 0.042721 0.134677 0.541334 0.023087 0.258180
4 4 0.032335 0.143310 0.270025 0.006714 0.547616
4 4 0.034423 0.142605 0.303229 0.008435 0.511308
4 4 0.007625 0.058799 0.077685 0.001990 0.853902
4 4 0.013108 0.087638 0.161655 0.003256 0.734344
4 4 0.024041 0.133144 0.177737 0.003415 0.661664
4 4 0.028625 0.139159 0.231840 0.005119 0.595257
4 4 0.005706 0.045089 0.070038 0.001978 0.877189
4 4 0.025449 0.134756 0.202246 0.003829 0.633719
4 4 0.032478 0.152058 0.222635 0.005323 0.587505
4 4 0.028229 0.133200 0.269185 0.005580 0.563806
4 4 0.038840 0.159139 0.266831 0.008210 0.526980
4 4 0.021355 0.117039 0.199020 0.004650 0.657936
4 4 0.054709 0.197594 0.241995 0.011086 0.494616
4 4 0.033033 0.134541 0.332484 0.009187 0.490755
4 4 0.023215 0.117502 0.252900 0.005617 0.600765
4 4 0.029628 0.138110 0.261666 0.005698 0.564898
4 4 0.034663 0.144246 0.296963 0.008256 0.515871
2 1 0.157141 0.241897 0.320197 0.064017 0.216748
4 1 0.031922 0.142244 0.271490 0.006567 0.547777
4 1 0.035250 0.148236 0.282114 0.007841 0.526560
2 1 0.047994 0.155825 0.396185 0.018525 0.381471
4 4 0.033461 0.137966 0.317696 0.008717 0.502160
4 4 0.037119 0.146255 0.315540 0.009846 0.491239
4 4 0.014512 0.095090 0.151599 0.003212 0.735586
4 4 0.026127 0.140357 0.191337 0.003294 0.638886
4 4 0.018382 0.109758 0.169996 0.003701 0.698163
4 4 0.033664 0.148936 0.257780 0.006540 0.553080
2 4 0.044065 0.151404 0.396796 0.016030 0.391706
4 4 0.027717 0.125127 0.312700 0.006738 0.527718
4 4 0.028396 0.135694 0.256569 0.005269 0.574072
4 4 0.027659 0.138127 0.228283 0.004470 0.601461
4 4 0.038299 0.157117 0.271110 0.008243 0.525232
4 4 0.025793 0.129137 0.249885 0.004672 0.590513
4 4 0.039198 0.145114 0.344622 0.012106 0.458961
4 4 0.031269 0.145695 0.242480 0.005505 0.575051
4 4 0.026522 0.129992 0.260171 0.004941 0.578374
4 4 0.035912 0.143741 0.315307 0.009428 0.495612
4 4 0.024117 0.136519 0.177324 0.002736 0.659304
4 4 0.016859 0.106391 0.164259 0.002850 0.709641
4 4 0.039121 0.148376 0.326214 0.011082 0.475206
4 4 0.035074 0.150602 0.266980 0.007219 0.540126
4 4 0.031419 0.141199 0.270328 0.006401 0.550653
4 4 0.038083 0.148191 0.315897 0.010194 0.487635
4 4 0.021507 0.113127 0.236796 0.005345 0.623225
4 4 0.002681 0.009570 0.006647 0.000284 0.980818
4 4 0.014549 0.099355 0.129564 0.002459 0.754073
4 4 0.007071 0.059550 0.096837 0.002527 0.834015
4 4 0.011236 0.077432 0.137374 0.004199 0.769759
4 4 0.001749 0.009554 0.008254 0.000322 0.980121
4 4 0.003902 0.017625 0.010443 0.000293 0.967736
4 4 0.188713 0.085223 0.047246 0.003532 0.675285
2 4 0.041272 0.154785 0.443530 0.013913 0.346501
4 4 0.033091 0.141197 0.293791 0.007669 0.524252
4 4 0.033508 0.139564 0.312799 0.008445 0.505684
4 4 0.015258 0.097365 0.165391 0.003330 0.718655
4 4 0.039490 0.148948 0.342307 0.011591 0.457664
4 4 0.025643 0.132686 0.227510 0.003986 0.610174
4 4 0.034814 0.144774 0.295903 0.008259 0.516249
4 4 0.016692 0.088739 0.257688 0.008480 0.628401
4 4 0.031003 0.129088 0.375436 0.009296 0.455177
4 4 0.028117 0.121130 0.330766 0.008916 0.511071
2 4 0.033588 0.128150 0.437896 0.013449 0.386917
4 4 0.027185 0.112057 0.404899 0.013728 0.442131
4 4 0.033994 0.131545 0.392034 0.012341 0.430086
4 4 0.033914 0.131912 0.409409 0.011655 0.413109
2 4 0.031688 0.125945 0.437681 0.011381 0.393305
4 2 0.031699 0.124658 0.398585 0.013149 0.431909
4 2 0.023500 0.102856 0.331234 0.012843 0.529568
4 2 0.032221 0.127804 0.367265 0.011981 0.460728
2 2 0.030021 0.120492 0.471216 0.011489 0.366782
4 2 0.022057 0.099513 0.321445 0.012335 0.544650
4 2 0.015915 0.076064 0.292005 0.020424 0.595592
2 2 0.015008 0.068269 0.449302 0.028192 0.439230
2 2 0.019529 0.077128 0.618378 0.026223 0.258740
2 2 0.006722 0.026438 0.920715 0.010967 0.035157
2 2 0.014972 0.048471 0.847283 0.024627 0.064647
4 2 0.029465 0.120491 0.408897 0.011604 0.429542
2 2 0.027021 0.098964 0.612297 0.019608 0.242111
2 2 0.032947 0.116350 0.573352 0.017444 0.259907
2 2 0.015891 0.062973 0.784826 0.013151 0.123159
2 2 0.009418 0.038708 0.875909 0.010934 0.065030
2 2 0.009604 0.034111 0.899344 0.015021 0.041919
2 2 0.010308 0.034460 0.899643 0.017396 0.038193
2 2 0.031772 0.087325 0.664849 0.063453 0.152601
2 2 0.007239 0.024591 0.928447 0.015197 0.024526
2 2 0.011738 0.047802 0.842212 0.011725 0.086523
2 2 0.017307 0.075994 0.697522 0.010209 0.198968
2 2 0.011538 0.040058 0.881364 0.016548 0.050492
2 2 0.010181 0.036896 0.889780 0.014620 0.048522
2 2 0.002487 0.008763 0.972427 0.010013 0.006309
2 2 0.003160 0.011056 0.966212 0.011001 0.008570
2 2 0.023107 0.080949 0.734648 0.018401 0.142894
2 2 0.002769 0.007857 0.969611 0.016049 0.003714
2 2 0.010313 0.039486 0.878248 0.013037 0.058916
2 2 0.015709 0.065731 0.761784 0.011516 0.145261
2 2 0.005112 0.016808 0.949822 0.014581 0.013677
2 1 0.136505 0.151025 0.491738 0.126864 0.093868
2 2 0.032516 0.095468 0.710451 0.028944 0.132620
2 2 0.023701 0.078843 0.751760 0.020913 0.124783
2 2 0.052110 0.079350 0.747457 0.049244 0.071839
2 2 0.038353 0.103007 0.695795 0.036188 0.126657
2 2 0.004064 0.015093 0.955658 0.010577 0.014607
2 2 0.005392 0.018350 0.946031 0.013825 0.016403
2 2 0.004065 0.012641 0.959756 0.015164 0.008374
2 2 0.005737 0.016775 0.947199 0.019186 0.011103
2 2 0.009275 0.027519 0.918990 0.021611 0.022604
2 2 0.005819 0.020167 0.941073 0.013643 0.019298
2 2 0.004504 0.013134 0.956632 0.017842 0.007888
2 2 0.005455 0.018754 0.944991 0.013592 0.017208
2 2 0.004876 0.012651 0.953208 0.023158 0.006107
2 2 0.004630 0.016170 0.952287 0.012499 0.014414
2 2 0.005423 0.015795 0.949639 0.018995 0.010148
2 2 0.004073 0.011657 0.959860 0.017932 0.006478
2 2 0.004470 0.013735 0.956584 0.016015 0.009196
2 2 0.023631 0.060956 0.824135 0.036997 0.054281
2 2 0.003461 0.010960 0.964612 0.013859 0.007109
2 2 0.010410 0.023867 0.916169 0.037726 0.011828
2 2 0.005659 0.017361 0.946981 0.017336 0.012663
2 2 0.007885 0.018920 0.932320 0.031593 0.009282
2 2 0.003277 0.009054 0.965454 0.017910 0.004305
2 2 0.009985 0.023051 0.918819 0.036739 0.011406
2 2 0.003798 0.010250 0.961341 0.019712 0.004899
2 2 0.004170 0.011422 0.958844 0.019728 0.005836
2 2 0.005491 0.013969 0.948748 0.025028 0.006765
2 2 0.011324 0.027894 0.910647 0.033498 0.016637
2 2 0.003883 0.010859 0.961130 0.018484 0.005645
2 2 0.003424 0.009394 0.964279 0.018429 0.004474
2 2 0.006501 0.019840 0.940266 0.018309 0.015084
2 2 0.007243 0.017622 0.936598 0.029918 0.008619
2 2 0.005082 0.013092 0.951695 0.023809 0.006322
2 2 0.006072 0.015201 0.944631 0.026708 0.007388
2 2 0.008933 0.021002 0.925497 0.034219 0.010350
2 2 0.007147 0.017426 0.937247 0.029662 0.008519
2 2 0.019263 0.039771 0.860866 0.059253 0.020847
2 2 0.006797 0.016985 0.939847 0.027789 0.008582
2 2 0.023626 0.046553 0.787342 0.110598 0.031880
2 2 0.009079 0.021275 0.921768 0.037020 0.010858
2 2 0.007749 0.018646 0.933222 0.031242 0.009142
2 2 0.012054 0.026971 0.906134 0.041403 0.013439
2 2 0.008415 0.019880 0.907066 0.052290 0.012349
2 2 0.017464 0.036675 0.871334 0.055432 0.019095
2 2 0.007720 0.018428 0.894734 0.065916 0.013202
2 2 0.005002 0.012907 0.949056 0.026435 0.006599
2 2 0.005972 0.014991 0.945331 0.026425 0.007281
2 2 0.013289 0.028397 0.759952 0.169713 0.028648
2 3 0.013746 0.029519 0.806499 0.125178 0.025059
2 3 0.014768 0.030499 0.680627 0.238038 0.036069
2 3 0.017022 0.035721 0.850230 0.075135 0.021891
2 3 0.012972 0.033882 0.898042 0.030938 0.024166
2 2 0.003623 0.009851 0.962706 0.019118 0.004701
2 2 0.003380 0.009293 0.964628 0.018275 0.004424
2 2 0.006419 0.015925 0.942220 0.027681 0.007755
2 2 0.010269 0.023416 0.882136 0.068416 0.015764
2 2 0.012880 0.028502 0.901207 0.043175 0.014237
2 3 0.016730 0.033154 0.592527 0.313061 0.044528
2 3 0.018614 0.038101 0.796911 0.117605 0.028770
2 3 0.019386 0.038196 0.657021 0.242954 0.042444
2 3 0.011777 0.026255 0.873450 0.071168 0.017351
2 3 0.006524 0.016025 0.909451 0.056831 0.011169
2 3 0.012280 0.027161 0.865743 0.076417 0.018399
2 3 0.018632 0.038541 0.846648 0.073418 0.022761
2 3 0.007197 0.016914 0.768564 0.186010 0.021314
2 3 0.008579 0.020287 0.924374 0.036336 0.010424
2 3 0.022382 0.052622 0.597703 0.220881 0.106412
2 3 0.015931 0.033299 0.784772 0.137481 0.028518
2 3 0.021003 0.041427 0.712530 0.186257 0.038783
2 3 0.017018 0.033006 0.526201 0.374408 0.049367
2 3 0.018343 0.036519 0.665205 0.239117 0.040816
2 3 0.011148 0.024914 0.845535 0.098612 0.019792
2 3 0.015664 0.031992 0.671563 0.243100 0.037680
2 3 0.008743 0.019437 0.655501 0.286716 0.029604
2 2 0.034001 0.061870 0.626941 0.218903 0.058285
2 2 0.023560 0.047597 0.753089 0.135508 0.040245
2 2 0.018963 0.039074 0.840974 0.077394 0.023596
2 2 0.010068 0.021985 0.670088 0.266980 0.030879
2 2 0.025711 0.047365 0.564617 0.306265 0.056041
2 2 0.018704 0.036107 0.559247 0.336708 0.049234
2 3 0.006269 0.015099 0.785184 0.174346 0.019103
