0 0 0.710822 0.121902 0.036131 0.004665 0.126480
0 0 0.424410 0.357853 0.070800 0.008431 0.138506
0 0 0.634591 0.187810 0.056101 0.005186 0.116312
0 0 0.880113 0.030113 0.018292 0.001773 0.069709
0 0 0.891025 0.020684 0.010527 0.001562 0.076202
0 0 0.882993 0.034967 0.011239 0.001125 0.069676
0 0 0.786164 0.102375 0.021624 0.001784 0.088052
0 0 0.882454 0.033126 0.011433 0.001225 0.071762
0 0 0.947684 0.009303 0.003711 0.000341 0.038960
0 0 0.927521 0.003727 0.004838 0.001366 0.062548
0 0 0.811123 0.080948 0.019471 0.001748 0.086710
0 0 0.467356 0.348085 0.057763 0.005477 0.121318
0 0 0.447862 0.377128 0.056207 0.004859 0.113944
1 0 0.150834 0.651919 0.095164 0.004488 0.097596
1 0 0.162308 0.617687 0.103495 0.006268 0.110242
1 0 0.191319 0.586880 0.097718 0.008753 0.115331
0 0 0.598498 0.126578 0.145011 0.013755 0.116158
0 0 0.838353 0.031174 0.044734 0.004612 0.081127
0 0 0.757756 0.072895 0.047160 0.006083 0.116106
0 0 0.952244 0.003697 0.002918 0.000466 0.040675
0 0 0.869117 0.013389 0.012840 0.003537 0.101117
0 0 0.512892 0.293309 0.057111 0.006095 0.130593
0 0 0.632883 0.207315 0.040506 0.003805 0.115492
0 0 0.754482 0.098962 0.031053 0.003602 0.111901
0 1 0.848138 0.075592 0.012884 0.000763 0.062623
1 1 0.227341 0.549045 0.091571 0.011526 0.120517
1 1 0.189591 0.614097 0.086860 0.006892 0.102560
1 1 0.157628 0.545152 0.140413 0.010731 0.146075
1 0 0.123610 0.613634 0.135580 0.005259 0.121917
1 0 0.186639 0.536177 0.122504 0.012908 0.141772
0 0 0.868872 0.026084 0.013686 0.002233 0.089125
0 0 0.801504 0.065939 0.023179 0.003051 0.106327
0 0 0.842136 0.039901 0.017604 0.002630 0.097729
0 0 0.821689 0.054571 0.020311 0.002712 0.100718
0 0 0.789429 0.090380 0.022713 0.002213 0.095264
0 1 0.611447 0.253375 0.035834 0.002470 0.096874
1 1 0.130162 0.675979 0.098151 0.003312 0.092396
1 1 0.145401 0.660143 0.094977 0.004087 0.095392
1 1 0.123942 0.613822 0.135201 0.005264 0.121772
1 2 0.065458 0.458699 0.334087 0.004540 0.137216
1 2 0.067360 0.502572 0.272707 0.004721 0.152639
2 2 0.048015 0.331078 0.490539 0.004605 0.125762
1 2 0.076036 0.580868 0.201617 0.003797 0.137682
1 2 0.082164 0.561864 0.214112 0.004369 0.137491
1 2 0.086191 0.474032 0.291607 0.006254 0.141915
1 2 0.064121 0.406924 0.398753 0.004712 0.125489
1 2 0.081347 0.492406 0.286388 0.005136 0.134723
2 2 0.074257 0.347599 0.457503 0.006285 0.114357
2 2 0.054843 0.167204 0.701277 0.006891 0.069784
1 2 0.074537 0.463670 0.321182 0.005117 0.135493
2 2 0.031644 0.087318 0.832443 0.005125 0.043469
2 2 0.028268 0.095860 0.830907 0.003632 0.041334
2 2 0.040509 0.105620 0.797494 0.006222 0.050154
2 2 0.049513 0.196989 0.661859 0.006250 0.085389
2 0 0.071373 0.195612 0.638113 0.009697 0.085205
1 1 0.197677 0.439436 0.151148 0.026846 0.184893
1 2 0.079812 0.508942 0.236786 0.006447 0.168013
1 2 0.095285 0.435250 0.281780 0.010819 0.176866
1 2 0.076553 0.560584 0.212513 0.004375 0.145975
2 2 0.052778 0.141272 0.707458 0.011500 0.086992
2 2 0.052187 0.197929 0.656820 0.006704 0.086360
2 1 0.068929 0.327584 0.471793 0.007082 0.124611
1 2 0.075732 0.432474 0.332868 0.006788 0.152137
2 1 0.040579 0.174997 0.710700 0.004459 0.069265
1 2 0.294455 0.294920 0.211822 0.024546 0.174258
1 2 0.096525 0.463142 0.238737 0.011058 0.190538
2 2 0.079664 0.295062 0.423384 0.016869 0.185021
2 2 0.050477 0.214444 0.645616 0.005488 0.083975
1 2 0.075241 0.388714 0.360861 0.008944 0.166240
2 2 0.050332 0.260202 0.553135 0.007290 0.129043
2 2 0.061555 0.171451 0.645197 0.013757 0.108041
2 2 0.054251 0.311435 0.493952 0.006366 0.133995
2 2 0.058832 0.217722 0.622474 0.007437 0.093536
2 2 0.037144 0.108146 0.794448 0.006025 0.054237
2 2 0.064449 0.261079 0.556647 0.007817 0.110008
1 2 0.061785 0.414196 0.379375 0.005072 0.139572
2 1 0.052898 0.166973 0.704713 0.006505 0.068911
2 2 0.044771 0.162914 0.706951 0.006647 0.078717
2 2 0.048202 0.183488 0.681474 0.006241 0.080595
2 2 0.051506 0.190839 0.667691 0.006648 0.083315
2 2 0.036580 0.096050 0.816797 0.005517 0.045056
2 2 0.045217 0.097305 0.787569 0.010182 0.059727
2 2 0.034901 0.126132 0.761901 0.006341 0.070725
2 2 0.033256 0.064567 0.851298 0.008372 0.042507
1 2 0.084676 0.468825 0.307397 0.005725 0.133376
2 2 0.058075 0.068965 0.781223 0.042596 0.049141
2 2 0.076227 0.155243 0.641058 0.028755 0.098716
2 2 0.043100 0.116158 0.770741 0.007758 0.062243
2 2 0.056641 0.047755 0.711761 0.138084 0.045759
3 2 0.065330 0.030376 0.362849 0.506237 0.035207
2 2 0.052435 0.336547 0.454557 0.006338 0.150123
2 2 0.025895 0.069323 0.851351 0.006410 0.047021
2 2 0.032391 0.091289 0.813787 0.006882 0.055651
2 1 0.045979 0.043539 0.797090 0.074042 0.039351
2 2 0.057642 0.176878 0.651137 0.011371 0.102972
2 2 0.065705 0.151682 0.657952 0.024069 0.100592
2 2 0.052845 0.058790 0.791385 0.046739 0.050241
2 2 0.046911 0.139464 0.729223 0.008484 0.075919
2 2 0.062723 0.146972 0.662974 0.025994 0.101337
2 2 0.049087 0.099756 0.773969 0.013092 0.064095
2 1 0.059810 0.142332 0.710084 0.011101 0.076674
2 2 0.060841 0.073360 0.786286 0.027733 0.051780
2 2 0.055571 0.133711 0.718148 0.011984 0.080586
2 2 0.067022 0.121248 0.714800 0.018660 0.078271
2 2 0.024201 0.069279 0.869098 0.003763 0.033659
2 2 0.053464 0.025388 0.700587 0.196300 0.024261
2 2 0.044817 0.073108 0.811190 0.020429 0.050455
2 2 0.043869 0.114480 0.768479 0.008527 0.064644
2 2 0.035189 0.049428 0.857447 0.022563 0.035373
2 2 0.046507 0.074617 0.802987 0.023672 0.052217
2 2 0.059908 0.044504 0.667852 0.184096 0.043639
2 2 0.037723 0.041236 0.867205 0.023468 0.030368
2 2 0.052485 0.037856 0.788177 0.087148 0.034335
2 2 0.053806 0.048916 0.770971 0.079423 0.046884
2 2 0.061319 0.134736 0.674620 0.029780 0.099545
2 2 0.062338 0.126207 0.706721 0.019447 0.085287
2 2 0.053095 0.082329 0.775251 0.031523 0.057802
2 2 0.049679 0.122066 0.760538 0.008031 0.059685
2 2 0.041915 0.099171 0.791407 0.008828 0.058678
2 2 0.037969 0.143523 0.757442 0.004267 0.056798
2 2 0.050457 0.219338 0.640018 0.005371 0.084815
1 2 0.077257 0.392309 0.382209 0.007271 0.140954
2 2 0.022376 0.027133 0.918964 0.011526 0.020001
2 2 0.062554 0.196179 0.622934 0.011267 0.107066
2 2 0.035956 0.075069 0.835905 0.007911 0.045160
2 2 0.053338 0.110869 0.753325 0.013268 0.069200
2 2 0.048769 0.106931 0.771645 0.010229 0.062425
2 2 0.048249 0.215755 0.650345 0.004889 0.080762
2 2 0.032463 0.063993 0.860152 0.006745 0.036648
2 2 0.047910 0.170667 0.692090 0.007114 0.082219
1 2 0.073352 0.440009 0.362834 0.004572 0.119233
2 2 0.085853 0.169535 0.642633 0.015353 0.086626
2 2 0.058478 0.233433 0.606158 0.006792 0.095140
2 2 0.049015 0.121985 0.752290 0.009329 0.067381
2 2 0.067391 0.147425 0.690748 0.013116 0.081320
2 1 0.069867 0.280169 0.532002 0.007738 0.110224
1 2 0.073537 0.491923 0.268085 0.005800 0.160654
2 2 0.029777 0.074083 0.852727 0.005159 0.038254
2 2 0.061084 0.338684 0.483616 0.005024 0.111592
2 2 0.048712 0.139046 0.726721 0.009006 0.076516
2 2 0.063710 0.379516 0.422580 0.005390 0.128804
1 2 0.062633 0.422860 0.400570 0.003628 0.110310
2 2 0.056550 0.333238 0.507551 0.003979 0.098682
2 2 0.053800 0.205232 0.647648 0.006610 0.086710
2 2 0.039723 0.177234 0.713526 0.003958 0.065559
2 0 0.083482 0.236215 0.559613 0.012142 0.108548
0 1 0.578538 0.168758 0.099054 0.012400 0.141249
1 1 0.171222 0.517692 0.141656 0.013939 0.155490
1 1 0.111703 0.541822 0.183097 0.007849 0.155529
1 2 0.088350 0.520792 0.219718 0.006810 0.164331
1 0 0.060637 0.452886 0.321985 0.005181 0.159311
1 0 0.166549 0.603327 0.107192 0.007158 0.115774
0 0 0.726805 0.101378 0.035263 0.005196 0.131358
0 0 0.768812 0.049329 0.031609 0.007288 0.142962
1 1 0.198831 0.632521 0.073013 0.005823 0.089813
1 1 0.187909 0.592325 0.097573 0.008305 0.113887
1 0 0.104515 0.618179 0.150388 0.004298 0.122621
1 0 0.151464 0.678540 0.081607 0.003511 0.084877
1 1 0.137505 0.572299 0.144298 0.007852 0.138046
1 1 0.066501 0.512526 0.253262 0.004926 0.162785
2 1 0.054485 0.309855 0.528523 0.004490 0.102646
2 1 0.064731 0.347842 0.474363 0.004947 0.108118
1 1 0.101125 0.508084 0.255314 0.005998 0.129478
2 1 0.116820 0.357847 0.402184 0.010103 0.113046
2 1 0.058236 0.190253 0.684497 0.005153 0.061862
2 1 0.071068 0.363040 0.470752 0.004097 0.091043
1 1 0.075438 0.497534 0.316664 0.003381 0.106982
1 1 0.071446 0.413765 0.405684 0.004097 0.105008
1 2 0.080743 0.441243 0.368434 0.004305 0.105274
1 2 0.083605 0.543322 0.252333 0.003768 0.116972
2 1 0.059935 0.393135 0.442378 0.003421 0.101131
2 1 0.061988 0.163464 0.701779 0.007524 0.065246
1 0 0.071088 0.516132 0.303852 0.002943 0.105985
1 1 0.155326 0.426158 0.289623 0.011412 0.117482
2 0 0.123679 0.236232 0.512327 0.019290 0.108472
1 1 0.213351 0.522524 0.113862 0.014787 0.135475
1 1 0.087810 0.607329 0.173173 0.003805 0.127883
1 1 0.071594 0.482006 0.313431 0.004288 0.128681
1 1 0.121228 0.466776 0.292099 0.007018 0.112879
1 1 0.104478 0.649204 0.133595 0.003411 0.109311
1 1 0.094484 0.560150 0.205315 0.005050 0.135001
1 0 0.093258 0.543785 0.253685 0.003723 0.105549
0 0 0.728834 0.084497 0.064988 0.007352 0.114328
0 0 0.834452 0.017576 0.018004 0.005753 0.124217
0 0 0.891653 0.033225 0.010026 0.000921 0.064175
0 0 0.841994 0.024412 0.020776 0.005738 0.107080
0 0 0.659669 0.071460 0.108160 0.025627 0.135084
0 0 0.577942 0.252516 0.046365 0.004346 0.118831
0 0 0.863675 0.044075 0.013704 0.001403 0.077143
0 0 0.742157 0.061974 0.080076 0.008898 0.106895
0 0 0.440251 0.384136 0.056889 0.004924 0.113800
1 4 0.409485 0.464574 0.042449 0.002265 0.081228
0 4 0.642833 0.164637 0.046530 0.006259 0.139742
1 4 0.256130 0.438760 0.119093 0.018487 0.167531
0 4 0.353970 0.350918 0.100366 0.018830 0.175915
0 4 0.395999 0.296356 0.098241 0.020377 0.189027
0 4 0.507446 0.142026 0.088420 0.029635 0.232473
0 4 0.345474 0.323721 0.111016 0.025230 0.194559
1 4 0.151060 0.495910 0.167454 0.014600 0.170977
1 4 0.136346 0.560652 0.150875 0.008468 0.143660
1 4 0.125927 0.533858 0.173091 0.009426 0.157698
1 4 0.175934 0.496081 0.146876 0.016586 0.164523
1 4 0.202477 0.364489 0.182128 0.024861 0.226046
0 4 0.595446 0.074666 0.067667 0.028680 0.233541
0 4 0.509084 0.158466 0.086168 0.025416 0.220866
1 4 0.157101 0.384449 0.233508 0.027435 0.197506
0 4 0.729671 0.054494 0.038153 0.010691 0.166991
0 4 0.501318 0.143462 0.090076 0.030642 0.234503
0 4 0.306726 0.235078 0.143919 0.060031 0.254246
0 1 0.612449 0.121427 0.061352 0.014974 0.189798
1 4 0.194160 0.578670 0.099409 0.009423 0.118338
0 4 0.666753 0.061344 0.051289 0.018449 0.202165
0 4 0.517487 0.129211 0.086581 0.030695 0.236027
0 4 0.375202 0.254865 0.115173 0.033135 0.221624
0 4 0.522140 0.104594 0.086300 0.036744 0.250222
1 4 0.130695 0.490667 0.188522 0.013106 0.177010
1 4 0.122155 0.570521 0.158681 0.007096 0.141548
1 4 0.132581 0.577037 0.146199 0.007339 0.136844
1 4 0.249299 0.397682 0.138398 0.022074 0.192547
1 4 0.079824 0.502908 0.239997 0.006703 0.170569
1 4 0.097844 0.562888 0.186662 0.005852 0.146754
1 4 0.092924 0.531543 0.208655 0.006764 0.160114
1 4 0.081963 0.554904 0.209032 0.004959 0.149141
1 4 0.092668 0.546135 0.201250 0.006126 0.153822
1 2 0.079268 0.546480 0.217008 0.005018 0.152227
2 2 0.061229 0.308634 0.513513 0.005756 0.110868
1 1 0.084837 0.421724 0.371531 0.005600 0.116309
1 2 0.069640 0.432418 0.355488 0.005339 0.137114
1 2 0.073422 0.478097 0.322392 0.004157 0.121932
2 2 0.046164 0.198008 0.667994 0.005439 0.082396
1 2 0.080597 0.536808 0.225900 0.005223 0.151473
2 2 0.052587 0.268393 0.591956 0.004023 0.083041
1 2 0.073494 0.472340 0.330044 0.004147 0.119976
2 2 0.057164 0.268126 0.588054 0.004390 0.082266
2 2 0.070692 0.305324 0.530049 0.005130 0.088805
2 2 0.062717 0.265242 0.589365 0.004635 0.078040
2 2 0.057525 0.178374 0.696520 0.005619 0.061962
2 2 0.043825 0.121111 0.769852 0.006807 0.058404
2 2 0.050230 0.268106 0.594888 0.003813 0.082963
2 2 0.057001 0.204670 0.657831 0.005803 0.074695
2 1 0.042858 0.164924 0.730060 0.004098 0.058059
2 1 0.050153 0.228763 0.634166 0.004787 0.082132
2 2 0.066955 0.228052 0.562645 0.012587 0.129761
2 2 0.041814 0.119544 0.779531 0.005804 0.053307
2 2 0.052610 0.188665 0.684344 0.005371 0.069010
2 2 0.062165 0.344126 0.484702 0.004574 0.104433
2 2 0.043999 0.200397 0.681668 0.004036 0.069900
2 2 0.064876 0.128046 0.709103 0.015788 0.082188
2 1 0.042460 0.104661 0.782153 0.008867 0.061860
2 2 0.095135 0.325410 0.427918 0.012183 0.139355
2 2 0.054623 0.203018 0.644856 0.007227 0.090276
2 2 0.052105 0.249590 0.609075 0.004566 0.084663
2 2 0.035841 0.126400 0.778633 0.004583 0.054542
2 2 0.044820 0.129392 0.762891 0.006084 0.056812
2 2 0.053162 0.209313 0.645246 0.006256 0.086023
2 2 0.042523 0.194034 0.685330 0.004379 0.073733
2 1 0.057784 0.177613 0.674212 0.008326 0.082064
2 2 0.057259 0.240436 0.600556 0.006355 0.095393
2 2 0.056843 0.330805 0.513495 0.003845 0.095013
2 2 0.068052 0.199015 0.617206 0.011706 0.104021
2 2 0.049184 0.179726 0.680786 0.006910 0.083394
2 2 0.046000 0.187280 0.692627 0.004674 0.069419
2 2 0.054262 0.223799 0.638585 0.005088 0.078266
2 2 0.038145 0.140319 0.765932 0.003908 0.051696
2 2 0.055549 0.110338 0.760119 0.011908 0.062086
2 2 0.041649 0.098327 0.795440 0.008375 0.056210
2 2 0.040872 0.143665 0.747286 0.005331 0.062846
2 2 0.079621 0.117579 0.670547 0.046363 0.085890
2 2 0.036405 0.126848 0.760593 0.006475 0.069680
2 2 0.049658 0.072956 0.783409 0.036859 0.057119
2 2 0.068997 0.330894 0.468211 0.007004 0.124894
2 2 0.038233 0.091506 0.798738 0.009697 0.061827
2 2 0.051625 0.043545 0.778954 0.084895 0.040982
2 2 0.054811 0.043497 0.752738 0.109131 0.039823
2 0 0.091907 0.097574 0.621494 0.102929 0.086096
2 1 0.088196 0.098752 0.699104 0.041840 0.072109
1 1 0.066211 0.381593 0.355438 0.009314 0.187443
2 2 0.071772 0.180887 0.632409 0.013873 0.101059
2 0 0.096401 0.202391 0.589785 0.015429 0.095994
2 1 0.198993 0.225750 0.389822 0.049350 0.136085
1 2 0.103769 0.536407 0.194085 0.007480 0.158258
1 2 0.068569 0.479118 0.280184 0.005827 0.166302
1 1 0.098066 0.383837 0.365929 0.010072 0.142096
2 2 0.133795 0.296987 0.450870 0.014124 0.104225
2 1 0.069479 0.397941 0.409332 0.004947 0.118301
2 2 0.079514 0.374565 0.433706 0.005530 0.106685
2 1 0.084791 0.277219 0.528935 0.008701 0.100354
2 2 0.127391 0.293274 0.467576 0.012684 0.099074
2 1 0.063926 0.238691 0.597221 0.007079 0.093083
2 1 0.087778 0.230074 0.578881 0.010790 0.092477
1 2 0.085041 0.595222 0.182991 0.003975 0.132771
2 1 0.071734 0.262279 0.570075 0.006633 0.089278
2 1 0.066920 0.276992 0.563599 0.005432 0.087057
2 1 0.076998 0.376206 0.443283 0.004762 0.098752
2 1 0.090262 0.241456 0.553557 0.011953 0.102773
1 2 0.075053 0.535967 0.233585 0.004776 0.150618
2 1 0.059134 0.305732 0.511412 0.006076 0.117647
1 1 0.074106 0.448759 0.334477 0.005435 0.137222
1 2 0.064367 0.403158 0.387650 0.005533 0.139292
1 0 0.068756 0.431556 0.380568 0.004153 0.114968
1 1 0.122250 0.558182 0.186559 0.006315 0.126695
1 1 0.106740 0.621377 0.146581 0.004294 0.121009
1 1 0.093608 0.472704 0.302378 0.005856 0.125454
1 1 0.087284 0.526147 0.251005 0.004842 0.130721
1 1 0.146738 0.546348 0.148752 0.010017 0.148145
2 1 0.062299 0.294161 0.534757 0.005726 0.103057
1 1 0.085287 0.469234 0.321548 0.004938 0.118993
1 1 0.087103 0.619275 0.167204 0.003468 0.122949
1 1 0.089624 0.535338 0.245892 0.004558 0.124588
1 1 0.098001 0.451896 0.327046 0.006025 0.117031
1 2 0.101139 0.580088 0.174091 0.005414 0.139269
1 1 0.082996 0.433636 0.343829 0.006291 0.133248
1 1 0.080054 0.528941 0.262179 0.004070 0.124756
1 1 0.105311 0.569324 0.175511 0.006100 0.143754
1 1 0.084145 0.526880 0.233516 0.005573 0.149886
1 1 0.126165 0.431684 0.298972 0.010343 0.132838
1 1 0.135709 0.554787 0.154225 0.008787 0.146493
1 1 0.086433 0.453693 0.309342 0.006825 0.143708
2 1 0.081805 0.367158 0.433827 0.006222 0.110988
1 1 0.090288 0.569818 0.210318 0.004216 0.125359
1 1 0.074333 0.402228 0.400764 0.005220 0.117456
2 1 0.102410 0.348946 0.429633 0.008695 0.110316
2 2 0.057855 0.170119 0.681267 0.008880 0.081879
2 1 0.073154 0.390685 0.430288 0.004391 0.101481
1 0 0.070063 0.451635 0.367026 0.003623 0.107654
1 0 0.107709 0.516699 0.257688 0.005215 0.112690
1 1 0.148918 0.453308 0.253627 0.011637 0.132509
1 1 0.075434 0.567034 0.210256 0.004115 0.143161
2 1 0.098255 0.293513 0.485466 0.010984 0.111782
1 1 0.222142 0.543907 0.096102 0.012952 0.124897
1 0 0.091800 0.574656 0.208445 0.004048 0.121051
0 1 0.416251 0.245776 0.175025 0.021446 0.141501
1 1 0.106611 0.587875 0.164503 0.005443 0.135568
1 1 0.107533 0.424252 0.288958 0.012026 0.167231
1 1 0.086696 0.491156 0.283605 0.005466 0.133077
1 1 0.116563 0.595304 0.151229 0.005678 0.131225
1 1 0.087809 0.478294 0.318790 0.004495 0.110612
1 1 0.091317 0.526776 0.260075 0.004407 0.117425
1 1 0.076968 0.423756 0.379831 0.004856 0.114588
1 0 0.090075 0.580913 0.200694 0.004035 0.124282
1 0 0.200039 0.584362 0.093197 0.009070 0.113333
1 0 0.292436 0.575245 0.050832 0.002974 0.078513
0 0 0.449998 0.339110 0.066692 0.007682 0.136518
0 0 0.587019 0.251420 0.043807 0.003852 0.113903
0 0 0.478123 0.260181 0.091391 0.013141 0.157164
1 0 0.204150 0.634217 0.069134 0.005712 0.086788
0 0 0.704480 0.133054 0.044345 0.004487 0.113633
0 0 0.810090 0.053811 0.022537 0.003438 0.110124
1 1 0.279345 0.504659 0.083240 0.009662 0.123095
1 1 0.352581 0.406035 0.084591 0.011494 0.145299
1 1 0.113444 0.584892 0.159493 0.005943 0.136228
1 1 0.112901 0.611100 0.146357 0.004904 0.124737
1 1 0.131041 0.557905 0.165515 0.007694 0.137844
1 1 0.094324 0.485233 0.269065 0.006880 0.144497
2 2 0.051255 0.216189 0.641034 0.005686 0.085837
2 2 0.086553 0.219581 0.589379 0.011487 0.093000
1 2 0.074819 0.446032 0.342870 0.005213 0.131067
2 2 0.041094 0.091137 0.815526 0.006915 0.045329
2 2 0.066357 0.338743 0.489817 0.004790 0.100292
2 2 0.039825 0.063706 0.841138 0.011598 0.043733
2 2 0.054915 0.294774 0.554296 0.004204 0.091810
2 2 0.048394 0.159199 0.714912 0.006554 0.070941
2 2 0.043768 0.091148 0.797549 0.010237 0.057298
2 2 0.043328 0.199781 0.662876 0.005488 0.088527
2 2 0.039925 0.118600 0.768781 0.007336 0.065357
2 2 0.036393 0.095625 0.803013 0.007654 0.057315
2 2 0.035811 0.071699 0.837853 0.008656 0.045980
2 2 0.047530 0.115150 0.751806 0.012422 0.073091
2 2 0.051822 0.080516 0.766409 0.038645 0.062608
2 2 0.040784 0.059976 0.823719 0.029330 0.046191
2 2 0.043950 0.066224 0.824406 0.020725 0.044695
2 2 0.057740 0.069659 0.765682 0.051019 0.055900
2 2 0.058560 0.093065 0.734532 0.041785 0.072058
2 2 0.042144 0.027107 0.825623 0.081524 0.023602
2 3 0.054817 0.050582 0.765885 0.084143 0.044572
2 3 0.063917 0.034540 0.491849 0.372031 0.037663
2 3 0.058593 0.075858 0.741375 0.063043 0.061132
2 3 0.053203 0.036198 0.729429 0.146789 0.034381
2 3 0.054499 0.032628 0.694425 0.187027 0.031421
2 3 0.065294 0.065181 0.674588 0.133818 0.061120
2 3 0.054089 0.040552 0.699601 0.166822 0.038937
3 3 0.055185 0.023577 0.368074 0.526832 0.026331
3 3 0.063961 0.031343 0.358501 0.509195 0.036999
2 3 0.069139 0.045143 0.537695 0.302912 0.045112
3 3 0.048305 0.024353 0.250662 0.647922 0.028758
3 3 0.043692 0.022824 0.218319 0.688109 0.027055
3 3 0.043712 0.023746 0.204402 0.699485 0.028654
3 3 0.037054 0.019880 0.183103 0.736557 0.023407
3 3 0.046538 0.023958 0.235106 0.665971 0.028427
3 3 0.030237 0.017618 0.134949 0.796104 0.021091
3 3 0.052677 0.026021 0.277218 0.613293 0.030791
3 3 0.027382 0.015668 0.128433 0.810109 0.018408
3 3 0.060220 0.030629 0.292364 0.579422 0.037366
3 3 0.035264 0.021144 0.145484 0.772033 0.026075
3 3 0.026533 0.015097 0.126414 0.814324 0.017632
3 3 0.030641 0.017897 0.135838 0.794144 0.021480
3 3 0.034841 0.020843 0.144641 0.774031 0.025644
3 3 0.028309 0.016297 0.130595 0.805532 0.019267
3 3 0.017821 0.009453 0.102943 0.859517 0.010266
3 3 0.033960 0.020218 0.142856 0.778215 0.024751
3 3 0.018157 0.009662 0.103958 0.857695 0.010528
3 3 0.024012 0.013420 0.120163 0.827020 0.015385
3 3 0.024781 0.013928 0.122110 0.823121 0.016061
3 3 0.030293 0.017657 0.135074 0.795831 0.021145
3 3 0.019666 0.010611 0.108393 0.849599 0.011730
3 3 0.021926 0.012059 0.114686 0.837732 0.013596
3 3 0.026849 0.015309 0.127171 0.812751 0.017920
3 3 0.024674 0.013857 0.121843 0.823659 0.015967
3 3 0.032509 0.019197 0.139849 0.785142 0.023303
3 3 0.017042 0.008970 0.100548 0.863776 0.009664
3 3 0.015719 0.008160 0.096340 0.871115 0.008666
3 3 0.022884 0.012681 0.117239 0.832785 0.014410
3 3 0.024397 0.013674 0.121142 0.825065 0.015722
3 3 0.020345 0.011043 0.110327 0.846002 0.012283
3 3 0.027130 0.015499 0.127839 0.811355 0.018177
3 3 0.021911 0.012049 0.114645 0.837813 0.013583
3 3 0.019747 0.010663 0.108626 0.849169 0.011795
3 3 0.021960 0.012080 0.114777 0.837558 0.013624
3 3 0.033134 0.019636 0.141156 0.782151 0.023924
3 3 0.023734 0.013237 0.119450 0.828437 0.015143
3 3 0.023001 0.012757 0.117546 0.832186 0.014510
3 3 0.024224 0.013559 0.120704 0.825942 0.015571
3 3 0.022008 0.012111 0.114905 0.837311 0.013664
3 3 0.020409 0.011084 0.110505 0.845667 0.012335
3 3 0.023445 0.013048 0.118704 0.829911 0.014893
3 3 0.034162 0.020361 0.143269 0.777252 0.024955
3 3 0.022376 0.012350 0.115894 0.835403 0.013977
3 3 0.026063 0.014781 0.125276 0.816673 0.017206
3 3 0.026045 0.014770 0.125234 0.816761 0.017191
3 3 0.021540 0.011809 0.113638 0.839742 0.013271
3 3 0.017738 0.009401 0.102690 0.859969 0.010201
3 3 0.021716 0.011922 0.114116 0.838827 0.013419
3 3 0.024473 0.013724 0.121336 0.824677 0.015790
3 3 0.029685 0.017238 0.133722 0.798791 0.020564
3 3 0.021073 0.011508 0.112355 0.842182 0.012882
3 3 0.018843 0.010092 0.106000 0.853994 0.011070
3 3 0.028883 0.016688 0.131911 0.802713 0.019805
3 3 0.025418 0.014351 0.123697 0.819906 0.016628
3 3 0.021311 0.011662 0.113012 0.840936 0.013080
3 3 0.022125 0.012187 0.115221 0.836702 0.013764
3 3 0.014833 0.007625 0.093413 0.876114 0.008015
3 3 0.019734 0.010654 0.108588 0.849240 0.011785
3 3 0.015857 0.008244 0.096786 0.870345 0.008768
3 3 0.018389 0.009807 0.104654 0.856438 0.010711
3 3 0.019585 0.010560 0.108161 0.850029 0.011665
3 3 0.018497 0.009875 0.104976 0.855856 0.010796
3 3 0.017156 0.009041 0.100903 0.863148 0.009752
3 3 0.024954 0.014043 0.122545 0.822244 0.016215
3 3 0.024431 0.013696 0.121229 0.824891 0.015753
3 3 0.021641 0.011874 0.113912 0.839217 0.013356
3 3 0.023970 0.013392 0.120055 0.827234 0.015349
3 3 0.021823 0.011992 0.114408 0.838268 0.013509
3 3 0.021760 0.011951 0.114237 0.838595 0.013456
3 3 0.027098 0.015477 0.127762 0.811517 0.018147
3 3 0.024705 0.013877 0.121920 0.823503 0.015994
3 3 0.016675 0.008744 0.099399 0.865798 0.009384
3 3 0.026105 0.014809 0.125379 0.816463 0.017244
3 3 0.023057 0.012794 0.117694 0.831896 0.014559
3 3 0.018201 0.009690 0.104092 0.857453 0.010563
3 3 0.018658 0.009976 0.105453 0.854989 0.010923
3 3 0.023792 0.013275 0.119599 0.828141 0.015193
3 3 0.023978 0.013398 0.120078 0.827189 0.015356
3 3 0.012594 0.006297 0.085575 0.889102 0.006432
3 3 0.017446 0.009220 0.101796 0.861564 0.009974
3 3 0.026600 0.015142 0.126575 0.813990 0.017693
3 3 0.025071 0.014120 0.122837 0.821653 0.016319
3 3 0.018627 0.009956 0.105361 0.855157 0.010899
3 3 0.021007 0.011466 0.112173 0.842526 0.012827
3 3 0.023907 0.013351 0.119896 0.827552 0.015294
3 0 0.010672 0.005190 0.078249 0.900738 0.005151
0 0 0.264040 0.167399 0.201418 0.166318 0.200825
0 2 0.349889 0.122951 0.292981 0.072952 0.161226
1 2 0.195057 0.268527 0.208329 0.105825 0.222262
2 1 0.141487 0.304025 0.363267 0.026999 0.164222
1 1 0.112495 0.467758 0.220677 0.012667 0.186402
1 0 0.102972 0.529768 0.198320 0.007746 0.161194
1 0 0.127529 0.364285 0.275458 0.024944 0.207784
0 1 0.351599 0.291691 0.116746 0.029586 0.210379
1 1 0.083474 0.447967 0.263251 0.010126 0.195181
1 1 0.078922 0.455114 0.324426 0.005654 0.135884
1 1 0.113075 0.557543 0.173818 0.007154 0.148410
1 1 0.106808 0.608659 0.153312 0.004710 0.126511
1 1 0.108067 0.593970 0.159885 0.005294 0.132784
1 1 0.083659 0.614595 0.173562 0.003413 0.124772
1 1 0.075856 0.594734 0.194759 0.003422 0.131228
1 1 0.112860 0.663899 0.118318 0.003273 0.101650
1 1 0.109997 0.541756 0.215984 0.005817 0.126447
1 1 0.082218 0.582903 0.215862 0.003272 0.115745
1 1 0.106722 0.505616 0.247241 0.006727 0.133694
1 1 0.105833 0.629633 0.142981 0.004005 0.117548
1 2 0.107877 0.544436 0.194996 0.006851 0.145840
1 2 0.118281 0.611035 0.141559 0.005140 0.123985
1 2 0.083792 0.580970 0.203889 0.003836 0.127513
1 2 0.120342 0.596795 0.151729 0.005534 0.125601
1 2 0.153064 0.630570 0.103967 0.005439 0.106960
1 1 0.121545 0.383851 0.367594 0.009970 0.117040
1 1 0.111876 0.618395 0.143448 0.004607 0.121674
1 1 0.134897 0.555712 0.154493 0.008680 0.146217
1 1 0.155687 0.565832 0.154595 0.007349 0.116537
1 1 0.098428 0.563606 0.210241 0.004631 0.123093
1 1 0.087609 0.559491 0.232923 0.003774 0.116204
1 1 0.089006 0.487832 0.265117 0.006781 0.151264
2 1 0.088204 0.363493 0.428027 0.007091 0.113185
1 1 0.107471 0.431367 0.357004 0.005703 0.098455
1 1 0.121008 0.617447 0.135859 0.005010 0.120676
1 1 0.085021 0.581539 0.208453 0.003643 0.121345
1 1 0.068450 0.464468 0.348724 0.003679 0.114678
1 1 0.078370 0.551956 0.249573 0.003397 0.116703
1 1 0.071742 0.496126 0.306983 0.003798 0.121352
1 1 0.072334 0.447464 0.359693 0.004236 0.116273
2 1 0.108111 0.330591 0.434923 0.010734 0.115641
1 1 0.059554 0.419108 0.397427 0.003886 0.120026
1 1 0.069286 0.438362 0.390378 0.003323 0.098651
1 2 0.071130 0.441503 0.356434 0.004738 0.126196
2 1 0.060988 0.300918 0.533568 0.005134 0.099391
1 1 0.096008 0.446858 0.287910 0.009156 0.160069
2 1 0.075006 0.311042 0.494626 0.007328 0.111998
2 1 0.072959 0.326990 0.499621 0.005266 0.095164
1 1 0.088324 0.566089 0.195434 0.005062 0.145092
1 1 0.124255 0.618161 0.132712 0.005107 0.119765
1 1 0.074270 0.527870 0.275697 0.003491 0.118672
1 1 0.104090 0.634017 0.142222 0.003810 0.115861
1 1 0.094748 0.487635 0.297218 0.005054 0.115346
1 1 0.088546 0.584787 0.205276 0.003638 0.117753
1 1 0.147813 0.620240 0.112855 0.005787 0.113304
1 1 0.113422 0.575194 0.164498 0.006357 0.140529
1 1 0.106607 0.655074 0.128490 0.003327 0.106501
1 1 0.092659 0.462200 0.318773 0.005681 0.120687
1 1 0.070538 0.420947 0.388420 0.004480 0.115614
1 1 0.090738 0.578051 0.193848 0.004491 0.132872
1 1 0.099386 0.608394 0.160651 0.004361 0.127209
1 1 0.080194 0.550306 0.248537 0.003536 0.117425
1 1 0.141369 0.568607 0.146765 0.007972 0.135287
1 1 0.085680 0.557132 0.204421 0.005124 0.147644
1 1 0.112643 0.661009 0.120054 0.003344 0.102948
1 1 0.114956 0.549549 0.189054 0.006859 0.139581
1 1 0.104820 0.630578 0.145392 0.003851 0.115360
1 1 0.082212 0.422545 0.374140 0.005345 0.115757
1 1 0.171480 0.676442 0.069592 0.003694 0.078791
1 0 0.114462 0.671428 0.112937 0.003116 0.098057
0 1 0.592977 0.184842 0.097710 0.008495 0.115976
1 1 0.121452 0.630302 0.128823 0.004560 0.114863
1 2 0.075281 0.474840 0.261128 0.007420 0.181331
1 2 0.067816 0.522816 0.260266 0.004176 0.144927
1 2 0.086890 0.510573 0.265460 0.005108 0.131969
2 2 0.047821 0.212807 0.641145 0.005924 0.092303
2 4 0.062076 0.340856 0.451971 0.006787 0.138309
1 4 0.104216 0.556070 0.183516 0.006594 0.149604
0 4 0.356491 0.260917 0.120973 0.036366 0.225254
1 4 0.156923 0.448998 0.184645 0.016357 0.193077
0 4 0.474010 0.183075 0.093681 0.027147 0.222088
0 4 0.338042 0.195705 0.148230 0.039326 0.278697
0 4 0.354417 0.314794 0.109710 0.025073 0.196006
0 4 0.766632 0.020090 0.028193 0.013536 0.171550
0 4 0.439994 0.231316 0.096706 0.023986 0.207998
0 4 0.497549 0.113009 0.092806 0.040487 0.256150
0 4 0.393479 0.180642 0.120016 0.048653 0.257211
0 4 0.606657 0.071676 0.064960 0.027150 0.229557
0 4 0.422280 0.221949 0.104537 0.029664 0.221569
0 4 0.467222 0.147812 0.099796 0.037733 0.247437
0 4 0.592638 0.071732 0.068175 0.030237 0.237218
0 4 0.626625 0.096255 0.059894 0.017415 0.199812
0 4 0.721079 0.034329 0.038423 0.016448 0.189722
0 4 0.474614 0.146739 0.097675 0.036147 0.244826
0 4 0.471537 0.167112 0.096564 0.031455 0.233331
0 4 0.721489 0.040396 0.039089 0.014750 0.184275
0 4 0.814450 0.018311 0.020904 0.007666 0.138669
0 4 0.326553 0.321401 0.119204 0.029944 0.202898
1 4 0.242428 0.302862 0.175215 0.031013 0.248481
0 4 0.606810 0.064759 0.064517 0.029296 0.234618
0 4 0.672301 0.054133 0.049782 0.019323 0.204461
0 4 0.620014 0.080766 0.062018 0.021996 0.215206
0 4 0.478826 0.109423 0.097905 0.047123 0.266723
1 4 0.175476 0.571975 0.115049 0.009468 0.128032
0 4 0.463431 0.148655 0.100867 0.038478 0.248569
0 4 0.499597 0.146597 0.090288 0.030231 0.233286
1 4 0.130902 0.549670 0.160932 0.008795 0.149701
0 4 0.472200 0.160475 0.098209 0.030442 0.238673
1 4 0.297585 0.306371 0.138585 0.033579 0.223881
0 4 0.728194 0.042294 0.038005 0.013305 0.178202
0 4 0.686809 0.048214 0.046422 0.018374 0.200182
0 4 0.676747 0.047471 0.048338 0.020377 0.207068
0 4 0.728276 0.043676 0.038085 0.012986 0.176978
1 4 0.148311 0.536081 0.152119 0.010872 0.152617
0 4 0.285138 0.276629 0.155178 0.035671 0.247384
1 4 0.162421 0.498661 0.156652 0.015276 0.166991
0 2 0.293589 0.285498 0.151020 0.028696 0.241197
1 2 0.127006 0.553234 0.162749 0.008325 0.148686
1 2 0.149211 0.584437 0.128966 0.007696 0.129691
1 2 0.146168 0.589106 0.129146 0.007310 0.128270
1 2 0.114412 0.563889 0.169304 0.006938 0.145457
1 2 0.145785 0.604844 0.121875 0.006469 0.121026
1 2 0.108714 0.563448 0.175129 0.006580 0.146129
1 2 0.089489 0.561738 0.196480 0.005295 0.146999
1 2 0.096158 0.563743 0.188021 0.005700 0.146378
1 2 0.088250 0.550382 0.204048 0.005608 0.151711
1 2 0.085509 0.552983 0.205848 0.005300 0.150359
2 2 0.051887 0.268227 0.559587 0.006109 0.114189
1 2 0.110075 0.503756 0.229149 0.008123 0.148897
2 2 0.063046 0.320810 0.495707 0.005872 0.114566
2 2 0.044264 0.171173 0.695507 0.006487 0.082568
2 2 0.064817 0.264245 0.571569 0.006168 0.093201
2 2 0.043974 0.205266 0.663026 0.004896 0.082839
2 2 0.050787 0.126082 0.759740 0.007223 0.056167
2 2 0.042183 0.197673 0.678423 0.004490 0.077231
2 2 0.061498 0.266949 0.582148 0.004990 0.084416
2 2 0.044603 0.135217 0.763294 0.004999 0.051887
2 2 0.078418 0.326540 0.483499 0.006566 0.104978
2 2 0.045595 0.180959 0.701455 0.004676 0.067315
2 2 0.027841 0.083153 0.848648 0.003760 0.036598
2 2 0.066595 0.267806 0.539848 0.008520 0.117231
2 2 0.082275 0.395303 0.399817 0.005984 0.116620
2 2 0.060445 0.305828 0.534123 0.004658 0.094947
2 2 0.037472 0.122361 0.790613 0.003978 0.045576
2 2 0.046201 0.162053 0.716729 0.005836 0.069181
2 2 0.042702 0.157420 0.733185 0.004782 0.061911
1 2 0.088142 0.411661 0.379377 0.005975 0.114846
1 2 0.066778 0.413847 0.390784 0.004733 0.123859
2 2 0.058031 0.288039 0.551114 0.005062 0.097754
2 2 0.067925 0.349407 0.472997 0.004978 0.104692
2 2 0.069839 0.266732 0.580360 0.005202 0.077867
1 2 0.109932 0.598285 0.163509 0.004838 0.123436
1 2 0.075304 0.503286 0.300332 0.003758 0.117320
2 2 0.065562 0.287760 0.538371 0.006210 0.102097
1 0 0.079054 0.542272 0.260604 0.003441 0.114629
0 2 0.605759 0.120129 0.136475 0.014553 0.123084
1 0 0.128217 0.569261 0.153828 0.007513 0.141181
1 1 0.230453 0.445057 0.127130 0.026599 0.170761
1 1 0.124122 0.586614 0.148845 0.006433 0.133986
1 1 0.076534 0.559111 0.223600 0.004018 0.136736
1 1 0.077179 0.406106 0.371847 0.006704 0.138164
1 1 0.116709 0.520865 0.195030 0.008999 0.158397
1 1 0.081888 0.522926 0.255876 0.004716 0.134593
1 1 0.118443 0.494763 0.228877 0.009098 0.148819
1 1 0.091785 0.582479 0.184608 0.004666 0.136462
1 1 0.089456 0.519541 0.252199 0.005233 0.133571
1 2 0.145380 0.492274 0.203507 0.011521 0.147319
1 0 0.102077 0.582825 0.171682 0.005370 0.138046
1 1 0.137779 0.495316 0.217974 0.009900 0.139031
1 1 0.087121 0.593425 0.181694 0.004145 0.133616
1 1 0.100730 0.437100 0.314137 0.008330 0.139704
1 1 0.129119 0.622008 0.126686 0.005132 0.117055
1 1 0.088515 0.568340 0.195707 0.004923 0.142515
1 1 0.089664 0.576965 0.187982 0.004796 0.140593
2 1 0.097813 0.274791 0.519269 0.010110 0.098016
1 2 0.110015 0.578638 0.166008 0.006007 0.139333
2 1 0.069501 0.371471 0.412223 0.006905 0.139900
1 1 0.123907 0.583432 0.150634 0.006570 0.135457
1 0 0.103985 0.618347 0.150800 0.004269 0.122599
2 0 0.087171 0.189710 0.603022 0.016728 0.103370
1 1 0.114081 0.565279 0.195885 0.005271 0.119484
1 2 0.118821 0.508455 0.192144 0.010505 0.170076
1 2 0.099110 0.500996 0.217125 0.008933 0.173835
1 2 0.096036 0.523280 0.209368 0.007434 0.163882
1 2 0.084574 0.554045 0.206376 0.005190 0.149815
2 2 0.067972 0.335328 0.453704 0.007530 0.135466
1 2 0.079288 0.444362 0.364748 0.004279 0.107323
2 2 0.063904 0.347614 0.477844 0.004742 0.105896
1 2 0.095529 0.599179 0.169567 0.004446 0.131279
2 2 0.057619 0.275527 0.581341 0.004185 0.081328
1 2 0.076711 0.495394 0.294377 0.004478 0.129039
2 2 0.054884 0.264761 0.592131 0.004378 0.083846
2 2 0.052148 0.208514 0.669770 0.004234 0.065334
2 2 0.060282 0.355733 0.488854 0.003510 0.091620
2 2 0.066841 0.361118 0.452312 0.005244 0.114485
2 2 0.069017 0.272276 0.575544 0.004997 0.078166
1 1 0.084718 0.476336 0.324353 0.004318 0.110275
2 1 0.057456 0.289869 0.559529 0.004348 0.088797
1 1 0.077796 0.431503 0.388003 0.003911 0.098788
1 2 0.076771 0.537744 0.262524 0.003559 0.119402
1 2 0.135265 0.456121 0.274194 0.009497 0.124923
2 2 0.043455 0.218274 0.661067 0.003733 0.073470
1 2 0.076586 0.474753 0.323276 0.004371 0.121014
1 2 0.083678 0.522171 0.268877 0.004199 0.121074
2 2 0.075140 0.321204 0.494450 0.006236 0.102969
2 2 0.052257 0.240345 0.624530 0.004380 0.078487
1 2 0.081553 0.408724 0.401607 0.004775 0.103342
2 1 0.062981 0.368202 0.465344 0.003925 0.099549
1 1 0.079798 0.468986 0.342104 0.003867 0.105245
2 2 0.065814 0.381588 0.453017 0.003719 0.095863
2 2 0.065853 0.331021 0.513392 0.003976 0.085757
1 2 0.081573 0.476389 0.319192 0.004542 0.118304
1 2 0.094764 0.409717 0.384755 0.005801 0.104963
2 2 0.079415 0.380227 0.438544 0.004747 0.097066
1 2 0.088041 0.501458 0.276940 0.005138 0.128423
2 2 0.064082 0.307581 0.540194 0.004186 0.083957
2 2 0.079727 0.360148 0.457774 0.005189 0.097163
1 2 0.075188 0.434861 0.373885 0.004385 0.111681
2 1 0.053844 0.292318 0.574130 0.003245 0.076463
1 2 0.076403 0.516644 0.288349 0.003576 0.115028
1 2 0.058278 0.418845 0.412288 0.003257 0.107331
2 2 0.060916 0.320639 0.531122 0.003681 0.083642
2 0 0.075708 0.383673 0.442006 0.004258 0.094356
0 0 0.553856 0.194274 0.116269 0.011215 0.124386
1 1 0.218286 0.506574 0.113294 0.016647 0.145198
1 0 0.125839 0.542297 0.169122 0.008893 0.153850
0 1 0.493401 0.263095 0.085700 0.010909 0.146894
1 0 0.142240 0.500378 0.173366 0.013376 0.170640
0 1 0.601533 0.195705 0.052202 0.006959 0.143601
1 1 0.212614 0.502185 0.118133 0.017843 0.149225
1 1 0.144254 0.529173 0.158712 0.011126 0.156735
1 1 0.122364 0.607313 0.139891 0.005459 0.124972
1 1 0.156301 0.520295 0.173644 0.010669 0.139090
1 1 0.120539 0.561007 0.164918 0.007478 0.146057
1 1 0.107691 0.571280 0.172106 0.006172 0.142751
1 1 0.069829 0.428229 0.335136 0.006711 0.160095
1 1 0.081122 0.481776 0.275749 0.006401 0.154953
1 1 0.102525 0.614923 0.154045 0.004309 0.124198
1 1 0.076220 0.534176 0.245194 0.004425 0.139986
1 1 0.082011 0.540858 0.239720 0.004416 0.132995
1 1 0.123896 0.500819 0.207556 0.010178 0.157551
1 1 0.263383 0.419552 0.119130 0.024793 0.173142
1 1 0.097792 0.601755 0.165853 0.004486 0.130114
1 1 0.108935 0.486505 0.247224 0.008460 0.148876
1 1 0.130965 0.580090 0.146095 0.007098 0.135752
1 1 0.092133 0.604843 0.169980 0.004098 0.128945
1 4 0.114625 0.447391 0.277883 0.010296 0.149805
1 1 0.100564 0.462862 0.277870 0.008413 0.150291
1 1 0.096304 0.595522 0.178708 0.004248 0.125217
1 1 0.083707 0.477276 0.308433 0.005061 0.125523
2 1 0.103858 0.340308 0.452611 0.007568 0.095655
1 1 0.120121 0.589209 0.151116 0.006114 0.133440
1 1 0.115440 0.641173 0.128250 0.004001 0.111136
1 1 0.185330 0.493230 0.150591 0.016337 0.154511
1 1 0.161041 0.569092 0.126948 0.009148 0.133770
1 1 0.131990 0.387502 0.338033 0.012491 0.129985
1 1 0.113697 0.589185 0.172582 0.004936 0.119600
1 1 0.205771 0.507157 0.128423 0.015914 0.142735
1 1 0.175078 0.542470 0.128212 0.011828 0.142413
1 1 0.122910 0.506598 0.224628 0.008243 0.137621
1 1 0.138311 0.615433 0.122558 0.005719 0.117979
0 1 0.387749 0.334334 0.107728 0.012435 0.157755
1 1 0.080097 0.513575 0.263653 0.004877 0.137798
1 1 0.136903 0.545663 0.174031 0.008166 0.135237
1 0 0.075500 0.465719 0.333796 0.004404 0.120580
0 0 0.501906 0.271019 0.087795 0.008983 0.130297
1 1 0.214244 0.588426 0.082762 0.008857 0.105711
1 1 0.199893 0.650534 0.064413 0.004827 0.080334
1 1 0.114411 0.641145 0.129152 0.003968 0.111323
1 1 0.188694 0.631784 0.079509 0.005846 0.094167
1 1 0.139580 0.402246 0.329022 0.011063 0.118090
1 1 0.118524 0.626069 0.133531 0.004604 0.117272
1 1 0.118171 0.624743 0.134528 0.004637 0.117920
1 1 0.122965 0.633655 0.125812 0.004493 0.113074
1 1 0.240951 0.518021 0.097233 0.012237 0.131559
1 1 0.130599 0.638211 0.117240 0.004563 0.109387
1 1 0.166601 0.572127 0.133601 0.008108 0.119563
1 1 0.095348 0.637026 0.148879 0.003390 0.115357
1 1 0.111615 0.602532 0.152035 0.005156 0.128662
1 1 0.166379 0.535800 0.140744 0.011672 0.145406
1 1 0.102503 0.393393 0.371875 0.008471 0.123757
1 1 0.098850 0.639279 0.144260 0.003469 0.114142
1 2 0.089366 0.572665 0.210350 0.004054 0.123565
2 2 0.061083 0.313514 0.530234 0.004279 0.090891
1 2 0.077495 0.559909 0.228326 0.003817 0.130453
2 2 0.065560 0.257856 0.591077 0.005294 0.080213
1 2 0.096478 0.542665 0.248094 0.004047 0.108716
1 2 0.071192 0.481280 0.327321 0.003728 0.116478
1 2 0.077167 0.471901 0.331963 0.004144 0.114825
2 2 0.060905 0.265615 0.599946 0.003833 0.069701
1 2 0.087908 0.474935 0.323116 0.004490 0.109551
1 2 0.098816 0.586552 0.198883 0.003846 0.111901
1 2 0.104261 0.544361 0.234473 0.004613 0.112292
1 2 0.106456 0.647690 0.132640 0.003517 0.109697
1 2 0.103793 0.577222 0.189970 0.004813 0.124201
1 2 0.148558 0.385288 0.326122 0.013908 0.126124
1 1 0.117536 0.381730 0.351237 0.012026 0.137471
2 2 0.231771 0.223379 0.333052 0.069386 0.142412
0 2 0.451975 0.175252 0.159641 0.031965 0.181168
0 2 0.337293 0.246283 0.230298 0.035075 0.151051
3 1 0.275571 0.086230 0.206372 0.301100 0.130726
0 2 0.662625 0.094352 0.079202 0.013460 0.150360
0 2 0.523088 0.169157 0.144521 0.018756 0.144478
0 2 0.299667 0.267414 0.275798 0.029800 0.127321
2 1 0.182069 0.319169 0.341565 0.025114 0.132084
1 2 0.194247 0.503038 0.159370 0.013262 0.130083
2 2 0.191450 0.253459 0.362614 0.044325 0.148153
0 2 0.485361 0.191566 0.175689 0.018421 0.128963
2 2 0.350724 0.054396 0.436934 0.080165 0.077781
0 2 0.334114 0.135761 0.271011 0.100797 0.158317
0 2 0.449250 0.063786 0.200196 0.142052 0.144717
0 2 0.604394 0.066668 0.186348 0.024183 0.118406
0 2 0.529929 0.074107 0.230461 0.034101 0.131403
2 2 0.310112 0.112325 0.392838 0.068415 0.116310
2 2 0.329776 0.092389 0.438730 0.045217 0.093888
0 2 0.369488 0.147764 0.276401 0.051759 0.154587
2 2 0.182632 0.150519 0.355668 0.185064 0.126117
2 2 0.169520 0.202268 0.506538 0.022506 0.099168
0 2 0.308298 0.124499 0.254436 0.156364 0.156403
1 2 0.183943 0.351197 0.298536 0.024251 0.142074
2 2 0.102220 0.207184 0.570662 0.017437 0.102497
1 2 0.182801 0.371734 0.281766 0.020033 0.143667
2 2 0.070994 0.249071 0.583751 0.007074 0.089110
2 2 0.097038 0.124429 0.654795 0.042912 0.080826
2 2 0.103833 0.234193 0.541568 0.015245 0.105160
2 2 0.133785 0.199979 0.549768 0.022482 0.093986
1 2 0.102450 0.497908 0.272987 0.005725 0.120930
0 2 0.365800 0.206327 0.227118 0.039102 0.161654
0 2 0.297994 0.272845 0.260569 0.030716 0.137875
1 0 0.306064 0.370065 0.151964 0.022358 0.149549
0 0 0.487167 0.173899 0.157696 0.023981 0.157256
0 0 0.761230 0.073652 0.030707 0.005093 0.129319
0 0 0.461983 0.123442 0.145208 0.092877 0.176491
0 0 0.745128 0.084025 0.033163 0.005360 0.132324
0 1 0.732598 0.121804 0.030841 0.003309 0.111449
0 1 0.571335 0.202339 0.059895 0.009163 0.157268
0 1 0.437148 0.238926 0.096186 0.023071 0.204669
0 1 0.377776 0.267645 0.180578 0.024849 0.149151
2 1 0.227092 0.202085 0.441242 0.020292 0.109289
1 1 0.154036 0.557957 0.137475 0.009601 0.140931
1 1 0.222251 0.455637 0.128872 0.024572 0.168668
1 2 0.117406 0.536144 0.205595 0.006904 0.133951
1 1 0.127673 0.492313 0.240834 0.008403 0.130778
1 0 0.249953 0.441557 0.138580 0.022272 0.147638
0 1 0.389045 0.384515 0.076502 0.009518 0.140420
1 1 0.337922 0.344590 0.112666 0.022788 0.182034
1 1 0.195437 0.491874 0.135230 0.016459 0.161001
1 1 0.150325 0.537047 0.149998 0.010927 0.151703
1 1 0.143295 0.588069 0.134191 0.007090 0.127355
1 1 0.115836 0.528725 0.185405 0.008923 0.161111
1 1 0.161183 0.542513 0.138778 0.011133 0.146393
1 1 0.163160 0.440085 0.189811 0.021437 0.185508
1 1 0.154400 0.459063 0.220218 0.014354 0.151965
1 1 0.149392 0.490500 0.196469 0.012399 0.151240
1 1 0.169636 0.433362 0.216298 0.019053 0.161650
1 1 0.189452 0.481431 0.148433 0.018573 0.162111
1 2 0.174702 0.384395 0.237763 0.026689 0.176451
1 2 0.209725 0.361968 0.224092 0.034454 0.169761
2 1 0.115893 0.310964 0.389942 0.020370 0.162832
1 1 0.133083 0.472100 0.215578 0.013034 0.166205
1 1 0.154874 0.559487 0.136111 0.009535 0.139992
1 1 0.138579 0.437757 0.253230 0.014114 0.156320
1 1 0.176063 0.587864 0.107558 0.008364 0.120151
1 2 0.146644 0.486416 0.192372 0.013396 0.161173
2 1 0.074692 0.185322 0.627485 0.013606 0.098895
1 1 0.158408 0.488043 0.164422 0.016085 0.173042
1 1 0.145436 0.410548 0.285127 0.014758 0.144130
1 1 0.215781 0.380151 0.231315 0.018735 0.154019
1 2 0.124430 0.402634 0.300879 0.014297 0.157760
2 1 0.164460 0.310512 0.339232 0.029258 0.156537
1 1 0.145807 0.417845 0.281821 0.013931 0.140595
2 1 0.203106 0.234031 0.390338 0.040174 0.132351
1 1 0.144430 0.355891 0.331729 0.019035 0.148915
1 1 0.172484 0.549844 0.126940 0.011085 0.139647
1 2 0.154065 0.462851 0.226378 0.013093 0.143614
1 1 0.117311 0.447797 0.292536 0.009020 0.133335
1 1 0.135080 0.423043 0.292345 0.012109 0.137422
2 1 0.160494 0.326699 0.362771 0.020362 0.129673
0 2 0.379526 0.170713 0.235177 0.052083 0.162500
2 2 0.266417 0.197256 0.350926 0.063154 0.122248
0 1 0.282984 0.257088 0.266840 0.043892 0.149195
1 2 0.280845 0.336823 0.186435 0.033486 0.162410
0 1 0.308142 0.202743 0.273482 0.061938 0.153695
2 1 0.223181 0.191689 0.407872 0.059586 0.117672
0 1 0.440343 0.157202 0.182440 0.045412 0.174604
0 1 0.427585 0.180832 0.190352 0.033600 0.167631
1 1 0.199015 0.343949 0.276058 0.029880 0.151098
1 1 0.299728 0.307208 0.201481 0.032157 0.159426
0 1 0.329141 0.242047 0.220999 0.038595 0.169218
0 2 0.365920 0.268381 0.133820 0.031736 0.200142
0 1 0.509432 0.154338 0.127855 0.029093 0.179281
2 1 0.145792 0.245611 0.463004 0.025377 0.120216
0 1 0.262186 0.250467 0.245829 0.054427 0.187091
2 1 0.181278 0.242172 0.346197 0.066493 0.163860
2 1 0.239848 0.200457 0.308190 0.097021 0.154484
1 2 0.255100 0.312854 0.263599 0.029247 0.139199
1 1 0.242481 0.276530 0.218611 0.064100 0.198279
2 1 0.156822 0.302422 0.345265 0.030845 0.164645
2 4 0.223062 0.251503 0.336028 0.049643 0.139764
2 1 0.151767 0.254593 0.466990 0.021105 0.105545
1 1 0.241957 0.278833 0.236781 0.065709 0.176720
2 1 0.189970 0.161940 0.497980 0.035811 0.114298
1 1 0.188997 0.390539 0.214715 0.028719 0.177031
2 1 0.141998 0.342636 0.356884 0.018225 0.140256
1 1 0.227348 0.341693 0.284142 0.024202 0.122615
0 2 0.346316 0.266528 0.224398 0.026263 0.136495
2 1 0.154840 0.302278 0.381702 0.023779 0.137401
2 1 0.211922 0.310929 0.312423 0.026902 0.137824
2 1 0.232125 0.283791 0.284122 0.048328 0.151634
2 1 0.114256 0.230226 0.523008 0.019354 0.113156
2 1 0.188748 0.242106 0.399932 0.039163 0.130051
2 1 0.102958 0.308987 0.463054 0.011018 0.113983
2 1 0.108284 0.268093 0.485184 0.016012 0.122426
1 2 0.183019 0.502308 0.175233 0.012040 0.127399
2 1 0.131751 0.232136 0.512652 0.020016 0.103445
1 1 0.138767 0.366443 0.362897 0.012814 0.119080
2 1 0.124661 0.352445 0.374390 0.014122 0.134382
1 1 0.160270 0.470452 0.207872 0.013880 0.147526
2 1 0.086213 0.135279 0.655497 0.032980 0.090031
2 1 0.135196 0.287006 0.430935 0.019733 0.127129
1 1 0.150867 0.428846 0.249867 0.015857 0.154564
1 1 0.289197 0.336369 0.218285 0.022089 0.134060
1 1 0.116040 0.438147 0.309771 0.008653 0.127389
0 1 0.300866 0.213516 0.293964 0.054720 0.136934
2 1 0.192304 0.172673 0.353164 0.158278 0.123581
1 1 0.199961 0.352256 0.265951 0.029336 0.152495
1 1 0.230783 0.326346 0.239191 0.036195 0.167485
1 2 0.262845 0.322975 0.224339 0.031351 0.158491
2 2 0.147906 0.180337 0.514243 0.040113 0.117402
2 1 0.240491 0.208594 0.340377 0.064840 0.145698
2 1 0.137773 0.172244 0.568524 0.028726 0.092732
2 1 0.119902 0.336098 0.405191 0.013228 0.125582
2 1 0.245910 0.289494 0.292187 0.035338 0.137070
2 1 0.207938 0.256138 0.361464 0.041510 0.132951
2 1 0.173288 0.286236 0.389250 0.026021 0.125205
2 2 0.203816 0.175834 0.385950 0.113302 0.121099
2 1 0.120656 0.201661 0.545843 0.025632 0.106207
1 1 0.203237 0.388060 0.232238 0.025455 0.151010
1 2 0.201783 0.341094 0.296123 0.023801 0.137199
2 2 0.152838 0.198884 0.493366 0.038219 0.116693
2 1 0.209625 0.162580 0.453624 0.074487 0.099683
2 1 0.114464 0.225879 0.519630 0.021313 0.118714
2 1 0.166582 0.221286 0.447420 0.037593 0.127119
2 1 0.126117 0.200847 0.530269 0.029820 0.112947
2 1 0.113607 0.281311 0.457529 0.017151 0.130401
2 1 0.123583 0.317196 0.439597 0.012126 0.107498
2 1 0.113811 0.179533 0.582638 0.023881 0.100137
1 1 0.124727 0.455935 0.278087 0.009302 0.131950
1 1 0.164725 0.463028 0.214541 0.014154 0.143552
2 2 0.112246 0.216683 0.535769 0.021066 0.114236
2 1 0.184302 0.322132 0.335481 0.025302 0.132784
2 1 0.198374 0.263580 0.344119 0.044177 0.149750
2 1 0.217974 0.256304 0.377392 0.028906 0.119423
2 1 0.235683 0.249977 0.315482 0.056826 0.142031
2 1 0.149854 0.256520 0.458214 0.022520 0.112892
2 2 0.174392 0.122753 0.456039 0.140810 0.106007
2 1 0.168989 0.110093 0.500621 0.137104 0.083192
2 1 0.202020 0.220257 0.379109 0.062878 0.135736
2 2 0.114296 0.328069 0.423452 0.012437 0.121746
2 2 0.147219 0.331810 0.354947 0.020921 0.145103
2 1 0.073409 0.232966 0.611223 0.006550 0.075852
2 1 0.083732 0.294839 0.517913 0.007361 0.096155
1 1 0.099918 0.497710 0.284019 0.005088 0.113265
2 1 0.081924 0.310210 0.481434 0.008735 0.117697
1 1 0.220105 0.277997 0.273137 0.039894 0.188866
1 1 0.118435 0.558129 0.177989 0.006872 0.138575
1 1 0.201410 0.462125 0.149426 0.021812 0.165227
1 1 0.121243 0.590107 0.149650 0.006131 0.132869
0 0 0.400431 0.335865 0.097965 0.013590 0.152149
0 4 0.599817 0.156752 0.078547 0.011766 0.153119
1 4 0.161055 0.540730 0.139668 0.011270 0.147277
1 4 0.250074 0.430345 0.132075 0.011887 0.175619
0 4 0.438222 0.243591 0.094859 0.022003 0.201325
1 4 0.163637 0.412068 0.239706 0.016496 0.168093
0 4 0.425851 0.211706 0.105057 0.031210 0.226176
0 4 0.380302 0.227852 0.118215 0.038592 0.235040
1 4 0.152930 0.306738 0.302735 0.038055 0.199541
0 4 0.401753 0.243666 0.109979 0.024897 0.219706
0 4 0.691879 0.049212 0.045497 0.017253 0.196158
0 4 0.742752 0.045612 0.035446 0.010671 0.165519
0 4 0.620095 0.107908 0.060685 0.016210 0.195102
0 4 0.650966 0.076034 0.054888 0.017694 0.200418
0 4 0.566939 0.109541 0.078173 0.027881 0.217466
0 4 0.508764 0.172790 0.084336 0.022476 0.211634
0 4 0.437962 0.200096 0.102836 0.031157 0.227948
0 4 0.640587 0.107442 0.055533 0.013368 0.183071
0 4 0.661861 0.102918 0.055829 0.011647 0.167744
0 4 0.690334 0.073757 0.046083 0.012356 0.177470
0 4 0.550096 0.190056 0.068792 0.013132 0.177924
1 4 0.259689 0.313252 0.214119 0.027867 0.185073
1 4 0.287191 0.292694 0.148335 0.035685 0.236095
0 0 0.478474 0.186576 0.091741 0.025471 0.217738
1 4 0.283518 0.321898 0.190264 0.032640 0.171680
0 4 0.767016 0.040602 0.030777 0.008698 0.152908
0 4 0.515094 0.140865 0.086310 0.028257 0.229474
0 4 0.659111 0.079034 0.052951 0.015787 0.193116
1 4 0.179954 0.465420 0.155636 0.020910 0.178080
0 4 0.702030 0.046504 0.043305 0.016281 0.191881
1 4 0.145378 0.347187 0.265522 0.031816 0.210098
0 4 0.524915 0.193632 0.075916 0.016108 0.189429
0 0 0.525179 0.214024 0.071898 0.013117 0.175782
1 4 0.257379 0.398497 0.150233 0.028841 0.165051
1 4 0.152803 0.531706 0.150338 0.011508 0.153644
0 4 0.341390 0.261034 0.129763 0.034248 0.233565
1 4 0.244424 0.436785 0.142996 0.015967 0.159829
0 4 0.530335 0.135379 0.082451 0.026379 0.225457
0 4 0.796996 0.019256 0.023573 0.009515 0.150660
0 4 0.764745 0.032723 0.030652 0.010464 0.161416
0 4 0.295117 0.280368 0.141480 0.048244 0.234793
1 4 0.207086 0.404672 0.164000 0.020939 0.203303
0 4 0.397794 0.260958 0.105656 0.026629 0.208964
0 4 0.621066 0.084894 0.061712 0.020808 0.211521
0 4 0.405869 0.281731 0.098060 0.021114 0.193227
1 4 0.188313 0.403074 0.171270 0.031592 0.205750
0 4 0.543862 0.125765 0.079479 0.025901 0.224993
0 4 0.504953 0.231558 0.074773 0.013414 0.175303
1 4 0.196575 0.437043 0.153176 0.026579 0.186628
0 4 0.452408 0.168367 0.102381 0.035738 0.241106
0 4 0.560615 0.125960 0.074853 0.022602 0.215970
0 4 0.364407 0.328030 0.102386 0.020724 0.184453
1 4 0.149807 0.527521 0.154711 0.011648 0.156314
1 4 0.148447 0.520388 0.159047 0.012140 0.159978
1 4 0.121771 0.538371 0.174874 0.008826 0.156157
1 4 0.145769 0.558347 0.144002 0.009142 0.142742
1 4 0.104289 0.589502 0.165928 0.005253 0.135029
1 4 0.153688 0.528828 0.150886 0.011803 0.154796
0 4 0.464106 0.197245 0.094693 0.026115 0.217841
1 0 0.151187 0.506941 0.162598 0.013546 0.165729
0 1 0.369551 0.231667 0.170477 0.037782 0.190523
1 1 0.162667 0.613474 0.105220 0.006499 0.112139
1 1 0.144461 0.558451 0.145038 0.009063 0.142987
1 1 0.166599 0.501707 0.151978 0.015274 0.164441
1 1 0.173433 0.519635 0.139139 0.013878 0.153914
1 1 0.141238 0.547400 0.152921 0.009606 0.148833
1 2 0.136919 0.535624 0.162182 0.010128 0.155147
1 2 0.135343 0.574870 0.144890 0.007598 0.137300
1 2 0.233146 0.343877 0.168367 0.026222 0.228389
1 2 0.106137 0.537919 0.190805 0.007602 0.157537
1 2 0.213848 0.434714 0.152135 0.022062 0.177240
1 1 0.132767 0.515148 0.175441 0.011300 0.165345
1 1 0.120627 0.539287 0.175530 0.008683 0.155872
1 1 0.200401 0.405861 0.159715 0.034228 0.199795
1 1 0.117866 0.442416 0.223059 0.016098 0.200561
1 1 0.173356 0.502631 0.146234 0.015660 0.162119
1 1 0.153742 0.420245 0.198838 0.019458 0.207717
1 2 0.105530 0.568862 0.175529 0.006134 0.143944
1 2 0.159744 0.555711 0.134006 0.010043 0.140497
1 2 0.146739 0.537147 0.152961 0.010689 0.152464
1 2 0.199268 0.538976 0.112640 0.013083 0.136033
1 2 0.107041 0.607848 0.153522 0.004749 0.126840
1 2 0.115376 0.444814 0.275756 0.010797 0.153256
1 2 0.174545 0.479791 0.156343 0.016669 0.172652
1 2 0.162633 0.433789 0.198895 0.021463 0.183220
2 2 0.147636 0.275526 0.441526 0.016514 0.118799
1 2 0.152265 0.630554 0.104555 0.005423 0.107204
1 2 0.114313 0.450297 0.314113 0.007032 0.114245
2 1 0.068996 0.323863 0.489170 0.006223 0.111748
1 1 0.103803 0.484273 0.219906 0.010535 0.181483
2 1 0.116578 0.277594 0.450846 0.019086 0.135896
2 2 0.161658 0.246811 0.412061 0.036138 0.143331
2 2 0.092156 0.304178 0.425165 0.016027 0.162475
1 2 0.090773 0.570877 0.190075 0.005071 0.143204
1 2 0.088668 0.478092 0.284890 0.006386 0.141964
1 2 0.070382 0.439329 0.360826 0.004645 0.124818
1 2 0.072496 0.477318 0.313357 0.004584 0.132245
2 2 0.079589 0.356791 0.442972 0.006535 0.114113
2 1 0.050347 0.213813 0.656949 0.004650 0.074241
2 1 0.085754 0.276357 0.520449 0.009751 0.107689
2 2 0.074505 0.254189 0.559673 0.008816 0.102817
2 1 0.062137 0.399106 0.416647 0.004293 0.117817
1 1 0.083631 0.392306 0.386516 0.007181 0.130366
1 2 0.108699 0.417527 0.344744 0.008039 0.120990
2 0 0.037661 0.114751 0.788057 0.005555 0.053976
0 1 0.503628 0.134666 0.214364 0.023227 0.124114
1 1 0.155725 0.472420 0.173139 0.017622 0.181094
1 1 0.150521 0.641805 0.100342 0.004896 0.102436
1 1 0.136607 0.580160 0.141254 0.007374 0.134605
1 1 0.103967 0.489737 0.278672 0.006020 0.121604
1 1 0.190060 0.350676 0.318859 0.020143 0.120264
1 1 0.228415 0.484066 0.128044 0.015901 0.143574
1 1 0.110859 0.604075 0.151929 0.005063 0.128074
1 1 0.140145 0.581326 0.137747 0.007478 0.133304
1 2 0.119748 0.624215 0.133440 0.004715 0.117883
1 2 0.130982 0.571427 0.150328 0.007553 0.139710
1 1 0.156175 0.543053 0.142515 0.010813 0.147444
1 1 0.108329 0.592897 0.160197 0.005348 0.133229
1 2 0.083802 0.571912 0.197424 0.004562 0.142300
1 1 0.120442 0.454806 0.265647 0.010528 0.148577
1 1 0.137394 0.555889 0.163445 0.007977 0.135295
1 1 0.097649 0.570405 0.186831 0.005354 0.139761
2 1 0.114194 0.304185 0.443655 0.014253 0.123711
1 2 0.096950 0.609569 0.162444 0.004206 0.126832
1 1 0.090963 0.527480 0.238155 0.005449 0.137952
1 1 0.104051 0.653882 0.131423 0.003277 0.107367
1 1 0.200482 0.401443 0.247517 0.008402 0.142156
1 0 0.113971 0.590470 0.156117 0.005742 0.133699
0 0 0.680924 0.126114 0.045168 0.006706 0.141089
0 0 0.577321 0.265959 0.043163 0.003563 0.109994
1 0 0.344429 0.526682 0.046672 0.002582 0.079635
0 0 0.436297 0.294116 0.083878 0.014321 0.171388
0 0 0.685058 0.145104 0.038761 0.004677 0.126399
0 0 0.958749 0.002556 0.002260 0.000376 0.036060
0 0 0.812604 0.046704 0.022477 0.003877 0.114339
0 0 0.690382 0.089796 0.045052 0.009876 0.164894
0 0 0.578736 0.165824 0.084191 0.013103 0.158147
1 0 0.327644 0.388945 0.100251 0.017449 0.165711
1 0 0.174145 0.590237 0.107826 0.008158 0.119634
1 0 0.150717 0.575372 0.132046 0.008301 0.133564
1 0 0.141592 0.601375 0.126857 0.006493 0.123682
1 0 0.130435 0.524733 0.173173 0.010399 0.161259
