0 0 0.955703 0.010610 0.002342 0.004061 0.027284
0 0 0.957085 0.010244 0.002233 0.003880 0.026558
0 0 0.895440 0.029862 0.009182 0.011650 0.053866
0 0 0.918913 0.020546 0.005749 0.009595 0.045198
0 0 0.930301 0.017443 0.004598 0.007748 0.039909
0 0 0.900321 0.025635 0.007785 0.012824 0.053435
0 1 0.757807 0.051650 0.015299 0.011677 0.163567
4 0 0.390342 0.099137 0.031894 0.010009 0.468618
0 1 0.934689 0.016253 0.004176 0.007066 0.037816
0 1 0.492922 0.102670 0.037599 0.018577 0.348231
4 0 0.064739 0.215682 0.136606 0.017308 0.565666
0 0 0.892022 0.027912 0.008752 0.014343 0.056971
0 0 0.834315 0.045849 0.017075 0.024210 0.078552
0 0 0.866033 0.035873 0.012256 0.018705 0.067133
0 0 0.723533 0.063016 0.021117 0.017417 0.174917
0 0 0.970282 0.006794 0.001283 0.002280 0.019360
0 0 0.939320 0.015000 0.003745 0.006366 0.035569
0 0 0.883035 0.029253 0.008782 0.012455 0.066476
0 1 0.911377 0.022601 0.006548 0.010859 0.048615
4 0 0.297822 0.165481 0.076848 0.024193 0.435656
0 0 0.910873 0.022544 0.006439 0.010358 0.049787
0 0 0.957395 0.010162 0.002209 0.003840 0.026394
0 0 0.490366 0.176149 0.104447 0.060061 0.168977
0 0 0.494181 0.176091 0.098308 0.048369 0.183051
0 0 0.717448 0.077005 0.030546 0.027616 0.147384
0 0 0.488284 0.135595 0.059192 0.027745 0.289184
4 0 0.220548 0.267042 0.185450 0.050209 0.276752
0 0 0.390689 0.204379 0.117681 0.046225 0.241027
0 0 0.926912 0.018365 0.004932 0.008287 0.041504
0 0 0.966160 0.007861 0.001562 0.002754 0.021664
0 0 0.911139 0.022671 0.006577 0.010914 0.048699
0 0 0.881938 0.030682 0.009971 0.016248 0.061161
0 0 0.948744 0.012465 0.002913 0.005005 0.030873
0 0 0.945969 0.013209 0.003151 0.005396 0.032274
0 0 0.972682 0.006178 0.001129 0.002017 0.017994
0 0 0.932673 0.016799 0.004369 0.007378 0.038781
0 0 0.876611 0.034918 0.011493 0.015157 0.061821
0 0 0.947538 0.012788 0.003016 0.005174 0.031484
0 0 0.957348 0.010174 0.002213 0.003846 0.026419
0 0 0.974898 0.005614 0.000992 0.001783 0.016712
0 0 0.928115 0.018038 0.004813 0.008095 0.040940
0 0 0.907091 0.023779 0.007022 0.011619 0.050489
0 0 0.942051 0.014263 0.003497 0.005962 0.034227
0 0 0.964985 0.008167 0.001644 0.002893 0.022311
0 0 0.971314 0.006528 0.001216 0.002166 0.018775
0 0 0.923524 0.019287 0.005273 0.008834 0.043080
0 0 0.942761 0.014072 0.003434 0.005858 0.033875
0 0 0.960974 0.009218 0.001936 0.003384 0.024488
0 0 0.946986 0.010284 0.001848 0.002052 0.038831
0 0 0.978273 0.004765 0.000796 0.001443 0.014724
0 0 0.963416 0.008237 0.001602 0.002583 0.024163
4 0 0.322266 0.200721 0.107630 0.035038 0.334346
0 0 0.660476 0.064238 0.018622 0.010125 0.246540
0 0 0.769393 0.054275 0.017946 0.017063 0.141322
0 0 0.973683 0.005923 0.001067 0.001910 0.017417
0 0 0.899681 0.025268 0.007381 0.011265 0.056404
0 0 0.942696 0.014089 0.003440 0.005868 0.033907
0 0 0.957047 0.010254 0.002236 0.003885 0.026578
0 0 0.952126 0.011562 0.002631 0.004539 0.029143
0 0 0.955854 0.010570 0.002330 0.004041 0.027205
0 0 0.923033 0.019421 0.005323 0.008915 0.043307
0 0 0.828304 0.045386 0.017203 0.027349 0.081759
0 0 0.844177 0.041044 0.014940 0.023906 0.075934
0 0 0.899110 0.025967 0.007924 0.013043 0.053957
0 0 0.931706 0.017062 0.004462 0.007528 0.039242
0 0 0.799974 0.053503 0.021632 0.033415 0.091476
0 0 0.886881 0.029324 0.009367 0.015306 0.059122
0 0 0.859857 0.036744 0.012803 0.020631 0.069964
0 0 0.964821 0.008209 0.001656 0.002913 0.022400
0 0 0.907250 0.023736 0.007004 0.011591 0.050419
0 0 0.840966 0.041923 0.015390 0.024593 0.077129
0 0 0.958365 0.009905 0.002134 0.003714 0.025881
0 0 0.905813 0.024129 0.007164 0.011844 0.051049
0 0 0.956267 0.010461 0.002298 0.003987 0.026988
0 0 0.954140 0.011025 0.002467 0.004268 0.028100
0 0 0.918531 0.020650 0.005789 0.009659 0.045372
0 0 0.965719 0.007975 0.001593 0.002806 0.021907
0 0 0.956444 0.010414 0.002284 0.003963 0.026895
0 0 0.959510 0.009603 0.002047 0.003568 0.025272
0 0 0.961883 0.008979 0.001869 0.003271 0.023998
0 0 0.974070 0.005824 0.001043 0.001869 0.017193
0 0 0.883766 0.020380 0.004014 0.002963 0.088876
0 0 0.864814 0.025953 0.005820 0.004639 0.098773
0 0 0.927653 0.018163 0.004859 0.008168 0.041157
0 0 0.960711 0.009287 0.001956 0.003417 0.024629
0 0 0.950401 0.012022 0.002774 0.004775 0.030028
0 0 0.919204 0.019580 0.005085 0.007463 0.048668
0 0 0.951451 0.008581 0.001376 0.001376 0.037216
0 0 0.959843 0.009515 0.002021 0.003526 0.025094
0 0 0.736246 0.059257 0.019199 0.015657 0.169641
0 0 0.848990 0.037986 0.012340 0.016354 0.084330
0 0 0.962093 0.008923 0.001853 0.003245 0.023885
0 0 0.932295 0.016215 0.003962 0.005985 0.041543
0 0 0.902791 0.024318 0.006962 0.010506 0.055423
0 0 0.447464 0.173448 0.089517 0.038929 0.250643
0 0 0.896139 0.025051 0.006883 0.009187 0.062740
0 0 0.938245 0.014374 0.003302 0.004815 0.039264
0 0 0.936838 0.015671 0.003974 0.006739 0.036778
0 0 0.963151 0.008646 0.001776 0.003115 0.023312
0 0 0.938184 0.015307 0.003849 0.006536 0.036124
0 0 0.911340 0.020301 0.004990 0.006239 0.057130
0 0 0.969413 0.007018 0.001340 0.002378 0.019851
0 0 0.932825 0.016758 0.004354 0.007354 0.038709
0 0 0.918521 0.020652 0.005790 0.009660 0.045376
0 0 0.970455 0.006749 0.001272 0.002261 0.019263
0 0 0.957954 0.010014 0.002166 0.003767 0.026099
0 0 0.935075 0.016148 0.004140 0.007007 0.037630
0 0 0.973496 0.005971 0.001078 0.001930 0.017525
0 0 0.976298 0.005261 0.000909 0.001639 0.015893
0 0 0.973909 0.005866 0.001053 0.001886 0.017287
0 0 0.963757 0.008487 0.001732 0.003041 0.022982
0 0 0.963418 0.008576 0.001757 0.003082 0.023167
0 0 0.960962 0.009221 0.001937 0.003385 0.024495
0 0 0.949836 0.012173 0.002821 0.004853 0.030317
0 0 0.959302 0.009658 0.002063 0.003595 0.025383
0 0 0.972218 0.006297 0.001158 0.002067 0.018259
0 0 0.969189 0.007076 0.001355 0.002404 0.019977
0 0 0.978677 0.004664 0.000773 0.001403 0.014482
0 0 0.971951 0.006365 0.001175 0.002096 0.018412
0 0 0.959810 0.009524 0.002024 0.003530 0.025112
0 0 0.959141 0.009701 0.002075 0.003615 0.025469
0 0 0.941839 0.014320 0.003516 0.005993 0.034331
0 0 0.915839 0.021385 0.006072 0.010111 0.046592
0 0 0.950032 0.012121 0.002805 0.004826 0.030217
0 0 0.953267 0.011258 0.002538 0.004385 0.028553
0 0 0.956364 0.010435 0.002290 0.003974 0.026937
0 0 0.312479 0.249384 0.168315 0.056594 0.213228
0 0 0.557272 0.152413 0.088433 0.062057 0.139824
0 0 0.957507 0.010132 0.002201 0.003825 0.026335
0 0 0.905278 0.024276 0.007224 0.011939 0.051284
0 0 0.861816 0.030475 0.008015 0.007999 0.091696
0 0 0.887469 0.024443 0.005983 0.006230 0.075874
0 0 0.962257 0.008881 0.001841 0.003225 0.023797
0 0 0.963995 0.008425 0.001715 0.003012 0.022852
0 0 0.901641 0.025273 0.007634 0.012586 0.052865
0 0 0.935983 0.015437 0.003758 0.005878 0.038945
0 0 0.875621 0.020345 0.003817 0.002508 0.097709
0 0 0.913804 0.021942 0.006289 0.010457 0.047508
0 0 0.921084 0.019953 0.005523 0.009235 0.044205
0 0 0.933544 0.016563 0.004285 0.007243 0.038365
0 0 0.967342 0.007553 0.001480 0.002615 0.021009
0 0 0.932006 0.016980 0.004433 0.007481 0.039099
0 0 0.954710 0.010874 0.002421 0.004192 0.027803
0 0 0.953874 0.011096 0.002489 0.004303 0.028238
0 0 0.864588 0.035446 0.012178 0.019669 0.068119
0 0 0.927980 0.018074 0.004826 0.008116 0.041004
0 0 0.883137 0.027132 0.007286 0.008550 0.073895
0 0 0.925377 0.018235 0.004702 0.007239 0.044448
0 0 0.941190 0.014495 0.003575 0.006088 0.034651
0 0 0.908870 0.022258 0.006029 0.008680 0.054163
0 0 0.912227 0.018767 0.004236 0.004663 0.060107
0 0 0.870629 0.032508 0.010106 0.014065 0.072692
0 0 0.936088 0.015874 0.004045 0.006853 0.037141
0 0 0.962479 0.008822 0.001825 0.003197 0.023676
0 0 0.958620 0.009838 0.002115 0.003682 0.025745
0 0 0.924667 0.015828 0.003372 0.003790 0.052342
0 0 0.830798 0.032305 0.007650 0.005579 0.123669
0 0 0.801409 0.037143 0.009005 0.005999 0.146444
0 0 0.873374 0.026400 0.006357 0.005914 0.087956
0 0 0.927596 0.016333 0.003747 0.004859 0.047466
0 0 0.849612 0.032132 0.008327 0.007610 0.102320
0 0 0.854865 0.031690 0.008343 0.008033 0.097069
0 0 0.869932 0.029292 0.007778 0.008258 0.084741
0 0 0.910409 0.019691 0.004613 0.005302 0.059986
0 0 0.793640 0.043830 0.012322 0.009928 0.140280
0 0 0.892755 0.025857 0.007159 0.009443 0.064786
0 0 0.896101 0.023624 0.005990 0.006999 0.067287
0 0 0.887725 0.025214 0.006421 0.007130 0.073509
0 0 0.884785 0.027172 0.007426 0.009068 0.071549
0 0 0.934670 0.015304 0.003595 0.005219 0.041212
0 0 0.949794 0.012184 0.002825 0.004859 0.030338
0 0 0.907060 0.023788 0.007025 0.011625 0.050502
0 1 0.550157 0.131073 0.060634 0.035170 0.222966
4 1 0.151935 0.295273 0.214709 0.039011 0.299072
4 1 0.191029 0.262973 0.168651 0.034998 0.342350
4 1 0.117372 0.290629 0.206453 0.030227 0.355320
2 2 0.039229 0.324791 0.362628 0.046018 0.227334
2 2 0.020874 0.335639 0.393714 0.026496 0.223277
4 2 0.020835 0.308489 0.312614 0.020102 0.337959
2 1 0.018828 0.320423 0.340730 0.019628 0.300391
2 2 0.030371 0.348690 0.396214 0.030174 0.194550
2 4 0.023123 0.328738 0.369374 0.027385 0.251380
2 4 0.040562 0.304796 0.315416 0.044069 0.295158
4 4 0.073529 0.148846 0.072923 0.010026 0.694676
4 4 0.029108 0.240595 0.182073 0.013691 0.534533
4 4 0.035509 0.234084 0.165887 0.013264 0.551255
4 4 0.027746 0.275360 0.236287 0.017712 0.442896
4 4 0.031255 0.299555 0.261739 0.018280 0.389170
2 4 0.023037 0.318893 0.339089 0.024591 0.294391
4 0 0.075774 0.122612 0.052277 0.006813 0.742523
0 4 0.393422 0.155757 0.072795 0.030430 0.347595
4 4 0.099637 0.131206 0.056972 0.009156 0.703028
4 1 0.172261 0.131787 0.053825 0.011744 0.630383
4 1 0.112255 0.182066 0.094743 0.015781 0.595155
4 4 0.159332 0.161172 0.075398 0.015918 0.588180
4 1 0.126281 0.090487 0.027270 0.003165 0.752798
0 1 0.547557 0.083741 0.026467 0.012079 0.330156
4 1 0.101581 0.129630 0.055486 0.008858 0.704445
4 1 0.095818 0.231400 0.142981 0.020703 0.509097
4 4 0.118010 0.190447 0.101819 0.017630 0.572094
4 1 0.221171 0.132637 0.053877 0.014168 0.578147
4 1 0.284832 0.104730 0.034031 0.008072 0.568335
0 1 0.312378 0.226667 0.132314 0.039809 0.288831
4 4 0.351242 0.135539 0.059087 0.026121 0.428011
4 4 0.183693 0.141156 0.061479 0.015449 0.598223
4 4 0.228050 0.113529 0.039658 0.008644 0.610119
4 4 0.125597 0.152181 0.071497 0.013940 0.636785
4 4 0.073607 0.166385 0.087261 0.011958 0.660789
4 4 0.106822 0.188683 0.099074 0.014892 0.590529
4 4 0.137539 0.118133 0.044512 0.007368 0.692447
4 4 0.175368 0.123497 0.047325 0.009571 0.644238
4 4 0.209186 0.157296 0.071666 0.018487 0.543365
4 4 0.084111 0.177976 0.094318 0.013197 0.630398
4 4 0.062596 0.273140 0.197352 0.020276 0.446636
4 4 0.049969 0.234999 0.159654 0.015792 0.539587
4 4 0.042213 0.224318 0.149315 0.012903 0.571251
4 4 0.068692 0.183966 0.103895 0.013692 0.629755
4 4 0.229353 0.130109 0.051824 0.013645 0.575070
4 4 0.033717 0.271268 0.220254 0.017749 0.457012
4 4 0.032198 0.249641 0.189452 0.014559 0.514150
4 4 0.032560 0.264116 0.211161 0.016792 0.475371
2 4 0.020889 0.328454 0.365885 0.024048 0.260723
4 4 0.051625 0.240809 0.164004 0.015890 0.527671
4 2 0.026598 0.303818 0.286957 0.020487 0.362140
2 2 0.004779 0.069932 0.888054 0.017058 0.020176
2 2 0.014086 0.220058 0.679963 0.040963 0.044929
2 2 0.010188 0.110938 0.813720 0.031469 0.033686
2 2 0.007763 0.092196 0.845207 0.024130 0.030704
2 2 0.010941 0.147164 0.768114 0.031114 0.042668
2 2 0.016209 0.228848 0.639237 0.034397 0.081310
2 2 0.004889 0.081935 0.875027 0.017716 0.020434
2 1 0.006282 0.091195 0.856680 0.021575 0.024269
2 2 0.016912 0.326723 0.550910 0.042486 0.062969
2 2 0.022325 0.341441 0.442976 0.034464 0.158794
1 1 0.108814 0.339694 0.333528 0.057912 0.160052
4 2 0.100730 0.224380 0.137332 0.021880 0.515678
2 2 0.002738 0.048975 0.924035 0.011006 0.013246
2 2 0.007095 0.098235 0.842081 0.022194 0.030395
2 2 0.002893 0.028391 0.944906 0.011027 0.012784
2 2 0.005122 0.074883 0.880926 0.018245 0.020824
2 2 0.003542 0.037457 0.929033 0.015458 0.014510
2 2 0.005679 0.036171 0.905283 0.035472 0.017396
2 2 0.004512 0.047522 0.913070 0.016977 0.017918
2 2 0.008088 0.085336 0.852293 0.026014 0.028269
2 2 0.019093 0.116012 0.741625 0.078416 0.044854
2 3 0.012286 0.123253 0.789690 0.036451 0.038320
2 2 0.005869 0.039924 0.877980 0.060339 0.015888
2 3 0.005692 0.064106 0.885009 0.024486 0.020707
2 3 0.013178 0.080438 0.811944 0.060533 0.033907
2 3 0.038226 0.076997 0.523250 0.312276 0.049251
2 3 0.040789 0.164400 0.590787 0.120143 0.083881
2 3 0.010197 0.117676 0.806611 0.031597 0.033919
2 3 0.013046 0.076319 0.784383 0.096661 0.029592
2 2 0.032947 0.123855 0.588980 0.200488 0.053730
2 3 0.023383 0.224625 0.631456 0.060433 0.060103
2 3 0.024120 0.066367 0.538814 0.338182 0.032517
2 3 0.019632 0.252283 0.620508 0.053217 0.054361
2 2 0.004718 0.040649 0.907201 0.031825 0.015607
2 2 0.009218 0.086848 0.835680 0.039844 0.028411
2 2 0.013444 0.109909 0.777549 0.063712 0.035386
2 2 0.011986 0.057100 0.746741 0.161104 0.023069
2 3 0.019491 0.167477 0.681666 0.084923 0.046443
2 2 0.021946 0.088772 0.598910 0.255821 0.034551
2 2 0.025888 0.182891 0.635421 0.099462 0.056338
2 2 0.010837 0.121077 0.796476 0.037263 0.034347
2 3 0.020312 0.171661 0.666479 0.094815 0.046733
3 2 0.030610 0.054460 0.387226 0.495455 0.032249
2 2 0.027892 0.164307 0.638783 0.111614 0.057404
2 3 0.024489 0.131237 0.635763 0.163075 0.045435
2 3 0.031164 0.092986 0.542879 0.288902 0.044069
2 3 0.031397 0.062104 0.450671 0.419489 0.036339
2 3 0.022136 0.087972 0.654419 0.197703 0.037770
3 3 0.031765 0.060095 0.351016 0.524624 0.032500
2 3 0.019195 0.083509 0.690586 0.171815 0.034896
2 3 0.026200 0.150764 0.647056 0.123283 0.052697
2 3 0.031526 0.122677 0.538063 0.260196 0.047538
2 3 0.025771 0.113869 0.613623 0.203135 0.043602
3 3 0.038221 0.057194 0.293877 0.575568 0.035141
2 3 0.047102 0.195342 0.435869 0.253708 0.067980
2 3 0.041644 0.097570 0.418972 0.392676 0.049138
2 3 0.039204 0.121792 0.484775 0.300725 0.053504
3 3 0.040167 0.068107 0.337239 0.514471 0.040016
2 3 0.041502 0.152660 0.487899 0.257556 0.060384
2 3 0.038060 0.197666 0.529043 0.169220 0.066012
2 3 0.030139 0.067174 0.435355 0.432322 0.035010
2 3 0.031644 0.087136 0.461439 0.380048 0.039732
2 3 0.039782 0.183604 0.489681 0.224886 0.062048
3 3 0.025468 0.028412 0.138478 0.790381 0.017260
2 3 0.029644 0.096325 0.508867 0.324464 0.040699
3 3 0.045032 0.051812 0.195000 0.673751 0.034405
3 3 0.037148 0.058806 0.308795 0.560115 0.035135
3 3 0.035336 0.042672 0.212864 0.681277 0.027851
2 3 0.026613 0.064366 0.449020 0.428306 0.031696
2 3 0.036609 0.126139 0.509926 0.274715 0.052611
3 3 0.045028 0.048442 0.168029 0.706081 0.032420
3 3 0.032261 0.057025 0.346327 0.531957 0.032429
2 3 0.026488 0.062198 0.441404 0.438821 0.031088
3 3 0.045149 0.084747 0.298654 0.527470 0.043979
2 3 0.037336 0.116034 0.479035 0.317395 0.050201
2 3 0.024756 0.058727 0.508054 0.377172 0.031290
3 3 0.037858 0.063695 0.336382 0.524555 0.037509
3 3 0.027183 0.063708 0.401125 0.477481 0.030503
3 3 0.044918 0.104566 0.390482 0.408571 0.051463
2 3 0.037544 0.097970 0.415708 0.404033 0.044745
3 3 0.033769 0.057015 0.314660 0.562114 0.032443
3 3 0.027047 0.030062 0.141523 0.782925 0.018443
3 3 0.035781 0.039076 0.156004 0.744014 0.025125
3 3 0.041117 0.045726 0.167418 0.716061 0.029678
3 3 0.040979 0.067194 0.266538 0.588230 0.037058
2 3 0.025399 0.054217 0.465151 0.425233 0.030000
2 3 0.030574 0.077394 0.469180 0.384903 0.037949
3 3 0.051394 0.122702 0.331683 0.438559 0.055662
3 3 0.030355 0.060767 0.385612 0.490641 0.032626
3 3 0.049672 0.058329 0.265160 0.584348 0.042491
3 3 0.037444 0.057740 0.274015 0.597099 0.033701
2 3 0.035355 0.201609 0.564813 0.130910 0.067312
3 3 0.028558 0.034695 0.264097 0.648494 0.024156
2 3 0.039315 0.120648 0.429868 0.360399 0.049770
3 3 0.040864 0.090844 0.406957 0.414453 0.046881
3 3 0.040183 0.043556 0.162085 0.725604 0.028572
3 3 0.048972 0.107843 0.335477 0.455622 0.052087
3 3 0.030853 0.059200 0.434086 0.441063 0.034798
3 3 0.047468 0.059078 0.201306 0.654916 0.037232
3 3 0.042294 0.051652 0.216283 0.656041 0.033731
3 3 0.025911 0.030042 0.188667 0.735956 0.019424
3 3 0.037168 0.041093 0.176810 0.717724 0.027205
2 3 0.027636 0.083349 0.540299 0.310193 0.038523
3 3 0.036103 0.040917 0.208382 0.686638 0.027959
3 3 0.034012 0.056453 0.425922 0.446466 0.037147
2 3 0.041955 0.114799 0.481482 0.306030 0.055734
3 2 0.041405 0.057194 0.238634 0.627877 0.034890
2 2 0.024807 0.319219 0.529583 0.063277 0.063114
2 2 0.015920 0.330496 0.547050 0.038266 0.068268
2 2 0.021481 0.341022 0.471220 0.037516 0.128760
2 2 0.018394 0.318575 0.542687 0.041337 0.079007
2 0 0.023062 0.338166 0.414282 0.032184 0.192307
1 1 0.201253 0.316241 0.265666 0.059309 0.157531
4 1 0.017107 0.306386 0.307106 0.015808 0.353592
2 2 0.026544 0.297766 0.369378 0.029905 0.276407
2 2 0.002212 0.041408 0.935830 0.009242 0.011308
2 2 0.005606 0.072906 0.879384 0.019063 0.023041
2 2 0.006311 0.101591 0.841958 0.019614 0.030527
2 2 0.006815 0.096917 0.831745 0.017012 0.047510
2 1 0.002611 0.037395 0.937173 0.010409 0.012411
2 2 0.020688 0.304898 0.456104 0.029140 0.189170
2 2 0.004685 0.058952 0.897880 0.015243 0.023239
2 1 0.020895 0.286763 0.546007 0.040590 0.105746
2 1 0.021376 0.301165 0.494132 0.034583 0.148744
2 2 0.021263 0.337284 0.402841 0.027994 0.210619
4 2 0.020092 0.294845 0.277308 0.015904 0.391852
2 2 0.044928 0.354830 0.374690 0.032638 0.192914
2 2 0.004359 0.065145 0.896028 0.015992 0.018476
2 2 0.036493 0.333329 0.361048 0.036220 0.232909
1 2 0.058798 0.331540 0.309430 0.034561 0.265671
1 2 0.032824 0.331236 0.326309 0.024086 0.285546
2 2 0.005705 0.091889 0.859405 0.019999 0.023002
2 2 0.011642 0.191319 0.715984 0.031605 0.049449
2 2 0.004536 0.063902 0.896193 0.016462 0.018907
2 1 0.043756 0.157291 0.655816 0.058173 0.084963
4 1 0.282654 0.129924 0.052081 0.016520 0.518821
4 1 0.026279 0.289367 0.254038 0.016647 0.413668
2 2 0.024285 0.338796 0.427547 0.036104 0.173268
2 1 0.024055 0.351002 0.413092 0.025990 0.185861
4 1 0.121284 0.300924 0.227181 0.036708 0.313903
4 1 0.253254 0.229336 0.132633 0.034586 0.350190
2 1 0.022209 0.327486 0.354053 0.023298 0.272954
2 1 0.040438 0.345796 0.366133 0.032870 0.214763
2 1 0.037244 0.353466 0.393604 0.032563 0.183123
1 1 0.024723 0.320939 0.318872 0.020207 0.315260
2 2 0.023695 0.335069 0.381497 0.027549 0.232190
2 2 0.021848 0.264546 0.582221 0.048054 0.083331
2 2 0.010205 0.138222 0.785179 0.031892 0.034502
1 2 0.082558 0.342753 0.316549 0.040010 0.218131
1 2 0.054317 0.345832 0.333168 0.031688 0.234995
2 2 0.021541 0.341867 0.467970 0.036627 0.131995
2 2 0.035427 0.343649 0.359363 0.028554 0.233007
2 1 0.043638 0.350483 0.389911 0.038393 0.177576
1 1 0.048178 0.336619 0.328039 0.032085 0.255079
0 1 0.406949 0.189778 0.101258 0.038894 0.263122
1 1 0.164239 0.310916 0.238682 0.044114 0.242049
1 1 0.098654 0.317569 0.255926 0.035264 0.292587
1 1 0.192248 0.282793 0.200340 0.044784 0.279837
1 2 0.051745 0.339404 0.314545 0.028084 0.266222
1 2 0.071452 0.336341 0.300736 0.033855 0.257615
1 2 0.157893 0.322111 0.266817 0.050578 0.202601
1 2 0.097535 0.336075 0.284574 0.036015 0.245800
2 2 0.060622 0.359686 0.390853 0.041805 0.147034
1 2 0.055998 0.341023 0.323373 0.032226 0.247380
4 2 0.030460 0.318738 0.300249 0.020846 0.329706
2 2 0.024822 0.328213 0.359753 0.027194 0.260018
1 2 0.051597 0.340870 0.331737 0.032739 0.243057
2 2 0.043673 0.343123 0.353199 0.033128 0.226876
2 2 0.022469 0.334263 0.503101 0.046668 0.093499
2 2 0.020660 0.310552 0.508938 0.037041 0.122809
0 0 0.523434 0.145685 0.074153 0.045321 0.211408
0 1 0.575824 0.121956 0.070527 0.083800 0.147893
4 1 0.132620 0.297340 0.217325 0.035567 0.317148
1 1 0.045357 0.338014 0.336374 0.032186 0.248070
2 2 0.020594 0.341873 0.435600 0.030576 0.171357
2 2 0.017875 0.344654 0.455898 0.028049 0.153523
2 2 0.023045 0.341415 0.477832 0.040108 0.117600
2 2 0.023538 0.336654 0.400736 0.030807 0.208264
4 2 0.034994 0.315553 0.293775 0.023569 0.332109
2 0 0.020029 0.340929 0.485916 0.036850 0.116276
2 0 0.096593 0.235035 0.442378 0.107048 0.118946
0 1 0.489370 0.165559 0.099119 0.069479 0.176473
0 1 0.563514 0.123098 0.056513 0.036782 0.220093
0 1 0.349363 0.186604 0.095728 0.033512 0.334793
4 1 0.202660 0.243891 0.146791 0.032114 0.374544
4 1 0.064314 0.310045 0.248861 0.025040 0.351740
1 1 0.040971 0.335864 0.315762 0.024362 0.283040
4 1 0.027056 0.292618 0.268006 0.020019 0.392301
4 1 0.021751 0.314144 0.317411 0.019883 0.326811
2 1 0.021153 0.325031 0.355252 0.023532 0.275033
4 1 0.071145 0.277042 0.200562 0.022649 0.428602
1 1 0.141850 0.300666 0.222230 0.038039 0.297215
4 1 0.080297 0.303805 0.236157 0.028380 0.351361
1 1 0.058314 0.325911 0.291668 0.030870 0.293238
2 1 0.018162 0.334482 0.496624 0.033063 0.117669
2 1 0.021729 0.340968 0.468827 0.037639 0.130837
2 0 0.028007 0.336083 0.427276 0.042979 0.165654
0 1 0.322492 0.217048 0.167338 0.080356 0.212766
1 1 0.206800 0.302097 0.255985 0.069786 0.165332
4 1 0.081579 0.312366 0.250637 0.030674 0.324744
2 1 0.026710 0.349190 0.406882 0.028523 0.188695
2 2 0.025219 0.337662 0.421549 0.036892 0.178678
2 2 0.008441 0.137472 0.790020 0.024261 0.039805
2 2 0.051203 0.348571 0.368458 0.038960 0.192808
1 2 0.047899 0.341256 0.337422 0.032163 0.241261
1 2 0.063499 0.334064 0.319981 0.039492 0.242964
2 2 0.064298 0.355723 0.371330 0.041547 0.167103
2 2 0.026144 0.348972 0.446068 0.034746 0.144070
2 2 0.008615 0.122536 0.810337 0.027885 0.030627
2 2 0.026194 0.345089 0.476686 0.041155 0.110875
2 2 0.035991 0.340551 0.441447 0.051221 0.130790
2 2 0.077888 0.347757 0.358196 0.049770 0.166388
2 2 0.072472 0.348210 0.350273 0.044438 0.184607
2 2 0.029140 0.340153 0.366672 0.026976 0.237059
2 2 0.030489 0.352588 0.428246 0.034099 0.154577
2 2 0.027163 0.341735 0.474317 0.044797 0.111988
2 2 0.011978 0.155851 0.758832 0.035129 0.038209
2 2 0.010533 0.183309 0.720436 0.025697 0.060025
2 0 0.061625 0.296250 0.440348 0.064485 0.137292
0 0 0.464502 0.194892 0.121413 0.061057 0.158136
0 0 0.911675 0.022524 0.006519 0.010822 0.048460
0 0 0.893186 0.027593 0.008614 0.014127 0.056480
0 0 0.896244 0.026160 0.007721 0.011691 0.058184
0 0 0.932992 0.016713 0.004338 0.007328 0.038629
0 0 0.775555 0.063008 0.026716 0.036481 0.098240
0 0 0.876531 0.032167 0.010645 0.017295 0.063362
0 0 0.807167 0.061014 0.023958 0.023789 0.084072
0 0 0.361153 0.236881 0.153172 0.053323 0.195472
4 0 0.343693 0.182118 0.090878 0.030774 0.352537
0 0 0.772551 0.047402 0.013419 0.010078 0.156550
0 0 0.912719 0.022239 0.006406 0.010642 0.047994
0 0 0.674583 0.095586 0.043206 0.038944 0.147680
0 1 0.340102 0.220701 0.129023 0.042679 0.267495
1 1 0.242024 0.268999 0.180180 0.044774 0.264024
4 1 0.160677 0.260006 0.166135 0.031141 0.382042
4 1 0.124971 0.287234 0.203100 0.032006 0.352689
4 1 0.062996 0.303015 0.241040 0.024890 0.368059
4 1 0.056727 0.248451 0.170177 0.017104 0.507542
4 1 0.025098 0.235015 0.183432 0.013871 0.542584
4 4 0.137527 0.261533 0.168194 0.027936 0.404810
4 4 0.045306 0.113599 0.049771 0.004822 0.786503
4 4 0.097342 0.124599 0.051733 0.007692 0.718635
4 4 0.078873 0.119648 0.049542 0.006372 0.745565
4 4 0.055434 0.161206 0.085662 0.009758 0.687939
4 4 0.081284 0.094000 0.031332 0.003086 0.790298
4 4 0.078648 0.162008 0.082384 0.011500 0.665459
4 4 0.156817 0.105553 0.035408 0.005506 0.696717
4 4 0.142947 0.086197 0.024534 0.002882 0.743439
4 4 0.042473 0.117894 0.054095 0.005352 0.780187
4 4 0.031566 0.095595 0.038766 0.002704 0.831369
4 4 0.069922 0.095594 0.033190 0.003125 0.798168
4 4 0.072128 0.122265 0.052445 0.006671 0.746492
4 4 0.093433 0.165655 0.083753 0.013020 0.644140
4 4 0.073449 0.068760 0.018003 0.001223 0.838565
4 4 0.221109 0.075153 0.018326 0.002428 0.682984
4 4 0.143974 0.129856 0.053175 0.010202 0.662792
4 4 0.036640 0.094468 0.036780 0.002670 0.829442
4 4 0.074512 0.153798 0.077126 0.010884 0.683679
4 4 0.048576 0.103320 0.041073 0.003657 0.803375
4 1 0.044733 0.202783 0.125549 0.011471 0.615463
4 1 0.102944 0.203005 0.113138 0.017001 0.563912
4 1 0.065221 0.188408 0.106166 0.012396 0.627809
4 1 0.073322 0.132511 0.061032 0.008637 0.724499
4 1 0.069020 0.170531 0.089992 0.011118 0.659339
4 1 0.082778 0.150408 0.072733 0.010555 0.683526
4 1 0.061136 0.214302 0.132851 0.014911 0.576800
4 1 0.109493 0.206566 0.115577 0.017934 0.550430
4 1 0.049121 0.175509 0.100001 0.010583 0.664785
4 1 0.063261 0.172069 0.092103 0.010688 0.661878
4 1 0.040076 0.202953 0.127375 0.010808 0.618788
4 1 0.028917 0.207759 0.142359 0.010892 0.610073
4 1 0.049049 0.238073 0.160564 0.014664 0.537650
4 1 0.040845 0.275611 0.214368 0.017568 0.451609
4 1 0.085755 0.210034 0.121510 0.015950 0.566751
4 1 0.053971 0.277344 0.205781 0.018979 0.443925
4 1 0.040307 0.312620 0.274163 0.022008 0.350902
4 0 0.083250 0.231853 0.146418 0.019783 0.518695
0 0 0.304104 0.231819 0.206336 0.088369 0.169372
0 1 0.560225 0.142698 0.069274 0.036548 0.191256
4 1 0.157544 0.245543 0.149885 0.027941 0.419087
4 1 0.230910 0.212359 0.113598 0.026599 0.416533
1 1 0.068682 0.346131 0.329512 0.037042 0.218633
1 1 0.097041 0.335510 0.294655 0.040797 0.231997
1 1 0.092988 0.312660 0.252607 0.035207 0.306537
1 1 0.164428 0.312130 0.245132 0.047259 0.231050
2 1 0.034901 0.348978 0.417769 0.038709 0.159643
2 1 0.035183 0.346892 0.373940 0.030227 0.213758
4 1 0.065819 0.312408 0.262877 0.030335 0.328561
4 1 0.040841 0.276891 0.214518 0.017118 0.450632
2 1 0.043313 0.349508 0.372624 0.034342 0.200213
1 1 0.057780 0.341665 0.329496 0.034842 0.236218
2 2 0.037438 0.349806 0.374878 0.030531 0.207347
2 1 0.022124 0.337336 0.405511 0.029628 0.205401
2 2 0.028226 0.342819 0.395426 0.031320 0.202209
2 2 0.019357 0.251904 0.577499 0.035439 0.115801
2 1 0.006452 0.100169 0.846287 0.022144 0.024948
2 2 0.036354 0.345544 0.439651 0.046861 0.131591
2 2 0.040019 0.348774 0.384816 0.035579 0.190812
2 2 0.006560 0.077770 0.869117 0.022068 0.024485
2 2 0.012843 0.192790 0.686954 0.027562 0.079851
2 2 0.007631 0.122631 0.812017 0.023048 0.034672
2 0 0.002616 0.042469 0.931758 0.010523 0.012633
2 0 0.102959 0.289041 0.413334 0.082228 0.112438
0 1 0.394312 0.219094 0.132893 0.048824 0.204876
4 0 0.265704 0.221631 0.125032 0.033875 0.353758
0 0 0.334558 0.231525 0.140254 0.044603 0.249060
1 1 0.223498 0.295907 0.223725 0.053437 0.203433
4 1 0.096958 0.227498 0.136451 0.018823 0.520270
4 1 0.056977 0.286011 0.216746 0.020709 0.419557
4 0 0.094441 0.297976 0.226913 0.031538 0.349133
0 0 0.692447 0.088222 0.037353 0.032102 0.149876
0 1 0.668024 0.117142 0.058091 0.040122 0.116621
4 1 0.300493 0.220924 0.128635 0.040865 0.309083
4 1 0.132871 0.260782 0.166574 0.026489 0.413285
4 2 0.076998 0.263464 0.183270 0.022618 0.453649
4 2 0.024957 0.286462 0.264466 0.019844 0.404270
1 0 0.126513 0.318549 0.253197 0.040061 0.261680
0 0 0.519290 0.141578 0.067616 0.037015 0.234501
0 0 0.801032 0.043474 0.012503 0.010756 0.132235
0 0 0.796630 0.049396 0.016476 0.017752 0.119746
0 1 0.445034 0.191840 0.108756 0.046925 0.207445
1 1 0.187720 0.309640 0.240096 0.048953 0.213590
1 1 0.109136 0.339299 0.299356 0.043316 0.208893
2 1 0.045121 0.345246 0.348246 0.031349 0.230038
4 0 0.147542 0.255609 0.163016 0.029786 0.404047
0 0 0.867059 0.034082 0.011093 0.016414 0.071352
0 0 0.862359 0.032183 0.009110 0.010268 0.086081
0 0 0.839544 0.044254 0.015718 0.020397 0.080087
0 0 0.917337 0.020976 0.005914 0.009859 0.045914
0 0 0.668704 0.092644 0.047116 0.062921 0.128616
0 0 0.553276 0.152717 0.089173 0.063805 0.141028
0 0 0.549515 0.141962 0.084252 0.076772 0.147500
0 0 0.321933 0.267798 0.202170 0.066422 0.141677
0 0 0.566684 0.137817 0.068371 0.041597 0.185532
0 0 0.334446 0.229041 0.176625 0.100265 0.159622
0 0 0.563544 0.116483 0.053553 0.040155 0.226265
0 1 0.273442 0.271360 0.189828 0.052679 0.212691
4 1 0.048609 0.188749 0.109235 0.010175 0.643233
4 1 0.113232 0.227676 0.135241 0.020926 0.502925
4 1 0.103556 0.223818 0.132237 0.019247 0.521141
4 1 0.030297 0.236093 0.172396 0.012568 0.548645
4 1 0.033292 0.282403 0.239280 0.019438 0.425587
2 1 0.034487 0.326880 0.339597 0.031718 0.267318
4 2 0.054215 0.301075 0.239737 0.021829 0.383144
2 2 0.025649 0.317841 0.321546 0.023067 0.311897
2 2 0.015664 0.225314 0.618882 0.028942 0.111199
2 2 0.025567 0.330518 0.379903 0.031991 0.232022
2 2 0.022214 0.314352 0.476829 0.033167 0.153439
2 1 0.040078 0.347993 0.452772 0.049735 0.109422
2 1 0.029873 0.344166 0.378687 0.028344 0.218930
1 2 0.047066 0.341340 0.337754 0.031707 0.242132
2 0 0.017052 0.239815 0.614016 0.034568 0.094550
1 1 0.126132 0.321265 0.311413 0.071930 0.169260
1 1 0.138261 0.310803 0.238921 0.040052 0.271964
4 1 0.022694 0.315101 0.318625 0.020702 0.322878
1 1 0.034127 0.326729 0.314857 0.023977 0.300311
2 1 0.157109 0.228006 0.326462 0.081792 0.206631
1 1 0.173233 0.326075 0.307340 0.069029 0.124322
2 1 0.061365 0.350336 0.358389 0.040308 0.189601
2 1 0.024053 0.328084 0.367216 0.028302 0.252345
4 1 0.053244 0.317340 0.282294 0.029619 0.317503
1 1 0.107530 0.337573 0.291360 0.040625 0.222912
2 1 0.023076 0.339401 0.425211 0.033621 0.178692
0 0 0.291381 0.254933 0.178322 0.060951 0.214413
1 1 0.244276 0.293634 0.228482 0.060101 0.173507
1 1 0.179970 0.304393 0.231213 0.046928 0.237495
1 1 0.088661 0.338562 0.302028 0.039163 0.231587
1 1 0.036307 0.327711 0.321887 0.027150 0.286944
2 2 0.017169 0.270110 0.603133 0.041339 0.068248
2 2 0.004443 0.071781 0.888521 0.016332 0.018924
2 2 0.010978 0.097947 0.831836 0.026813 0.032426
2 2 0.010289 0.149288 0.773267 0.032214 0.034942
2 2 0.004933 0.087500 0.868944 0.017913 0.020710
2 2 0.002616 0.051297 0.922483 0.010664 0.012939
2 2 0.001909 0.036255 0.943544 0.008180 0.010112
2 2 0.010669 0.187684 0.731717 0.033444 0.036486
2 2 0.012815 0.210866 0.696488 0.038541 0.041290
2 2 0.004446 0.072217 0.888043 0.016347 0.018946
2 2 0.010361 0.147846 0.774361 0.032369 0.035063
2 2 0.002763 0.047129 0.925801 0.011051 0.013257
2 2 0.006463 0.109453 0.836571 0.022291 0.025222
2 2 0.004925 0.072723 0.884434 0.017676 0.020241
2 2 0.008897 0.127028 0.804072 0.028629 0.031374
2 2 0.003784 0.061632 0.903512 0.014306 0.016766
2 2 0.002751 0.043868 0.929322 0.010959 0.013101
2 2 0.009384 0.127187 0.801172 0.029806 0.032451
2 2 0.008593 0.134716 0.797839 0.027974 0.030877
2 2 0.009348 0.142844 0.785157 0.029900 0.032752
2 0 0.009650 0.095790 0.832475 0.029853 0.032232
0 0 0.433383 0.191899 0.130624 0.087423 0.156671
2 2 0.076217 0.357618 0.381367 0.047424 0.137374
2 2 0.017876 0.339725 0.507487 0.035572 0.099341
2 2 0.015524 0.194787 0.691013 0.039117 0.059559
2 2 0.018780 0.283449 0.561381 0.037603 0.098787
2 2 0.003916 0.067209 0.896783 0.014772 0.017320
2 2 0.022883 0.332972 0.461459 0.037553 0.145133
2 2 0.009313 0.130137 0.796879 0.028468 0.035204
2 2 0.014137 0.178732 0.706191 0.032917 0.068022
2 1 0.021262 0.252034 0.601714 0.037630 0.087360
2 2 0.007848 0.107807 0.829735 0.025532 0.029078
2 2 0.005243 0.088385 0.866045 0.018773 0.021554
2 2 0.024201 0.339140 0.460297 0.041414 0.134949
2 2 0.007282 0.071649 0.871405 0.023756 0.025909
2 2 0.023993 0.338843 0.466777 0.042221 0.128166
2 2 0.010879 0.190198 0.719919 0.029328 0.049675
2 2 0.019238 0.280765 0.572595 0.041449 0.085953
2 2 0.010140 0.156605 0.766539 0.031936 0.034780
2 2 0.022894 0.264477 0.588481 0.055813 0.068335
2 2 0.016655 0.231262 0.656186 0.047007 0.048890
2 2 0.005862 0.099130 0.850984 0.020578 0.023446
2 2 0.005207 0.072559 0.882832 0.018437 0.020966
2 2 0.011094 0.186262 0.730625 0.034251 0.037768
2 2 0.009355 0.107730 0.821637 0.029457 0.031821
2 2 0.007039 0.109271 0.833291 0.023778 0.026622
2 2 0.004091 0.063435 0.899576 0.015212 0.017686
2 2 0.018650 0.172364 0.707031 0.050648 0.051308
2 2 0.018937 0.210794 0.666072 0.051595 0.052602
2 2 0.010586 0.129623 0.792038 0.032674 0.035079
2 2 0.003732 0.048373 0.917854 0.013919 0.016122
2 2 0.004906 0.069712 0.887717 0.017576 0.020089
2 2 0.012555 0.176303 0.733247 0.037702 0.040192
2 2 0.012033 0.167560 0.745003 0.036439 0.038965
2 2 0.008011 0.096411 0.841061 0.026024 0.028494
2 2 0.003638 0.059537 0.906694 0.013852 0.016280
2 2 0.002661 0.042065 0.931865 0.010652 0.012756
2 2 0.011054 0.155965 0.762206 0.034072 0.036703
2 2 0.006528 0.122138 0.823047 0.022603 0.025685
2 2 0.005316 0.097325 0.856284 0.019087 0.021988
2 2 0.005887 0.091093 0.859199 0.020537 0.023285
2 2 0.013796 0.155557 0.748245 0.040243 0.042159
2 2 0.017306 0.218649 0.665862 0.048299 0.049883
2 2 0.012461 0.151372 0.759476 0.037233 0.039458
2 2 0.003081 0.047773 0.922885 0.012020 0.014241
2 2 0.005321 0.079157 0.875195 0.018849 0.021478
2 2 0.010535 0.114247 0.803547 0.038629 0.033041
2 2 0.006870 0.083703 0.861030 0.022963 0.025434
2 2 0.010424 0.163174 0.758209 0.032669 0.035524
2 2 0.004005 0.043453 0.921299 0.014616 0.016627
2 2 0.017956 0.249647 0.621414 0.043437 0.067545
2 1 0.009535 0.126761 0.800777 0.030160 0.032767
2 1 0.018091 0.230352 0.644393 0.045754 0.061411
2 1 0.004790 0.054534 0.904511 0.016970 0.019195
2 2 0.010662 0.133862 0.783902 0.030590 0.040984
2 2 0.004970 0.070465 0.886521 0.017762 0.020281
2 2 0.008170 0.107812 0.828077 0.026484 0.029457
2 2 0.007527 0.091304 0.849202 0.024744 0.027223
2 2 0.025434 0.197571 0.650194 0.064077 0.062724
2 2 0.011722 0.136821 0.778472 0.035382 0.037604
2 2 0.024199 0.301638 0.522279 0.047703 0.104181
2 2 0.007037 0.133951 0.807772 0.024045 0.027195
2 2 0.009851 0.125397 0.797679 0.028942 0.038131
2 2 0.013363 0.153398 0.752700 0.039265 0.041273
2 2 0.014418 0.175733 0.724227 0.041817 0.043805
2 2 0.009041 0.116116 0.814615 0.028832 0.031395
2 2 0.013356 0.112120 0.794619 0.040359 0.039546
2 2 0.025346 0.284968 0.559951 0.062795 0.066939
2 2 0.008235 0.078328 0.858902 0.026227 0.028309
2 2 0.017424 0.179953 0.690295 0.039772 0.072556
2 2 0.012830 0.135057 0.774527 0.037843 0.039744
2 2 0.008992 0.111891 0.819302 0.028652 0.031163
2 2 0.015233 0.184691 0.710898 0.043661 0.045517
2 2 0.012136 0.139220 0.773798 0.036349 0.038497
2 2 0.008514 0.133517 0.799535 0.027765 0.030669
2 0 0.011717 0.172103 0.742013 0.035757 0.038410
0 0 0.293993 0.270061 0.213985 0.076592 0.145369
0 1 0.277218 0.258946 0.210451 0.092238 0.161146
2 2 0.059361 0.343355 0.365188 0.046907 0.185189
2 2 0.036491 0.342745 0.356910 0.029217 0.234636
2 2 0.031727 0.348533 0.425689 0.037559 0.156492
2 2 0.020149 0.342049 0.474793 0.035229 0.127779
2 2 0.017653 0.246628 0.615456 0.038754 0.081508
2 2 0.024368 0.323694 0.522211 0.051873 0.077854
2 2 0.042212 0.348745 0.379332 0.035826 0.193886
2 2 0.026935 0.346242 0.472752 0.040788 0.113283
2 2 0.071251 0.352053 0.378761 0.049618 0.148317
2 2 0.055998 0.358928 0.382488 0.038155 0.164431
2 2 0.006351 0.091776 0.855653 0.021764 0.024456
2 2 0.009284 0.111299 0.818291 0.029345 0.031781
2 2 0.021765 0.340339 0.496524 0.040443 0.100928
2 2 0.023206 0.332236 0.506115 0.049557 0.088887
2 2 0.063028 0.349732 0.391791 0.051380 0.144070
2 2 0.009189 0.126146 0.801622 0.028064 0.034979
2 2 0.046501 0.348781 0.382469 0.039690 0.182559
4 2 0.111145 0.305767 0.234462 0.035114 0.313511
2 2 0.023265 0.343317 0.465904 0.037733 0.129781
1 1 0.044908 0.324255 0.309391 0.030937 0.290508
1 1 0.063312 0.331201 0.306421 0.035882 0.263183
2 2 0.024510 0.335972 0.370230 0.025415 0.243872
2 1 0.023588 0.345194 0.410057 0.027948 0.193213
2 1 0.033283 0.305540 0.492654 0.055871 0.112652
1 1 0.047566 0.329686 0.305600 0.028132 0.289016
2 2 0.024761 0.345242 0.399686 0.027226 0.203085
2 2 0.021988 0.278250 0.495296 0.032894 0.171572
2 2 0.016161 0.253791 0.620677 0.037769 0.071601
1 2 0.039059 0.327957 0.323251 0.029477 0.280256
1 2 0.054613 0.325381 0.296873 0.031321 0.291812
4 2 0.081310 0.314267 0.256617 0.032273 0.315533
1 2 0.067646 0.341230 0.318393 0.035847 0.236884
2 2 0.038751 0.337632 0.343828 0.030119 0.249671
1 2 0.121412 0.325166 0.263373 0.039475 0.250574
2 2 0.017268 0.243018 0.622742 0.038610 0.078362
2 2 0.026045 0.337970 0.447439 0.042848 0.145698
1 0 0.092280 0.348987 0.340418 0.047482 0.170834
2 1 0.157237 0.242506 0.366176 0.098804 0.135276
1 1 0.221694 0.282630 0.200585 0.048080 0.247010
4 1 0.110717 0.224482 0.134628 0.021867 0.508306
4 1 0.122009 0.239411 0.147010 0.023977 0.467592
4 1 0.101207 0.288349 0.207634 0.028579 0.374231
2 1 0.027286 0.335854 0.348732 0.023163 0.264965
4 1 0.064855 0.268557 0.193678 0.021512 0.451398
1 1 0.042568 0.334919 0.323431 0.028076 0.271005
1 2 0.133561 0.319348 0.254892 0.041858 0.250341
2 1 0.034199 0.339136 0.363605 0.031230 0.231830
2 1 0.031557 0.354305 0.433466 0.034837 0.145834
4 0 0.052982 0.304303 0.253833 0.025218 0.363664
0 4 0.560878 0.152079 0.087736 0.060553 0.138755
4 4 0.103179 0.191569 0.102827 0.015585 0.586841
4 4 0.017052 0.229843 0.184596 0.010594 0.557915
4 4 0.051057 0.142178 0.072109 0.008409 0.726248
4 4 0.057232 0.224481 0.143721 0.014999 0.559567
4 4 0.085867 0.111414 0.042651 0.005223 0.754845
4 4 0.261016 0.093667 0.027457 0.005268 0.612593
4 4 0.078584 0.111696 0.043504 0.005141 0.761074
4 4 0.209591 0.098458 0.030334 0.005224 0.656394
4 4 0.168334 0.075672 0.018964 0.002126 0.734903
4 4 0.074721 0.105209 0.039215 0.004230 0.776626
4 4 0.137052 0.095607 0.029879 0.003847 0.733615
4 4 0.146045 0.117200 0.043537 0.007378 0.685839
4 4 0.322167 0.074069 0.017857 0.003173 0.582734
4 4 0.208397 0.082844 0.021998 0.003107 0.683655
4 4 0.068105 0.099827 0.036143 0.003534 0.792391
4 4 0.150399 0.112970 0.040453 0.006662 0.689516
4 4 0.179271 0.073323 0.017792 0.002004 0.727610
4 4 0.084274 0.081209 0.023793 0.002034 0.808690
4 4 0.078405 0.106620 0.039871 0.004458 0.770646
4 4 0.296192 0.095504 0.028588 0.006275 0.573441
4 4 0.305673 0.082808 0.021895 0.004190 0.585434
4 4 0.288836 0.073456 0.017494 0.002785 0.617429
4 4 0.268952 0.087787 0.024318 0.004438 0.614506
4 4 0.361399 0.101259 0.032713 0.009563 0.495066
4 4 0.186146 0.128609 0.051018 0.011330 0.622897
4 4 0.068209 0.257752 0.180592 0.021485 0.471961
4 4 0.079936 0.103124 0.037333 0.004050 0.775556
4 4 0.317958 0.139719 0.061658 0.025196 0.455468
4 4 0.164920 0.077939 0.020059 0.002292 0.734789
4 4 0.082513 0.084777 0.025835 0.002290 0.804584
4 4 0.097587 0.121386 0.049181 0.007084 0.724762
4 4 0.075418 0.119341 0.049683 0.006249 0.749309
4 4 0.209777 0.120018 0.044287 0.009748 0.616171
4 4 0.106598 0.267070 0.178183 0.025148 0.423001
4 4 0.145482 0.125057 0.049358 0.009065 0.671038
4 4 0.275311 0.066702 0.014649 0.002022 0.641317
4 4 0.367324 0.074442 0.018275 0.003750 0.536209
4 4 0.072151 0.119759 0.050406 0.006250 0.751434
4 4 0.052820 0.220862 0.140807 0.013843 0.571668
4 4 0.074127 0.163363 0.085073 0.011944 0.665493
4 4 0.049301 0.161058 0.087820 0.009699 0.692122
4 4 0.071634 0.152096 0.077885 0.011684 0.686701
4 4 0.073386 0.236553 0.148955 0.016622 0.524484
4 4 0.061014 0.224405 0.144345 0.016409 0.553828
4 4 0.142370 0.245672 0.154037 0.028822 0.429099
4 4 0.075314 0.175057 0.094608 0.013169 0.641853
4 4 0.055685 0.139207 0.068198 0.008062 0.728847
4 4 0.175099 0.104358 0.034288 0.005620 0.680635
4 4 0.246687 0.072702 0.017171 0.002378 0.661062
4 4 0.142034 0.112311 0.040265 0.006376 0.699015
4 4 0.101572 0.129440 0.055329 0.008815 0.704844
4 4 0.157518 0.106103 0.035740 0.005606 0.695033
4 4 0.051748 0.189637 0.109544 0.010733 0.638338
4 4 0.023335 0.232641 0.175577 0.011167 0.557280
4 4 0.100426 0.122045 0.049475 0.007272 0.720781
4 4 0.079830 0.125879 0.054496 0.007508 0.732287
4 4 0.189679 0.106356 0.035315 0.006230 0.662419
0 4 0.506934 0.057324 0.012245 0.002959 0.420538
4 4 0.074255 0.145332 0.069106 0.009068 0.702240
4 4 0.082296 0.117712 0.047678 0.006123 0.746190
0 4 0.684962 0.044241 0.009413 0.003562 0.257822
4 4 0.159379 0.118672 0.044185 0.008002 0.669762
4 4 0.035036 0.099078 0.040552 0.003055 0.822278
4 4 0.066195 0.129599 0.059582 0.007876 0.736748
4 4 0.150802 0.120986 0.046119 0.008286 0.673807
4 4 0.056665 0.195889 0.114701 0.012051 0.620694
4 1 0.064975 0.109755 0.043536 0.004656 0.777078
4 1 0.092008 0.221671 0.131015 0.017403 0.537903
4 1 0.036924 0.237703 0.168689 0.013591 0.543092
4 1 0.055569 0.178519 0.099911 0.010884 0.655118
4 1 0.045259 0.165500 0.091799 0.009223 0.688219
4 1 0.051517 0.211021 0.130470 0.012540 0.594453
4 1 0.036471 0.205561 0.133867 0.011337 0.612765
4 1 0.157959 0.231236 0.134346 0.024962 0.451498
4 0 0.055396 0.181685 0.102163 0.010823 0.649932
1 1 0.140892 0.306679 0.239031 0.044054 0.269345
4 1 0.081200 0.253686 0.168350 0.020729 0.476036
4 1 0.088494 0.261262 0.174217 0.021890 0.454137
4 1 0.043746 0.309582 0.264419 0.022007 0.360246
4 1 0.046829 0.258452 0.186158 0.016313 0.492248
4 1 0.033200 0.286081 0.238222 0.017540 0.424957
4 1 0.037161 0.280255 0.227807 0.018598 0.436180
4 1 0.020639 0.308471 0.312511 0.019881 0.338497
4 1 0.028686 0.260134 0.208112 0.015070 0.487998
4 1 0.021626 0.291482 0.270585 0.016742 0.399565
2 2 0.022300 0.320499 0.342990 0.023999 0.290212
2 1 0.010655 0.156393 0.752439 0.027240 0.053273
2 0 0.022769 0.314379 0.327256 0.023330 0.312267
4 0 0.250118 0.151155 0.068838 0.022388 0.507501
0 1 0.353466 0.253084 0.168392 0.050652 0.174405
4 1 0.082027 0.273131 0.191957 0.023556 0.429329
4 1 0.091448 0.231697 0.143598 0.019997 0.513259
4 1 0.026725 0.314105 0.308913 0.022286 0.327971
4 1 0.032274 0.282365 0.240856 0.019348 0.425157
1 1 0.051185 0.322797 0.295833 0.030580 0.299606
2 1 0.043000 0.345201 0.354918 0.031908 0.224973
1 2 0.048776 0.327203 0.299808 0.028171 0.296041
4 1 0.027859 0.306580 0.288550 0.020778 0.356233
2 1 0.023742 0.322339 0.341455 0.024291 0.288173
4 1 0.053232 0.295553 0.235743 0.022441 0.393031
1 1 0.102781 0.329998 0.284473 0.041873 0.240875
2 1 0.022590 0.328954 0.369486 0.026662 0.252308
4 1 0.030032 0.317264 0.301744 0.021571 0.329389
1 1 0.090302 0.322608 0.263949 0.033378 0.289763
4 1 0.026989 0.310665 0.301903 0.022091 0.338352
4 2 0.021756 0.283615 0.262444 0.017621 0.414564
4 1 0.022432 0.302849 0.300885 0.021050 0.352784
4 1 0.075040 0.316596 0.255865 0.028349 0.324150
4 0 0.026315 0.308934 0.294565 0.020226 0.349960
0 0 0.447777 0.190267 0.126801 0.081364 0.153790
0 0 0.485537 0.157250 0.106362 0.092837 0.158015
0 1 0.283633 0.256148 0.195428 0.079341 0.185450
4 1 0.072995 0.190690 0.108024 0.014084 0.614208
4 1 0.036097 0.251791 0.191450 0.016394 0.504268
4 1 0.034777 0.259149 0.198100 0.015325 0.492649
4 1 0.018602 0.302598 0.299442 0.016955 0.362403
1 1 0.049450 0.336253 0.318484 0.029867 0.265946
4 1 0.023749 0.221057 0.165215 0.011825 0.578153
4 1 0.032506 0.315912 0.307014 0.025708 0.318859
2 2 0.031061 0.335702 0.341361 0.024563 0.267314
4 2 0.020451 0.286882 0.317550 0.019083 0.356034
2 2 0.006307 0.110498 0.788831 0.012042 0.082322
2 2 0.007116 0.115577 0.817390 0.019762 0.040156
2 2 0.025996 0.325747 0.353040 0.028030 0.267187
2 2 0.006261 0.090131 0.851127 0.018078 0.034403
2 2 0.006443 0.068716 0.875046 0.019062 0.030733
2 2 0.007242 0.101802 0.824952 0.018202 0.047802
2 2 0.002221 0.036164 0.941292 0.009180 0.011141
2 2 0.003450 0.050891 0.914260 0.011665 0.019734
2 2 0.002895 0.040025 0.932390 0.011316 0.013376
2 2 0.005200 0.060239 0.895898 0.018186 0.020477
2 2 0.002764 0.038320 0.935110 0.010891 0.012914
2 2 0.006822 0.101207 0.825427 0.016714 0.049830
2 2 0.006538 0.107117 0.818366 0.015690 0.052288
2 2 0.001764 0.027638 0.953776 0.007547 0.009275
2 2 0.004056 0.060560 0.896487 0.012249 0.026648
2 2 0.002209 0.036202 0.941344 0.009142 0.011103
2 2 0.002558 0.045211 0.929291 0.010389 0.012551
2 2 0.002089 0.040549 0.937661 0.008833 0.010869
2 2 0.001607 0.027696 0.954924 0.007032 0.008741
2 2 0.002043 0.032869 0.946111 0.008551 0.010427
2 2 0.002914 0.047241 0.924611 0.011511 0.013722
2 2 0.002225 0.043466 0.933569 0.009317 0.011422
2 2 0.004181 0.055089 0.907797 0.015313 0.017621
2 2 0.003539 0.042113 0.925804 0.013234 0.015310
2 2 0.002425 0.043210 0.932359 0.009945 0.012061
2 2 0.007350 0.073019 0.865112 0.029732 0.024787
2 2 0.004500 0.075384 0.884382 0.016544 0.019191
2 2 0.003049 0.032724 0.937527 0.013771 0.012929
2 2 0.003776 0.064416 0.900642 0.014329 0.016836
2 2 0.018543 0.181968 0.690915 0.045678 0.062896
2 2 0.007298 0.081302 0.861066 0.023995 0.026339
2 2 0.006419 0.048101 0.888520 0.037139 0.019821
2 2 0.007136 0.105180 0.822474 0.018119 0.047091
2 2 0.010034 0.092224 0.834285 0.030768 0.032689
2 2 0.010431 0.079507 0.843019 0.034971 0.032072
2 2 0.010139 0.089813 0.836283 0.030960 0.032805
2 2 0.024451 0.126939 0.707207 0.087703 0.053700
2 2 0.010650 0.093021 0.830158 0.032199 0.033972
2 2 0.005247 0.051199 0.896878 0.028605 0.018071
2 2 0.013362 0.106946 0.801150 0.038311 0.040230
2 2 0.020117 0.150682 0.714592 0.063849 0.050758
2 2 0.014935 0.140069 0.755550 0.040073 0.049373
2 2 0.008698 0.086768 0.847078 0.027285 0.030171
2 2 0.028284 0.185225 0.646824 0.065865 0.073802
2 2 0.026237 0.150998 0.657273 0.111201 0.054291
2 2 0.019941 0.165699 0.700776 0.047875 0.065710
2 2 0.028291 0.125020 0.659857 0.126608 0.060224
2 2 0.028272 0.148088 0.659454 0.095956 0.068230
2 2 0.028682 0.164019 0.642918 0.104658 0.059724
2 2 0.032524 0.079635 0.590011 0.250786 0.047044
2 2 0.021579 0.089644 0.705846 0.142047 0.040885
2 2 0.018241 0.118142 0.744101 0.075814 0.043703
2 2 0.022183 0.152179 0.679302 0.097060 0.049277
2 2 0.025485 0.135008 0.662406 0.126490 0.050611
4 2 0.050642 0.287734 0.289003 0.052135 0.320486
2 2 0.034173 0.144814 0.611286 0.144228 0.065500
2 3 0.016406 0.114434 0.776827 0.043654 0.048679
2 2 0.041596 0.171698 0.568290 0.137822 0.080594
2 2 0.039020 0.209075 0.563385 0.077956 0.110563
2 3 0.050476 0.243580 0.450402 0.094664 0.160878
2 2 0.023873 0.074598 0.628240 0.236118 0.037172
2 3 0.022478 0.085502 0.655246 0.198729 0.038045
2 3 0.054890 0.127040 0.385583 0.368520 0.063967
2 2 0.019433 0.058907 0.647779 0.243657 0.030224
2 2 0.025512 0.184806 0.659172 0.060606 0.069905
2 2 0.030450 0.126598 0.648963 0.137373 0.056616
2 2 0.043299 0.148460 0.503986 0.240453 0.063803
2 3 0.021334 0.088643 0.697748 0.152642 0.039632
2 2 0.029163 0.155305 0.652895 0.102005 0.060632
2 3 0.043852 0.136630 0.531016 0.222850 0.065652
2 3 0.031412 0.083832 0.525823 0.316572 0.042361
3 2 0.063880 0.098399 0.277309 0.500829 0.059583
2 2 0.022647 0.100918 0.691633 0.141642 0.043159
2 2 0.052302 0.163151 0.462976 0.236680 0.084892
2 2 0.027523 0.076193 0.616369 0.238262 0.041654
2 2 0.051417 0.123492 0.435626 0.325365 0.064100
2 2 0.043992 0.154519 0.558688 0.141938 0.100864
2 2 0.028844 0.108290 0.673912 0.135449 0.053505
2 3 0.037443 0.142030 0.498404 0.267481 0.054642
2 3 0.015822 0.076199 0.786869 0.085350 0.035760
2 2 0.029773 0.092755 0.534522 0.301106 0.041844
2 2 0.028962 0.174798 0.625350 0.111386 0.059505
2 3 0.013328 0.044148 0.726259 0.193266 0.022999
2 2 0.019272 0.096123 0.703903 0.143143 0.037559
2 2 0.014308 0.099636 0.776680 0.073980 0.035396
2 2 0.014060 0.076169 0.768587 0.110876 0.030308
2 2 0.026414 0.154686 0.628903 0.138552 0.051446
2 2 0.022580 0.121031 0.679824 0.131684 0.044880
2 2 0.025688 0.159114 0.657691 0.102680 0.054827
2 3 0.028183 0.121316 0.600993 0.202293 0.047215
2 2 0.034159 0.113158 0.483221 0.323095 0.046368
2 2 0.039923 0.136336 0.489780 0.277462 0.056499
2 2 0.023268 0.136882 0.651249 0.143102 0.045499
2 2 0.018440 0.103273 0.712238 0.128351 0.037697
2 2 0.026732 0.137656 0.646696 0.137448 0.051468
2 2 0.034306 0.157506 0.585096 0.162556 0.060536
2 2 0.024785 0.156423 0.660869 0.105061 0.052863
2 2 0.027499 0.133985 0.618273 0.170986 0.049256
2 2 0.030034 0.175717 0.615174 0.118894 0.060180
2 2 0.038412 0.087462 0.453094 0.374428 0.046605
2 2 0.033280 0.264366 0.547352 0.080649 0.074352
2 3 0.025804 0.173999 0.638876 0.106377 0.054943
2 2 0.030667 0.117933 0.573844 0.229192 0.048365
2 2 0.037933 0.201950 0.526113 0.167923 0.066081
2 2 0.021743 0.170146 0.675938 0.080706 0.051467
2 2 0.027566 0.176495 0.612328 0.128602 0.055009
2 2 0.040955 0.222129 0.523718 0.138485 0.074713
2 3 0.040188 0.234663 0.515806 0.134983 0.074360
3 0 0.033948 0.067693 0.413722 0.446755 0.037882
2 0 0.056468 0.242920 0.437850 0.173212 0.089550
2 1 0.076848 0.345128 0.416247 0.066387 0.095390
2 2 0.020233 0.330337 0.371628 0.023641 0.254161
2 2 0.022715 0.340673 0.441134 0.035206 0.160272
2 2 0.028251 0.333981 0.405961 0.039807 0.192000
2 2 0.025689 0.333924 0.396416 0.034200 0.209771
2 0 0.026809 0.330049 0.345704 0.024704 0.272734
2 1 0.053119 0.307016 0.430508 0.107227 0.102129
4 2 0.023702 0.308837 0.314487 0.023427 0.329547
2 2 0.026211 0.314062 0.444406 0.038807 0.176513
4 2 0.022142 0.307330 0.310477 0.021394 0.338657
2 1 0.010748 0.145602 0.746319 0.023106 0.074224
2 1 0.027733 0.323224 0.329108 0.024496 0.295439
4 2 0.023118 0.305311 0.317233 0.022749 0.331589
2 1 0.018052 0.269666 0.554258 0.031621 0.126403
2 1 0.022804 0.328546 0.346521 0.021723 0.280407
2 1 0.021061 0.302459 0.501719 0.035276 0.139485
2 2 0.027370 0.321808 0.351174 0.031305 0.268342
2 1 0.009758 0.147992 0.745484 0.020601 0.076165
2 1 0.018428 0.344187 0.464336 0.030155 0.142893
4 1 0.020689 0.283929 0.294815 0.018280 0.382287
4 1 0.017904 0.257097 0.221694 0.012675 0.490631
4 0 0.023151 0.275215 0.242084 0.016171 0.443379
0 4 0.346465 0.226023 0.171353 0.097176 0.158984
4 4 0.038726 0.236567 0.166181 0.013782 0.544744
4 4 0.016545 0.220546 0.173020 0.009834 0.580055
4 4 0.023785 0.265859 0.234983 0.018182 0.457192
4 4 0.022976 0.107849 0.051930 0.003728 0.813517
4 4 0.027676 0.108978 0.050906 0.003941 0.808499
4 4 0.037979 0.093579 0.035880 0.002611 0.829950
4 4 0.022612 0.172977 0.109324 0.007350 0.687738
4 4 0.019908 0.113324 0.058821 0.004272 0.803674
4 4 0.038209 0.079717 0.026690 0.001639 0.853745
4 4 0.067323 0.121343 0.052332 0.006409 0.752592
4 4 0.023286 0.207006 0.146840 0.010068 0.612800
4 4 0.023177 0.214822 0.157958 0.011165 0.592878
4 4 0.044749 0.087732 0.030825 0.002221 0.834474
4 0 0.044478 0.130416 0.063795 0.006765 0.754547
0 4 0.388397 0.158331 0.096257 0.086070 0.270945
4 4 0.038486 0.200248 0.125850 0.010606 0.624810
4 4 0.050951 0.108368 0.044500 0.004262 0.791918
4 4 0.022861 0.186621 0.123667 0.008360 0.658492
4 4 0.023572 0.142699 0.083522 0.006914 0.743294
4 4 0.031900 0.234915 0.169871 0.012837 0.550477
1 4 0.071474 0.290485 0.287206 0.063021 0.287814
4 4 0.041463 0.258696 0.191878 0.016276 0.491687
4 4 0.034055 0.178824 0.107628 0.008873 0.670620
4 4 0.016609 0.231773 0.187107 0.010381 0.554129
4 4 0.032000 0.114686 0.054388 0.004704 0.794223
4 4 0.070076 0.238047 0.160356 0.021239 0.510282
4 4 0.039695 0.177037 0.104259 0.009644 0.669365
4 4 0.032677 0.114880 0.054326 0.004743 0.793374
4 4 0.041420 0.176016 0.102466 0.009653 0.670444
4 4 0.025297 0.214951 0.153947 0.010911 0.594895
4 4 0.024151 0.219391 0.158519 0.010447 0.587492
4 4 0.027318 0.181510 0.114577 0.008477 0.668118
4 4 0.076686 0.151600 0.073778 0.009924 0.688012
4 4 0.027188 0.188373 0.122858 0.009322 0.652258
4 4 0.030553 0.205754 0.135520 0.009791 0.618383
4 4 0.033863 0.189133 0.118596 0.009877 0.648531
4 4 0.017305 0.212035 0.160993 0.009477 0.600189
4 4 0.051548 0.097421 0.036390 0.003101 0.811540
4 4 0.042389 0.198364 0.122152 0.010886 0.626210
4 4 0.053584 0.103932 0.040749 0.003792 0.797944
4 4 0.031582 0.166804 0.098026 0.008009 0.695579
4 4 0.027978 0.251432 0.197214 0.014267 0.509110
4 4 0.025086 0.249167 0.199355 0.014027 0.512366
4 4 0.020063 0.256956 0.219383 0.013798 0.489801
4 4 0.021380 0.175573 0.115182 0.008048 0.679817
4 4 0.038928 0.214277 0.141970 0.012398 0.592428
4 4 0.027413 0.118156 0.059463 0.005057 0.789912
4 4 0.040875 0.231657 0.159239 0.013707 0.554522
4 1 0.039712 0.262631 0.199152 0.016676 0.481829
4 1 0.037380 0.244181 0.173573 0.013276 0.531590
4 1 0.026731 0.230481 0.169316 0.011681 0.561790
4 1 0.022332 0.252859 0.206800 0.013239 0.504770
4 1 0.031784 0.215864 0.146723 0.011009 0.594620
4 1 0.018941 0.246767 0.205318 0.012401 0.516573
4 1 0.029140 0.235456 0.176774 0.013707 0.544923
4 1 0.036527 0.208539 0.136242 0.011282 0.607411
4 1 0.032270 0.226876 0.159428 0.012071 0.569356
4 0 0.044862 0.186228 0.113012 0.011846 0.644052
0 0 0.423714 0.203520 0.135907 0.075014 0.161846
4 1 0.269922 0.247120 0.153252 0.041155 0.288551
4 1 0.087884 0.310148 0.241677 0.029691 0.330600
4 2 0.130402 0.250198 0.158877 0.027351 0.433172
4 2 0.023624 0.310741 0.303073 0.019443 0.343119
4 2 0.035914 0.288034 0.245097 0.020615 0.410340
1 2 0.030665 0.317420 0.311832 0.024927 0.315157
1 2 0.046570 0.334737 0.323160 0.030590 0.264942
1 2 0.067425 0.332808 0.302175 0.035014 0.262579
1 2 0.033911 0.326753 0.319957 0.025275 0.294104
1 2 0.062780 0.331398 0.299607 0.032772 0.273443
4 2 0.080653 0.291554 0.216071 0.025556 0.386166
4 2 0.065267 0.300306 0.236429 0.025179 0.372820
2 1 0.032664 0.325827 0.326217 0.026608 0.288684
4 1 0.110241 0.308140 0.233005 0.032458 0.316155
1 1 0.105338 0.313342 0.242082 0.032706 0.306532
4 1 0.058814 0.283727 0.216116 0.022205 0.419138
4 1 0.078946 0.261912 0.179453 0.021935 0.457755
4 1 0.045094 0.297923 0.248798 0.022534 0.385651
4 1 0.052658 0.252747 0.178875 0.017766 0.497953
4 1 0.060088 0.292804 0.228329 0.023518 0.395260
4 1 0.025615 0.291706 0.266658 0.018850 0.397171
4 1 0.031166 0.288732 0.247682 0.018241 0.414179
2 1 0.019149 0.316188 0.330053 0.019325 0.315285
4 1 0.079893 0.242586 0.155412 0.018804 0.503305
4 1 0.039431 0.262907 0.198711 0.016281 0.482669
4 1 0.033349 0.301431 0.270681 0.021608 0.372932
4 1 0.022365 0.309162 0.314683 0.021937 0.331854
