0 0 0.679113 0.068855 0.091867 0.084455 0.075710
0 0 0.605206 0.103108 0.104066 0.071085 0.116535
0 0 0.320985 0.239686 0.153584 0.059851 0.225894
4 1 0.125226 0.327784 0.160144 0.028859 0.357987
0 1 0.445854 0.155997 0.156531 0.085204 0.156413
0 1 0.715635 0.061606 0.077531 0.064067 0.081161
4 1 0.184550 0.301405 0.156825 0.036582 0.320637
4 1 0.117468 0.331945 0.165937 0.029464 0.355185
4 1 0.129668 0.326900 0.178674 0.035880 0.328878
4 1 0.095265 0.341389 0.160554 0.024440 0.378353
1 2 0.113742 0.326234 0.240810 0.058446 0.260768
2 2 0.088687 0.185410 0.524703 0.114616 0.086584
1 2 0.127301 0.307221 0.266520 0.079625 0.219333
1 2 0.132649 0.315917 0.236521 0.063000 0.251913
2 2 0.067852 0.142368 0.643140 0.083032 0.063608
2 2 0.112662 0.264427 0.362789 0.106114 0.154008
2 2 0.089035 0.194418 0.519917 0.100169 0.096461
2 3 0.056229 0.086982 0.622978 0.186414 0.047397
2 3 0.098498 0.209101 0.466703 0.123657 0.102041
2 3 0.049107 0.063454 0.507922 0.337312 0.042205
2 3 0.039550 0.071346 0.610699 0.233399 0.045006
3 3 0.056053 0.059961 0.387884 0.453086 0.043016
3 3 0.028922 0.008882 0.057219 0.895530 0.009446
3 3 0.047552 0.033773 0.209300 0.680567 0.028807
2 3 0.100306 0.224423 0.450067 0.106901 0.118302
0 2 0.265077 0.249665 0.203420 0.087170 0.194668
1 2 0.148104 0.317100 0.192334 0.045178 0.297284
2 2 0.162613 0.211404 0.383027 0.126600 0.116355
1 2 0.144025 0.317301 0.205429 0.050268 0.282977
1 2 0.147148 0.317132 0.196033 0.046632 0.293054
2 2 0.056741 0.116446 0.704993 0.072744 0.049076
2 2 0.061118 0.125770 0.680854 0.078447 0.053811
2 2 0.068863 0.142363 0.637722 0.088565 0.062487
2 3 0.037546 0.076002 0.808920 0.047849 0.029683
2 3 0.067077 0.100626 0.593256 0.185693 0.053347
3 3 0.054314 0.046025 0.294625 0.569357 0.035679
3 3 0.050923 0.035118 0.197376 0.686767 0.029815
3 3 0.047704 0.032608 0.224979 0.667469 0.027239
3 3 0.046277 0.014699 0.078717 0.846586 0.013721
3 3 0.035492 0.008527 0.054618 0.892830 0.008533
3 3 0.041546 0.015793 0.083591 0.843840 0.015230
3 3 0.033875 0.010769 0.064822 0.879561 0.010973
3 3 0.040564 0.009604 0.058809 0.881760 0.009262
3 3 0.036102 0.008960 0.056515 0.889493 0.008931
3 3 0.038146 0.010032 0.060999 0.880963 0.009860
3 3 0.037720 0.009768 0.059901 0.882985 0.009627
3 3 0.022619 0.003746 0.031243 0.938199 0.004192
3 3 0.037980 0.011702 0.068116 0.870657 0.011545
3 3 0.028790 0.006279 0.044580 0.913713 0.006638
3 3 0.027528 0.003992 0.032199 0.932056 0.004226
3 3 0.025100 0.004680 0.036427 0.928682 0.005111
3 3 0.035673 0.009113 0.057265 0.888832 0.009118
3 3 0.045186 0.009212 0.056537 0.880468 0.008598
3 3 0.035281 0.009465 0.058901 0.886843 0.009509
3 3 0.031894 0.005504 0.040175 0.916799 0.005628
3 3 0.024581 0.003770 0.031173 0.936358 0.004118
3 3 0.030041 0.005811 0.041996 0.916097 0.006055
3 3 0.026678 0.004004 0.032356 0.932683 0.004278
3 3 0.027160 0.005135 0.038719 0.923491 0.005495
3 3 0.044234 0.009686 0.058718 0.878257 0.009106
3 3 0.031818 0.009172 0.058091 0.891426 0.009492
3 3 0.036418 0.006395 0.044286 0.906588 0.006312
3 3 0.030060 0.004887 0.037034 0.922951 0.005069
3 3 0.035607 0.007286 0.048757 0.901089 0.007261
3 3 0.026804 0.004193 0.033450 0.931072 0.004480
3 3 0.028183 0.005502 0.040581 0.919900 0.005833
3 3 0.024526 0.003257 0.028027 0.940643 0.003547
3 3 0.023561 0.003830 0.031643 0.936729 0.004238
3 3 0.022529 0.003126 0.027388 0.943471 0.003485
3 3 0.028269 0.004283 0.033817 0.929125 0.004507
3 3 0.029640 0.005306 0.039363 0.920153 0.005539
3 3 0.027360 0.005146 0.038756 0.923243 0.005495
3 3 0.033164 0.006546 0.045397 0.908249 0.006644
3 3 0.027143 0.005312 0.039682 0.922174 0.005689
3 3 0.024916 0.005184 0.039261 0.924950 0.005689
3 3 0.024369 0.003600 0.030168 0.937925 0.003938
3 3 0.026891 0.004395 0.034606 0.929410 0.004697
3 3 0.030095 0.004569 0.035264 0.925341 0.004730
3 3 0.030136 0.004792 0.036503 0.923604 0.004965
3 3 0.027343 0.003744 0.030749 0.934199 0.003965
3 3 0.025357 0.004108 0.033101 0.932977 0.004457
3 3 0.031602 0.005865 0.042102 0.914408 0.006023
3 3 0.025826 0.004810 0.037072 0.927079 0.005213
3 3 0.036318 0.004174 0.032494 0.922936 0.004079
3 3 0.020412 0.002765 0.025239 0.948423 0.003161
3 3 0.024124 0.003779 0.031279 0.936665 0.004152
3 3 0.027724 0.004578 0.035555 0.927289 0.004854
3 3 0.028857 0.004720 0.036236 0.925235 0.004951
3 3 0.023781 0.003219 0.027852 0.941614 0.003535
3 3 0.034234 0.007758 0.051185 0.898992 0.007832
3 3 0.024836 0.003025 0.026521 0.942344 0.003274
3 3 0.039818 0.008967 0.056071 0.886461 0.008683
3 3 0.027573 0.004500 0.035132 0.928017 0.004777
3 3 0.028991 0.005054 0.038066 0.922586 0.005303
3 3 0.034070 0.006742 0.046274 0.906119 0.006795
3 3 0.024878 0.004175 0.033551 0.932837 0.004558
3 3 0.029505 0.004340 0.034026 0.927617 0.004513
3 3 0.036366 0.006075 0.042675 0.908893 0.005992
3 3 0.027924 0.004436 0.034729 0.928222 0.004690
3 3 0.025090 0.003827 0.031463 0.935463 0.004157
3 3 0.032311 0.005223 0.038632 0.918520 0.005313
3 3 0.023618 0.002847 0.025479 0.944935 0.003122
3 3 0.024605 0.002950 0.026058 0.943188 0.003199
3 3 0.027477 0.003451 0.028962 0.936469 0.003641
3 3 0.022887 0.002945 0.026181 0.944725 0.003262
3 3 0.059237 0.016839 0.084709 0.824593 0.014622
2 3 0.181440 0.205823 0.314687 0.196647 0.101402
2 3 0.144861 0.277217 0.291810 0.113059 0.173053
2 3 0.085788 0.179060 0.541487 0.110792 0.082873
2 3 0.054378 0.111427 0.717959 0.069668 0.046567
1 1 0.223643 0.274452 0.202960 0.071549 0.227396
4 1 0.141882 0.320399 0.160334 0.031434 0.345951
4 1 0.151690 0.314952 0.150274 0.029396 0.353688
4 1 0.129460 0.325301 0.155610 0.028059 0.361570
4 1 0.136671 0.320709 0.146776 0.026301 0.369543
4 1 0.135048 0.320751 0.143683 0.025166 0.375352
4 1 0.176428 0.304872 0.155410 0.034779 0.328512
1 1 0.248909 0.267392 0.183594 0.064562 0.235543
0 1 0.339559 0.211942 0.187388 0.102804 0.158308
0 1 0.315617 0.236943 0.169718 0.072283 0.205439
4 1 0.173170 0.306641 0.164742 0.038078 0.317369
0 1 0.319256 0.236898 0.164960 0.069002 0.209884
0 1 0.409347 0.188975 0.152567 0.080448 0.168663
0 0 0.541221 0.123230 0.119600 0.065619 0.150329
0 0 0.352192 0.224157 0.153454 0.067702 0.202495
0 0 0.360377 0.219263 0.154988 0.071593 0.193779
0 0 0.548501 0.127484 0.114934 0.068987 0.140094
0 0 0.703804 0.058927 0.086322 0.080256 0.070692
0 0 0.463653 0.164445 0.144423 0.100930 0.126549
0 0 0.388634 0.204169 0.154166 0.080158 0.172872
0 0 0.301026 0.247593 0.160502 0.060527 0.230353
4 0 0.224912 0.283521 0.158565 0.043953 0.289049
0 0 0.277714 0.259497 0.157237 0.053060 0.252492
4 0 0.266170 0.265863 0.147581 0.045021 0.275365
4 0 0.211509 0.289316 0.146396 0.036074 0.316705
4 0 0.231828 0.280727 0.151248 0.041384 0.294813
4 0 0.232246 0.280515 0.145461 0.038617 0.303161
4 0 0.216143 0.287349 0.146162 0.036625 0.313721
4 0 0.232929 0.280212 0.144959 0.038476 0.303424
4 0 0.159154 0.311570 0.148707 0.029857 0.350712
4 0 0.247293 0.274099 0.143227 0.039730 0.295651
4 0 0.166510 0.307812 0.144165 0.029225 0.352288
4 0 0.164272 0.308420 0.142319 0.028309 0.356680
4 0 0.137854 0.318652 0.139603 0.024297 0.379594
4 0 0.167480 0.308129 0.149256 0.031168 0.343967
4 0 0.206374 0.290760 0.139157 0.032341 0.331368
4 0 0.202378 0.293273 0.148001 0.035481 0.320867
4 0 0.227151 0.282625 0.144376 0.037373 0.308475
4 0 0.161354 0.309466 0.141510 0.027680 0.359990
4 0 0.091917 0.340622 0.149684 0.021240 0.396537
4 0 0.160710 0.311048 0.149697 0.030412 0.348134
4 0 0.177283 0.303300 0.143761 0.030445 0.345210
4 0 0.191972 0.296488 0.138402 0.030273 0.342865
4 0 0.133846 0.315958 0.125376 0.019938 0.404882
4 0 0.150830 0.315835 0.154205 0.030625 0.348504
4 0 0.217185 0.286016 0.136281 0.032505 0.328014
4 0 0.240453 0.277030 0.148075 0.041141 0.293302
4 0 0.178108 0.303513 0.148097 0.032173 0.338109
1 0 0.261678 0.265257 0.167051 0.056142 0.249872
4 0 0.187056 0.300376 0.159614 0.038162 0.314792
4 0 0.144426 0.312499 0.127199 0.021457 0.394419
4 0 0.220522 0.285633 0.153560 0.040724 0.299561
4 0 0.250336 0.272717 0.149069 0.043229 0.284650
4 0 0.202680 0.293444 0.158715 0.040287 0.304874
4 0 0.170209 0.303754 0.131631 0.025430 0.368976
0 0 0.321261 0.226253 0.184121 0.089522 0.178842
0 0 0.356180 0.208679 0.172278 0.084900 0.177964
0 0 0.726465 0.063348 0.066163 0.045328 0.098697
4 0 0.267667 0.265187 0.147852 0.045427 0.273867
4 0 0.205520 0.291233 0.140167 0.032643 0.330438
4 0 0.217700 0.286612 0.144751 0.036214 0.314723
4 0 0.145504 0.317818 0.151859 0.029088 0.355731
4 1 0.106536 0.325130 0.121821 0.016518 0.429996
4 1 0.075433 0.327733 0.104370 0.010613 0.481852
4 1 0.063955 0.311083 0.078822 0.006326 0.539814
4 1 0.100941 0.322486 0.111928 0.013972 0.450672
4 1 0.070758 0.321674 0.093461 0.008643 0.505463
4 1 0.067746 0.317243 0.086806 0.007544 0.520662
4 1 0.077859 0.330480 0.110329 0.011780 0.469553
4 1 0.065048 0.312926 0.081080 0.006660 0.534286
4 1 0.077282 0.329851 0.108891 0.011492 0.472483
4 1 0.070657 0.321532 0.093233 0.008604 0.505974
4 1 0.075408 0.327704 0.104310 0.010601 0.481976
4 1 0.072340 0.323836 0.097071 0.009271 0.497481
4 1 0.073167 0.318536 0.090671 0.008403 0.509223
4 1 0.069943 0.320515 0.091631 0.008333 0.509578
4 1 0.072817 0.324465 0.098175 0.009468 0.495074
4 1 0.069735 0.313376 0.083333 0.007204 0.526352
4 1 0.088679 0.320168 0.100505 0.010953 0.479694
4 4 0.280366 0.206906 0.135791 0.029885 0.347051
4 4 0.082860 0.335258 0.123321 0.014557 0.444004
4 4 0.314188 0.124877 0.054409 0.006549 0.499977
4 4 0.214360 0.287722 0.141224 0.034225 0.322469
4 4 0.084607 0.321987 0.100965 0.010743 0.481699
4 4 0.094711 0.331148 0.124902 0.016043 0.433196
4 4 0.077357 0.327180 0.104663 0.010808 0.479992
4 4 0.117142 0.320231 0.119985 0.017072 0.425570
4 4 0.086738 0.318492 0.097074 0.010251 0.487445
4 4 0.139356 0.231779 0.076801 0.007774 0.544289
4 4 0.168479 0.297593 0.136015 0.025741 0.372172
4 4 0.258283 0.213561 0.098899 0.017490 0.411767
4 4 0.308831 0.198401 0.116653 0.025878 0.350237
4 4 0.145451 0.169121 0.053635 0.004062 0.627730
4 4 0.064777 0.312474 0.080518 0.006576 0.535655
4 4 0.069951 0.318041 0.088663 0.007926 0.515420
4 4 0.062873 0.309206 0.076621 0.006010 0.545290
4 0 0.069510 0.319887 0.090669 0.008172 0.511762
4 0 0.074159 0.326181 0.101324 0.010041 0.488295
4 0 0.113542 0.323544 0.124581 0.017800 0.420533
4 0 0.146113 0.315874 0.142286 0.026088 0.369639
4 0 0.173233 0.306602 0.163725 0.037663 0.318777
1 0 0.264985 0.265474 0.156807 0.050263 0.262471
1 0 0.236025 0.277283 0.168791 0.051719 0.266182
0 0 0.269561 0.258888 0.176279 0.064664 0.230608
4 0 0.153578 0.315557 0.166935 0.035698 0.328232
4 0 0.177373 0.304738 0.165715 0.039199 0.312975
1 0 0.230998 0.275393 0.188334 0.063069 0.242207
0 0 0.549917 0.122112 0.115358 0.064165 0.148447
4 0 0.173877 0.305148 0.146933 0.031171 0.342870
4 0 0.121039 0.325642 0.139922 0.022427 0.390970
4 0 0.169683 0.307565 0.152689 0.032746 0.337317
4 0 0.128236 0.323470 0.143168 0.024184 0.380943
0 0 0.328120 0.236720 0.151736 0.060046 0.223378
0 0 0.312081 0.240755 0.164614 0.066691 0.215859
4 0 0.219175 0.285925 0.161633 0.044524 0.288743
4 0 0.176860 0.303046 0.141012 0.029395 0.349687
4 0 0.131689 0.314719 0.120032 0.018380 0.415181
4 0 0.193420 0.293704 0.127407 0.026439 0.359030
4 0 0.182704 0.301868 0.151229 0.034027 0.330172
0 0 0.398430 0.185436 0.117246 0.038405 0.260483
4 0 0.163211 0.307558 0.135965 0.026070 0.367194
4 0 0.104690 0.324223 0.118236 0.015580 0.437272
4 1 0.131471 0.319794 0.134234 0.022060 0.392441
4 1 0.203044 0.291341 0.134106 0.029948 0.341560
4 1 0.196533 0.296116 0.155052 0.037663 0.314635
4 1 0.154211 0.311382 0.136907 0.025355 0.372145
4 1 0.087815 0.334691 0.126635 0.015703 0.435156
4 1 0.168752 0.306889 0.144190 0.029517 0.350652
4 1 0.126682 0.316149 0.118933 0.017670 0.420565
4 1 0.089583 0.339675 0.142492 0.019271 0.408979
4 1 0.081816 0.334361 0.120526 0.013932 0.449365
1 1 0.106683 0.337344 0.204383 0.040435 0.311155
1 1 0.106821 0.337212 0.205000 0.040700 0.310267
2 1 0.024011 0.047962 0.880199 0.030424 0.017404
2 2 0.103223 0.273783 0.371891 0.064973 0.186130
2 2 0.042285 0.086007 0.783567 0.053794 0.034347
2 2 0.050669 0.109750 0.736769 0.053844 0.048968
2 2 0.100210 0.256481 0.409440 0.069927 0.163943
1 2 0.102822 0.340076 0.185710 0.033088 0.338304
4 2 0.172050 0.307020 0.159791 0.035864 0.325274
4 2 0.139138 0.320981 0.154876 0.029197 0.355807
4 2 0.073079 0.324807 0.098784 0.009578 0.493753
1 2 0.110393 0.329871 0.230791 0.049784 0.279161
4 2 0.082996 0.335370 0.123688 0.014640 0.443305
4 2 0.086261 0.337794 0.132754 0.016781 0.426410
4 2 0.095085 0.341366 0.159953 0.024256 0.379340
4 2 0.083666 0.335912 0.125510 0.015058 0.439854
2 2 0.059061 0.136470 0.684329 0.052058 0.068081
2 2 0.047693 0.100837 0.753955 0.054357 0.043158
2 2 0.087876 0.208175 0.512429 0.076108 0.115413
1 2 0.109916 0.333501 0.219678 0.047390 0.289516
4 2 0.109266 0.332340 0.146771 0.022801 0.388822
4 2 0.097494 0.341478 0.168204 0.026861 0.365963
2 2 0.043411 0.088281 0.777503 0.055435 0.035371
2 2 0.047715 0.097336 0.754257 0.061013 0.039678
2 2 0.036147 0.073083 0.816370 0.046043 0.028358
2 2 0.015241 0.030064 0.925312 0.019207 0.010175
2 2 0.031636 0.063705 0.840263 0.040226 0.024170
2 2 0.125381 0.279847 0.325323 0.083596 0.185852
2 2 0.077406 0.168564 0.587163 0.085786 0.081081
2 2 0.050006 0.108783 0.740157 0.052322 0.048732
2 2 0.046938 0.097792 0.758361 0.055978 0.040931
2 2 0.060767 0.125022 0.682794 0.077990 0.053428
2 2 0.058114 0.127415 0.695028 0.060457 0.058987
2 2 0.031889 0.064230 0.838927 0.040552 0.024402
2 2 0.030152 0.060630 0.848079 0.038316 0.022822
2 2 0.059746 0.128102 0.687377 0.067012 0.057764
2 2 0.034915 0.070517 0.822915 0.044453 0.027201
2 2 0.039004 0.079047 0.801140 0.049733 0.031077
2 2 0.127732 0.261853 0.356595 0.086665 0.167154
2 2 0.041131 0.083498 0.789753 0.052483 0.033134
2 2 0.066740 0.143089 0.648474 0.076034 0.065663
2 2 0.027107 0.051018 0.821329 0.076692 0.023855
1 2 0.116616 0.299259 0.298340 0.084203 0.201582
2 2 0.076055 0.163167 0.595960 0.088172 0.076645
2 2 0.016474 0.032565 0.919031 0.020780 0.011150
2 2 0.047370 0.096893 0.756138 0.059996 0.039602
2 2 0.046914 0.095648 0.758596 0.059974 0.038868
2 2 0.057053 0.117109 0.703279 0.073150 0.049409
2 2 0.050525 0.103268 0.738996 0.064660 0.042551
2 2 0.062855 0.129481 0.671227 0.080714 0.055724
2 2 0.027045 0.054210 0.864376 0.034320 0.020048
2 3 0.070959 0.146876 0.625951 0.091310 0.064903
2 3 0.073990 0.152552 0.601191 0.102635 0.069631
2 3 0.079373 0.167447 0.577936 0.097776 0.077468
2 3 0.044570 0.090715 0.771259 0.056936 0.036520
1 3 0.122635 0.321486 0.238344 0.060387 0.257149
2 3 0.115903 0.298571 0.301135 0.082548 0.201844
1 2 0.112944 0.319235 0.259418 0.060382 0.248021
1 2 0.118479 0.305840 0.281934 0.084495 0.209252
2 2 0.044138 0.089808 0.773587 0.056376 0.036091
2 2 0.030037 0.060391 0.848686 0.038167 0.022718
2 2 0.052830 0.114017 0.725128 0.057099 0.050926
2 2 0.031001 0.062388 0.843611 0.039408 0.023592
2 2 0.022958 0.045800 0.885666 0.029074 0.016503
2 2 0.037175 0.075228 0.810895 0.047371 0.029331
2 2 0.055573 0.113964 0.711409 0.071223 0.047832
2 2 0.032786 0.064768 0.821883 0.053923 0.026641
2 2 0.054468 0.111618 0.717467 0.069785 0.046662
2 2 0.024676 0.049330 0.876739 0.031278 0.017978
2 2 0.030978 0.062342 0.843729 0.039379 0.023571
2 2 0.102231 0.227131 0.439652 0.111868 0.119118
2 2 0.046926 0.095673 0.758531 0.059990 0.038880
2 2 0.036596 0.074020 0.813980 0.046622 0.028782
2 2 0.033685 0.067959 0.829434 0.042867 0.026056
2 2 0.142955 0.272913 0.302098 0.114199 0.167835
1 2 0.108343 0.335577 0.212010 0.043802 0.300267
2 2 0.061507 0.146310 0.666023 0.049690 0.076470
1 2 0.103542 0.339708 0.191013 0.034981 0.330757
4 2 0.095516 0.341416 0.161399 0.024700 0.376968
2 2 0.073070 0.164455 0.608314 0.072227 0.081935
2 2 0.031147 0.062691 0.842841 0.039596 0.023725
1 2 0.119956 0.315007 0.260746 0.072243 0.232048
2 2 0.086326 0.205472 0.520539 0.073416 0.114248
1 2 0.112937 0.328088 0.235998 0.055766 0.267210
4 2 0.097930 0.341109 0.166905 0.026573 0.367483
4 2 0.139918 0.321196 0.159587 0.030882 0.348417
4 2 0.100670 0.340949 0.179769 0.030802 0.347810
1 2 0.112090 0.329830 0.231170 0.053177 0.273734
2 2 0.023460 0.046832 0.883058 0.029718 0.016932
2 2 0.015119 0.029817 0.925933 0.019052 0.010079
2 2 0.088819 0.190468 0.522751 0.105835 0.092127
2 2 0.026355 0.052786 0.867984 0.033433 0.019441
2 2 0.015454 0.030495 0.924231 0.019478 0.010342
4 2 0.139269 0.322323 0.174811 0.036214 0.327383
1 2 0.156609 0.313381 0.187319 0.044784 0.297907
4 2 0.095976 0.340689 0.158459 0.024003 0.380874
1 2 0.117400 0.303612 0.288444 0.082991 0.207554
2 2 0.020825 0.041433 0.896695 0.026342 0.014704
2 2 0.069546 0.152425 0.631160 0.074277 0.072591
2 2 0.026310 0.052693 0.868222 0.033375 0.019401
2 2 0.031762 0.063966 0.839599 0.040388 0.024285
2 2 0.024028 0.047998 0.880109 0.030446 0.017419
2 2 0.033982 0.068577 0.827859 0.043250 0.026332
2 2 0.020591 0.040953 0.897905 0.026042 0.014509
1 2 0.114075 0.325405 0.242870 0.059624 0.258027
4 2 0.176693 0.304932 0.170725 0.041278 0.306372
4 2 0.095860 0.341447 0.162562 0.025062 0.375069
2 2 0.082950 0.198238 0.539698 0.069154 0.109959
2 2 0.050558 0.108812 0.737695 0.054823 0.048112
1 2 0.103833 0.339536 0.192203 0.035444 0.328984
4 2 0.097317 0.341484 0.167585 0.026660 0.366954
4 2 0.097384 0.341482 0.167820 0.026736 0.366578
4 2 0.125963 0.326881 0.155933 0.027660 0.363564
4 2 0.129184 0.325615 0.156966 0.028444 0.359792
4 2 0.090381 0.340035 0.144917 0.019922 0.404745
4 1 0.096245 0.341472 0.163874 0.025473 0.372937
1 1 0.114141 0.325235 0.243283 0.059863 0.257477
4 1 0.097650 0.341471 0.168755 0.027041 0.365084
1 1 0.105245 0.338571 0.198107 0.037806 0.320270
2 2 0.092512 0.221553 0.481613 0.078178 0.126143
4 2 0.114712 0.332802 0.162449 0.027964 0.362073
4 2 0.118081 0.330755 0.158566 0.027312 0.365285
2 2 0.079654 0.179503 0.570340 0.079498 0.091006
2 2 0.113013 0.277052 0.344748 0.093009 0.172178
1 2 0.159053 0.309949 0.202025 0.052452 0.276520
4 2 0.151057 0.316799 0.171831 0.037169 0.323144
4 2 0.148301 0.316700 0.152438 0.029666 0.352896
4 2 0.181802 0.302308 0.151904 0.034167 0.329819
4 0 0.183770 0.301784 0.167524 0.041106 0.305816
4 0 0.245451 0.274740 0.151760 0.043866 0.284184
0 0 0.803057 0.034634 0.043696 0.024314 0.094299
0 0 0.513855 0.135083 0.120957 0.059455 0.170651
0 0 0.792520 0.038849 0.051194 0.034145 0.083292
0 0 0.911305 0.011204 0.021239 0.017508 0.038744
0 0 0.897561 0.013200 0.026903 0.025047 0.037289
0 0 0.769665 0.044686 0.060031 0.042738 0.082881
0 0 0.550781 0.133128 0.112946 0.076673 0.126473
0 0 0.889113 0.016335 0.027737 0.025754 0.041061
0 0 0.848943 0.026345 0.036335 0.028654 0.059723
4 0 0.208103 0.291065 0.155227 0.039544 0.306061
4 0 0.157755 0.309841 0.136401 0.025596 0.370406
4 0 0.122201 0.323041 0.132702 0.020660 0.401396
4 0 0.235029 0.279341 0.145783 0.039181 0.300665
0 0 0.302707 0.250352 0.141089 0.047331 0.258522
0 0 0.776122 0.041380 0.059358 0.041644 0.081496
0 0 0.348657 0.228670 0.144886 0.059215 0.218572
0 0 0.470085 0.152805 0.120690 0.049522 0.206897
0 0 0.301926 0.249513 0.149900 0.053006 0.245655
0 0 0.553677 0.112312 0.113255 0.054116 0.166640
0 0 0.775972 0.041581 0.059412 0.042023 0.081012
0 0 0.601206 0.101387 0.101761 0.058155 0.137491
0 0 0.540336 0.132590 0.102121 0.048831 0.176122
0 0 0.624170 0.081928 0.070252 0.025008 0.198642
0 0 0.711875 0.062051 0.066364 0.035384 0.124326
0 0 0.376815 0.205799 0.140831 0.056462 0.220094
0 0 0.269078 0.264321 0.150744 0.047358 0.268499
4 0 0.174830 0.303197 0.137329 0.027855 0.356789
4 0 0.178967 0.303280 0.149302 0.032751 0.335700
0 0 0.278874 0.260397 0.145945 0.046218 0.268566
4 0 0.265791 0.266050 0.147234 0.044760 0.276164
0 0 0.311797 0.239670 0.167994 0.069569 0.210970
4 0 0.236481 0.278740 0.148387 0.040682 0.295710
0 0 0.279598 0.259646 0.150267 0.048969 0.261520
4 0 0.205620 0.291408 0.142075 0.033437 0.327460
4 0 0.227811 0.282459 0.147912 0.039132 0.302687
4 0 0.208216 0.287730 0.126162 0.027525 0.350368
4 0 0.198864 0.294281 0.142873 0.032881 0.331101
1 0 0.226284 0.282257 0.166020 0.048180 0.277260
4 0 0.237722 0.277950 0.139441 0.036546 0.308340
0 0 0.306921 0.248162 0.143898 0.049904 0.251116
0 0 0.434667 0.178489 0.135363 0.063778 0.187703
0 0 0.310300 0.244756 0.153908 0.057660 0.233376
0 0 0.307554 0.245098 0.157847 0.060032 0.229469
4 0 0.248093 0.273743 0.147335 0.041954 0.288874
4 0 0.229499 0.281749 0.149672 0.040240 0.298839
4 0 0.247704 0.273775 0.151205 0.043943 0.283373
4 0 0.226415 0.283047 0.147524 0.038740 0.304275
4 0 0.130871 0.318473 0.129275 0.020667 0.400715
4 0 0.091687 0.324712 0.109613 0.012785 0.461203
4 0 0.124894 0.321564 0.131467 0.020625 0.401449
0 0 0.338168 0.234622 0.140233 0.053311 0.233667
0 0 0.498678 0.140543 0.108466 0.043326 0.208988
0 0 0.291074 0.252410 0.160703 0.058348 0.237464
0 0 0.384523 0.199820 0.129283 0.047239 0.239134
0 0 0.537697 0.117377 0.096012 0.035608 0.213307
0 0 0.289434 0.255959 0.143479 0.046537 0.264590
0 0 0.342996 0.232142 0.141533 0.055284 0.228044
0 0 0.583100 0.110202 0.109942 0.070300 0.126456
0 0 0.342796 0.225707 0.161750 0.072993 0.196755
0 0 0.561776 0.116404 0.118207 0.075481 0.128132
0 0 0.578778 0.116946 0.094722 0.047980 0.161573
0 0 0.365504 0.218566 0.150194 0.068309 0.197427
4 0 0.218305 0.286505 0.147681 0.037622 0.309888
0 0 0.291620 0.255218 0.140632 0.045183 0.267347
4 0 0.168605 0.307048 0.144827 0.029724 0.349795
0 0 0.458323 0.153587 0.138294 0.062766 0.187031
4 0 0.109457 0.330787 0.141089 0.021363 0.397304
4 0 0.112102 0.325724 0.128768 0.018640 0.414766
4 1 0.101761 0.330333 0.129969 0.017853 0.420084
4 1 0.180077 0.303523 0.163804 0.038830 0.313766
4 1 0.121655 0.323020 0.131963 0.020413 0.402949
4 1 0.098452 0.333919 0.136251 0.018915 0.412463
4 1 0.147847 0.313983 0.137082 0.024690 0.376397
4 1 0.107131 0.332789 0.144893 0.022044 0.393142
4 1 0.155358 0.314801 0.172054 0.038018 0.319768
4 1 0.166128 0.307962 0.144116 0.029160 0.352635
4 1 0.118253 0.325955 0.136965 0.021328 0.397499
4 1 0.090351 0.340022 0.144826 0.019897 0.404903
4 1 0.096669 0.341487 0.165332 0.025935 0.370578
4 1 0.090047 0.339889 0.143899 0.019647 0.406517
1 2 0.110251 0.333001 0.221375 0.048213 0.287161
1 2 0.111457 0.331008 0.227703 0.051377 0.278455
4 2 0.096653 0.341486 0.165277 0.025917 0.370667
1 2 0.110777 0.332169 0.224095 0.049554 0.283405
2 2 0.094053 0.240716 0.449142 0.064713 0.151376
1 2 0.110535 0.332559 0.222833 0.048928 0.285145
2 2 0.034751 0.070176 0.823785 0.044241 0.027047
2 2 0.053267 0.113564 0.723293 0.059932 0.049944
2 2 0.041506 0.084285 0.787739 0.052969 0.033500
2 2 0.086889 0.204912 0.519402 0.076181 0.112616
2 2 0.109099 0.283547 0.342935 0.074222 0.190197
2 2 0.020899 0.041583 0.896318 0.026436 0.014765
1 2 0.132520 0.309944 0.252693 0.072746 0.232097
1 2 0.131315 0.319833 0.225956 0.056833 0.266063
2 2 0.065609 0.138741 0.655417 0.077927 0.062306
2 2 0.045199 0.092038 0.767865 0.057751 0.037147
1 2 0.118933 0.324833 0.234619 0.057150 0.264465
2 2 0.075039 0.178946 0.586987 0.061942 0.097086
2 2 0.064168 0.132780 0.663913 0.081457 0.057683
2 2 0.041228 0.083924 0.789248 0.052163 0.033437
2 2 0.111823 0.296981 0.311703 0.071748 0.207746
2 2 0.089306 0.209538 0.506178 0.079981 0.114998
2 2 0.024980 0.049956 0.875154 0.031668 0.018242
2 0 0.140084 0.280423 0.293148 0.110730 0.175614
2 0 0.093176 0.210589 0.490819 0.094737 0.110679
2 0 0.070826 0.146874 0.626684 0.090570 0.065046
2 0 0.068388 0.142582 0.640280 0.085514 0.063235
2 2 0.065678 0.138338 0.655165 0.079017 0.061801
2 2 0.097529 0.228734 0.456755 0.088999 0.127982
2 2 0.080947 0.177977 0.565967 0.087634 0.087474
2 3 0.030581 0.060704 0.838649 0.046012 0.024053
2 3 0.054815 0.112354 0.715566 0.070236 0.047028
2 3 0.048003 0.097420 0.748251 0.065754 0.040572
2 3 0.040528 0.081584 0.787411 0.057215 0.033263
2 3 0.032132 0.062536 0.814866 0.063420 0.027046
2 3 0.035782 0.064048 0.634975 0.224830 0.040366
2 3 0.035710 0.064599 0.667515 0.193416 0.038761
2 3 0.037554 0.069268 0.694071 0.160204 0.038902
2 3 0.033399 0.042768 0.568456 0.325876 0.029501
3 3 0.050567 0.039817 0.230575 0.645896 0.033145
3 3 0.040778 0.016010 0.084534 0.843151 0.015527
3 3 0.053188 0.041044 0.208727 0.662541 0.034499
3 3 0.055608 0.037619 0.156027 0.717928 0.032818
3 3 0.037146 0.018242 0.096508 0.830002 0.018102
3 3 0.051619 0.035957 0.177464 0.703804 0.031156
3 3 0.038748 0.012635 0.071812 0.864400 0.012405
3 3 0.031050 0.007403 0.049893 0.903971 0.007682
3 3 0.035105 0.012363 0.071307 0.868733 0.012492
3 3 0.026251 0.006509 0.046101 0.914065 0.007074
3 3 0.033566 0.010149 0.062180 0.883747 0.010359
3 3 0.032000 0.008455 0.054767 0.896056 0.008722
3 3 0.025215 0.005374 0.040261 0.923268 0.005882
3 3 0.028375 0.007457 0.050531 0.905691 0.007946
3 3 0.038023 0.009770 0.059869 0.882732 0.009606
3 3 0.034372 0.010031 0.061538 0.883894 0.010165
3 3 0.031176 0.007691 0.051266 0.901889 0.007978
3 3 0.037216 0.009199 0.057444 0.887049 0.009092
3 3 0.023482 0.004711 0.036806 0.929753 0.005248
3 3 0.028025 0.005270 0.039351 0.921764 0.005591
3 3 0.034007 0.008110 0.052876 0.896797 0.008210
3 3 0.031193 0.006005 0.042871 0.913738 0.006193
3 3 0.031158 0.007816 0.051871 0.901042 0.008113
3 3 0.027847 0.005343 0.039769 0.921360 0.005681
3 3 0.026822 0.004615 0.035865 0.927755 0.004942
3 3 0.023923 0.003550 0.029906 0.938718 0.003903
3 3 0.030421 0.007672 0.051282 0.902609 0.008016
3 3 0.031126 0.006969 0.047757 0.906930 0.007218
3 3 0.027244 0.004938 0.037623 0.924922 0.005273
3 3 0.034134 0.007971 0.052207 0.897629 0.008059
3 3 0.029738 0.006106 0.043570 0.914196 0.006389
3 3 0.048252 0.009533 0.057603 0.875881 0.008731
3 3 0.029895 0.006668 0.046413 0.910043 0.006981
3 3 0.028404 0.005597 0.041064 0.919011 0.005924
3 3 0.033807 0.007522 0.050109 0.900946 0.007616
3 3 0.033195 0.006888 0.047098 0.905821 0.006998
3 3 0.022791 0.003833 0.031751 0.937342 0.004283
3 3 0.024684 0.003869 0.031756 0.935467 0.004224
3 3 0.024497 0.004547 0.035744 0.930214 0.004998
3 3 0.027330 0.004604 0.035747 0.927416 0.004903
3 3 0.033806 0.008353 0.054041 0.895323 0.008477
3 3 0.022830 0.003769 0.031358 0.937835 0.004207
3 3 0.026511 0.005292 0.039649 0.922843 0.005706
3 3 0.042198 0.010761 0.063578 0.873185 0.010278
3 3 0.030748 0.006109 0.043463 0.913349 0.006330
3 3 0.026105 0.004038 0.032612 0.932903 0.004343
3 3 0.025824 0.004896 0.037553 0.926418 0.005309
3 3 0.022630 0.003454 0.029444 0.940616 0.003856
3 3 0.027772 0.004942 0.037584 0.924454 0.005248
3 3 0.033401 0.007433 0.049734 0.901880 0.007551
3 3 0.025633 0.003491 0.029374 0.937742 0.003760
3 3 0.027590 0.005740 0.041921 0.918619 0.006130
3 3 0.024305 0.004216 0.033850 0.932995 0.004635
3 3 0.030612 0.005480 0.040186 0.918051 0.005671
3 3 0.038760 0.008852 0.055685 0.888064 0.008639
3 3 0.037204 0.011281 0.066475 0.873850 0.011190
2 3 0.082677 0.139336 0.361301 0.325379 0.091307
2 2 0.221822 0.228314 0.266715 0.147648 0.135501
2 2 0.082643 0.175208 0.545914 0.110021 0.086214
2 2 0.082533 0.165319 0.479056 0.182905 0.090188
2 2 0.081070 0.197756 0.545697 0.063083 0.112395
2 2 0.068110 0.140746 0.641935 0.087581 0.061627
2 2 0.042215 0.080180 0.707044 0.129042 0.041520
4 2 0.152185 0.315939 0.161810 0.033544 0.336523
2 2 0.104730 0.281683 0.353690 0.063406 0.196491
2 2 0.045417 0.092497 0.766687 0.058034 0.037365
2 2 0.095359 0.247742 0.434310 0.062796 0.159792
2 2 0.083339 0.199857 0.536525 0.068777 0.111502
4 2 0.088961 0.339370 0.140629 0.018779 0.412261
1 2 0.108204 0.337393 0.185989 0.034268 0.334145
4 2 0.088198 0.338965 0.138364 0.018191 0.416282
4 1 0.075198 0.327452 0.103803 0.010505 0.483042
4 1 0.074066 0.326065 0.101103 0.010001 0.488765
4 1 0.149285 0.317350 0.163650 0.033764 0.335951
4 1 0.085530 0.337299 0.130682 0.016277 0.430212
4 1 0.091513 0.338014 0.139813 0.018907 0.411753
4 1 0.141285 0.320378 0.157580 0.030405 0.350352
1 0 0.234602 0.277334 0.172514 0.053658 0.261892
4 0 0.141339 0.314233 0.128844 0.021606 0.393977
4 0 0.088267 0.319407 0.115343 0.013080 0.463903
4 0 0.111441 0.319688 0.131552 0.018681 0.418638
4 0 0.274870 0.222831 0.123342 0.027255 0.351701
4 0 0.148477 0.304934 0.142101 0.025177 0.379311
4 0 0.094147 0.331916 0.126180 0.016253 0.431504
0 0 0.414025 0.108373 0.064663 0.010492 0.402446
4 0 0.222427 0.234296 0.115184 0.020164 0.407929
0 0 0.324526 0.222463 0.148390 0.049653 0.254968
0 0 0.494598 0.138693 0.126265 0.057757 0.182687
1 0 0.133440 0.319081 0.224109 0.056553 0.266816
0 0 0.555525 0.106606 0.097201 0.036702 0.203966
4 0 0.136723 0.308900 0.118821 0.018264 0.417292
4 0 0.075591 0.321357 0.095392 0.009245 0.498416
4 2 0.068326 0.318128 0.088066 0.007746 0.517733
4 4 0.107574 0.322280 0.140175 0.020154 0.409818
4 4 0.257300 0.199862 0.099275 0.016394 0.427169
0 4 0.668839 0.043662 0.034025 0.007219 0.246255
4 4 0.104128 0.314203 0.112979 0.014033 0.454658
4 4 0.381265 0.120103 0.066273 0.010340 0.422019
0 4 0.513247 0.087539 0.055847 0.010943 0.332424
4 4 0.204563 0.283104 0.152609 0.035942 0.323783
4 4 0.099681 0.330790 0.128955 0.017411 0.423162
4 4 0.111274 0.326207 0.129182 0.018654 0.414683
4 4 0.081772 0.334322 0.120408 0.013906 0.449593
4 4 0.102754 0.324111 0.116450 0.015038 0.441647
4 4 0.153419 0.313489 0.145631 0.028067 0.359393
4 4 0.135946 0.321398 0.148820 0.026836 0.366999
4 4 0.085777 0.337469 0.131379 0.016446 0.428929
4 4 0.085927 0.337571 0.131804 0.016549 0.428149
4 4 0.080327 0.332990 0.116618 0.013084 0.456981
4 4 0.129684 0.322767 0.142740 0.024237 0.380571
1 4 0.231814 0.279870 0.164375 0.048331 0.275610
4 4 0.106745 0.326036 0.124145 0.017050 0.426023
4 1 0.077864 0.330485 0.110341 0.011783 0.469527
4 1 0.097721 0.323356 0.111284 0.013585 0.454054
4 1 0.122214 0.325181 0.140015 0.022590 0.390000
4 1 0.136359 0.314164 0.123132 0.019591 0.406753
4 1 0.098437 0.328508 0.122262 0.015854 0.434940
4 1 0.111433 0.323618 0.122753 0.017182 0.425014
4 0 0.097265 0.334478 0.136437 0.018822 0.412999
4 0 0.141839 0.320309 0.159213 0.031042 0.347597
4 0 0.103618 0.325114 0.119257 0.015700 0.436310
4 0 0.083314 0.333483 0.119971 0.013972 0.449260
4 0 0.085156 0.337035 0.129631 0.016025 0.432153
4 0 0.072614 0.324198 0.097703 0.009384 0.496102
4 0 0.097385 0.341482 0.167824 0.026737 0.366571
4 0 0.124179 0.318671 0.122718 0.018359 0.416074
4 0 0.084599 0.336629 0.128080 0.015657 0.435035
1 0 0.168771 0.307865 0.182718 0.045226 0.295420
4 0 0.197243 0.295852 0.159765 0.039879 0.307261
4 0 0.247757 0.273907 0.146057 0.041239 0.291039
4 0 0.182788 0.301485 0.147542 0.032592 0.335593
4 0 0.094092 0.341203 0.156666 0.023264 0.384775
4 0 0.098340 0.158824 0.366406 0.005708 0.370722
4 0 0.098340 0.158825 0.366409 0.005708 0.370718
4 0 0.098340 0.158825 0.366409 0.005708 0.370718
4 0 0.098340 0.158825 0.366409 0.005708 0.370718
4 0 0.096237 0.206854 0.201090 0.005799 0.490020
4 1 0.082221 0.334715 0.121605 0.014172 0.447286
4 1 0.134458 0.320383 0.141004 0.024308 0.379847
4 1 0.096756 0.332169 0.129439 0.017213 0.424423
4 1 0.079264 0.331944 0.113879 0.012507 0.462407
4 1 0.069739 0.320221 0.091178 0.008257 0.510604
4 1 0.073202 0.324966 0.099073 0.009630 0.493129
4 1 0.083118 0.335470 0.124017 0.014715 0.442680
4 1 0.079649 0.332329 0.114866 0.012713 0.460443
4 1 0.090433 0.340057 0.145076 0.019965 0.404470
4 1 0.091878 0.336094 0.134563 0.017794 0.419672
4 1 0.085759 0.337457 0.131328 0.016434 0.429023
4 1 0.151707 0.312350 0.136751 0.025024 0.374167
4 1 0.082914 0.335302 0.123465 0.014590 0.443730
4 1 0.084003 0.336176 0.126433 0.015271 0.438117
4 1 0.084749 0.336740 0.128496 0.015755 0.434260
4 1 0.096609 0.341485 0.165125 0.025869 0.370912
4 1 0.111992 0.323951 0.124085 0.017538 0.422434
4 1 0.091741 0.338114 0.140442 0.019076 0.410628
4 1 0.071189 0.322273 0.094435 0.008810 0.503294
4 1 0.093140 0.340985 0.153574 0.022354 0.389947
4 1 0.093850 0.341153 0.155873 0.023028 0.386096
1 1 0.106694 0.332582 0.220141 0.042058 0.298525
2 2 0.059466 0.149815 0.666535 0.039824 0.084360
2 2 0.099306 0.273612 0.377212 0.055048 0.194822
2 2 0.051205 0.114943 0.731318 0.048595 0.053939
2 2 0.086786 0.225781 0.488925 0.055809 0.142699
4 2 0.122478 0.330028 0.170739 0.031837 0.344918
2 2 0.028619 0.057458 0.856135 0.036343 0.021445
2 2 0.044291 0.090129 0.772764 0.056574 0.036242
2 2 0.042355 0.086064 0.783183 0.054067 0.034331
2 2 0.080406 0.197823 0.547346 0.060808 0.113617
2 2 0.062713 0.146012 0.662562 0.054403 0.074309
2 2 0.092812 0.234616 0.461922 0.066198 0.144452
2 2 0.104537 0.257720 0.397182 0.082819 0.157741
2 2 0.063939 0.134996 0.664770 0.076054 0.060242
2 2 0.026220 0.052508 0.868689 0.033260 0.019323
2 2 0.046407 0.094623 0.761343 0.059228 0.038399
2 2 0.026590 0.053270 0.866759 0.033735 0.019647
2 2 0.046072 0.094368 0.763166 0.057900 0.038494
2 2 0.071989 0.166093 0.610904 0.065594 0.085421
2 2 0.020488 0.040742 0.898437 0.025910 0.014423
2 2 0.027064 0.054249 0.864278 0.034344 0.020065
2 2 0.053597 0.111768 0.722111 0.064789 0.047736
1 2 0.106727 0.337302 0.204579 0.040519 0.310873
2 2 0.029954 0.060219 0.849124 0.038060 0.022643
2 2 0.033434 0.067438 0.830760 0.042544 0.025824
2 2 0.037856 0.076648 0.807269 0.048249 0.029978
2 2 0.097598 0.221624 0.463613 0.098664 0.118500
1 2 0.120854 0.318186 0.251314 0.066933 0.242713
2 2 0.087214 0.220099 0.497626 0.061768 0.133293
1 2 0.115503 0.321322 0.252307 0.065281 0.245587
1 2 0.105853 0.338084 0.200724 0.038887 0.316451
2 2 0.022433 0.044724 0.888386 0.028401 0.016057
2 2 0.021636 0.043091 0.892510 0.027380 0.015383
2 2 0.035245 0.071205 0.821160 0.044879 0.027510
2 2 0.047283 0.106510 0.752614 0.043939 0.049654
2 2 0.048896 0.113301 0.740950 0.041679 0.055173
2 2 0.039800 0.082395 0.796863 0.047508 0.033433
2 2 0.027695 0.055550 0.860978 0.035155 0.020623
2 2 0.058404 0.135576 0.687420 0.050651 0.067949
2 2 0.045135 0.091902 0.768214 0.057667 0.037082
2 2 0.133604 0.248241 0.354488 0.060571 0.203095
2 2 0.098538 0.270585 0.384550 0.055080 0.191247
1 2 0.104992 0.338761 0.197029 0.037367 0.321851
2 2 0.081390 0.190293 0.553840 0.072503 0.101974
2 2 0.031955 0.064366 0.838581 0.040637 0.024462
2 2 0.035391 0.071508 0.820389 0.045067 0.027646
2 2 0.039015 0.079069 0.801082 0.049747 0.031087
2 2 0.017796 0.035252 0.912271 0.022468 0.012213
2 2 0.068321 0.160803 0.628655 0.057962 0.084259
2 2 0.102507 0.244473 0.421467 0.089695 0.141858
4 2 0.095612 0.341426 0.161722 0.024800 0.376441
0 1 0.352141 0.190428 0.176787 0.070466 0.210178
4 1 0.097509 0.333168 0.132945 0.018063 0.418315
4 1 0.098645 0.341380 0.172300 0.028217 0.359459
4 1 0.094526 0.341282 0.158092 0.023691 0.382408
1 1 0.110340 0.332864 0.221832 0.048436 0.286528
2 2 0.060878 0.130471 0.681129 0.068553 0.058968
2 2 0.027616 0.055387 0.861390 0.035054 0.020553
2 2 0.048455 0.098897 0.750245 0.061973 0.040430
2 2 0.059426 0.128797 0.688541 0.064343 0.058892
2 2 0.095251 0.229208 0.463505 0.079752 0.132283
2 2 0.048620 0.101694 0.749178 0.057502 0.043005
4 2 0.142667 0.316757 0.139898 0.024946 0.375732
4 2 0.126875 0.326550 0.156402 0.027935 0.362239
4 2 0.089853 0.339801 0.143309 0.019489 0.407548
4 2 0.092167 0.340704 0.150471 0.021463 0.395195
4 2 0.106063 0.332464 0.141973 0.021175 0.398325
4 1 0.082917 0.335304 0.123473 0.014592 0.443714
0 0 0.455118 0.141269 0.145409 0.059932 0.198271
4 0 0.135712 0.323168 0.160629 0.030598 0.349892
4 0 0.175078 0.304711 0.147464 0.031528 0.341218
0 0 0.277053 0.241516 0.204306 0.093392 0.183734
4 0 0.180213 0.302542 0.147324 0.032161 0.337760
4 1 0.089017 0.339398 0.140793 0.018822 0.411970
4 1 0.109620 0.334278 0.156995 0.025620 0.373487
4 1 0.165788 0.307662 0.141559 0.028235 0.356756
4 1 0.088241 0.326222 0.109950 0.012569 0.463017
4 1 0.081034 0.333654 0.118461 0.013480 0.453371
4 1 0.090775 0.340199 0.146126 0.020251 0.402649
4 1 0.077748 0.330360 0.110052 0.011724 0.470115
4 1 0.071083 0.322128 0.094196 0.008769 0.503824
4 1 0.068063 0.317729 0.087493 0.007654 0.519061
4 1 0.079981 0.332655 0.115720 0.012893 0.458750
4 1 0.071578 0.322809 0.095321 0.008964 0.501328
4 1 0.070166 0.320835 0.092130 0.008417 0.508451
4 1 0.074385 0.326462 0.101861 0.010141 0.487151
4 1 0.072017 0.323404 0.096327 0.009140 0.499113
4 1 0.063860 0.310921 0.078628 0.006298 0.540292
1 1 0.106988 0.337049 0.205753 0.041026 0.309184
4 1 0.063404 0.297001 0.072766 0.005445 0.561383
4 1 0.064351 0.311758 0.079638 0.006446 0.537807
4 4 0.223205 0.062204 0.026735 0.001379 0.686478
1 4 0.114962 0.319598 0.252527 0.066405 0.246507
4 4 0.316503 0.113151 0.060584 0.007012 0.502750
4 4 0.074608 0.299824 0.088673 0.007754 0.529140
4 4 0.073480 0.325323 0.099723 0.009748 0.491726
4 4 0.146628 0.248495 0.087093 0.010086 0.507697
4 4 0.229468 0.165316 0.077428 0.008980 0.518808
4 4 0.270243 0.072354 0.028754 0.001917 0.626732
4 4 0.126369 0.323011 0.138298 0.022604 0.389718
4 4 0.137783 0.213162 0.087279 0.008394 0.553381
4 4 0.248706 0.104974 0.044136 0.003610 0.598574
4 4 0.230679 0.065819 0.025251 0.001371 0.676880
4 4 0.209998 0.152536 0.064848 0.006286 0.566332
4 4 0.139947 0.221872 0.088185 0.008906 0.541090
4 4 0.339743 0.131407 0.071751 0.010477 0.446622
4 4 0.073185 0.324943 0.099031 0.009622 0.493219
4 4 0.433761 0.055143 0.030800 0.003013 0.477282
4 4 0.198897 0.154403 0.057271 0.005226 0.584204
4 4 0.077890 0.330514 0.110407 0.011796 0.469393
4 4 0.109878 0.238406 0.074294 0.006459 0.570964
4 4 0.083499 0.335779 0.125054 0.014952 0.440715
4 4 0.244776 0.138155 0.065462 0.006796 0.544811
4 4 0.207030 0.147377 0.072077 0.006878 0.566638
4 4 0.189039 0.241390 0.111333 0.016835 0.441403
4 4 0.421365 0.070120 0.041161 0.004660 0.462694
4 4 0.440222 0.056337 0.033512 0.003432 0.466497
4 4 0.356924 0.122495 0.074439 0.011099 0.435043
4 4 0.085551 0.337314 0.130741 0.016292 0.430103
4 4 0.161537 0.266362 0.119120 0.017792 0.435188
4 4 0.199752 0.127792 0.052374 0.004143 0.615939
4 4 0.175888 0.143100 0.052078 0.004018 0.624917
4 4 0.241428 0.160638 0.070425 0.008201 0.519308
4 4 0.061675 0.307064 0.074220 0.005673 0.551369
4 4 0.202892 0.209619 0.111962 0.015781 0.459745
4 4 0.132104 0.300669 0.176010 0.031336 0.359881
4 4 0.090178 0.339947 0.144297 0.019754 0.405825
4 4 0.112455 0.323634 0.123753 0.017506 0.422652
4 4 0.109392 0.196366 0.054983 0.003844 0.635415
4 4 0.071417 0.322588 0.094954 0.008900 0.502142
4 4 0.071876 0.323213 0.096003 0.009083 0.499825
4 4 0.067007 0.316094 0.085218 0.007293 0.524387
1 4 0.181135 0.291552 0.191325 0.049450 0.286538
4 4 0.078025 0.330658 0.110745 0.011864 0.468708
4 4 0.081866 0.334405 0.120657 0.013961 0.449111
4 4 0.073007 0.324714 0.098618 0.009548 0.494113
4 4 0.084329 0.336426 0.127333 0.015481 0.436431
4 4 0.094281 0.341239 0.157284 0.023448 0.383748
4 4 0.071335 0.322475 0.094767 0.008868 0.502555
4 1 0.078398 0.331053 0.111683 0.012055 0.466811
4 1 0.067588 0.316999 0.086465 0.007490 0.521458
4 1 0.071211 0.322304 0.094485 0.008819 0.503181
4 1 0.076136 0.328557 0.106075 0.010940 0.478292
4 1 0.075359 0.327645 0.104191 0.010579 0.482226
2 1 0.107346 0.289942 0.332862 0.064613 0.205237
4 1 0.075491 0.327802 0.104510 0.010640 0.481557
4 2 0.124777 0.327800 0.158726 0.028349 0.360347
4 2 0.069739 0.320220 0.091177 0.008257 0.510607
4 2 0.077009 0.329549 0.108216 0.011359 0.473867
4 2 0.085376 0.337191 0.130249 0.016173 0.431010
4 2 0.059706 0.303401 0.070362 0.005153 0.561377
4 2 0.092520 0.340813 0.151591 0.021782 0.393294
4 2 0.090490 0.340082 0.145251 0.020013 0.404165
4 2 0.071794 0.323102 0.095814 0.009050 0.500240
4 2 0.076154 0.328578 0.106117 0.010948 0.478203
4 2 0.079445 0.332126 0.114342 0.012604 0.461483
4 2 0.063090 0.309586 0.077059 0.006072 0.544193
4 2 0.059489 0.302984 0.069942 0.005098 0.562487
4 2 0.076379 0.328837 0.106668 0.011055 0.477062
4 2 0.087446 0.338534 0.136164 0.017630 0.420225
4 2 0.077291 0.329861 0.108914 0.011497 0.472437
4 2 0.090268 0.339987 0.144574 0.019829 0.405342
1 1 0.120764 0.324514 0.231759 0.056334 0.266629
4 1 0.099518 0.341236 0.175476 0.029298 0.354472
4 1 0.131000 0.324640 0.155695 0.028305 0.360360
4 1 0.085188 0.337058 0.129721 0.016047 0.431986
4 1 0.094371 0.341255 0.157581 0.023537 0.383256
4 1 0.101063 0.340825 0.181258 0.031335 0.345519
1 2 0.102697 0.340156 0.187619 0.033682 0.335846
4 2 0.080598 0.333247 0.117321 0.013235 0.455599
4 2 0.088508 0.339133 0.139280 0.018427 0.414651
4 2 0.095932 0.341453 0.162807 0.025138 0.374671
4 2 0.096691 0.341487 0.165408 0.025959 0.370455
1 2 0.102485 0.340257 0.186777 0.033364 0.337117
1 2 0.116487 0.316527 0.262660 0.070798 0.233529
4 2 0.091936 0.340628 0.149744 0.021257 0.396435
2 2 0.105954 0.295129 0.322808 0.057863 0.218246
1 2 0.106381 0.332083 0.221445 0.041709 0.298383
2 2 0.058304 0.119772 0.696392 0.074779 0.050753
2 2 0.093541 0.230835 0.466019 0.072077 0.137529
2 2 0.049540 0.105552 0.743668 0.055343 0.045898
2 2 0.094464 0.228426 0.466862 0.077752 0.132496
2 2 0.024861 0.049710 0.875776 0.031515 0.018138
1 2 0.111546 0.319476 0.259515 0.057088 0.252375
2 2 0.026893 0.053895 0.865176 0.034124 0.019913
2 2 0.012978 0.025398 0.936046 0.017077 0.008501
2 2 0.039139 0.079330 0.800417 0.049908 0.031207
2 2 0.019469 0.038661 0.903685 0.024606 0.013579
2 2 0.056900 0.116785 0.704117 0.072951 0.049246
2 2 0.035097 0.070203 0.815968 0.050625 0.028107
2 3 0.017745 0.033648 0.896160 0.038799 0.013648
2 3 0.053765 0.110127 0.721316 0.068871 0.045922
2 3 0.021159 0.041723 0.891654 0.030109 0.015355
2 3 0.018859 0.035736 0.888095 0.042547 0.014763
2 3 0.030547 0.061449 0.845999 0.038825 0.023180
2 3 0.021866 0.037897 0.751112 0.166076 0.023050
2 3 0.026366 0.049616 0.827067 0.073920 0.023031
3 3 0.052967 0.075374 0.324802 0.487559 0.059298
2 3 0.023582 0.041222 0.745057 0.165350 0.024789
2 3 0.032015 0.051567 0.474048 0.402132 0.040238
3 3 0.032046 0.020696 0.103220 0.822469 0.021568
2 3 0.039259 0.060568 0.480611 0.375105 0.044457
2 3 0.032336 0.056128 0.574113 0.297995 0.039428
3 3 0.034512 0.021169 0.104214 0.818516 0.021589
2 3 0.041288 0.068560 0.475283 0.364802 0.050067
3 3 0.033325 0.038839 0.323754 0.570473 0.033609
2 3 0.026106 0.041206 0.526370 0.374309 0.032009
3 3 0.045193 0.035427 0.145364 0.740806 0.033210
3 3 0.037356 0.016558 0.087210 0.842394 0.016482
3 3 0.045884 0.039259 0.154644 0.723626 0.036587
3 3 0.052029 0.064818 0.300400 0.530709 0.052044
3 3 0.030900 0.014115 0.079173 0.860982 0.014830
3 3 0.040444 0.015193 0.081529 0.848070 0.014763
3 3 0.029455 0.009162 0.058418 0.893267 0.009698
3 3 0.034219 0.018391 0.094561 0.834032 0.018796
3 3 0.023754 0.008818 0.057844 0.899654 0.009930
3 3 0.038060 0.016358 0.086332 0.843057 0.016193
3 3 0.048885 0.026258 0.117356 0.783339 0.024162
3 3 0.033260 0.018287 0.094409 0.835198 0.018845
3 3 0.037926 0.017161 0.089314 0.838587 0.017011
3 3 0.029822 0.011225 0.067480 0.879593 0.011879
3 3 0.032634 0.011815 0.069469 0.873893 0.012189
3 3 0.027173 0.008452 0.055500 0.899730 0.009145
3 3 0.035002 0.017627 0.091623 0.837856 0.017892
3 3 0.026359 0.008866 0.057583 0.897503 0.009688
3 3 0.030853 0.008748 0.056296 0.894975 0.009127
3 3 0.034733 0.014925 0.081560 0.853618 0.015163
3 3 0.029471 0.008018 0.053079 0.900968 0.008464
3 3 0.032327 0.009888 0.061221 0.886366 0.010199
3 3 0.034251 0.009840 0.060712 0.885219 0.009978
3 3 0.025459 0.007284 0.050131 0.909118 0.008008
3 3 0.030397 0.009217 0.058517 0.892200 0.009668
3 3 0.032303 0.013699 0.077227 0.862570 0.014202
3 3 0.025565 0.009176 0.059166 0.895971 0.010122
3 3 0.033977 0.011675 0.068648 0.873801 0.011900
3 3 0.033594 0.008244 0.053560 0.896223 0.008379
3 3 0.023986 0.007641 0.052142 0.907675 0.008556
3 3 0.027626 0.007516 0.050933 0.905851 0.008073
3 3 0.071738 0.025037 0.109612 0.773072 0.020542
3 3 0.166368 0.091536 0.311145 0.372688 0.058263
2 3 0.067927 0.129355 0.449948 0.270888 0.081882
2 2 0.113922 0.257342 0.348981 0.131111 0.148643
1 2 0.102333 0.340327 0.186179 0.033141 0.338020
2 2 0.093927 0.218536 0.480456 0.087233 0.119848
1 2 0.148203 0.296306 0.258845 0.084455 0.212191
1 1 0.107848 0.336146 0.209691 0.042758 0.303557
1 1 0.124147 0.317687 0.246873 0.065694 0.245599
1 1 0.110296 0.332932 0.221605 0.048325 0.286843
4 1 0.085717 0.337428 0.131210 0.016405 0.429239
4 1 0.074118 0.326129 0.101225 0.010023 0.488505
4 1 0.087334 0.338468 0.135840 0.017548 0.420810
4 1 0.092253 0.340731 0.150743 0.021540 0.394733
4 1 0.075443 0.327745 0.104394 0.010617 0.481800
4 2 0.060250 0.304430 0.071417 0.005293 0.558610
4 2 0.066037 0.314547 0.083155 0.006974 0.529287
4 2 0.058200 0.300475 0.067481 0.004780 0.569065
4 2 0.058148 0.300373 0.067384 0.004768 0.569327
4 2 0.069916 0.320477 0.091573 0.008323 0.509710
4 2 0.075031 0.251048 0.068812 0.004820 0.600289
4 4 0.289816 0.070444 0.028184 0.001972 0.609583
4 4 0.072442 0.322601 0.095476 0.009045 0.500436
4 4 0.065146 0.313089 0.081285 0.006691 0.533790
4 4 0.059634 0.300711 0.069348 0.005015 0.565291
4 4 0.253636 0.109148 0.045394 0.003892 0.587930
4 4 0.086658 0.338050 0.133888 0.017061 0.424344
4 4 0.184454 0.137174 0.050729 0.003929 0.623714
4 4 0.076761 0.329271 0.107606 0.011239 0.475123
4 4 0.067119 0.316270 0.085458 0.007331 0.523822
4 4 0.057898 0.299877 0.066911 0.004708 0.570605
4 4 0.059285 0.302593 0.069550 0.005047 0.563526
4 4 0.180799 0.212073 0.082425 0.009651 0.515052
4 4 0.060480 0.292795 0.067710 0.004787 0.574227
4 4 0.068329 0.247311 0.061014 0.003899 0.619446
4 4 0.065178 0.276806 0.067699 0.004743 0.585574
4 4 0.066979 0.316049 0.085156 0.007284 0.524532
4 4 0.082299 0.334782 0.121813 0.014218 0.446888
4 4 0.073536 0.325394 0.099853 0.009771 0.491446
4 4 0.079404 0.319005 0.106079 0.010871 0.484640
4 4 0.068944 0.319054 0.089419 0.007966 0.514617
4 1 0.067968 0.317583 0.087287 0.007621 0.519541
4 1 0.072222 0.323678 0.096797 0.009223 0.498080
4 1 0.067999 0.317631 0.087355 0.007632 0.519383
0 1 0.440467 0.118768 0.076793 0.015654 0.348318
4 1 0.100365 0.331267 0.130950 0.017926 0.419492
4 1 0.080843 0.322781 0.100071 0.010330 0.485975
4 1 0.075050 0.327274 0.103447 0.010438 0.483791
4 1 0.091048 0.340307 0.146971 0.020484 0.401189
4 1 0.071584 0.322816 0.095334 0.008966 0.501300
4 1 0.067614 0.317039 0.086521 0.007499 0.521327
4 1 0.071592 0.322827 0.095352 0.008969 0.501260
4 1 0.088722 0.325733 0.109421 0.012513 0.463612
4 1 0.102034 0.323248 0.114176 0.014512 0.446031
4 1 0.204120 0.292687 0.150794 0.036939 0.315460
4 1 0.068836 0.318893 0.089181 0.007927 0.515162
4 1 0.183936 0.263786 0.118927 0.019815 0.413535
4 1 0.067279 0.316520 0.085801 0.007385 0.523015
4 2 0.072120 0.323542 0.096564 0.009182 0.498593
4 2 0.069278 0.319549 0.090156 0.008088 0.512929
4 2 0.068994 0.319128 0.089529 0.007984 0.514364
4 2 0.441765 0.056553 0.030921 0.003152 0.467609
4 2 0.286961 0.201762 0.119340 0.024582 0.367354
0 -1 0.310602 0.202694 0.141245 0.036455 0.309004
4 -1 0.083875 0.336077 0.126083 0.015190 0.438775
4 2 0.105385 0.330803 0.135540 0.019531 0.408740
4 2 0.093946 0.325225 0.112074 0.013428 0.455328
4 2 0.150725 0.314294 0.143904 0.027165 0.363912
4 2 0.072419 0.323941 0.097254 0.009304 0.497082
4 2 0.078656 0.331322 0.112333 0.012188 0.465502
4 2 0.068862 0.318932 0.089238 0.007937 0.515031
4 2 0.077075 0.329622 0.108379 0.011391 0.473532
4 2 0.064660 0.312279 0.080276 0.006540 0.536246
4 2 0.069842 0.320370 0.091407 0.008296 0.510086
