0 0 0.921425 0.020312 0.016080 0.004517 0.037666
0 0 0.953580 0.012380 0.010651 0.003616 0.019773
0 0 0.982856 0.004115 0.003426 0.001015 0.008588
0 0 0.971388 0.007555 0.006749 0.002474 0.011835
0 1 0.861370 0.036621 0.028183 0.007582 0.066244
0 1 0.947435 0.014632 0.013483 0.005526 0.018923
0 4 0.934943 0.014001 0.011094 0.003660 0.036302
0 4 0.954120 0.012331 0.010751 0.003780 0.019019
0 4 0.960808 0.010599 0.009521 0.003596 0.015476
0 4 0.597657 0.122524 0.099429 0.032674 0.147716
0 4 0.663311 0.102063 0.085034 0.029575 0.120017
1 4 0.241819 0.248685 0.197297 0.065578 0.246622
4 1 0.200570 0.260750 0.197262 0.058443 0.282975
2 1 0.042597 0.129650 0.672561 0.096440 0.058753
2 2 0.127276 0.213999 0.417649 0.073552 0.167524
2 2 0.040983 0.121952 0.696921 0.087216 0.052928
2 2 0.060302 0.132483 0.662573 0.070366 0.074276
2 2 0.138035 0.265580 0.303832 0.091971 0.200582
2 2 0.091171 0.199861 0.494471 0.091386 0.123111
2 2 0.008069 0.041640 0.836409 0.097123 0.016759
2 2 0.050664 0.145623 0.640905 0.095594 0.067214
2 2 0.083878 0.218822 0.464277 0.113071 0.119952
2 3 0.018466 0.076366 0.762110 0.109401 0.033658
2 3 0.090784 0.232558 0.430106 0.114876 0.131676
4 3 0.164200 0.171020 0.126563 0.060185 0.478032
2 3 0.139025 0.270218 0.293510 0.093403 0.203844
4 3 0.132207 0.239310 0.200440 0.110118 0.317925
4 2 0.158556 0.250057 0.204449 0.084974 0.301964
4 2 0.179442 0.147651 0.103321 0.043464 0.526122
4 2 0.162942 0.140367 0.099893 0.048254 0.548544
4 1 0.177655 0.227046 0.173605 0.067640 0.354054
4 1 0.162877 0.165743 0.122153 0.058948 0.490280
4 1 0.115650 0.053639 0.033911 0.020585 0.776215
4 1 0.109602 0.067558 0.045736 0.032731 0.744373
4 1 0.198270 0.150009 0.102335 0.037077 0.512309
4 1 0.164435 0.131184 0.091771 0.043491 0.569118
4 1 0.092138 0.045049 0.029177 0.022762 0.810873
4 1 0.101182 0.070609 0.049390 0.040127 0.738692
4 1 0.102936 0.057522 0.038204 0.028150 0.773188
4 1 0.209723 0.254817 0.189586 0.053595 0.292279
4 1 0.154363 0.255938 0.234018 0.086633 0.269049
4 1 0.146804 0.254175 0.208994 0.096367 0.293660
4 2 0.190347 0.267110 0.205914 0.064327 0.272302
2 2 0.120514 0.266425 0.328388 0.106029 0.178644
2 2 0.167025 0.222865 0.340486 0.062876 0.206749
2 2 0.095674 0.241968 0.406402 0.115806 0.140151
2 2 0.066270 0.181495 0.555223 0.105743 0.091269
2 2 0.045626 0.135269 0.662515 0.095118 0.061472
2 3 0.022468 0.089968 0.726730 0.119255 0.041580
2 3 0.031215 0.109839 0.697466 0.110680 0.050800
2 3 0.006551 0.033641 0.868421 0.078904 0.012484
2 3 0.007681 0.039677 0.767163 0.168956 0.016522
2 3 0.007831 0.021187 0.570554 0.393632 0.006796
2 3 0.006338 0.030952 0.760569 0.190367 0.011775
2 3 0.004520 0.029770 0.832838 0.120421 0.012451
2 3 0.006817 0.025436 0.686475 0.272903 0.008370
2 3 0.006062 0.022954 0.691741 0.271867 0.007376
3 3 0.008399 0.014779 0.369497 0.600833 0.006492
3 3 0.010559 0.011567 0.158702 0.812095 0.007077
2 3 0.013784 0.031587 0.498640 0.443029 0.012960
3 3 0.011249 0.011685 0.149042 0.820043 0.007980
3 3 0.011648 0.025390 0.385070 0.563811 0.014080
3 3 0.013356 0.009863 0.083250 0.884547 0.008983
3 3 0.008398 0.005236 0.054883 0.925643 0.005841
3 3 0.009684 0.006063 0.059637 0.918150 0.006466
3 3 0.008377 0.003411 0.034524 0.948552 0.005136
3 3 0.008485 0.005107 0.052575 0.927815 0.006017
3 3 0.006057 0.003843 0.046687 0.938764 0.004649
3 3 0.007461 0.002833 0.030103 0.955030 0.004573
3 3 0.006844 0.002160 0.024165 0.963134 0.003697
3 3 0.007522 0.002658 0.029130 0.956717 0.003973
3 3 0.007377 0.002144 0.022610 0.963849 0.004019
3 3 0.005168 0.001370 0.017447 0.973349 0.002665
3 3 0.007368 0.002171 0.022852 0.963525 0.004083
3 3 0.008666 0.002540 0.026141 0.958707 0.003946
3 3 0.006339 0.001390 0.016770 0.973024 0.002477
3 3 0.009749 0.002297 0.021494 0.962164 0.004297
3 3 0.006347 0.001630 0.019052 0.969978 0.002993
3 3 0.007376 0.001462 0.016106 0.972257 0.002799
3 3 0.006126 0.001082 0.012503 0.977773 0.002517
3 3 0.005288 0.001424 0.017613 0.972782 0.002893
3 3 0.006010 0.001211 0.014398 0.975849 0.002532
3 3 0.006329 0.001408 0.016345 0.973107 0.002810
3 3 0.005971 0.001419 0.016766 0.972974 0.002869
3 3 0.006567 0.001218 0.013881 0.975737 0.002597
3 3 0.006941 0.001518 0.017276 0.971474 0.002791
3 3 0.006617 0.001202 0.013641 0.975958 0.002583
3 3 0.006405 0.001129 0.012920 0.977021 0.002524
3 3 0.006313 0.001192 0.013823 0.976122 0.002551
3 3 0.004013 0.000668 0.008959 0.984385 0.001975
3 3 0.006526 0.001299 0.014440 0.974798 0.002937
3 3 0.007391 0.001200 0.012660 0.975928 0.002820
3 3 0.008080 0.001466 0.014995 0.972316 0.003142
3 3 0.005724 0.001106 0.013609 0.977267 0.002293
3 3 0.008106 0.001214 0.012552 0.975426 0.002701
3 3 0.007397 0.001525 0.017057 0.971282 0.002738
3 3 0.005794 0.001226 0.014648 0.975700 0.002632
3 3 0.007294 0.000992 0.010973 0.978533 0.002208
3 3 0.006855 0.001026 0.011377 0.978336 0.002406
3 3 0.014001 0.002083 0.017476 0.962803 0.003638
3 3 0.011337 0.002244 0.021244 0.961762 0.003413
3 3 0.011025 0.001362 0.012232 0.972331 0.003051
3 3 0.008246 0.001535 0.016132 0.971183 0.002904
3 3 0.013829 0.001920 0.016828 0.964337 0.003086
3 3 0.014934 0.003631 0.029946 0.946554 0.004935
3 3 0.025860 0.003844 0.026068 0.939507 0.004722
3 3 0.006459 0.000854 0.009672 0.980852 0.002164
3 3 0.006916 0.001596 0.018032 0.970503 0.002953
3 3 0.009048 0.004172 0.041670 0.939645 0.005465
3 3 0.008440 0.003475 0.035013 0.947856 0.005215
3 3 0.042136 0.020677 0.113706 0.811753 0.011728
3 3 0.008607 0.006631 0.061571 0.913899 0.009293
3 3 0.013621 0.012981 0.142603 0.822296 0.008499
3 3 0.018906 0.015270 0.127454 0.827245 0.011125
3 3 0.009649 0.013406 0.206991 0.762716 0.007238
2 3 0.008143 0.021373 0.603702 0.360735 0.006047
3 3 0.013641 0.011476 0.105323 0.860461 0.009099
2 3 0.010215 0.032005 0.732393 0.214370 0.011017
2 3 0.007341 0.032030 0.781022 0.168132 0.011475
3 3 0.013124 0.013302 0.108240 0.852279 0.013056
2 3 0.005012 0.022377 0.727471 0.237541 0.007598
3 3 0.012869 0.026557 0.369478 0.574891 0.016204
2 3 0.005220 0.021315 0.735029 0.231637 0.006799
3 3 0.017374 0.021990 0.297432 0.652804 0.010399
2 3 0.005472 0.025256 0.820544 0.140205 0.008522
3 3 0.011088 0.021455 0.471615 0.488369 0.007473
2 3 0.005642 0.027559 0.898242 0.059317 0.009240
2 3 0.004680 0.017900 0.758925 0.213301 0.005194
2 3 0.010836 0.027226 0.606861 0.345745 0.009332
3 3 0.014020 0.015570 0.190777 0.770666 0.008967
3 3 0.010892 0.017273 0.294815 0.668173 0.008848
2 3 0.002581 0.016639 0.828526 0.146348 0.005906
3 3 0.008570 0.019192 0.448628 0.516057 0.007552
3 3 0.012097 0.011479 0.114681 0.852759 0.008984
2 3 0.007634 0.020165 0.490567 0.473315 0.008320
3 3 0.014856 0.027618 0.364887 0.579468 0.013172
3 3 0.012353 0.010723 0.102415 0.865592 0.008916
3 3 0.013169 0.010741 0.111223 0.856478 0.008389
3 3 0.007260 0.010489 0.172642 0.803289 0.006320
3 3 0.015501 0.015590 0.116310 0.838282 0.014317
3 3 0.013007 0.016071 0.173118 0.787419 0.010385
2 3 0.007020 0.031810 0.729200 0.220008 0.011961
3 3 0.014775 0.030252 0.360990 0.576344 0.017639
2 3 0.004811 0.021057 0.727468 0.239701 0.006963
3 3 0.015362 0.021748 0.316744 0.636576 0.009569
3 3 0.010936 0.013911 0.154966 0.809231 0.010955
2 3 0.005448 0.021089 0.674356 0.292343 0.006764
2 3 0.014547 0.035225 0.714027 0.226187 0.010014
2 3 0.004374 0.019485 0.787810 0.182188 0.006143
2 3 0.005127 0.022264 0.757203 0.208089 0.007317
3 3 0.015521 0.026263 0.447261 0.501886 0.009070
2 3 0.006233 0.024861 0.747617 0.213176 0.008112
3 3 0.012080 0.026483 0.289227 0.655074 0.017135
2 3 0.006845 0.018725 0.511526 0.456021 0.006884
2 3 0.008471 0.026389 0.553870 0.400784 0.010486
2 3 0.010898 0.026480 0.555372 0.397898 0.009352
2 3 0.008042 0.037507 0.847059 0.093533 0.013860
2 3 0.004058 0.019692 0.752137 0.217475 0.006638
3 3 0.013841 0.022365 0.362660 0.590071 0.011062
2 3 0.009729 0.025826 0.581855 0.373656 0.008934
2 3 0.013363 0.028266 0.501053 0.444613 0.012706
3 3 0.009674 0.011940 0.135078 0.834174 0.009134
2 3 0.010117 0.028011 0.551127 0.398595 0.012149
3 3 0.026164 0.035850 0.359508 0.560652 0.017827
2 3 0.015940 0.042507 0.606847 0.320461 0.014246
2 3 0.040138 0.123564 0.686698 0.094436 0.055164
2 3 0.040039 0.124682 0.681542 0.097414 0.056323
2 3 0.009102 0.040951 0.804521 0.129765 0.015660
2 3 0.006396 0.022745 0.650370 0.312725 0.007765
2 3 0.008532 0.035908 0.830371 0.112580 0.012609
2 3 0.009476 0.037909 0.790652 0.148451 0.013512
2 3 0.021899 0.077030 0.766245 0.103572 0.031254
2 3 0.033927 0.093414 0.723133 0.113406 0.036119
2 3 0.024300 0.090038 0.742205 0.103892 0.039566
2 2 0.087300 0.203687 0.489032 0.110242 0.109739
2 2 0.041125 0.122309 0.696079 0.087353 0.053134
2 2 0.132466 0.229343 0.387675 0.093422 0.157094
2 2 0.083898 0.207883 0.483475 0.116550 0.108195
2 2 0.066740 0.183149 0.546751 0.110344 0.093017
1 2 0.246771 0.249380 0.221474 0.099018 0.183358
2 2 0.038539 0.116553 0.708390 0.086433 0.050085
2 2 0.056641 0.159680 0.607472 0.099929 0.076278
2 2 0.108914 0.265259 0.345833 0.117217 0.162778
1 2 0.169599 0.279795 0.245240 0.108218 0.197148
2 2 0.164795 0.259246 0.290442 0.099340 0.186176
2 2 0.063277 0.174823 0.571260 0.104082 0.086558
1 2 0.135928 0.286057 0.268464 0.102904 0.206647
2 2 0.118024 0.281402 0.303174 0.116426 0.180973
4 2 0.260662 0.237147 0.180373 0.053358 0.268459
2 2 0.114406 0.275442 0.319314 0.116732 0.174107
2 2 0.055696 0.163159 0.590266 0.109938 0.080940
2 2 0.173971 0.233912 0.325303 0.080876 0.185938
1 2 0.174149 0.277877 0.240398 0.099641 0.207935
2 2 0.089240 0.222735 0.451249 0.109590 0.127187
2 2 0.046225 0.138512 0.651879 0.099257 0.064126
2 2 0.010385 0.045688 0.727539 0.197726 0.018662
2 2 0.054419 0.154502 0.619805 0.098386 0.072887
2 2 0.060271 0.168446 0.585926 0.103024 0.082333
2 2 0.014032 0.062659 0.741209 0.154354 0.027746
2 2 0.013470 0.059281 0.804592 0.098054 0.024602
2 2 0.118578 0.239866 0.381696 0.093080 0.166780
0 2 0.603481 0.116704 0.091220 0.027529 0.161066
1 2 0.150085 0.288627 0.240475 0.093474 0.227339
1 2 0.126428 0.294541 0.266575 0.115091 0.197366
2 2 0.015536 0.070247 0.761465 0.120988 0.031763
2 2 0.022644 0.085908 0.751214 0.102685 0.037548
2 3 0.015447 0.073285 0.738023 0.138386 0.034859
2 3 0.006016 0.032757 0.862219 0.086512 0.012497
2 3 0.006490 0.032723 0.874765 0.074136 0.011886
2 3 0.108475 0.214406 0.445220 0.107474 0.124425
1 2 0.229340 0.254238 0.222314 0.085932 0.208176
2 2 0.065409 0.179586 0.559816 0.105279 0.089910
2 2 0.069956 0.189580 0.535713 0.107616 0.097135
2 2 0.005747 0.029561 0.835304 0.118508 0.010879
2 3 0.016780 0.059897 0.836279 0.065202 0.021842
2 3 0.023476 0.080344 0.785594 0.078627 0.031959
1 3 0.216217 0.261439 0.218093 0.083333 0.220919
0 1 0.256568 0.244637 0.199321 0.070828 0.228646
0 1 0.326810 0.211655 0.160634 0.046546 0.254355
0 1 0.259546 0.241584 0.191351 0.063051 0.244468
0 1 0.300153 0.223290 0.171920 0.052058 0.252580
1 1 0.144419 0.291084 0.245345 0.098523 0.220629
2 1 0.024053 0.096478 0.705900 0.127536 0.046032
1 2 0.242254 0.249666 0.201394 0.069941 0.236744
2 2 0.116280 0.278551 0.310925 0.116593 0.177650
2 2 0.144827 0.267460 0.295080 0.097787 0.194845
2 2 0.121408 0.282603 0.297033 0.117937 0.181019
1 2 0.245494 0.250341 0.213636 0.086021 0.204508
0 2 0.308265 0.226769 0.196835 0.081700 0.186431
1 2 0.179398 0.273567 0.215259 0.071237 0.260539
0 2 0.288045 0.233794 0.196176 0.074799 0.207186
0 2 0.255795 0.244416 0.197349 0.068483 0.233957
2 2 0.152648 0.176438 0.466349 0.063371 0.141195
0 2 0.242289 0.237360 0.228965 0.068266 0.223120
1 2 0.132045 0.289355 0.269706 0.112066 0.196828
1 2 0.153557 0.287041 0.237486 0.090512 0.231404
2 2 0.080170 0.210702 0.484049 0.111439 0.113639
2 2 0.100899 0.224196 0.435245 0.098598 0.141062
2 2 0.108100 0.264649 0.347972 0.116887 0.162393
2 2 0.005105 0.030582 0.852422 0.099776 0.012115
2 3 0.006313 0.031334 0.779231 0.171201 0.011921
2 3 0.033805 0.107358 0.724523 0.088389 0.045925
2 3 0.011987 0.050862 0.838572 0.079128 0.019452
2 3 0.004765 0.027801 0.871715 0.085269 0.010450
2 3 0.024384 0.080734 0.789439 0.073935 0.031508
2 3 0.008418 0.038316 0.869472 0.069985 0.013810
2 3 0.025473 0.087131 0.766959 0.084632 0.035804
2 3 0.183275 0.250684 0.285063 0.092563 0.188415
0 3 0.255362 0.244560 0.204055 0.073343 0.222679
0 2 0.423129 0.183544 0.151232 0.053466 0.188629
0 2 0.453759 0.172535 0.141716 0.049403 0.182587
4 2 0.303026 0.138711 0.094881 0.030537 0.432844
0 2 0.290674 0.217147 0.166762 0.053321 0.272097
0 2 0.318029 0.207265 0.153423 0.042857 0.278425
2 2 0.022289 0.088878 0.731143 0.116946 0.040744
2 2 0.011379 0.048205 0.847306 0.075055 0.018055
2 3 0.005673 0.022468 0.784470 0.180436 0.006953
2 3 0.007144 0.035550 0.866126 0.077989 0.013191
2 3 0.007407 0.032865 0.891021 0.057665 0.011042
2 3 0.003982 0.022064 0.904523 0.062027 0.007405
2 3 0.006495 0.033700 0.848412 0.098621 0.012772
2 3 0.003983 0.024055 0.883336 0.079846 0.008780
2 3 0.006067 0.033114 0.860302 0.087816 0.012702
2 3 0.002107 0.014426 0.915007 0.063687 0.004772
2 3 0.008913 0.033617 0.820775 0.125644 0.011051
2 3 0.007869 0.035548 0.879864 0.064303 0.012416
2 3 0.010772 0.049811 0.827328 0.092120 0.019969
2 3 0.057953 0.101359 0.678029 0.115569 0.047090
0 2 0.460912 0.169311 0.137417 0.046350 0.186010
1 2 0.151709 0.274989 0.263504 0.087016 0.222782
2 2 0.183532 0.209521 0.281364 0.053698 0.271885
0 2 0.380549 0.198913 0.164155 0.058759 0.197624
2 2 0.197341 0.227807 0.302118 0.068756 0.203979
4 2 0.237036 0.206616 0.142794 0.037466 0.376089
2 2 0.085624 0.223294 0.451928 0.114961 0.124193
2 2 0.132078 0.254646 0.333755 0.090907 0.188614
2 3 0.004779 0.030317 0.843332 0.109159 0.012413
2 3 0.004844 0.028130 0.744262 0.211274 0.011490
2 3 0.034777 0.127152 0.571188 0.175758 0.091125
4 2 0.117550 0.214612 0.229041 0.119199 0.319599
2 2 0.096767 0.198503 0.378082 0.118306 0.208342
4 2 0.111678 0.166163 0.160497 0.108626 0.453036
4 2 0.103968 0.089338 0.065393 0.054802 0.686498
4 4 0.089964 0.047255 0.031158 0.025647 0.805976
4 4 0.099291 0.040309 0.024905 0.016646 0.818849
4 4 0.074519 0.027183 0.016614 0.013901 0.867783
4 4 0.068627 0.037906 0.025634 0.028005 0.839828
4 4 0.071731 0.020821 0.012081 0.009367 0.886000
4 4 0.058640 0.028453 0.018811 0.022460 0.871636
4 4 0.050011 0.015633 0.009388 0.010455 0.914513
4 4 0.079243 0.035094 0.022381 0.019344 0.843937
4 4 0.101970 0.051359 0.033318 0.023784 0.789568
4 4 0.109311 0.063997 0.042823 0.030170 0.753700
4 4 0.115368 0.054712 0.034773 0.021353 0.773794
4 2 0.145500 0.138189 0.101221 0.057357 0.557734
4 2 0.132901 0.163338 0.127088 0.081026 0.495646
4 2 0.109531 0.197891 0.221925 0.125614 0.345039
2 2 0.097649 0.218496 0.372849 0.122072 0.188933
4 2 0.220392 0.197321 0.139322 0.043105 0.399860
2 2 0.015009 0.069872 0.755388 0.127576 0.032155
2 3 0.015732 0.079371 0.695945 0.168111 0.040841
2 3 0.037969 0.130483 0.594432 0.152115 0.085001
2 3 0.023473 0.101058 0.610783 0.193763 0.070923
2 3 0.011800 0.060476 0.764513 0.135199 0.028012
2 3 0.207986 0.226362 0.295200 0.070005 0.200447
0 2 0.481902 0.145951 0.105866 0.027472 0.238809
0 1 0.525175 0.113710 0.076779 0.017494 0.266841
0 1 0.685048 0.072093 0.048974 0.010849 0.183036
0 4 0.511200 0.132092 0.094875 0.024470 0.237362
1 4 0.228106 0.255108 0.205213 0.071003 0.240570
4 4 0.250136 0.194659 0.135619 0.037996 0.381590
4 4 0.202302 0.258036 0.194393 0.057399 0.287870
2 2 0.045906 0.156446 0.461727 0.199767 0.136154
2 2 0.023275 0.100935 0.627658 0.190812 0.057320
2 3 0.004303 0.026478 0.818313 0.140433 0.010473
2 3 0.006799 0.031062 0.715853 0.234540 0.011745
2 2 0.006304 0.031403 0.754297 0.195837 0.012159
2 2 0.147845 0.255161 0.307404 0.081109 0.208482
0 2 0.449890 0.167619 0.127446 0.036215 0.218830
0 2 0.286305 0.223661 0.165464 0.045195 0.279376
0 1 0.405042 0.189323 0.154151 0.052992 0.198492
0 1 0.340688 0.176048 0.130048 0.041490 0.311726
2 1 0.070608 0.190997 0.532286 0.107928 0.098181
2 1 0.066720 0.182490 0.552827 0.105982 0.091981
2 1 0.098357 0.241040 0.405305 0.112205 0.143093
2 1 0.074557 0.199473 0.511713 0.109696 0.104560
2 2 0.050459 0.145133 0.642067 0.095434 0.066906
2 2 0.006364 0.037484 0.809985 0.130182 0.015985
2 3 0.027826 0.100160 0.720431 0.106441 0.045142
2 3 0.037771 0.113837 0.716076 0.084016 0.048301
2 3 0.090359 0.177705 0.521730 0.132896 0.077310
2 3 0.009411 0.042311 0.857716 0.074878 0.015685
2 3 0.015678 0.062967 0.737037 0.157781 0.026537
2 3 0.014581 0.059887 0.795865 0.105450 0.024218
2 3 0.068076 0.174834 0.563173 0.109939 0.083979
0 2 0.360119 0.201586 0.156164 0.047459 0.234672
0 2 0.365778 0.196727 0.148547 0.042125 0.246823
0 2 0.480435 0.146310 0.106680 0.028257 0.238318
0 2 0.474920 0.090658 0.062123 0.020394 0.351905
1 2 0.171672 0.254648 0.252920 0.070345 0.250416
4 2 0.245135 0.219067 0.154652 0.040413 0.340733
0 2 0.334425 0.195025 0.139809 0.036040 0.294701
0 2 0.396810 0.136165 0.093410 0.025719 0.347896
0 0 0.588397 0.118595 0.088002 0.022827 0.182179
0 0 0.592175 0.081102 0.054804 0.014213 0.257706
0 0 0.912120 0.021934 0.016602 0.004158 0.045187
0 0 0.951211 0.008812 0.006318 0.001564 0.032095
0 0 0.982757 0.004315 0.003761 0.001260 0.007907
0 0 0.923445 0.019633 0.015993 0.005014 0.035915
0 0 0.928394 0.016499 0.012725 0.003597 0.038785
0 0 0.864455 0.033118 0.026657 0.009177 0.066593
0 0 0.658342 0.036368 0.024438 0.009329 0.271523
4 0 0.368374 0.137790 0.090969 0.022557 0.380310
4 1 0.196718 0.074929 0.043907 0.013740 0.670706
4 1 0.147201 0.171724 0.131175 0.072494 0.477405
2 1 0.099424 0.229139 0.299298 0.140464 0.231676
4 1 0.122993 0.106353 0.077177 0.053393 0.640083
2 1 0.058745 0.171862 0.566609 0.114968 0.087817
2 1 0.013481 0.070095 0.722229 0.159297 0.034897
2 1 0.128808 0.240021 0.366345 0.085834 0.178992
4 2 0.217889 0.249354 0.182803 0.049576 0.300378
4 2 0.202488 0.247395 0.191531 0.056119 0.302466
0 2 0.301949 0.208345 0.155510 0.046236 0.287960
0 4 0.568226 0.044762 0.027006 0.007044 0.352962
2 4 0.095259 0.231108 0.428276 0.108823 0.136534
2 2 0.080476 0.211868 0.481410 0.111967 0.114279
2 2 0.027765 0.077332 0.667314 0.197737 0.029852
2 3 0.015935 0.064197 0.702786 0.189246 0.027835
2 3 0.005206 0.028392 0.880103 0.075997 0.010302
2 3 0.006361 0.031146 0.884789 0.066790 0.010915
2 3 0.018937 0.067102 0.757237 0.130113 0.026611
2 3 0.006835 0.034338 0.869197 0.076971 0.012660
2 3 0.010180 0.040738 0.877948 0.057279 0.013855
2 3 0.006330 0.031753 0.879180 0.071364 0.011374
2 3 0.004933 0.025525 0.898937 0.061970 0.008635
2 3 0.008519 0.034429 0.895989 0.049961 0.011103
2 3 0.056912 0.160309 0.605974 0.100112 0.076693
2 3 0.154438 0.273464 0.277062 0.115459 0.179577
1 2 0.191054 0.261197 0.255223 0.095504 0.197022
1 2 0.152447 0.287555 0.238442 0.091449 0.230108
2 2 0.081024 0.185889 0.527579 0.113158 0.092350
1 2 0.171804 0.277805 0.221775 0.076439 0.252178
2 2 0.155223 0.266472 0.282116 0.092070 0.204119
0 2 0.298217 0.223629 0.197278 0.064562 0.216314
0 2 0.539660 0.142910 0.117667 0.040630 0.159134
0 2 0.367841 0.160760 0.114719 0.033342 0.323339
4 2 0.199284 0.261567 0.198346 0.059155 0.281648
4 2 0.198728 0.207317 0.150937 0.052092 0.390926
4 2 0.238792 0.208323 0.149104 0.044040 0.359741
4 2 0.236084 0.245856 0.185413 0.053952 0.278694
4 2 0.200395 0.260862 0.197409 0.058539 0.282795
4 2 0.192413 0.255982 0.223534 0.060354 0.267718
4 2 0.222646 0.252749 0.192996 0.058251 0.273358
2 2 0.108699 0.242255 0.390489 0.102734 0.155823
2 2 0.111139 0.269914 0.334075 0.116872 0.168000
2 2 0.080403 0.211717 0.481781 0.111941 0.114157
2 2 0.122295 0.236041 0.383599 0.088244 0.169821
2 2 0.092784 0.236440 0.420360 0.115291 0.135125
2 2 0.013614 0.060461 0.758141 0.141617 0.026167
0 2 0.264398 0.242924 0.204981 0.079751 0.207945
0 2 0.339491 0.207759 0.158802 0.046767 0.247181
0 2 0.610512 0.109160 0.084396 0.025932 0.170001
1 2 0.223134 0.258124 0.211755 0.077271 0.229716
2 2 0.048339 0.140041 0.654142 0.093742 0.063737
2 2 0.075336 0.201125 0.507690 0.110021 0.105828
2 2 0.095153 0.214031 0.461984 0.097299 0.131533
1 2 0.218927 0.258602 0.207404 0.071370 0.243697
1 2 0.164398 0.268936 0.252499 0.077357 0.236811
0 1 0.383068 0.131594 0.087351 0.022377 0.375609
4 1 0.284518 0.135955 0.090904 0.028102 0.460521
4 1 0.223970 0.174713 0.118747 0.035408 0.447162
4 1 0.252022 0.233264 0.168385 0.043436 0.302893
4 1 0.228066 0.177065 0.120035 0.034718 0.440116
0 1 0.465333 0.134542 0.095161 0.025583 0.279381
0 4 0.464504 0.105580 0.070878 0.019377 0.339661
4 4 0.288237 0.120451 0.075415 0.019478 0.496420
2 4 0.079054 0.207003 0.455371 0.124934 0.133639
2 2 0.005949 0.031574 0.760023 0.189858 0.012596
3 3 0.010081 0.022265 0.346283 0.609308 0.012063
2 3 0.007427 0.027914 0.566124 0.385349 0.013186
2 3 0.007093 0.036922 0.853310 0.088380 0.014294
2 3 0.134845 0.240535 0.356016 0.082213 0.186391
2 3 0.014532 0.059538 0.816932 0.085367 0.023631
0 3 0.280150 0.236908 0.199724 0.077239 0.205979
0 3 0.329946 0.215272 0.192030 0.071248 0.191504
0 3 0.332555 0.217422 0.183890 0.070917 0.195215
4 2 0.260117 0.236637 0.178897 0.052083 0.272267
0 2 0.549025 0.134611 0.103179 0.029404 0.183781
2 2 0.085210 0.221513 0.457620 0.113465 0.122192
2 2 0.029856 0.100808 0.731153 0.094420 0.043763
2 2 0.009286 0.050633 0.787466 0.129832 0.022783
2 3 0.008746 0.041684 0.850662 0.082962 0.015946
2 3 0.004221 0.022948 0.903171 0.061945 0.007715
2 3 0.005589 0.027602 0.896770 0.060718 0.009322
2 3 0.005016 0.027244 0.885506 0.072517 0.009717
2 3 0.004040 0.023734 0.834067 0.129342 0.008817
2 3 0.002314 0.015860 0.906654 0.069749 0.005423
2 3 0.001882 0.013079 0.889017 0.091687 0.004336
2 3 0.002870 0.018599 0.865699 0.106174 0.006656
2 3 0.005247 0.030021 0.865216 0.088060 0.011455
2 3 0.004845 0.016326 0.609164 0.364561 0.005104
2 3 0.005994 0.023812 0.743278 0.219233 0.007683
3 3 0.006399 0.017592 0.472529 0.496055 0.007425
2 3 0.004572 0.020816 0.792311 0.175564 0.006738
3 3 0.008196 0.006454 0.068807 0.910175 0.006368
2 3 0.013424 0.033435 0.488857 0.448267 0.016017
3 3 0.007851 0.006822 0.072036 0.906191 0.007100
3 3 0.007200 0.004395 0.048249 0.934612 0.005544
3 3 0.006926 0.003669 0.041267 0.943258 0.004880
3 3 0.005891 0.002460 0.028921 0.958617 0.004111
3 3 0.007357 0.004722 0.048260 0.932675 0.006985
3 3 0.005337 0.002052 0.025026 0.963861 0.003723
3 3 0.006428 0.001811 0.020272 0.967911 0.003579
3 3 0.004137 0.001448 0.019727 0.971758 0.002931
3 3 0.007228 0.002436 0.027591 0.959160 0.003585
3 3 0.006205 0.002089 0.023049 0.964405 0.004251
3 3 0.005037 0.001217 0.014543 0.976107 0.003095
3 3 0.004444 0.001240 0.015970 0.975448 0.002898
3 3 0.006232 0.001515 0.016867 0.971995 0.003391
3 3 0.004377 0.000746 0.009612 0.983109 0.002155
3 3 0.004538 0.001004 0.012835 0.979086 0.002537
3 3 0.005781 0.001427 0.017094 0.972828 0.002871
3 3 0.006140 0.001424 0.016568 0.972952 0.002915
3 3 0.006130 0.001797 0.020927 0.967801 0.003346
3 3 0.004978 0.000999 0.012155 0.979241 0.002628
3 3 0.005068 0.001044 0.012484 0.978619 0.002785
3 3 0.005210 0.001004 0.012240 0.979060 0.002486
3 3 0.005605 0.001209 0.013916 0.976240 0.003030
3 3 0.005702 0.001019 0.011725 0.978881 0.002673
3 3 0.005121 0.000895 0.010539 0.980828 0.002617
3 3 0.005380 0.000890 0.010797 0.980681 0.002253
3 3 0.004353 0.000693 0.009024 0.983919 0.002011
3 3 0.003732 0.000766 0.010707 0.982714 0.002081
3 3 0.005305 0.000687 0.008403 0.983706 0.001899
3 3 0.004363 0.000852 0.010874 0.981491 0.002420
3 3 0.005565 0.001078 0.013212 0.977780 0.002364
3 3 0.005598 0.000970 0.011147 0.979623 0.002663
3 3 0.004918 0.000749 0.009763 0.982755 0.001816
3 3 0.006792 0.001267 0.014004 0.975138 0.002799
3 3 0.004452 0.000701 0.009260 0.983703 0.001885
3 3 0.005073 0.001044 0.013461 0.978204 0.002218
3 3 0.007127 0.000916 0.009835 0.979758 0.002365
3 3 0.006949 0.001014 0.011348 0.978397 0.002292
3 3 0.007273 0.001057 0.011587 0.977716 0.002367
3 3 0.006085 0.000986 0.011463 0.979109 0.002357
3 3 0.008940 0.001083 0.011326 0.976488 0.002163
3 3 0.006721 0.000911 0.010012 0.980005 0.002352
3 3 0.005513 0.000834 0.010167 0.981413 0.002073
3 3 0.006481 0.000748 0.008390 0.982335 0.002047
3 3 0.005175 0.000958 0.012057 0.979600 0.002210
3 3 0.007647 0.000689 0.007456 0.982435 0.001774
3 3 0.006548 0.000907 0.010484 0.979979 0.002083
3 3 0.004923 0.000730 0.009396 0.983096 0.001854
3 3 0.006037 0.000746 0.008699 0.982536 0.001983
3 3 0.005886 0.001094 0.013091 0.977531 0.002397
3 3 0.006709 0.000716 0.008162 0.982596 0.001817
3 3 0.005943 0.000827 0.009908 0.981335 0.001986
3 3 0.009464 0.001531 0.014618 0.971111 0.003276
3 3 0.005997 0.000997 0.011584 0.979010 0.002412
3 3 0.005260 0.000923 0.011506 0.980134 0.002178
3 3 0.006606 0.000728 0.008124 0.982547 0.001995
3 3 0.007233 0.000932 0.010234 0.979412 0.002189
3 3 0.008269 0.000731 0.007320 0.981560 0.002119
3 3 0.005819 0.000822 0.009677 0.981551 0.002131
3 3 0.004667 0.000713 0.009560 0.983341 0.001719
3 3 0.006220 0.000783 0.009145 0.981891 0.001962
3 3 0.007195 0.001253 0.013987 0.975044 0.002522
3 3 0.007375 0.000892 0.009766 0.979864 0.002103
3 3 0.005973 0.000990 0.011235 0.979204 0.002597
3 3 0.008807 0.001110 0.010764 0.976521 0.002799
3 3 0.007449 0.000810 0.008502 0.981019 0.002220
3 3 0.006683 0.001082 0.012220 0.977585 0.002431
3 3 0.010256 0.001359 0.012868 0.972679 0.002838
3 3 0.005569 0.000620 0.007569 0.984544 0.001697
3 3 0.006010 0.000860 0.010334 0.980805 0.001991
3 3 0.006049 0.000803 0.009422 0.981700 0.002027
3 3 0.005427 0.000655 0.008034 0.984101 0.001783
3 3 0.006153 0.000926 0.010503 0.980014 0.002403
3 3 0.005821 0.000784 0.009571 0.981968 0.001856
3 3 0.006676 0.000809 0.009144 0.981342 0.002028
3 3 0.005787 0.000645 0.007267 0.984195 0.002105
3 3 0.006788 0.000862 0.009511 0.980614 0.002225
3 3 0.007153 0.001262 0.013693 0.975114 0.002777
3 3 0.007279 0.001000 0.010856 0.978513 0.002351
3 3 0.005105 0.001207 0.014716 0.976119 0.002853
3 3 0.007103 0.000983 0.010585 0.978878 0.002451
3 3 0.005801 0.000915 0.010822 0.980200 0.002263
3 3 0.009343 0.001171 0.011156 0.975487 0.002844
3 3 0.006166 0.000931 0.010532 0.979945 0.002427
3 3 0.005985 0.000732 0.008534 0.982776 0.001973
3 3 0.005529 0.000728 0.008717 0.983026 0.002000
3 3 0.005473 0.000785 0.009272 0.982258 0.002212
3 3 0.005981 0.000699 0.008471 0.983134 0.001716
3 3 0.005697 0.000718 0.008599 0.983077 0.001909
3 3 0.008186 0.001072 0.010981 0.977219 0.002542
3 3 0.014066 0.001777 0.014684 0.966036 0.003438
3 3 0.007893 0.001336 0.014051 0.973917 0.002803
3 3 0.011671 0.005722 0.050589 0.925071 0.006946
3 3 0.008314 0.003215 0.033959 0.950113 0.004399
3 3 0.010068 0.005722 0.053686 0.923611 0.006913
3 3 0.020211 0.016655 0.138765 0.814047 0.010322
3 3 0.012756 0.006301 0.054954 0.919138 0.006851
3 3 0.010466 0.007349 0.070097 0.904937 0.007151
3 3 0.015100 0.014596 0.137966 0.822097 0.010240
3 3 0.010217 0.003400 0.031580 0.949569 0.005235
3 3 0.020140 0.017405 0.141918 0.810085 0.010451
3 3 0.012346 0.005992 0.053235 0.921868 0.006559
3 3 0.014297 0.009117 0.073302 0.894025 0.009259
3 3 0.024418 0.018782 0.130550 0.813288 0.012962
3 3 0.011164 0.004146 0.039692 0.940184 0.004814
3 3 0.011533 0.007560 0.067133 0.905731 0.008043
3 3 0.011400 0.006177 0.056213 0.919398 0.006813
3 3 0.012329 0.005902 0.048887 0.924825 0.008057
3 3 0.020342 0.015147 0.114401 0.839751 0.010359
3 3 0.024109 0.020230 0.135057 0.804207 0.016397
3 3 0.008544 0.004512 0.044827 0.935905 0.006212
3 3 0.029590 0.072201 0.269958 0.521578 0.106673
2 1 0.073572 0.152402 0.339356 0.155026 0.279645
4 1 0.090333 0.155043 0.189885 0.137542 0.427198
4 1 0.143614 0.076411 0.049258 0.024956 0.705762
2 1 0.103703 0.193790 0.326005 0.117580 0.258922
2 1 0.038303 0.129538 0.378422 0.258893 0.194844
4 1 0.075779 0.075509 0.066552 0.073132 0.709028
4 1 0.108891 0.151112 0.122281 0.101416 0.516301
4 1 0.134538 0.131248 0.097210 0.061182 0.575823
4 1 0.130269 0.237059 0.223984 0.109471 0.299217
4 4 0.113906 0.082988 0.058230 0.042186 0.702690
4 4 0.165739 0.136458 0.096057 0.045178 0.556567
4 4 0.136771 0.109965 0.078008 0.046834 0.628422
4 4 0.094736 0.030475 0.017871 0.011229 0.845690
4 4 0.104652 0.046994 0.029644 0.019652 0.799058
4 4 0.146604 0.253194 0.242088 0.092483 0.265631
4 4 0.130530 0.086561 0.058991 0.035697 0.688222
4 4 0.131091 0.112135 0.080856 0.051701 0.624217
4 4 0.124884 0.058967 0.037279 0.021038 0.757831
4 4 0.083305 0.030013 0.018191 0.013629 0.854862
4 4 0.085483 0.041903 0.027259 0.022910 0.822444
4 4 0.124168 0.100904 0.072182 0.048753 0.653993
4 4 0.076701 0.037915 0.024849 0.023269 0.837266
4 4 0.088866 0.026225 0.015118 0.009685 0.860106
4 4 0.172862 0.104102 0.068229 0.028792 0.626015
4 4 0.189103 0.108049 0.069575 0.025858 0.607414
4 4 0.199754 0.236215 0.175920 0.056554 0.331558
4 4 0.171846 0.232397 0.180127 0.072491 0.343140
4 4 0.137721 0.229245 0.263741 0.094043 0.275250
4 4 0.111762 0.191690 0.228774 0.118462 0.349312
2 2 0.066651 0.196871 0.459301 0.147765 0.129413
2 2 0.038082 0.132507 0.634613 0.128304 0.066494
4 2 0.142116 0.234288 0.236336 0.094063 0.293197
2 2 0.187036 0.238888 0.240112 0.107372 0.226593
4 2 0.222139 0.194089 0.135063 0.040059 0.408650
4 2 0.141720 0.254941 0.238300 0.098277 0.266761
4 2 0.204935 0.203821 0.146598 0.048585 0.396060
2 4 0.079391 0.211415 0.381509 0.151806 0.175879
2 2 0.101790 0.249410 0.354290 0.123964 0.170547
4 2 0.205490 0.245792 0.182832 0.054838 0.311047
2 2 0.065516 0.179824 0.559245 0.105337 0.090078
2 2 0.095818 0.220486 0.448542 0.101016 0.134138
2 2 0.153490 0.252973 0.305638 0.080880 0.207019
0 2 0.630303 0.114636 0.100943 0.040920 0.113198
1 2 0.188684 0.272695 0.232299 0.094538 0.211784
2 2 0.010398 0.049722 0.821186 0.098335 0.020359
2 2 0.006645 0.029749 0.673051 0.279269 0.011287
2 2 0.005541 0.033661 0.783454 0.162930 0.014414
2 2 0.036506 0.116457 0.699179 0.096055 0.051804
2 2 0.070883 0.191593 0.530843 0.108058 0.098623
2 2 0.145009 0.263385 0.284914 0.088571 0.218121
2 2 0.118813 0.264234 0.334915 0.106337 0.175702
2 2 0.081710 0.213009 0.478006 0.111298 0.115977
4 2 0.149479 0.210132 0.166256 0.084945 0.389188
2 2 0.014113 0.068251 0.751062 0.134647 0.031927
2 2 0.028409 0.104624 0.702239 0.115907 0.048821
2 2 0.013921 0.067098 0.756202 0.131684 0.031095
2 2 0.010707 0.051022 0.817207 0.100015 0.021050
2 2 0.017343 0.073785 0.764044 0.112152 0.032677
2 2 0.013022 0.060188 0.740552 0.159383 0.026855
2 2 0.015988 0.052106 0.639420 0.271837 0.020650
2 2 0.035368 0.107674 0.730614 0.081467 0.044877
2 2 0.009456 0.043942 0.846908 0.082829 0.016865
2 2 0.028417 0.092338 0.761060 0.080582 0.037603
2 2 0.005703 0.029637 0.810716 0.142795 0.011149
2 2 0.006698 0.035832 0.852732 0.090774 0.013964
2 2 0.017212 0.060005 0.838905 0.062301 0.021577
2 2 0.012422 0.050257 0.847591 0.071161 0.018569
2 2 0.011380 0.050703 0.830977 0.086960 0.019980
2 2 0.004013 0.022122 0.904912 0.061547 0.007407
2 2 0.007369 0.032759 0.891160 0.057705 0.011007
2 2 0.004612 0.023568 0.908020 0.056103 0.007697
2 2 0.010056 0.040561 0.877577 0.057965 0.013841
2 2 0.008303 0.038836 0.823422 0.114690 0.014749
2 2 0.002741 0.018305 0.890044 0.082406 0.006504
2 2 0.023983 0.077259 0.802418 0.067214 0.029126
2 2 0.008547 0.039210 0.865299 0.072624 0.014319
2 2 0.010476 0.042005 0.873892 0.059167 0.014460
2 2 0.017126 0.066923 0.771164 0.117190 0.027598
2 2 0.089301 0.209121 0.473472 0.121292 0.106814
2 2 0.003584 0.018187 0.740383 0.231669 0.006178
2 2 0.004196 0.025175 0.879126 0.082206 0.009298
2 2 0.008392 0.037906 0.871919 0.068239 0.013544
2 2 0.003944 0.019074 0.825415 0.145477 0.006090
2 2 0.005477 0.026067 0.906551 0.053468 0.008437
2 2 0.006501 0.029662 0.898642 0.055413 0.009782
2 2 0.006561 0.029557 0.900375 0.053848 0.009660
2 2 0.006719 0.029303 0.904553 0.050065 0.009361
2 2 0.003876 0.019924 0.921501 0.048532 0.006167
2 2 0.006428 0.030060 0.894459 0.058942 0.010111
2 2 0.038654 0.056878 0.532921 0.351686 0.019860
2 2 0.017050 0.061673 0.829566 0.068784 0.022927
2 3 0.005387 0.032180 0.847108 0.102375 0.012950
2 3 0.008255 0.040034 0.853709 0.082743 0.015259
2 3 0.009390 0.043929 0.780206 0.148748 0.017726
2 3 0.008260 0.041889 0.838814 0.094330 0.016707
2 3 0.017925 0.062951 0.829885 0.066087 0.023152
2 3 0.004355 0.025790 0.852237 0.107903 0.009714
2 3 0.009218 0.042704 0.851715 0.080175 0.016188
2 3 0.008803 0.042189 0.847909 0.084829 0.016269
2 3 0.008557 0.038809 0.868306 0.070309 0.014020
2 3 0.007135 0.034893 0.871204 0.074046 0.012722
2 3 0.003823 0.019098 0.834671 0.136243 0.006165
2 3 0.008107 0.033861 0.814323 0.131917 0.011792
2 3 0.005481 0.027812 0.892590 0.064540 0.009577
2 3 0.077622 0.107232 0.531865 0.248792 0.034489
2 3 0.025653 0.090794 0.750677 0.094075 0.038801
2 3 0.005691 0.028427 0.845550 0.110200 0.010131
2 3 0.004165 0.023131 0.855253 0.109272 0.008178
2 3 0.004813 0.024739 0.902819 0.059384 0.008245
2 2 0.008666 0.038639 0.871222 0.067684 0.013789
2 2 0.003485 0.021435 0.890357 0.077105 0.007617
2 2 0.026405 0.083913 0.786682 0.070591 0.032408
2 2 0.008602 0.037944 0.864760 0.075212 0.013483
2 2 0.006697 0.029171 0.849270 0.105119 0.009743
2 2 0.006614 0.029828 0.858569 0.094859 0.010129
2 2 0.014572 0.051923 0.858659 0.056905 0.017941
2 2 0.002382 0.014023 0.850143 0.128975 0.004477
2 3 0.004884 0.023953 0.911025 0.052469 0.007670
2 3 0.008363 0.036944 0.878064 0.063729 0.012900
2 3 0.004231 0.023456 0.870065 0.094020 0.008229
2 3 0.009247 0.040620 0.866682 0.068829 0.014622
2 3 0.005843 0.028334 0.851021 0.104900 0.009901
2 3 0.002647 0.016995 0.860760 0.113670 0.005929
2 3 0.029192 0.091440 0.768909 0.074227 0.036232
2 3 0.007606 0.026558 0.788144 0.169639 0.008052
2 3 0.005726 0.023167 0.773929 0.189824 0.007354
2 3 0.004270 0.018834 0.784980 0.186052 0.005864
2 3 0.005020 0.028714 0.871032 0.084453 0.010781
2 3 0.007204 0.027823 0.776064 0.179856 0.009053
2 3 0.006289 0.033343 0.861855 0.085901 0.012612
2 3 0.005264 0.025274 0.784919 0.175649 0.008895
2 3 0.102671 0.172307 0.494433 0.157879 0.072711
3 3 0.006737 0.013838 0.269796 0.701263 0.008365
2 3 0.004329 0.018231 0.704086 0.267593 0.005761
2 3 0.002773 0.018553 0.854086 0.117792 0.006797
2 3 0.042881 0.103030 0.636348 0.177306 0.040435
2 3 0.016628 0.045279 0.671628 0.251190 0.015274
2 3 0.005356 0.023772 0.769128 0.193759 0.007984
2 3 0.010222 0.046776 0.790599 0.133558 0.018844
2 3 0.009371 0.039525 0.818177 0.118563 0.014364
2 3 0.008752 0.033788 0.793739 0.152267 0.011452
2 3 0.101037 0.213964 0.448785 0.128678 0.107536
2 3 0.055210 0.160465 0.595218 0.110381 0.078726
2 2 0.072155 0.194338 0.524190 0.108646 0.100671
2 2 0.057679 0.167379 0.580897 0.110383 0.083662
2 2 0.034852 0.114805 0.697455 0.101060 0.051829
2 2 0.011912 0.056459 0.798838 0.108654 0.024138
2 2 0.006217 0.033053 0.839823 0.108212 0.012695
2 2 0.006643 0.024803 0.713290 0.247283 0.007982
2 3 0.015416 0.064195 0.741655 0.151130 0.027603
2 3 0.017290 0.069150 0.791498 0.093418 0.028644
2 3 0.098046 0.246436 0.395047 0.116154 0.144316
2 3 0.009932 0.049153 0.797788 0.122367 0.020760
2 3 0.006989 0.034979 0.817219 0.127380 0.013432
2 3 0.071864 0.166644 0.581516 0.086097 0.093878
2 3 0.004781 0.027493 0.836091 0.121142 0.010493
0 0 0.683308 0.096973 0.084714 0.033264 0.101741
1 1 0.209792 0.264222 0.227631 0.094854 0.203501
2 1 0.057402 0.161443 0.603269 0.100440 0.077446
2 1 0.026412 0.089081 0.763918 0.083981 0.036607
2 1 0.016864 0.070930 0.775812 0.105716 0.030678
1 1 0.248961 0.249028 0.213206 0.086511 0.202293
2 1 0.045337 0.137372 0.652753 0.100723 0.063815
2 1 0.128135 0.272558 0.305818 0.102768 0.190720
2 1 0.136036 0.245066 0.348416 0.143478 0.127004
2 1 0.093931 0.238645 0.414804 0.115507 0.137113
1 1 0.185355 0.270102 0.210167 0.067395 0.266981
2 1 0.101548 0.252915 0.378458 0.116546 0.150533
2 1 0.030643 0.116217 0.659852 0.135175 0.058114
2 1 0.084803 0.196175 0.380787 0.138303 0.199932
4 2 0.156783 0.186484 0.142277 0.071028 0.443428
4 2 0.102540 0.045066 0.028316 0.018983 0.805095
4 2 0.061950 0.030415 0.020110 0.022948 0.864577
4 4 0.094126 0.034638 0.020971 0.014122 0.836142
4 4 0.072592 0.029816 0.018762 0.017014 0.861815
4 4 0.064525 0.028029 0.017974 0.018667 0.870805
4 4 0.041566 0.015369 0.009685 0.013817 0.919564
0 4 0.738337 0.014942 0.009441 0.003813 0.233467
0 4 0.807153 0.043513 0.032786 0.010090 0.106459
0 4 0.540544 0.114631 0.082102 0.022417 0.240305
4 4 0.167574 0.137488 0.096634 0.044755 0.553549
4 4 0.114035 0.170247 0.173417 0.107641 0.434660
4 4 0.127455 0.145211 0.111563 0.075775 0.539996
2 4 0.153057 0.229037 0.346922 0.076861 0.194125
2 4 0.099364 0.222619 0.406718 0.109767 0.161532
4 4 0.151498 0.062391 0.037807 0.016427 0.731877
4 4 0.180380 0.108179 0.070636 0.028214 0.612591
4 4 0.124752 0.126397 0.094857 0.065962 0.588032
4 4 0.089806 0.063816 0.045115 0.041761 0.759503
4 4 0.100052 0.096768 0.072881 0.065480 0.664819
4 4 0.061665 0.025428 0.016142 0.017055 0.879710
4 4 0.053981 0.020548 0.012882 0.014776 0.897812
4 4 0.111871 0.076883 0.053293 0.038690 0.719262
4 4 0.062150 0.032869 0.022111 0.026013 0.856857
4 4 0.084471 0.046280 0.030914 0.027552 0.810783
4 4 0.154645 0.078922 0.050176 0.023046 0.693211
4 4 0.085198 0.041436 0.026911 0.022614 0.823840
4 4 0.087665 0.050791 0.034304 0.030150 0.797090
4 4 0.157287 0.067103 0.040905 0.017285 0.717420
4 4 0.055862 0.014354 0.008187 0.007481 0.914116
4 4 0.040740 0.009605 0.005446 0.006282 0.937926
4 4 0.169957 0.104565 0.068936 0.029869 0.626673
4 4 0.358244 0.127367 0.083960 0.022562 0.407867
4 4 0.058196 0.019242 0.011628 0.011630 0.899304
4 4 0.086118 0.075733 0.056319 0.058239 0.723591
4 4 0.047754 0.015562 0.009458 0.011205 0.916022
4 4 0.045068 0.015141 0.009294 0.011767 0.918730
4 4 0.083332 0.056945 0.040057 0.039454 0.780213
4 4 0.020410 0.003194 0.001694 0.002837 0.971865
4 4 0.071765 0.020312 0.011715 0.008966 0.887242
4 4 0.061889 0.032467 0.021804 0.025660 0.858180
4 4 0.054544 0.023165 0.014894 0.017845 0.889552
4 4 0.043821 0.011755 0.006849 0.007926 0.929649
4 4 0.362143 0.058951 0.038179 0.016236 0.524491
4 4 0.031264 0.004452 0.002265 0.002513 0.959505
4 4 0.078161 0.016876 0.009092 0.005615 0.890256
4 4 0.030900 0.006442 0.003591 0.004929 0.954138
4 4 0.031534 0.004944 0.002573 0.002984 0.957964
4 4 0.189521 0.175040 0.124928 0.048137 0.462374
4 4 0.259448 0.113898 0.074123 0.024564 0.527967
4 4 0.062276 0.030747 0.020352 0.023170 0.863455
4 4 0.053386 0.016539 0.009881 0.010336 0.909858
4 4 0.107564 0.114439 0.093929 0.074387 0.609681
4 4 0.111897 0.092939 0.067227 0.051448 0.676488
4 4 0.100862 0.042194 0.026231 0.017495 0.813217
4 4 0.096202 0.057926 0.039280 0.031914 0.774678
4 4 0.040521 0.011835 0.007062 0.009143 0.931439
2 4 0.028072 0.105950 0.403883 0.290477 0.171618
4 1 0.083825 0.053164 0.036750 0.034989 0.791272
4 1 0.087574 0.072527 0.054088 0.053278 0.732533
4 1 0.287242 0.064180 0.041248 0.018122 0.589208
0 1 0.345211 0.196575 0.207646 0.059383 0.191185
0 1 0.265468 0.240168 0.192497 0.065359 0.236508
0 1 0.553137 0.120631 0.093018 0.030516 0.202698
1 1 0.221812 0.256555 0.203209 0.067601 0.250823
1 1 0.161732 0.283080 0.230443 0.083912 0.240832
0 1 0.387199 0.169016 0.145339 0.045689 0.252756
0 1 0.259938 0.241396 0.191116 0.062893 0.244656
4 1 0.163813 0.265896 0.213662 0.082234 0.274394
4 1 0.226633 0.130590 0.083161 0.024139 0.535476
4 1 0.186423 0.149537 0.103777 0.041264 0.518999
4 1 0.153366 0.179088 0.136381 0.070778 0.460387
2 1 0.093365 0.208843 0.332758 0.138357 0.226677
2 2 0.039901 0.134706 0.632925 0.124455 0.068014
4 2 0.122245 0.212657 0.265334 0.107589 0.292175
2 2 0.094000 0.236746 0.377124 0.128510 0.163621
2 2 0.114196 0.192075 0.328575 0.101863 0.263291
4 2 0.128320 0.191452 0.188619 0.099273 0.392336
4 2 0.095076 0.200388 0.237528 0.151076 0.315933
2 2 0.108833 0.225185 0.423166 0.092324 0.150493
4 2 0.168470 0.213964 0.248077 0.066495 0.302993
4 2 0.159494 0.129380 0.091028 0.045018 0.575080
2 2 0.091659 0.172177 0.501003 0.086755 0.148406
2 2 0.016069 0.066947 0.790506 0.098360 0.028118
2 2 0.017337 0.073545 0.765485 0.111169 0.032464
2 2 0.021779 0.091959 0.706596 0.135158 0.044507
2 2 0.113686 0.188091 0.384790 0.090887 0.222546
2 2 0.067065 0.163556 0.534869 0.112996 0.121514
2 2 0.011810 0.056036 0.697542 0.209058 0.025554
2 2 0.019338 0.083700 0.727143 0.130273 0.039546
2 2 0.010181 0.052290 0.795886 0.118757 0.022886
2 2 0.075894 0.168588 0.541797 0.095529 0.118192
2 2 0.019576 0.083905 0.729045 0.128056 0.039418
2 2 0.062415 0.128515 0.342425 0.167367 0.299278
2 2 0.071640 0.194134 0.523359 0.109899 0.100969
2 2 0.029076 0.094731 0.745252 0.088486 0.042455
2 2 0.050514 0.120892 0.695037 0.071338 0.062219
2 2 0.010836 0.049910 0.827709 0.091571 0.019974
2 2 0.009845 0.040156 0.877528 0.058722 0.013748
2 2 0.030057 0.087935 0.771694 0.071381 0.038933
2 2 0.008956 0.034687 0.899226 0.046202 0.010929
2 2 0.005319 0.024063 0.918451 0.044820 0.007347
2 2 0.013699 0.050433 0.859145 0.059130 0.017594
0 2 0.316547 0.223641 0.197434 0.085535 0.176843
2 2 0.041558 0.123391 0.693523 0.087765 0.053762
2 2 0.229971 0.222017 0.296383 0.118606 0.133024
2 2 0.018209 0.067665 0.808538 0.079079 0.026509
2 2 0.053373 0.153169 0.621271 0.099732 0.072456
2 2 0.007960 0.038756 0.857736 0.080914 0.014634
2 2 0.006196 0.033038 0.864640 0.083650 0.012476
2 2 0.010414 0.043977 0.861234 0.068481 0.015895
2 2 0.016549 0.056080 0.852760 0.055287 0.019325
2 2 0.017721 0.062322 0.831442 0.065659 0.022855
2 2 0.004113 0.021589 0.912794 0.054549 0.006956
2 2 0.024616 0.071803 0.816369 0.058290 0.028922
2 2 0.019423 0.067316 0.819588 0.068485 0.025188
2 2 0.015205 0.056968 0.838253 0.068560 0.021014
2 2 0.021335 0.071392 0.813132 0.067412 0.026729
2 2 0.005323 0.026932 0.896307 0.062284 0.009154
2 2 0.003792 0.020667 0.912374 0.056454 0.006713
2 2 0.012585 0.051149 0.844205 0.072985 0.019075
2 2 0.009586 0.046225 0.832216 0.093460 0.018513
2 2 0.004394 0.026135 0.876087 0.083656 0.009728
2 3 0.002723 0.018503 0.892997 0.079141 0.006637
2 3 0.003777 0.022288 0.895132 0.070997 0.007806
2 3 0.023389 0.068193 0.633794 0.244008 0.030617
2 3 0.003631 0.022645 0.885018 0.080449 0.008256
2 3 0.012151 0.045106 0.722276 0.203556 0.016910
2 3 0.006247 0.034382 0.853477 0.092453 0.013442
2 3 0.005736 0.026912 0.804579 0.153366 0.009408
2 3 0.003351 0.018182 0.798493 0.173801 0.006173
2 3 0.003091 0.020451 0.864579 0.104288 0.007592
3 3 0.012593 0.023221 0.400490 0.552755 0.010940
2 3 0.003353 0.022347 0.875126 0.090715 0.008460
3 3 0.007242 0.017979 0.464609 0.503152 0.007018
2 3 0.004325 0.022468 0.731003 0.233977 0.008227
3 3 0.007582 0.005906 0.058990 0.919379 0.008143
3 3 0.006842 0.016317 0.417733 0.552028 0.007079
2 3 0.006672 0.024052 0.667848 0.293684 0.007745
3 3 0.011818 0.025813 0.353123 0.593364 0.015882
3 3 0.010327 0.024227 0.375930 0.575395 0.014121
3 3 0.008310 0.012548 0.200870 0.770196 0.008076
2 3 0.008665 0.025596 0.535948 0.418063 0.011728
3 3 0.009062 0.008471 0.080212 0.892949 0.009307
3 3 0.012266 0.016870 0.209294 0.749414 0.012156
3 3 0.011324 0.017788 0.246709 0.713041 0.011137
3 3 0.008280 0.006676 0.071521 0.906868 0.006655
3 3 0.007096 0.008258 0.086867 0.888894 0.008885
3 3 0.008397 0.006186 0.060695 0.916919 0.007803
3 3 0.008123 0.005025 0.051942 0.928709 0.006202
3 3 0.006604 0.003276 0.036659 0.948542 0.004920
3 3 0.009511 0.004420 0.040438 0.938696 0.006935
3 3 0.043206 0.057154 0.371840 0.502094 0.025707
2 3 0.006918 0.028424 0.714843 0.239863 0.009952
2 3 0.011599 0.043575 0.665845 0.262129 0.016852
2 3 0.022683 0.067185 0.734100 0.151306 0.024725
2 3 0.034385 0.114571 0.680329 0.118022 0.052693
2 3 0.013775 0.060745 0.799298 0.100698 0.025485
2 2 0.002719 0.014528 0.808966 0.169213 0.004575
2 3 0.002923 0.020127 0.858860 0.110467 0.007622
2 3 0.009075 0.039405 0.828625 0.108479 0.014416
2 3 0.015632 0.061813 0.777513 0.120004 0.025039
2 3 0.004992 0.024999 0.894902 0.066802 0.008305
2 3 0.006328 0.035631 0.814248 0.129175 0.014617
2 3 0.013337 0.058507 0.803857 0.100121 0.024178
2 3 0.012510 0.051536 0.808153 0.107863 0.019938
2 2 0.003937 0.023147 0.891710 0.073011 0.008195
2 2 0.004883 0.024962 0.902606 0.059233 0.008317
2 2 0.010530 0.039747 0.814846 0.121167 0.013709
2 2 0.005521 0.028867 0.884407 0.070945 0.010261
2 3 0.010942 0.046379 0.853063 0.072485 0.017131
2 3 0.005496 0.031301 0.860389 0.090724 0.012090
2 3 0.006128 0.029939 0.838853 0.114334 0.010745
2 3 0.010669 0.048416 0.835512 0.086429 0.018974
2 3 0.005774 0.030269 0.801952 0.150439 0.011565
2 3 0.008518 0.030758 0.746588 0.202241 0.011895
2 3 0.010383 0.046233 0.751570 0.173036 0.018779
2 3 0.012292 0.024905 0.504220 0.449477 0.009106
2 3 0.077409 0.129409 0.568303 0.178157 0.046721
2 3 0.030684 0.050029 0.608097 0.297540 0.013650
2 3 0.007965 0.033660 0.860796 0.086187 0.011393
2 3 0.015951 0.051177 0.795035 0.120256 0.017581
2 3 0.020196 0.041274 0.698559 0.228629 0.011342
2 3 0.014437 0.052314 0.855670 0.059264 0.018315
2 3 0.007231 0.032919 0.869828 0.078602 0.011420
2 3 0.029192 0.096516 0.738959 0.094585 0.040748
2 3 0.005969 0.028505 0.897483 0.058507 0.009536
2 3 0.007970 0.036267 0.834892 0.107632 0.013239
2 3 0.023367 0.079627 0.777511 0.087741 0.031755
2 3 0.009584 0.033996 0.823578 0.121994 0.010847
2 3 0.005111 0.025372 0.834984 0.125724 0.008809
2 3 0.008913 0.024407 0.614390 0.344861 0.007430
0 3 0.307377 0.186186 0.283241 0.119903 0.103293
2 3 0.103472 0.176044 0.511696 0.130132 0.078655
2 2 0.017793 0.054389 0.663703 0.243982 0.020134
2 2 0.010330 0.038379 0.701768 0.235564 0.013959
2 2 0.108473 0.253787 0.368517 0.109933 0.159291
2 2 0.017847 0.059815 0.582356 0.305293 0.034689
2 2 0.093304 0.196484 0.406175 0.115858 0.188179
2 2 0.091317 0.196076 0.444988 0.107352 0.160268
4 2 0.095986 0.071916 0.051272 0.045066 0.735759
4 2 0.086081 0.152758 0.299011 0.134478 0.327672
4 2 0.087572 0.074354 0.054807 0.055125 0.728141
4 2 0.055955 0.034027 0.023768 0.032778 0.853472
4 2 0.041430 0.014276 0.008849 0.012221 0.923223
4 2 0.049267 0.015713 0.009487 0.010816 0.914717
4 2 0.066392 0.018724 0.010830 0.008882 0.895172
4 4 0.246644 0.030816 0.017628 0.007620 0.697292
0 0 0.900997 0.028244 0.025071 0.009607 0.036081
4 0 0.195321 0.036496 0.018642 0.004895 0.744646
4 0 0.430529 0.047385 0.026525 0.006228 0.489333
0 0 0.894912 0.021921 0.017137 0.005934 0.060096
0 0 0.839803 0.045560 0.037594 0.012175 0.064868
0 0 0.651524 0.099860 0.076075 0.021086 0.151454
4 1 0.190279 0.166149 0.117185 0.045109 0.481278
4 1 0.121215 0.142898 0.110960 0.080539 0.544387
4 1 0.135130 0.181154 0.143248 0.087705 0.452763
4 1 0.112717 0.205845 0.190918 0.126503 0.364017
4 1 0.104603 0.137210 0.149136 0.099545 0.509505
0 1 0.918012 0.018131 0.015412 0.006659 0.041786
0 4 0.852636 0.039359 0.031151 0.009265 0.067588
0 4 0.847563 0.035254 0.028604 0.010931 0.077648
0 4 0.829887 0.041716 0.029244 0.006143 0.093009
0 4 0.850922 0.034789 0.025499 0.006545 0.082245
0 4 0.926573 0.016085 0.012240 0.003459 0.041642
0 4 0.951963 0.013236 0.012041 0.004750 0.018011
0 4 0.731095 0.078189 0.065510 0.023600 0.101606
0 4 0.437752 0.098308 0.067161 0.022023 0.374756
2 4 0.136924 0.276956 0.284114 0.097999 0.204007
2 4 0.107998 0.264471 0.348438 0.116886 0.162207
2 1 0.060073 0.175568 0.556941 0.116797 0.090621
2 1 0.079446 0.210520 0.483657 0.112791 0.113585
2 1 0.123776 0.267567 0.321620 0.103833 0.183205
