0 0 0.827201 0.079756 0.044051 0.003057 0.045936
0 0 0.526171 0.281096 0.057540 0.003470 0.131723
0 0 0.866735 0.085092 0.025838 0.000076 0.022260
0 0 0.937152 0.035584 0.013378 0.000057 0.013828
0 0 0.960089 0.013011 0.018855 0.000590 0.007455
0 0 0.954004 0.012973 0.025828 0.000839 0.006357
0 0 0.876828 0.075758 0.024844 0.000102 0.022468
0 0 0.963193 0.017971 0.012193 0.000048 0.006596
0 0 0.552312 0.334990 0.030004 0.000094 0.082601
0 0 0.585655 0.281707 0.032038 0.000318 0.100282
0 0 0.661846 0.246105 0.015493 0.000032 0.076525
0 0 0.768607 0.161314 0.033866 0.000087 0.036126
0 0 0.973668 0.007737 0.013691 0.000342 0.004562
0 0 0.939291 0.025373 0.015182 0.000211 0.019943
0 0 0.961635 0.024477 0.004587 0.000004 0.009297
0 0 0.839547 0.076803 0.038499 0.000937 0.044213
0 0 0.763298 0.160585 0.030577 0.000133 0.045407
0 0 0.965454 0.010905 0.015246 0.000313 0.008083
0 0 0.516901 0.422324 0.015657 0.000002 0.045117
0 0 0.545666 0.376426 0.019572 0.000008 0.058329
1 0 0.295466 0.516815 0.051720 0.000035 0.135963
0 0 0.473952 0.363499 0.029405 0.000038 0.133106
0 1 0.545702 0.369998 0.021595 0.000014 0.062692
1 1 0.406427 0.516493 0.028193 0.000005 0.048882
1 0 0.401870 0.485176 0.036821 0.000021 0.076111
1 0 0.337410 0.526263 0.040344 0.000015 0.095968
1 0 0.328945 0.556403 0.035529 0.000006 0.079117
0 1 0.452536 0.442550 0.028482 0.000013 0.076419
1 1 0.174544 0.680335 0.069673 0.000016 0.075433
1 1 0.246193 0.635089 0.063175 0.000029 0.055515
1 1 0.068247 0.697600 0.207148 0.000476 0.026528
1 1 0.083950 0.645090 0.233126 0.001598 0.036236
1 0 0.135777 0.659296 0.160993 0.000565 0.043369
1 0 0.130152 0.703005 0.130701 0.000166 0.035976
1 0 0.136578 0.743763 0.090716 0.000028 0.028916
1 1 0.284231 0.594147 0.045794 0.000011 0.075817
1 0 0.252068 0.611090 0.070072 0.000055 0.066715
1 0 0.340371 0.598557 0.026236 0.000001 0.034835
1 0 0.394168 0.456117 0.032346 0.000014 0.117355
0 0 0.537224 0.235734 0.110980 0.000941 0.115121
0 0 0.945017 0.015324 0.030163 0.001442 0.008054
0 0 0.969029 0.007974 0.018340 0.000499 0.004158
0 0 0.960758 0.011349 0.020805 0.000742 0.006346
0 0 0.855424 0.082916 0.028365 0.000329 0.032966
0 0 0.736950 0.188346 0.038856 0.000076 0.035772
0 0 0.901673 0.046690 0.028737 0.000369 0.022531
0 0 0.876702 0.058322 0.027839 0.001126 0.036011
0 0 0.833771 0.107480 0.003184 0.000003 0.055561
0 0 0.871510 0.068977 0.019505 0.000386 0.039621
0 0 0.885091 0.061143 0.028610 0.000383 0.024773
0 0 0.885180 0.055415 0.027970 0.000907 0.030528
0 0 0.893808 0.048262 0.032764 0.001063 0.024104
0 0 0.889865 0.064952 0.012980 0.000090 0.032112
0 0 0.807672 0.114980 0.040379 0.000399 0.036569
0 0 0.937326 0.032437 0.011537 0.000124 0.018576
0 0 0.908772 0.047346 0.022061 0.000296 0.021525
0 0 0.869152 0.093883 0.016213 0.000014 0.020738
0 0 0.948146 0.024614 0.017609 0.000127 0.009503
0 0 0.977575 0.009736 0.007773 0.000047 0.004869
0 0 0.949181 0.012506 0.030987 0.001294 0.006032
0 0 0.979296 0.008442 0.008324 0.000046 0.003892
0 0 0.980067 0.008098 0.008730 0.000030 0.003074
0 0 0.985839 0.005273 0.006482 0.000027 0.002379
0 0 0.986217 0.003624 0.007975 0.000106 0.002078
0 0 0.988950 0.003975 0.005072 0.000022 0.001982
0 0 0.990105 0.003965 0.004022 0.000011 0.001897
0 0 0.988501 0.003176 0.006318 0.000073 0.001931
0 0 0.964727 0.011688 0.015655 0.000512 0.007417
0 0 0.905649 0.057641 0.008508 0.000031 0.028171
0 0 0.954427 0.018388 0.014870 0.000407 0.011908
0 0 0.934042 0.029808 0.015258 0.000439 0.020453
0 0 0.800349 0.098115 0.036129 0.001795 0.063611
0 0 0.795406 0.115564 0.024823 0.000575 0.063631
0 0 0.909583 0.042537 0.004551 0.000058 0.043270
0 1 0.878111 0.064053 0.001881 0.000004 0.055951
1 0 0.313729 0.575347 0.032583 0.000003 0.078337
0 1 0.696229 0.238341 0.007462 0.000002 0.057966
1 1 0.299208 0.569159 0.046038 0.000015 0.085580
1 1 0.231357 0.620272 0.057543 0.000016 0.090812
1 1 0.206413 0.624181 0.065845 0.000023 0.103538
1 1 0.035152 0.643788 0.300807 0.001291 0.018962
1 2 0.033854 0.622955 0.321805 0.001918 0.019468
1 2 0.054289 0.637492 0.279070 0.001900 0.027249
1 2 0.037056 0.548344 0.380568 0.008225 0.025807
2 2 0.046241 0.199407 0.713342 0.016147 0.024864
2 2 0.031034 0.427767 0.502795 0.017702 0.020702
2 2 0.047874 0.305311 0.619210 0.015263 0.012341
2 2 0.026908 0.285609 0.654944 0.021293 0.011247
2 2 0.046737 0.303776 0.620933 0.015817 0.012736
2 2 0.048629 0.246008 0.684575 0.012223 0.008565
2 2 0.051592 0.094822 0.804352 0.044648 0.004586
2 2 0.058302 0.283727 0.598927 0.039953 0.019091
2 3 0.068840 0.127444 0.754629 0.041831 0.007255
2 3 0.123561 0.191896 0.613592 0.052885 0.018067
2 3 0.057489 0.109059 0.680533 0.142256 0.010664
2 3 0.045159 0.060151 0.684672 0.204064 0.005954
2 3 0.058161 0.087502 0.677665 0.167785 0.008886
2 3 0.053533 0.062841 0.657597 0.219070 0.006958
2 2 0.048218 0.042499 0.482262 0.419401 0.007619
2 0 0.092145 0.186722 0.600534 0.099432 0.021167
0 1 0.688180 0.165302 0.114684 0.001229 0.030605
1 1 0.184712 0.624590 0.135577 0.000593 0.054528
1 0 0.239669 0.622659 0.085557 0.000121 0.051993
1 0 0.358879 0.509943 0.064831 0.000145 0.066202
1 2 0.295791 0.581514 0.066559 0.000078 0.056057
0 0 0.444843 0.307468 0.208451 0.002120 0.037117
1 0 0.335137 0.551723 0.055365 0.000055 0.057720
1 2 0.299196 0.619784 0.040883 0.000007 0.040130
1 1 0.136022 0.647646 0.169264 0.000816 0.046252
1 1 0.209526 0.634957 0.103967 0.000209 0.051340
1 2 0.057342 0.524492 0.397937 0.002423 0.017805
2 2 0.044021 0.100979 0.770486 0.078332 0.006182
2 2 0.080035 0.232735 0.671775 0.007489 0.007966
2 3 0.047569 0.116824 0.795295 0.035310 0.005003
2 3 0.038664 0.089542 0.811972 0.055544 0.004277
2 3 0.065582 0.054258 0.645717 0.228042 0.006401
2 3 0.049770 0.067338 0.756357 0.121518 0.005016
2 3 0.048771 0.147818 0.719117 0.074245 0.010050
2 3 0.041235 0.057425 0.477304 0.413710 0.010327
2 3 0.048438 0.045290 0.569501 0.330374 0.006397
2 3 0.067008 0.089469 0.704957 0.130445 0.008120
2 3 0.075956 0.087388 0.429496 0.386890 0.020271
2 3 0.058830 0.090375 0.560160 0.277000 0.013633
3 3 0.039522 0.044971 0.291076 0.610451 0.013980
2 3 0.065871 0.073578 0.525199 0.322747 0.012605
2 3 0.035482 0.029911 0.505735 0.424261 0.004610
2 3 0.048828 0.072898 0.678989 0.191912 0.007372
2 3 0.049269 0.049258 0.698706 0.198060 0.004708
2 3 0.024102 0.091310 0.644360 0.231090 0.009139
2 3 0.032572 0.068351 0.593475 0.297086 0.008516
3 3 0.027241 0.038320 0.403606 0.523237 0.007596
2 3 0.025296 0.048911 0.585456 0.334461 0.005876
2 3 0.023437 0.162360 0.609058 0.188587 0.016557
2 3 0.027352 0.050255 0.678198 0.239512 0.004684
2 3 0.015831 0.043957 0.668479 0.267962 0.003770
3 3 0.020730 0.020032 0.310188 0.644359 0.004691
2 3 0.018730 0.030328 0.626980 0.321002 0.002961
3 3 0.013184 0.012268 0.189011 0.781545 0.003992
2 3 0.025180 0.046276 0.542163 0.380147 0.006234
3 3 0.036128 0.023374 0.403537 0.532269 0.004693
3 3 0.031699 0.041658 0.351330 0.565259 0.010054
3 3 0.018183 0.019937 0.169647 0.784081 0.008153
3 3 0.015718 0.016012 0.201559 0.761448 0.005264
3 3 0.008690 0.027129 0.111281 0.838756 0.014144
3 3 0.008391 0.018004 0.123725 0.841768 0.008111
2 3 0.090449 0.164933 0.413286 0.292150 0.039181
2 3 0.126633 0.131008 0.496843 0.218811 0.026705
2 3 0.221767 0.199992 0.486532 0.064718 0.026991
2 3 0.053524 0.349921 0.460737 0.092395 0.043423
2 2 0.069182 0.220733 0.555801 0.127021 0.027262
2 2 0.116805 0.412688 0.415897 0.016132 0.038477
1 3 0.095977 0.577152 0.279064 0.005001 0.042806
2 2 0.183929 0.353451 0.413582 0.013098 0.035940
1 2 0.197777 0.519044 0.240826 0.001817 0.040536
2 2 0.147157 0.382134 0.440146 0.006347 0.024215
1 1 0.173376 0.451971 0.337275 0.004313 0.033065
1 2 0.170519 0.533911 0.254867 0.001986 0.038716
2 2 0.186406 0.352317 0.410833 0.014342 0.036102
2 2 0.129933 0.347680 0.483510 0.013531 0.025346
2 2 0.166856 0.300109 0.506033 0.008092 0.018910
2 3 0.042805 0.237803 0.680169 0.027985 0.011239
2 2 0.046297 0.132660 0.737642 0.074769 0.008632
2 2 0.034577 0.206903 0.705527 0.042316 0.010677
2 3 0.044019 0.230724 0.687469 0.026586 0.011203
2 3 0.039835 0.100468 0.753301 0.099564 0.006832
2 2 0.060299 0.125829 0.685420 0.117129 0.011323
2 2 0.073922 0.281013 0.600902 0.026806 0.017358
2 2 0.031255 0.355445 0.576818 0.020428 0.016055
2 2 0.035995 0.122311 0.752914 0.081201 0.007579
2 2 0.041693 0.259484 0.644272 0.039604 0.014948
2 2 0.022147 0.124103 0.804763 0.044088 0.004899
2 2 0.035902 0.136144 0.803966 0.019773 0.004215
2 2 0.026268 0.179407 0.752963 0.034110 0.007252
2 2 0.023309 0.103023 0.841317 0.029149 0.003202
2 2 0.021341 0.205971 0.707676 0.054475 0.010537
2 2 0.019390 0.114975 0.785819 0.074167 0.005649
2 2 0.026286 0.135255 0.765639 0.065771 0.007048
2 2 0.028819 0.141642 0.747157 0.074196 0.008186
2 3 0.018840 0.057000 0.836237 0.085343 0.002580
2 2 0.046506 0.043813 0.742788 0.163353 0.003540
2 3 0.041800 0.177804 0.668081 0.097910 0.014404
2 2 0.036241 0.146652 0.526525 0.268826 0.021756
2 3 0.045136 0.162047 0.728412 0.054981 0.009424
2 3 0.041970 0.060998 0.636756 0.253301 0.006974
2 2 0.035632 0.160047 0.682918 0.108708 0.012695
2 3 0.024363 0.102945 0.794222 0.073279 0.005191
2 3 0.023241 0.143807 0.773288 0.053077 0.006588
2 3 0.027221 0.144716 0.757390 0.063082 0.007590
2 2 0.026146 0.057532 0.804083 0.108980 0.003259
2 2 0.019678 0.128003 0.793190 0.053663 0.005466
2 3 0.035871 0.111366 0.685047 0.157705 0.010011
2 3 0.058893 0.158689 0.458619 0.292688 0.031111
2 0 0.055791 0.103465 0.462500 0.356987 0.021257
1 0 0.179686 0.405736 0.385017 0.003943 0.025618
1 0 0.173387 0.584768 0.214193 0.000343 0.027309
1 0 0.431258 0.475776 0.034330 0.000021 0.058616
0 0 0.465716 0.457226 0.024737 0.000007 0.052315
0 0 0.514454 0.406949 0.021880 0.000008 0.056708
0 0 0.560759 0.354639 0.020623 0.000014 0.063965
1 0 0.427086 0.486366 0.031839 0.000013 0.054695
1 1 0.322926 0.588873 0.042642 0.000012 0.045547
1 1 0.150375 0.695914 0.115347 0.000127 0.038236
1 1 0.169863 0.674099 0.112866 0.000162 0.043009
1 2 0.158339 0.680145 0.119724 0.000180 0.041612
1 2 0.209797 0.458792 0.294487 0.001597 0.035326
1 2 0.149331 0.637156 0.167154 0.000721 0.045638
1 2 0.149266 0.618387 0.194973 0.000628 0.036745
1 2 0.143281 0.506824 0.315130 0.002822 0.031943
1 2 0.077262 0.635553 0.249802 0.002044 0.035339
1 2 0.165427 0.467039 0.343411 0.001448 0.022675
1 2 0.089533 0.537084 0.343238 0.003086 0.027059
1 2 0.091103 0.457288 0.403807 0.012421 0.035380
1 2 0.150538 0.483911 0.338688 0.001843 0.025021
1 2 0.138265 0.610143 0.208620 0.001227 0.041745
2 2 0.134506 0.417320 0.417441 0.005325 0.025408
1 1 0.083469 0.620663 0.266381 0.001247 0.028241
1 2 0.064723 0.573278 0.337213 0.002090 0.022697
2 2 0.056622 0.400849 0.521488 0.006505 0.014537
2 3 0.076116 0.341399 0.557107 0.009477 0.015901
2 2 0.070731 0.273251 0.620311 0.020579 0.015128
2 2 0.025309 0.167465 0.768151 0.032662 0.006413
2 3 0.026319 0.171310 0.772534 0.024094 0.005743
2 2 0.031931 0.183918 0.726895 0.047852 0.009404
2 2 0.031271 0.325311 0.616756 0.014810 0.011852
2 2 0.032189 0.137468 0.801843 0.023820 0.004680
1 0 0.205752 0.470178 0.289148 0.002075 0.032848
1 1 0.201658 0.664084 0.090068 0.000085 0.044104
1 1 0.178005 0.562222 0.187338 0.003810 0.068626
1 2 0.160557 0.587330 0.188380 0.002695 0.061038
1 2 0.249809 0.395028 0.300087 0.008671 0.046405
2 2 0.095632 0.313343 0.564676 0.010480 0.015869
1 2 0.084350 0.455163 0.441556 0.002532 0.016398
2 2 0.040808 0.322800 0.611830 0.012319 0.012242
2 2 0.095262 0.402964 0.481030 0.004180 0.016564
1 2 0.072223 0.538963 0.364842 0.002380 0.021592
2 2 0.037745 0.259282 0.678561 0.015171 0.009241
2 2 0.054310 0.286509 0.623111 0.021283 0.014787
2 2 0.054349 0.334111 0.593769 0.006467 0.011304
2 2 0.048945 0.157054 0.759239 0.028127 0.006635
2 0 0.064435 0.255851 0.654853 0.013871 0.010991
0 0 0.708673 0.210665 0.040751 0.000085 0.039826
0 0 0.718353 0.196833 0.022829 0.000086 0.061900
0 0 0.596268 0.344004 0.011678 0.000002 0.048048
0 0 0.623856 0.290579 0.016616 0.000017 0.068932
0 1 0.647549 0.285144 0.011183 0.000004 0.056120
1 1 0.418120 0.496296 0.032188 0.000012 0.053384
1 1 0.298348 0.567408 0.073233 0.000136 0.060875
1 0 0.305773 0.573362 0.063963 0.000074 0.056828
0 0 0.458331 0.453604 0.029795 0.000016 0.058254
1 1 0.357735 0.547341 0.042669 0.000020 0.052234
1 1 0.273282 0.601984 0.071307 0.000079 0.053348
1 2 0.331287 0.544205 0.062358 0.000097 0.062053
1 2 0.221356 0.630110 0.096574 0.000171 0.051789
1 2 0.262974 0.593057 0.085537 0.000177 0.058255
1 2 0.202851 0.623854 0.118305 0.000380 0.054609
1 2 0.246390 0.583703 0.106064 0.000441 0.063403
1 0 0.408572 0.473700 0.066944 0.000080 0.050705
1 0 0.456085 0.457513 0.038705 0.000017 0.047681
1 0 0.394189 0.519305 0.034768 0.000013 0.051725
0 0 0.691391 0.203772 0.067613 0.000281 0.036944
0 0 0.528877 0.386143 0.024782 0.000015 0.060182
0 0 0.491878 0.444619 0.017918 0.000002 0.045583
0 0 0.509291 0.406400 0.027448 0.000015 0.056847
0 0 0.556531 0.356693 0.025967 0.000022 0.060787
0 0 0.519939 0.409195 0.024805 0.000006 0.046056
0 0 0.667721 0.276418 0.021811 0.000005 0.034045
0 0 0.532932 0.388265 0.020698 0.000009 0.058096
0 0 0.505605 0.414641 0.022906 0.000009 0.056839
0 0 0.522589 0.400075 0.024772 0.000009 0.052554
0 0 0.507903 0.404438 0.025571 0.000016 0.062072
0 0 0.568306 0.353603 0.018184 0.000009 0.059898
0 0 0.755109 0.153389 0.061272 0.000273 0.029957
0 0 0.737867 0.147455 0.051063 0.000926 0.062689
0 0 0.835986 0.101654 0.032755 0.000181 0.029423
0 0 0.779548 0.140124 0.040105 0.000277 0.039947
0 0 0.555872 0.360409 0.020696 0.000013 0.063010
0 0 0.853507 0.098854 0.019465 0.000046 0.028129
0 0 0.751997 0.176616 0.023963 0.000061 0.047364
0 0 0.927772 0.047900 0.009581 0.000011 0.014736
0 0 0.880773 0.081727 0.007166 0.000008 0.030326
0 0 0.818035 0.120103 0.009032 0.000022 0.052807
0 0 0.482821 0.374325 0.049027 0.000376 0.093451
0 0 0.767707 0.146081 0.045618 0.000348 0.040245
0 0 0.941281 0.027034 0.017728 0.000275 0.013683
0 0 0.943372 0.027172 0.017111 0.000176 0.012168
0 0 0.900785 0.072741 0.005323 0.000002 0.021149
0 0 0.826026 0.138106 0.004194 0.000000 0.031674
0 0 0.943259 0.029239 0.011615 0.000110 0.015777
0 0 0.820600 0.111840 0.017286 0.000125 0.050148
0 0 0.889544 0.037561 0.047577 0.004218 0.021100
0 0 0.798671 0.119873 0.032689 0.000461 0.048306
0 0 0.934380 0.027268 0.008025 0.000348 0.029979
0 0 0.908288 0.052830 0.014741 0.000103 0.024038
0 0 0.861023 0.066723 0.034030 0.001436 0.036787
0 0 0.830044 0.084676 0.045821 0.001589 0.037870
0 0 0.846124 0.091315 0.034761 0.000243 0.027557
0 0 0.917977 0.037947 0.019665 0.000600 0.023812
0 0 0.869960 0.084099 0.014703 0.000050 0.031187
0 0 0.912421 0.036954 0.033417 0.000852 0.016356
0 0 0.777208 0.128171 0.035787 0.000814 0.058020
0 0 0.930253 0.035796 0.016961 0.000181 0.016810
0 0 0.744286 0.182008 0.013087 0.000025 0.060595
0 0 0.862336 0.059642 0.002885 0.000032 0.075105
0 0 0.749791 0.170704 0.008307 0.000015 0.071182
0 0 0.817366 0.118699 0.004033 0.000004 0.059897
1 1 0.416180 0.497046 0.029762 0.000008 0.057004
1 1 0.101251 0.668109 0.138422 0.000136 0.092082
1 1 0.098357 0.651629 0.158545 0.000272 0.091197
1 1 0.174686 0.690586 0.093499 0.000065 0.041164
1 1 0.173946 0.693887 0.093666 0.000065 0.038436
1 1 0.184832 0.656200 0.111808 0.000202 0.046958
1 1 0.252806 0.618676 0.077096 0.000086 0.051336
1 1 0.353485 0.565826 0.035536 0.000008 0.045146
1 1 0.312240 0.578148 0.056348 0.000042 0.053222
1 1 0.324474 0.569599 0.052624 0.000036 0.053267
1 1 0.283314 0.601799 0.063544 0.000051 0.051291
1 2 0.291109 0.593889 0.062503 0.000053 0.052446
1 2 0.260733 0.606100 0.078843 0.000110 0.054213
1 2 0.285798 0.563320 0.108676 0.000136 0.042070
1 1 0.373262 0.491618 0.088341 0.000125 0.046654
1 1 0.275590 0.617771 0.059409 0.000032 0.047198
1 0 0.248544 0.604741 0.090051 0.000185 0.056480
1 0 0.396567 0.507617 0.049084 0.000024 0.046709
0 0 0.483392 0.453052 0.018410 0.000002 0.045144
0 0 0.487265 0.451459 0.017363 0.000002 0.043911
1 1 0.287040 0.608425 0.056572 0.000030 0.047934
1 1 0.288637 0.619055 0.048830 0.000014 0.043464
1 1 0.313820 0.610287 0.036502 0.000005 0.039386
1 1 0.266416 0.607218 0.073454 0.000083 0.052830
1 2 0.223517 0.627315 0.096593 0.000178 0.052397
1 2 0.091805 0.651265 0.218074 0.001309 0.037548
1 2 0.084210 0.654724 0.224600 0.001271 0.035196
1 2 0.064174 0.669169 0.237707 0.000965 0.027985
1 2 0.068782 0.541578 0.359400 0.004123 0.026118
1 2 0.096051 0.624218 0.238450 0.002030 0.039251
2 2 0.027604 0.280169 0.666628 0.016117 0.009482
2 2 0.031194 0.459956 0.488059 0.006392 0.014400
2 2 0.025006 0.235397 0.699608 0.030211 0.009778
2 2 0.017691 0.366581 0.600953 0.006503 0.008272
2 2 0.024534 0.346587 0.608575 0.010116 0.010187
2 2 0.018957 0.117863 0.840620 0.019604 0.002955
2 2 0.014163 0.169894 0.779932 0.030574 0.005438
2 2 0.029678 0.168187 0.780533 0.016750 0.004852
2 2 0.030075 0.202057 0.748957 0.013338 0.005573
2 2 0.023682 0.127048 0.816238 0.028877 0.004155
2 2 0.034865 0.247295 0.697805 0.012494 0.007542
2 2 0.017654 0.144317 0.793008 0.039714 0.005307
2 2 0.059080 0.296851 0.623321 0.010117 0.010630
2 2 0.032508 0.196647 0.743769 0.020345 0.006731
2 2 0.030202 0.145555 0.787155 0.031577 0.005510
1 2 0.089834 0.572745 0.297431 0.003959 0.036032
2 2 0.133284 0.214280 0.630070 0.011015 0.011352
2 2 0.145387 0.403339 0.428421 0.003153 0.019699
2 2 0.097531 0.321451 0.554820 0.009709 0.016490
1 2 0.132013 0.457675 0.385937 0.002443 0.021931
1 2 0.112923 0.432016 0.430507 0.003906 0.020648
2 2 0.072734 0.362392 0.541666 0.008069 0.015140
2 3 0.053728 0.145376 0.751601 0.041673 0.007622
2 3 0.079608 0.337822 0.550272 0.014063 0.018235
2 3 0.062508 0.390399 0.519060 0.009338 0.018696
2 3 0.046971 0.095751 0.718587 0.130754 0.007937
2 2 0.050285 0.098621 0.671726 0.169430 0.009938
2 3 0.025238 0.138948 0.732082 0.094888 0.008844
2 3 0.025706 0.058736 0.802271 0.109944 0.003342
2 3 0.030610 0.056360 0.774342 0.134925 0.003764
2 3 0.040199 0.061140 0.645333 0.246567 0.006760
2 3 0.039554 0.114782 0.641026 0.192363 0.012275
2 3 0.038917 0.055835 0.677290 0.222409 0.005549
2 3 0.044592 0.080215 0.513323 0.348533 0.013337
2 3 0.035441 0.123696 0.624559 0.202686 0.013617
2 3 0.030967 0.077790 0.683239 0.200774 0.007230
2 3 0.024121 0.052965 0.694735 0.223598 0.004581
2 3 0.017962 0.145253 0.536175 0.282259 0.018352
2 3 0.017284 0.067276 0.522878 0.383573 0.008990
2 3 0.018371 0.097441 0.614334 0.259734 0.010121
3 3 0.022860 0.082166 0.341239 0.533790 0.019945
3 3 0.015788 0.044977 0.440903 0.491118 0.007214
3 3 0.019850 0.150116 0.374833 0.423580 0.031621
2 3 0.030680 0.059339 0.486340 0.413805 0.009836
2 3 0.031550 0.062015 0.565742 0.332392 0.008300
2 3 0.031560 0.059103 0.518246 0.382076 0.009015
3 3 0.021830 0.073533 0.400671 0.489320 0.014646
3 3 0.008035 0.020069 0.117818 0.844618 0.009461
2 3 0.026178 0.221724 0.527975 0.196436 0.027687
2 3 0.037430 0.146682 0.474205 0.315922 0.025761
2 3 0.035598 0.057122 0.571345 0.328257 0.007678
2 3 0.030784 0.128742 0.512686 0.308112 0.019676
2 3 0.025964 0.140390 0.658571 0.162471 0.012604
3 3 0.024025 0.078183 0.430148 0.453034 0.014611
2 3 0.034038 0.080370 0.519341 0.353751 0.012500
3 3 0.020120 0.031902 0.227551 0.709800 0.010627
3 3 0.028433 0.108438 0.314406 0.518412 0.030311
3 3 0.012922 0.035450 0.185855 0.752691 0.013081
3 3 0.023224 0.092759 0.305377 0.553070 0.025570
3 3 0.008259 0.018410 0.102023 0.861487 0.009821
3 3 0.010225 0.033180 0.280528 0.668330 0.007736
3 3 0.008296 0.028414 0.175820 0.777718 0.009753
3 3 0.007613 0.031530 0.146478 0.801708 0.012670
3 3 0.005816 0.015330 0.083795 0.886294 0.008764
3 3 0.004410 0.013368 0.072748 0.901508 0.007966
3 3 0.005311 0.022730 0.145723 0.818080 0.008155
3 3 0.005447 0.022234 0.097223 0.863633 0.011463
3 3 0.005579 0.017214 0.076378 0.890132 0.010696
3 3 0.004654 0.014429 0.072865 0.899279 0.008773
3 3 0.005362 0.019430 0.092918 0.872059 0.010231
3 3 0.007097 0.029923 0.107857 0.839671 0.015453
3 3 0.023943 0.054492 0.214251 0.686366 0.020948
3 3 0.027142 0.103135 0.347688 0.496479 0.025556
3 3 0.051252 0.062351 0.353191 0.516257 0.016950
3 3 0.034984 0.073324 0.305252 0.564596 0.021843
3 3 0.014603 0.037689 0.233473 0.702658 0.011577
3 3 0.008647 0.050693 0.184889 0.738068 0.017704
3 3 0.010019 0.043383 0.291924 0.644763 0.009911
3 3 0.003928 0.013457 0.163251 0.815541 0.003823
3 3 0.005049 0.030819 0.162874 0.791060 0.010197
3 3 0.005219 0.035374 0.122151 0.821760 0.015495
3 3 0.008130 0.055922 0.168069 0.746682 0.021197
3 3 0.004736 0.028190 0.099093 0.853796 0.014185
3 3 0.012516 0.069985 0.180296 0.709337 0.027865
3 3 0.011467 0.065868 0.286525 0.619805 0.016335
3 3 0.005481 0.039501 0.156134 0.784697 0.014187
3 3 0.006041 0.053616 0.189929 0.733526 0.016887
3 3 0.001999 0.008749 0.048945 0.934532 0.005775
3 3 0.004843 0.032995 0.129198 0.819545 0.013419
3 3 0.003804 0.021343 0.095401 0.869212 0.010240
3 3 0.004876 0.015885 0.181089 0.793753 0.004398
3 3 0.005515 0.035380 0.155527 0.790941 0.012636
3 3 0.004603 0.016774 0.149541 0.823586 0.005496
3 3 0.005818 0.013169 0.196633 0.780936 0.003444
3 3 0.002668 0.010708 0.090681 0.891377 0.004566
3 3 0.002188 0.018258 0.089615 0.881956 0.007983
3 3 0.004083 0.015671 0.120803 0.853443 0.005999
3 3 0.002007 0.019755 0.093645 0.876375 0.008218
3 3 0.002446 0.010100 0.053207 0.927622 0.006625
3 3 0.001936 0.011422 0.080155 0.901423 0.005064
3 3 0.001348 0.007154 0.061769 0.926285 0.003444
3 3 0.002079 0.005287 0.065589 0.924462 0.002583
3 3 0.001109 0.004572 0.059557 0.932708 0.002054
3 3 0.003583 0.010264 0.080315 0.900652 0.005186
3 3 0.001715 0.010812 0.117796 0.866373 0.003304
3 3 0.002744 0.016320 0.084324 0.888778 0.007835
3 3 0.002273 0.014254 0.104580 0.873551 0.005342
3 3 0.001496 0.012069 0.060890 0.919127 0.006417
3 3 0.001631 0.006759 0.047738 0.939661 0.004211
3 3 0.001283 0.011168 0.087297 0.896091 0.004161
3 3 0.003854 0.022647 0.084461 0.876846 0.012192
3 3 0.003594 0.018571 0.069729 0.896753 0.011353
3 3 0.004388 0.034365 0.126571 0.820708 0.013967
3 3 0.004923 0.046891 0.168872 0.763785 0.015529
3 3 0.007937 0.030187 0.129712 0.818563 0.013601
3 3 0.003603 0.017098 0.096888 0.874614 0.007797
3 3 0.004009 0.011230 0.112954 0.867436 0.004371
3 3 0.006746 0.028897 0.195553 0.760227 0.008576
3 3 0.002213 0.009194 0.051679 0.930942 0.005972
3 3 0.003726 0.015959 0.058108 0.910903 0.011304
3 3 0.003908 0.013007 0.096534 0.880673 0.005878
3 3 0.003526 0.013107 0.090407 0.886832 0.006127
3 3 0.002809 0.009945 0.076800 0.905533 0.004914
3 3 0.004225 0.020059 0.087253 0.877874 0.010588
3 0 0.006541 0.045735 0.147574 0.781897 0.018253
0 0 0.600416 0.148925 0.207874 0.010523 0.032262
1 0 0.411190 0.420012 0.071842 0.000882 0.096075
1 1 0.402388 0.492019 0.048150 0.000045 0.057398
0 1 0.455369 0.406371 0.076944 0.000282 0.061035
1 2 0.291615 0.536000 0.097833 0.000608 0.073944
1 2 0.223687 0.433806 0.318272 0.001134 0.023101
1 2 0.225401 0.420304 0.315840 0.003891 0.034564
1 2 0.160219 0.508494 0.289791 0.003319 0.038177
2 2 0.186311 0.280755 0.509223 0.006831 0.016881
1 2 0.142827 0.477238 0.340768 0.005064 0.034103
1 2 0.207290 0.627514 0.111432 0.000295 0.053469
1 2 0.328478 0.374136 0.257270 0.002750 0.037367
1 2 0.180328 0.623730 0.140646 0.000675 0.054620
1 0 0.222476 0.479526 0.262045 0.001581 0.034373
1 1 0.288007 0.591330 0.066471 0.000069 0.054123
1 2 0.190835 0.668404 0.096926 0.000104 0.043731
1 2 0.185473 0.499015 0.287243 0.001098 0.027172
1 2 0.138084 0.678932 0.141846 0.000308 0.040831
1 2 0.164519 0.650673 0.136373 0.000417 0.048017
1 2 0.126962 0.577338 0.262334 0.001346 0.032019
1 1 0.079351 0.524910 0.321341 0.000304 0.074094
1 1 0.080669 0.725519 0.149721 0.000105 0.043985
1 1 0.071517 0.684451 0.164636 0.000138 0.079259
1 2 0.082847 0.707377 0.161741 0.000174 0.047862
1 2 0.076086 0.560264 0.299995 0.000296 0.063359
1 2 0.121019 0.674525 0.143417 0.000236 0.060803
1 2 0.129400 0.703216 0.131330 0.000168 0.035885
1 2 0.169909 0.676002 0.103440 0.000103 0.050546
1 2 0.161096 0.702284 0.099595 0.000071 0.036954
1 2 0.260596 0.610257 0.076222 0.000092 0.052833
1 2 0.112336 0.628240 0.225505 0.000880 0.033040
1 2 0.156874 0.664688 0.138527 0.000247 0.039664
1 2 0.125599 0.676247 0.162607 0.000321 0.035226
1 2 0.154026 0.556628 0.244848 0.001370 0.043128
1 2 0.089672 0.664437 0.209517 0.000963 0.035412
1 2 0.118988 0.571859 0.268974 0.000846 0.039333
1 2 0.092672 0.693477 0.180939 0.000435 0.032478
1 2 0.135235 0.676104 0.147207 0.000358 0.041096
2 2 0.056749 0.176908 0.745390 0.001173 0.019780
1 2 0.044492 0.644860 0.258919 0.000750 0.050979
1 2 0.066526 0.672606 0.209426 0.000478 0.050965
1 2 0.048932 0.615954 0.274144 0.001227 0.059743
1 2 0.056991 0.647512 0.244188 0.000345 0.050964
1 2 0.140084 0.637537 0.179780 0.000496 0.042103
1 2 0.087473 0.715620 0.167830 0.000246 0.028830
1 2 0.078709 0.664424 0.200881 0.000323 0.055663
1 2 0.119764 0.542445 0.301376 0.000357 0.036057
1 2 0.056370 0.502390 0.393429 0.000294 0.047518
1 2 0.058765 0.554245 0.308138 0.000399 0.078453
1 2 0.137811 0.475152 0.341503 0.000215 0.045318
1 2 0.076862 0.651661 0.234904 0.000781 0.035792
1 2 0.088263 0.671036 0.205590 0.000825 0.034286
1 2 0.097801 0.665296 0.198911 0.000872 0.037120
1 2 0.150123 0.527930 0.292343 0.001361 0.028243
1 2 0.195665 0.681769 0.082540 0.000049 0.039977
2 2 0.030326 0.266085 0.691312 0.006435 0.005843
2 2 0.070416 0.207633 0.712006 0.004596 0.005350
2 2 0.032216 0.193330 0.750093 0.018154 0.006208
2 2 0.032877 0.333854 0.611070 0.011243 0.010957
2 2 0.051537 0.319475 0.612247 0.007000 0.009741
2 2 0.044520 0.378776 0.551096 0.003829 0.021779
1 2 0.072142 0.579385 0.317975 0.002742 0.027756
2 2 0.057672 0.270093 0.658782 0.005031 0.008422
2 2 0.067612 0.300102 0.613325 0.003406 0.015554
2 2 0.030353 0.172417 0.776971 0.007517 0.012742
2 2 0.037545 0.148365 0.785277 0.015303 0.013510
2 2 0.053830 0.175309 0.727943 0.033626 0.009293
1 2 0.285833 0.469193 0.201482 0.001192 0.042301
1 2 0.160623 0.496971 0.312266 0.001824 0.028316
1 2 0.078037 0.610229 0.279676 0.001937 0.030121
2 2 0.062895 0.215995 0.701283 0.012022 0.007805
2 2 0.061347 0.242987 0.680905 0.007632 0.007129
2 2 0.054590 0.138588 0.791848 0.011219 0.003755
2 2 0.061298 0.193362 0.718034 0.016241 0.011065
1 0 0.107969 0.435752 0.426467 0.005931 0.023881
1 1 0.278483 0.615048 0.058913 0.000032 0.047524
1 1 0.265851 0.497655 0.199397 0.000677 0.036420
1 1 0.259884 0.610406 0.081817 0.000083 0.047810
1 2 0.192574 0.640029 0.119929 0.000253 0.047215
2 2 0.228449 0.278916 0.468706 0.005979 0.017950
2 2 0.056352 0.304207 0.624425 0.006132 0.008884
2 2 0.070125 0.106884 0.793958 0.024606 0.004427
2 2 0.026367 0.270231 0.686386 0.009946 0.007070
2 2 0.027619 0.284466 0.675006 0.006592 0.006318
2 0 0.048883 0.294915 0.640304 0.007178 0.008721
0 0 0.568496 0.278284 0.114312 0.000535 0.038373
0 0 0.498829 0.408078 0.030426 0.000026 0.062641
1 1 0.272816 0.612640 0.064841 0.000048 0.049655
1 2 0.241160 0.652119 0.064218 0.000028 0.042475
1 2 0.209267 0.593674 0.133717 0.000865 0.062477
1 2 0.070258 0.610171 0.288480 0.002114 0.028976
2 2 0.100975 0.405089 0.475119 0.003166 0.015652
2 2 0.058948 0.427786 0.486468 0.007598 0.019200
2 2 0.073990 0.211009 0.685358 0.019366 0.010277
1 2 0.065445 0.588481 0.317291 0.002483 0.026300
1 2 0.154513 0.433781 0.389769 0.001916 0.020021
2 2 0.072591 0.388105 0.518947 0.005602 0.014755
1 2 0.115468 0.497884 0.357528 0.002965 0.026156
2 2 0.089557 0.388252 0.497504 0.006835 0.017852
2 2 0.079065 0.439358 0.453136 0.007030 0.021412
2 2 0.043415 0.301887 0.636650 0.008634 0.009414
2 2 0.064929 0.431149 0.490094 0.002049 0.011779
2 2 0.062190 0.143853 0.753962 0.033152 0.006843
2 2 0.062149 0.356363 0.559473 0.007926 0.014089
2 2 0.050976 0.447940 0.484711 0.003202 0.013171
2 1 0.090342 0.334209 0.551339 0.008184 0.015926
1 1 0.120358 0.579819 0.268782 0.001223 0.029818
1 1 0.086338 0.707032 0.176683 0.000320 0.029626
1 2 0.071062 0.638431 0.255490 0.001940 0.033077
1 1 0.141608 0.517628 0.300322 0.003573 0.036869
1 2 0.134150 0.479445 0.358749 0.002535 0.025121
1 2 0.170092 0.407398 0.396682 0.003148 0.022680
2 2 0.163389 0.309347 0.495889 0.009712 0.021663
1 2 0.118784 0.548191 0.299317 0.002274 0.031434
1 2 0.083942 0.576303 0.312783 0.001715 0.025257
1 2 0.158814 0.517078 0.286549 0.002430 0.035129
1 2 0.121929 0.542015 0.293290 0.003980 0.038787
1 2 0.090553 0.558669 0.309715 0.004799 0.036265
1 2 0.120163 0.464093 0.381203 0.005475 0.029066
1 0 0.159900 0.601071 0.179007 0.001917 0.058105
1 2 0.194993 0.659929 0.104773 0.000101 0.040204
1 2 0.162237 0.612126 0.183430 0.000718 0.041489
1 2 0.128884 0.663196 0.164674 0.000594 0.042653
1 2 0.239162 0.497584 0.228355 0.000885 0.034014
1 2 0.215307 0.461234 0.295501 0.001225 0.026733
1 0 0.259571 0.585927 0.093094 0.000266 0.061142
0 0 0.781866 0.152596 0.039536 0.000058 0.025944
1 1 0.376597 0.483750 0.063691 0.000230 0.075733
1 1 0.231245 0.644847 0.077527 0.000063 0.046319
1 1 0.324508 0.569451 0.052686 0.000036 0.053319
1 2 0.130315 0.655047 0.174560 0.000568 0.039511
1 2 0.183409 0.581438 0.198292 0.000609 0.036252
1 2 0.272174 0.414297 0.284749 0.001307 0.027472
1 2 0.170072 0.523917 0.279818 0.000798 0.025395
1 2 0.203832 0.469605 0.298457 0.001275 0.026831
1 2 0.291430 0.565821 0.092342 0.000145 0.050262
1 2 0.243004 0.595164 0.115460 0.000209 0.046163
1 2 0.213665 0.571691 0.170422 0.000626 0.043596
1 2 0.214789 0.494774 0.232835 0.003966 0.053636
1 2 0.162611 0.652622 0.136836 0.000410 0.047521
0 0 0.442315 0.417006 0.073289 0.000311 0.067079
0 0 0.711464 0.184981 0.059619 0.000433 0.043504
0 0 0.761854 0.167098 0.032302 0.000085 0.038661
0 0 0.529316 0.385573 0.023049 0.000014 0.062047
0 0 0.861560 0.062570 0.043366 0.001917 0.030588
0 0 0.896948 0.048347 0.011010 0.000363 0.043332
0 0 0.788586 0.138857 0.013053 0.000052 0.059452
0 0 0.625463 0.288445 0.016636 0.000018 0.069438
0 0 0.776364 0.156887 0.028535 0.000071 0.038142
0 0 0.930128 0.024612 0.027828 0.001746 0.015687
0 0 0.956099 0.014684 0.019031 0.000795 0.009391
0 0 0.951016 0.016874 0.020109 0.000937 0.011064
0 0 0.829514 0.104382 0.018790 0.000160 0.047154
0 0 0.937673 0.023352 0.020795 0.001229 0.016951
0 0 0.962493 0.012734 0.015769 0.000572 0.008431
0 0 0.940353 0.023192 0.017137 0.000966 0.018351
0 0 0.909415 0.034199 0.031261 0.002395 0.022730
0 0 0.917742 0.039619 0.017568 0.000433 0.024638
0 0 0.913074 0.046080 0.012776 0.000171 0.027899
0 0 0.889940 0.070401 0.009785 0.000027 0.029847
0 0 0.900539 0.064901 0.012397 0.000027 0.022136
0 0 0.757498 0.177477 0.020933 0.000034 0.044058
0 0 0.927970 0.048817 0.003017 0.000001 0.020194
0 0 0.864646 0.086338 0.020331 0.000082 0.028602
0 0 0.712412 0.226637 0.007365 0.000002 0.053585
0 0 0.871550 0.061650 0.036232 0.001130 0.029438
0 0 0.822977 0.107188 0.030749 0.000292 0.038793
0 0 0.858995 0.095765 0.015761 0.000034 0.029446
0 0 0.933029 0.026169 0.019081 0.001192 0.020529
0 0 0.815948 0.124327 0.026112 0.000079 0.033533
0 0 0.848238 0.108911 0.005733 0.000003 0.037113
0 0 0.859877 0.088689 0.019148 0.000091 0.032195
0 0 0.877307 0.081744 0.009733 0.000019 0.031197
0 0 0.813983 0.140948 0.004699 0.000001 0.040368
0 0 0.609743 0.305933 0.020366 0.000020 0.063938
0 0 0.491379 0.405924 0.033854 0.000046 0.068798
0 0 0.841835 0.098266 0.022165 0.000151 0.037583
0 0 0.768259 0.180152 0.007513 0.000002 0.044074
0 0 0.816974 0.113221 0.021379 0.000185 0.048241
0 0 0.752582 0.148960 0.038359 0.000662 0.059438
0 0 0.874831 0.076264 0.010924 0.000057 0.037924
0 0 0.771103 0.157226 0.006452 0.000008 0.065210
0 0 0.667884 0.252320 0.012700 0.000012 0.067084
0 0 0.765950 0.157128 0.020423 0.000096 0.056403
0 0 0.753809 0.186792 0.008841 0.000005 0.050553
0 0 0.737729 0.178608 0.030792 0.000153 0.052718
0 0 0.853641 0.087669 0.025387 0.000210 0.033092
0 0 0.883313 0.070738 0.020568 0.000110 0.025271
0 0 0.936043 0.030296 0.016978 0.000288 0.016395
0 0 0.909040 0.042805 0.017950 0.000609 0.029597
0 0 0.807097 0.142658 0.005804 0.000003 0.044439
0 0 0.673248 0.266565 0.008686 0.000002 0.051500
0 0 0.780232 0.158822 0.010176 0.000012 0.050759
0 0 0.749982 0.196612 0.005108 0.000001 0.048298
0 0 0.651793 0.284960 0.010145 0.000002 0.053100
0 0 0.813467 0.131757 0.012159 0.000019 0.042598
0 0 0.535085 0.397861 0.016752 0.000003 0.050299
0 0 0.569166 0.374870 0.011812 0.000001 0.044150
0 0 0.806931 0.138897 0.017812 0.000027 0.036334
0 0 0.531034 0.399938 0.017615 0.000004 0.051409
0 0 0.529997 0.402735 0.017101 0.000003 0.050164
0 0 0.521212 0.417561 0.015590 0.000002 0.045635
0 0 0.648567 0.301698 0.007494 0.000000 0.042241
0 0 0.619635 0.326689 0.009299 0.000001 0.044376
0 0 0.541674 0.374291 0.021798 0.000013 0.062225
0 0 0.791673 0.157629 0.003710 0.000001 0.046987
0 0 0.710263 0.228929 0.007421 0.000002 0.053386
0 0 0.727058 0.209749 0.008572 0.000004 0.054618
0 0 0.745345 0.194515 0.006096 0.000002 0.054042
0 0 0.707003 0.238618 0.006523 0.000001 0.047856
0 0 0.633177 0.308128 0.009924 0.000001 0.048770
0 0 0.799889 0.150182 0.003441 0.000001 0.046487
0 0 0.721332 0.219197 0.006826 0.000002 0.052643
0 0 0.554894 0.384915 0.013644 0.000002 0.046545
0 0 0.686303 0.264239 0.006332 0.000000 0.043125
1 0 0.407328 0.497650 0.037596 0.000023 0.057402
0 0 0.765556 0.167552 0.007929 0.000008 0.058955
0 0 0.682749 0.252740 0.009106 0.000003 0.055403
0 0 0.810564 0.132336 0.013421 0.000026 0.043652
0 0 0.586393 0.329644 0.018681 0.000014 0.065268
0 0 0.734331 0.209073 0.005990 0.000001 0.050605
0 0 0.757326 0.186543 0.005221 0.000001 0.050909
0 0 0.718723 0.220327 0.007137 0.000002 0.053812
0 0 0.719652 0.224909 0.006289 0.000001 0.049150
0 0 0.751688 0.195921 0.004936 0.000001 0.047455
0 0 0.584212 0.359736 0.011224 0.000001 0.044827
0 0 0.653297 0.285261 0.009711 0.000002 0.051729
0 0 0.628782 0.315865 0.009348 0.000001 0.046005
0 0 0.824938 0.109869 0.020514 0.000144 0.044535
0 0 0.634195 0.291960 0.013279 0.000007 0.060560
0 0 0.743214 0.200497 0.005671 0.000001 0.050616
0 0 0.749985 0.196451 0.005127 0.000001 0.048436
0 0 0.873294 0.086369 0.001980 0.000001 0.038357
0 0 0.750571 0.196017 0.005092 0.000001 0.048319
0 0 0.695667 0.235470 0.009318 0.000005 0.059541
0 0 0.714199 0.236228 0.005578 0.000001 0.043995
0 0 0.670763 0.275198 0.007625 0.000001 0.046413
0 0 0.668790 0.283797 0.006460 0.000000 0.040952
0 0 0.644350 0.312533 0.006289 0.000000 0.036828
0 1 0.570700 0.379223 0.010145 0.000000 0.039932
1 1 0.268267 0.638158 0.026103 0.000001 0.067472
1 1 0.205099 0.700019 0.041663 0.000002 0.053217
1 1 0.264444 0.656367 0.025563 0.000000 0.053625
1 1 0.164146 0.723307 0.047885 0.000002 0.064659
1 0 0.198151 0.705941 0.040591 0.000002 0.055315
1 0 0.354881 0.541891 0.047435 0.000034 0.055759
1 0 0.438671 0.485853 0.026056 0.000006 0.049414
0 0 0.617787 0.260813 0.059042 0.000449 0.061910
0 0 0.669643 0.189746 0.087418 0.001811 0.051382
0 1 0.556348 0.326704 0.030896 0.000122 0.085930
0 1 0.503533 0.429331 0.017689 0.000002 0.049444
1 0 0.256164 0.631508 0.056456 0.000019 0.055854
0 0 0.464767 0.457658 0.022428 0.000004 0.055143
0 0 0.668626 0.225123 0.013331 0.000024 0.092896
0 0 0.651293 0.290499 0.009125 0.000001 0.049081
0 0 0.785475 0.161360 0.004102 0.000001 0.049061
0 0 0.749445 0.203740 0.004314 0.000000 0.042501
0 0 0.766425 0.188826 0.006145 0.000001 0.038604
0 0 0.826861 0.119991 0.003023 0.000001 0.050125
0 0 0.664315 0.275604 0.009006 0.000002 0.051073
0 0 0.744378 0.203926 0.005050 0.000001 0.046646
0 0 0.659023 0.283993 0.008595 0.000001 0.048389
0 0 0.616681 0.318472 0.012043 0.000003 0.052802
0 0 0.567357 0.365913 0.014939 0.000003 0.051788
0 0 0.600851 0.336761 0.012154 0.000002 0.050232
0 0 0.801352 0.148127 0.003457 0.000001 0.047063
0 0 0.830902 0.110991 0.020456 0.000084 0.037567
0 0 0.912602 0.051349 0.001463 0.000001 0.034584
0 0 0.869122 0.086516 0.002245 0.000001 0.042116
0 0 0.889584 0.070130 0.002968 0.000003 0.037315
0 0 0.608542 0.269481 0.047949 0.000400 0.073628
0 0 0.595928 0.346880 0.011047 0.000001 0.046143
0 0 0.836228 0.110315 0.003672 0.000003 0.049782
0 0 0.827197 0.116099 0.003247 0.000002 0.053455
0 0 0.742397 0.197445 0.006198 0.000002 0.053958
0 0 0.685434 0.256284 0.007892 0.000001 0.050388
0 0 0.730059 0.212586 0.006231 0.000001 0.051122
0 0 0.682672 0.266089 0.006746 0.000001 0.044492
0 0 0.616759 0.324141 0.010671 0.000001 0.048427
0 0 0.796844 0.150976 0.003713 0.000001 0.048466
1 0 0.413040 0.476150 0.012414 0.000000 0.098395
1 0 0.237551 0.630192 0.023051 0.000000 0.109206
1 0 0.348053 0.514604 0.018419 0.000000 0.118923
1 0 0.144431 0.664653 0.042322 0.000001 0.148593
1 1 0.375221 0.559002 0.013045 0.000000 0.052733
1 1 0.249783 0.628065 0.036783 0.000002 0.085367
1 1 0.218051 0.687212 0.047649 0.000005 0.047084
1 0 0.153058 0.746542 0.062776 0.000006 0.037618
1 0 0.246315 0.676183 0.044068 0.000005 0.033430
1 0 0.314346 0.625196 0.027211 0.000001 0.033245
1 1 0.250018 0.669422 0.045680 0.000006 0.034875
1 1 0.226311 0.670592 0.063821 0.000022 0.039254
1 0 0.270012 0.650260 0.043046 0.000006 0.036677
1 0 0.252313 0.659598 0.050353 0.000010 0.037727
1 0 0.282411 0.640161 0.040376 0.000005 0.037047
0 0 0.590481 0.345798 0.012973 0.000002 0.050746
0 0 0.486436 0.449635 0.018376 0.000002 0.045551
0 0 0.741712 0.156251 0.045644 0.000715 0.055677
0 0 0.772436 0.121964 0.055640 0.001725 0.048235
0 4 0.636704 0.263045 0.019079 0.000053 0.081119
1 4 0.193950 0.694946 0.074362 0.000028 0.036714
1 4 0.285615 0.615092 0.053501 0.000022 0.045771
1 4 0.218533 0.667763 0.072407 0.000036 0.041260
1 4 0.181268 0.716643 0.069587 0.000016 0.032485
1 4 0.168040 0.701735 0.093281 0.000057 0.036888
1 4 0.118411 0.719108 0.129948 0.000126 0.032407
1 4 0.142797 0.724560 0.100045 0.000052 0.032546
1 4 0.159976 0.682462 0.116248 0.000158 0.041155
1 4 0.121604 0.693044 0.148207 0.000277 0.036868
1 1 0.231505 0.680710 0.052606 0.000009 0.035171
1 0 0.254832 0.655141 0.051325 0.000011 0.038690
1 0 0.397013 0.526170 0.029869 0.000006 0.046942
0 4 0.532121 0.359831 0.052193 0.000101 0.055753
1 4 0.383844 0.544335 0.028499 0.000004 0.043318
1 4 0.300819 0.619542 0.039905 0.000006 0.039727
1 4 0.358912 0.581302 0.024322 0.000001 0.035463
1 4 0.228104 0.660230 0.069517 0.000034 0.042114
1 4 0.284843 0.619174 0.051542 0.000018 0.044423
1 4 0.463483 0.489057 0.013425 0.000000 0.034035
0 4 0.480160 0.468489 0.014128 0.000001 0.037222
0 4 0.479428 0.466373 0.015187 0.000001 0.039012
1 4 0.458715 0.469063 0.023286 0.000005 0.048932
0 4 0.514618 0.431935 0.013348 0.000001 0.040098
1 4 0.397222 0.528898 0.028460 0.000005 0.045415
1 4 0.438722 0.495357 0.022004 0.000003 0.043915
1 0 0.458157 0.471459 0.022582 0.000004 0.047797
1 1 0.418571 0.495829 0.032156 0.000012 0.053433
0 1 0.528601 0.417352 0.012943 0.000001 0.041104
0 0 0.528627 0.413347 0.014198 0.000001 0.043827
0 0 0.793394 0.087729 0.072600 0.002462 0.043815
1 0 0.445980 0.479841 0.024977 0.000005 0.049197
0 0 0.511346 0.413278 0.020964 0.000006 0.054405
0 0 0.625586 0.317610 0.009793 0.000001 0.047009
0 0 0.777195 0.151592 0.014253 0.000041 0.056918
0 0 0.594882 0.278329 0.052090 0.000162 0.074537
0 0 0.833229 0.101747 0.012816 0.000088 0.052121
0 0 0.663140 0.258971 0.012586 0.000010 0.065294
0 0 0.790250 0.150197 0.004566 0.000002 0.054984
0 0 0.850165 0.095496 0.014377 0.000065 0.039896
0 0 0.892135 0.055112 0.016861 0.000394 0.035499
0 0 0.641648 0.288014 0.012117 0.000005 0.058216
0 0 0.557439 0.319978 0.032490 0.000168 0.089925
0 0 0.822338 0.105966 0.023820 0.000287 0.047589
0 0 0.541462 0.389167 0.017133 0.000004 0.052234
0 0 0.597714 0.293697 0.035828 0.000142 0.072620
0 0 0.615797 0.262278 0.041796 0.000383 0.079747
0 0 0.891486 0.058604 0.020240 0.000297 0.029372
0 0 0.938143 0.026557 0.015596 0.000556 0.019149
0 0 0.736152 0.169910 0.019401 0.000151 0.074386
0 0 0.927801 0.027269 0.023569 0.001602 0.019759
0 0 0.647113 0.282452 0.011871 0.000005 0.058559
0 1 0.486894 0.414898 0.030161 0.000028 0.068020
1 1 0.250074 0.592750 0.082948 0.000132 0.074096
1 1 0.167870 0.692075 0.094585 0.000062 0.045409
1 1 0.147906 0.663380 0.097409 0.000057 0.091248
1 1 0.066864 0.726624 0.168276 0.000132 0.038103
1 1 0.070125 0.698619 0.177416 0.000202 0.053638
1 1 0.062630 0.741147 0.159932 0.000086 0.036205
1 1 0.136158 0.725353 0.098344 0.000041 0.040105
1 1 0.129182 0.724828 0.113757 0.000078 0.032156
1 1 0.097301 0.668843 0.196507 0.000799 0.036550
1 1 0.179532 0.654040 0.118633 0.000254 0.047541
1 0 0.236894 0.660891 0.061750 0.000022 0.040444
1 1 0.317317 0.617402 0.030211 0.000002 0.035067
1 1 0.247670 0.650021 0.060350 0.000023 0.041936
1 1 0.321603 0.581178 0.047954 0.000021 0.049243
1 1 0.278115 0.629330 0.050204 0.000014 0.042337
1 1 0.288947 0.604921 0.057311 0.000033 0.048788
1 0 0.264558 0.617829 0.068043 0.000054 0.049515
1 1 0.277917 0.633313 0.047860 0.000011 0.040899
1 1 0.238869 0.639264 0.074879 0.000059 0.046928
1 1 0.237875 0.661992 0.060200 0.000019 0.039913
1 1 0.236469 0.679691 0.049353 0.000007 0.034479
1 1 0.189802 0.679667 0.089488 0.000067 0.040975
1 1 0.193264 0.683144 0.083712 0.000051 0.039830
1 0 0.251611 0.637501 0.065523 0.000037 0.045329
1 0 0.406141 0.525174 0.025386 0.000003 0.043296
1 0 0.374618 0.558480 0.026777 0.000003 0.040122
0 0 0.522341 0.438530 0.008607 0.000000 0.030523
0 0 0.551368 0.400867 0.010188 0.000000 0.037577
0 0 0.556346 0.368533 0.018038 0.000007 0.057076
0 0 0.824113 0.124663 0.020572 0.000033 0.030619
0 0 0.913493 0.048608 0.022181 0.000109 0.015609
0 1 0.827450 0.099928 0.044782 0.000350 0.027490
1 1 0.437505 0.474948 0.031371 0.000015 0.056162
1 1 0.261440 0.639880 0.056152 0.000019 0.042508
1 0 0.409867 0.527596 0.021618 0.000002 0.040918
1 0 0.378562 0.522454 0.034645 0.000010 0.064329
0 1 0.662410 0.279229 0.008742 0.000001 0.049618
1 1 0.345468 0.584279 0.030697 0.000003 0.039553
0 1 0.553258 0.397861 0.010438 0.000000 0.038444
0 1 0.586523 0.357194 0.011192 0.000001 0.045090
0 0 0.535968 0.373351 0.024394 0.000022 0.066265
0 0 0.903579 0.040954 0.030426 0.001403 0.023637
0 0 0.917101 0.032755 0.031328 0.001298 0.017519
0 0 0.946409 0.022668 0.019357 0.000342 0.011224
0 0 0.954978 0.017390 0.017591 0.000406 0.009635
0 0 0.960425 0.022661 0.006607 0.000017 0.010289
0 0 0.955421 0.025357 0.008381 0.000026 0.010816
0 0 0.779582 0.169654 0.009131 0.000004 0.041629
0 0 0.973089 0.008909 0.011761 0.000313 0.005929
0 0 0.862012 0.062951 0.039434 0.001946 0.033658
0 0 0.810658 0.113812 0.034976 0.000375 0.040179
0 0 0.909493 0.044513 0.015472 0.000388 0.030134
0 0 0.941602 0.029486 0.009426 0.000114 0.019373
0 0 0.888832 0.067691 0.009466 0.000042 0.033970
0 0 0.846661 0.103318 0.002360 0.000001 0.047660
0 0 0.827943 0.111088 0.009294 0.000029 0.051647
0 0 0.754938 0.177961 0.006603 0.000005 0.060493
0 0 0.745271 0.161937 0.038329 0.000184 0.054279
0 0 0.966249 0.013245 0.011884 0.000241 0.008380
0 0 0.842860 0.093025 0.023462 0.000256 0.040398
0 0 0.823396 0.097699 0.038059 0.000744 0.040103
0 0 0.916160 0.044433 0.016156 0.000200 0.023051
0 0 0.965187 0.016778 0.007086 0.000064 0.010885
0 0 0.908835 0.046311 0.019209 0.000356 0.025289
0 0 0.920366 0.038728 0.017996 0.000382 0.022528
0 0 0.842325 0.090207 0.025310 0.000378 0.041780
0 0 0.916572 0.034056 0.017258 0.001290 0.030823
0 0 0.903059 0.044610 0.018249 0.000784 0.033297
0 0 0.830605 0.091837 0.026421 0.000693 0.050444
0 0 0.899316 0.053219 0.018204 0.000296 0.028966
0 0 0.824899 0.133018 0.006579 0.000002 0.035503
0 0 0.894188 0.062291 0.009468 0.000054 0.033998
0 0 0.952696 0.016179 0.019687 0.000887 0.010551
0 0 0.919667 0.042513 0.003246 0.000013 0.034561
0 0 0.838849 0.099942 0.003169 0.000004 0.058036
0 0 0.865864 0.084210 0.001924 0.000001 0.048000
0 0 0.771551 0.133927 0.005861 0.000010 0.088651
0 0 0.813461 0.134372 0.003291 0.000001 0.048875
0 0 0.834006 0.117060 0.002581 0.000001 0.046353
0 0 0.612268 0.127277 0.074844 0.006084 0.179526
0 0 0.793438 0.100177 0.037466 0.000920 0.068000
0 0 0.877608 0.083913 0.001259 0.000000 0.037220
0 0 0.752550 0.197412 0.004628 0.000001 0.045410
0 0 0.578214 0.371712 0.009878 0.000000 0.040195
0 0 0.592591 0.334493 0.014434 0.000004 0.058478
0 0 0.655012 0.295099 0.007329 0.000000 0.042560
0 0 0.565592 0.371915 0.013811 0.000002 0.048681
0 0 0.736591 0.201137 0.007110 0.000003 0.055160
0 0 0.702115 0.213864 0.012400 0.000022 0.071599
0 0 0.642909 0.289002 0.018713 0.000009 0.049367
0 0 0.781501 0.181753 0.004973 0.000000 0.031773
0 0 0.747551 0.207386 0.004143 0.000000 0.040920
0 0 0.614282 0.341876 0.007238 0.000000 0.036604
0 0 0.702589 0.251998 0.005243 0.000000 0.040169
0 0 0.583500 0.370540 0.008644 0.000000 0.037316
0 0 0.537538 0.403756 0.013999 0.000001 0.044707
1 0 0.302783 0.610883 0.043669 0.000010 0.042655
1 0 0.301136 0.598542 0.052216 0.000024 0.048082
1 0 0.313687 0.600392 0.042127 0.000010 0.043783
1 0 0.362354 0.533484 0.047059 0.000036 0.057067
0 4 0.611434 0.338244 0.008805 0.000001 0.041517
1 4 0.344230 0.576264 0.030313 0.000003 0.049190
1 4 0.261725 0.644225 0.042130 0.000005 0.051916
1 4 0.187744 0.673008 0.096396 0.000096 0.042756
1 4 0.174000 0.699742 0.089128 0.000050 0.037079
1 4 0.291993 0.618756 0.046585 0.000012 0.042654
1 0 0.296678 0.623838 0.040219 0.000006 0.039259
0 0 0.418014 0.380339 0.151648 0.001127 0.048871
1 0 0.337779 0.520711 0.070976 0.000217 0.070318
1 0 0.323315 0.508678 0.088648 0.000599 0.078761
0 0 0.842659 0.122882 0.009177 0.000003 0.025280
0 0 0.745823 0.191088 0.025305 0.000028 0.037755
0 0 0.800370 0.160494 0.006439 0.000001 0.032696
0 0 0.665362 0.278241 0.008255 0.000001 0.048141
0 0 0.619536 0.318335 0.012750 0.000003 0.049377
0 0 0.875826 0.081858 0.013178 0.000034 0.029104
0 0 0.639855 0.267691 0.031092 0.000076 0.061286
0 0 0.522112 0.334258 0.075521 0.000580 0.067529
0 0 0.775868 0.147926 0.021098 0.000087 0.055021
0 0 0.533340 0.355600 0.024245 0.000025 0.086791
0 0 0.724453 0.174170 0.021255 0.000215 0.079907
0 0 0.637988 0.235902 0.020223 0.000111 0.105776
0 0 0.574790 0.261447 0.071107 0.001445 0.091211
0 0 0.416898 0.353253 0.131195 0.000949 0.097706
0 0 0.493020 0.371885 0.071190 0.000127 0.063778
0 0 0.628535 0.316081 0.009364 0.000001 0.046019
0 1 0.637585 0.297992 0.011006 0.000003 0.053414
0 0 0.499433 0.419570 0.023798 0.000010 0.057188
0 0 0.671233 0.266711 0.009116 0.000002 0.052938
0 0 0.604650 0.329715 0.012798 0.000003 0.052834
0 0 0.529906 0.353043 0.044407 0.000153 0.072491
0 1 0.750783 0.182424 0.006728 0.000004 0.060060
1 0 0.369584 0.542360 0.037867 0.000013 0.050176
0 1 0.658843 0.256164 0.009800 0.000003 0.075190
1 1 0.415802 0.470664 0.017576 0.000001 0.095958
1 1 0.276395 0.626729 0.030675 0.000001 0.066200
1 1 0.162691 0.629666 0.063643 0.000011 0.143989
1 1 0.372987 0.547780 0.027656 0.000003 0.051573
1 1 0.332494 0.583152 0.039507 0.000010 0.044837
1 1 0.207157 0.666172 0.083561 0.000063 0.043047
1 1 0.332667 0.596231 0.032191 0.000004 0.038908
1 1 0.432825 0.498304 0.023638 0.000003 0.045229
1 0 0.313178 0.610284 0.036930 0.000005 0.039602
1 1 0.326239 0.580119 0.045384 0.000017 0.048241
1 1 0.160326 0.720921 0.085751 0.000032 0.032969
1 1 0.210307 0.666399 0.080584 0.000055 0.042655
1 1 0.254642 0.619582 0.074967 0.000077 0.050732
1 1 0.254281 0.645236 0.058259 0.000021 0.042203
1 1 0.264631 0.598215 0.080785 0.000134 0.056236
1 0 0.278753 0.640879 0.042549 0.000006 0.037813
1 0 0.349286 0.574286 0.033651 0.000006 0.042771
1 1 0.409978 0.497547 0.036831 0.000020 0.055624
1 1 0.225395 0.644974 0.082509 0.000079 0.047043
1 1 0.079421 0.742665 0.078953 0.000004 0.098957
1 1 0.064523 0.717641 0.126218 0.000028 0.091590
1 1 0.067025 0.726144 0.088009 0.000005 0.118817
1 1 0.060683 0.710701 0.120116 0.000020 0.108480
1 0 0.122413 0.733397 0.066030 0.000004 0.078156
1 0 0.248776 0.623636 0.077142 0.000081 0.050365
1 0 0.340445 0.586192 0.032768 0.000004 0.040591
1 0 0.375665 0.539603 0.035595 0.000011 0.049126
1 0 0.339407 0.579728 0.036924 0.000008 0.043933
1 0 0.320035 0.588977 0.044544 0.000015 0.046430
0 1 0.467363 0.456971 0.024065 0.000006 0.051594
1 1 0.345050 0.555098 0.034462 0.000006 0.065383
1 1 0.309997 0.604936 0.032440 0.000003 0.052624
1 1 0.272996 0.621623 0.054850 0.000021 0.050510
1 0 0.189994 0.652408 0.078838 0.000039 0.078721
1 1 0.125242 0.705433 0.104362 0.000047 0.064917
1 0 0.197834 0.674781 0.078398 0.000039 0.048948
1 1 0.234419 0.669283 0.056800 0.000014 0.039485
1 1 0.238794 0.625045 0.077947 0.000075 0.058139
0 1 0.487725 0.448365 0.018297 0.000002 0.045611
1 1 0.422452 0.512977 0.022459 0.000002 0.042111
1 1 0.293118 0.609260 0.051554 0.000020 0.046048
1 1 0.268328 0.615537 0.066523 0.000051 0.049562
1 1 0.268018 0.641264 0.050223 0.000012 0.040482
1 0 0.279363 0.634125 0.046292 0.000010 0.040210
1 0 0.332704 0.566563 0.048664 0.000027 0.052042
1 1 0.280275 0.594006 0.070834 0.000085 0.054800
1 4 0.283322 0.610723 0.057944 0.000032 0.047979
1 4 0.303332 0.529365 0.092314 0.000533 0.074456
1 4 0.252784 0.633165 0.067456 0.000043 0.046552
1 4 0.235102 0.662067 0.062417 0.000022 0.040392
1 4 0.230931 0.639513 0.081501 0.000081 0.047974
1 4 0.268747 0.619662 0.063527 0.000041 0.048024
1 0 0.238271 0.670445 0.054157 0.000011 0.037115
0 1 0.499813 0.400246 0.037927 0.000047 0.061968
1 1 0.303776 0.613288 0.041557 0.000008 0.041370
1 0 0.209286 0.665793 0.081930 0.000059 0.042933
1 4 0.407835 0.501667 0.035407 0.000017 0.055074
1 4 0.158089 0.691028 0.103159 0.000081 0.047643
1 4 0.119230 0.710132 0.128347 0.000119 0.042171
1 4 0.206695 0.652180 0.083368 0.000064 0.057692
1 4 0.162036 0.678788 0.103534 0.000091 0.055551
1 4 0.248661 0.652938 0.057614 0.000018 0.040769
1 0 0.337639 0.592047 0.031358 0.000003 0.038953
1 4 0.342052 0.597168 0.025966 0.000001 0.034812
1 4 0.170053 0.734150 0.066458 0.000011 0.029328
1 4 0.181309 0.699660 0.082348 0.000038 0.036645
1 4 0.120384 0.719560 0.103072 0.000039 0.056946
1 4 0.095460 0.683474 0.124143 0.000066 0.096856
1 1 0.222695 0.672647 0.065421 0.000023 0.039214
0 1 0.481136 0.440090 0.024293 0.000008 0.054472
1 1 0.225747 0.665981 0.067505 0.000028 0.040739
1 1 0.193095 0.646770 0.110865 0.000223 0.049047
1 1 0.170209 0.696723 0.095067 0.000066 0.037935
1 1 0.171503 0.621958 0.151048 0.000864 0.054627
1 1 0.108626 0.686010 0.142160 0.000170 0.063034
1 1 0.181975 0.695128 0.085154 0.000046 0.037698
1 0 0.224134 0.654566 0.070551 0.000035 0.050713
1 0 0.350477 0.566596 0.037002 0.000009 0.045916
1 0 0.312829 0.611111 0.036688 0.000005 0.039367
1 0 0.279883 0.627951 0.049754 0.000014 0.042397
1 0 0.321693 0.597534 0.038545 0.000007 0.042221
1 1 0.367614 0.557659 0.031227 0.000005 0.043495
1 1 0.357327 0.553246 0.039793 0.000014 0.049619
1 1 0.352161 0.570059 0.034117 0.000006 0.043657
1 1 0.236206 0.670695 0.055642 0.000013 0.037444
1 1 0.291474 0.639214 0.034652 0.000003 0.034658
1 0 0.258755 0.665435 0.041703 0.000004 0.034103
0 1 0.490165 0.417701 0.034354 0.000026 0.057754
1 1 0.096741 0.626196 0.146095 0.000201 0.130766
1 1 0.089101 0.705597 0.125124 0.000054 0.080124
1 1 0.115154 0.702349 0.101105 0.000033 0.081359
1 1 0.124789 0.682620 0.110924 0.000068 0.081600
1 1 0.094057 0.679469 0.115619 0.000046 0.110809
1 1 0.088261 0.696310 0.121137 0.000047 0.094245
1 1 0.141635 0.691878 0.119088 0.000127 0.047272
1 1 0.108018 0.657567 0.157590 0.000314 0.076511
1 0 0.181817 0.711096 0.073261 0.000021 0.033805
0 1 0.439194 0.422700 0.083201 0.000137 0.054768
1 4 0.295215 0.617543 0.045017 0.000011 0.042214
1 1 0.113086 0.671842 0.149102 0.000249 0.065721
1 1 0.110270 0.710649 0.134596 0.000126 0.044358
1 1 0.180291 0.700362 0.081928 0.000036 0.037382
1 1 0.051602 0.610222 0.193037 0.000255 0.144884
1 1 0.096612 0.693878 0.160437 0.000242 0.048832
1 1 0.296546 0.584511 0.064146 0.000065 0.054732
1 1 0.129104 0.694946 0.138451 0.000223 0.037276
1 1 0.316715 0.570716 0.057494 0.000050 0.055024
1 0 0.284093 0.602278 0.062645 0.000048 0.050937
1 0 0.343391 0.578265 0.035194 0.000006 0.043143
0 0 0.535348 0.393273 0.018126 0.000005 0.053248
1 1 0.458011 0.475413 0.021065 0.000003 0.045508
1 1 0.223141 0.666542 0.069321 0.000031 0.040966
1 4 0.329512 0.585069 0.040397 0.000010 0.045011
1 4 0.248725 0.636084 0.068824 0.000045 0.046322
1 4 0.117237 0.692552 0.153460 0.000306 0.036444
1 4 0.095864 0.722100 0.152465 0.000179 0.029392
1 4 0.093091 0.698092 0.176456 0.000380 0.031981
1 4 0.090357 0.699151 0.178774 0.000381 0.031337
1 0 0.112124 0.682428 0.167701 0.000452 0.037294
0 0 0.562376 0.330294 0.039635 0.000024 0.067671
0 0 0.494508 0.435260 0.020202 0.000004 0.050027
1 1 0.425125 0.438414 0.069614 0.000187 0.066659
1 0 0.430086 0.489996 0.028643 0.000008 0.051267
0 4 0.461595 0.450279 0.029542 0.000016 0.058568
1 4 0.273746 0.625450 0.055945 0.000023 0.044837
1 4 0.342341 0.589536 0.029814 0.000003 0.038306
1 0 0.360068 0.555435 0.036930 0.000010 0.047557
0 4 0.493517 0.435209 0.020644 0.000004 0.050626
1 4 0.445297 0.484195 0.023491 0.000004 0.047013
1 4 0.225529 0.672234 0.063333 0.000021 0.038884
1 4 0.384903 0.550614 0.024885 0.000002 0.039596
1 4 0.322999 0.564787 0.055248 0.000046 0.056920
1 4 0.188681 0.684649 0.082090 0.000042 0.044538
1 4 0.197157 0.670289 0.089644 0.000077 0.042833
1 0 0.243148 0.653570 0.061617 0.000024 0.041641
0 0 0.841204 0.113209 0.025045 0.000023 0.020519
0 4 0.627831 0.267161 0.047541 0.000096 0.057371
1 4 0.265702 0.596876 0.080773 0.000136 0.056514
1 4 0.219015 0.666542 0.072855 0.000038 0.041550
1 4 0.164271 0.699455 0.066113 0.000010 0.070152
1 4 0.098381 0.732631 0.072216 0.000004 0.096768
1 4 0.058084 0.681071 0.100728 0.000009 0.160108
1 4 0.055906 0.715753 0.103826 0.000008 0.124507
1 4 0.050621 0.662132 0.115687 0.000015 0.171545
1 4 0.051097 0.765802 0.111313 0.000008 0.071780
1 4 0.016136 0.667167 0.179554 0.000015 0.137128
1 4 0.019965 0.615423 0.161423 0.000018 0.203171
1 4 0.112344 0.671381 0.061191 0.000003 0.155081
1 4 0.012531 0.663492 0.176637 0.000009 0.147331
1 4 0.037321 0.605542 0.211805 0.000226 0.145106
1 4 0.030559 0.568680 0.220105 0.000242 0.180414
1 4 0.037986 0.590711 0.229105 0.000379 0.141819
1 0 0.080175 0.598649 0.141280 0.000142 0.179754
0 0 0.538943 0.381951 0.027883 0.000013 0.051210
0 0 0.632456 0.284771 0.016770 0.000006 0.065997
0 4 0.529817 0.386308 0.019934 0.000007 0.063934
1 4 0.325468 0.496973 0.041143 0.000018 0.136398
1 4 0.445422 0.463339 0.025369 0.000006 0.065864
0 4 0.723699 0.218448 0.005596 0.000001 0.052257
1 4 0.243003 0.629686 0.031388 0.000001 0.095922
0 4 0.500726 0.429351 0.012316 0.000000 0.057607
1 4 0.208562 0.615953 0.046623 0.000005 0.128858
1 4 0.106534 0.618492 0.069363 0.000008 0.205603
1 4 0.190829 0.511956 0.067753 0.000038 0.229424
1 4 0.165460 0.444546 0.109998 0.000660 0.279336
4 4 0.099240 0.366336 0.107479 0.000559 0.426387
4 4 0.149654 0.298687 0.073797 0.000577 0.477285
0 4 0.430410 0.430338 0.024709 0.000006 0.114537
4 4 0.256367 0.349345 0.043476 0.000068 0.350743
4 4 0.325531 0.129075 0.012443 0.000049 0.532902
4 4 0.351966 0.080914 0.024875 0.000122 0.542123
4 4 0.177163 0.078449 0.010177 0.000074 0.734137
4 4 0.200783 0.273227 0.024364 0.000010 0.501616
4 4 0.101172 0.168887 0.037278 0.000207 0.692456
4 4 0.042327 0.403425 0.104484 0.000065 0.449699
4 4 0.125161 0.104469 0.019575 0.000169 0.750625
4 4 0.064474 0.304273 0.075345 0.000122 0.555786
4 4 0.059322 0.363700 0.091623 0.000108 0.485247
4 4 0.071289 0.270895 0.055531 0.000065 0.602220
4 4 0.126881 0.101331 0.020381 0.000258 0.751149
4 4 0.276726 0.128500 0.012687 0.000040 0.582047
4 4 0.190326 0.118750 0.023459 0.000469 0.666996
4 4 0.089607 0.097633 0.022610 0.000263 0.789887
4 4 0.192967 0.078153 0.010006 0.000072 0.718802
4 4 0.022030 0.325409 0.066309 0.000007 0.586245
4 4 0.018583 0.376627 0.070815 0.000003 0.533972
4 4 0.040824 0.288570 0.065705 0.000037 0.604863
4 4 0.019925 0.214396 0.067139 0.000048 0.698492
4 4 0.047180 0.344692 0.065186 0.000020 0.542923
1 4 0.032462 0.577059 0.050423 0.000000 0.340055
1 4 0.015006 0.496930 0.078066 0.000001 0.409997
4 4 0.008167 0.400383 0.094668 0.000002 0.496780
4 4 0.004691 0.406233 0.116090 0.000002 0.472984
4 4 0.008166 0.255861 0.107187 0.000015 0.628771
4 4 0.136509 0.056299 0.008346 0.000021 0.798825
4 4 0.173866 0.091035 0.011747 0.000065 0.723286
4 4 0.187451 0.281735 0.020585 0.000004 0.510225
4 4 0.263073 0.167817 0.007639 0.000001 0.561470
4 4 0.138307 0.067984 0.007713 0.000027 0.785969
4 4 0.114788 0.087465 0.016651 0.000143 0.780953
4 4 0.111808 0.188375 0.030591 0.000059 0.669167
4 4 0.078153 0.398197 0.078112 0.000056 0.445481
4 4 0.071453 0.270384 0.054290 0.000059 0.603813
4 4 0.042775 0.259124 0.070068 0.000092 0.627942
4 4 0.039558 0.229359 0.065277 0.000105 0.665701
1 4 0.034998 0.446172 0.080621 0.000009 0.438201
4 4 0.045005 0.206905 0.051841 0.000037 0.696211
4 4 0.036634 0.393073 0.074975 0.000012 0.495306
4 4 0.041802 0.319750 0.063974 0.000021 0.574454
4 4 0.076212 0.320694 0.037140 0.000005 0.565949
4 4 0.072549 0.123472 0.026981 0.000124 0.776874
4 4 0.136974 0.214184 0.026683 0.000024 0.622134
4 4 0.065818 0.143079 0.029851 0.000079 0.761173
4 4 0.082819 0.076066 0.014030 0.000092 0.826993
4 4 0.077818 0.147376 0.012516 0.000002 0.762289
4 4 0.176149 0.113967 0.007674 0.000003 0.702206
4 4 0.130447 0.065027 0.007351 0.000014 0.797161
4 4 0.127789 0.050550 0.004837 0.000013 0.816811
4 4 0.088431 0.066404 0.009118 0.000029 0.836018
4 4 0.059558 0.190325 0.044066 0.000093 0.705958
4 4 0.090482 0.077040 0.012644 0.000063 0.819771
4 4 0.120094 0.094364 0.017231 0.000156 0.768156
4 4 0.117615 0.397268 0.047211 0.000012 0.437894
4 4 0.086097 0.365884 0.048915 0.000012 0.499093
4 4 0.004655 0.443340 0.090166 0.000000 0.461839
1 4 0.010358 0.518789 0.052654 0.000000 0.418199
1 4 0.041688 0.560774 0.021318 0.000000 0.376220
1 4 0.008078 0.545516 0.053977 0.000000 0.392429
1 4 0.006291 0.534475 0.069623 0.000000 0.389611
0 4 0.531576 0.250879 0.008903 0.000001 0.208641
0 0 0.718165 0.120363 0.003147 0.000001 0.158325
0 0 0.769211 0.066376 0.003991 0.000006 0.160416
0 0 0.747574 0.076321 0.021446 0.000084 0.154575
0 0 0.560765 0.272582 0.016691 0.000007 0.149956
0 0 0.731995 0.153399 0.011831 0.000015 0.102760
0 0 0.727518 0.130149 0.007247 0.000023 0.135063
0 0 0.655544 0.157842 0.037737 0.000217 0.148659
0 0 0.659160 0.177920 0.012383 0.000014 0.150523
0 0 0.695779 0.173598 0.025619 0.000083 0.104921
0 0 0.738032 0.154397 0.008166 0.000006 0.099399
0 0 0.810338 0.091379 0.007109 0.000011 0.091164
0 0 0.760932 0.137797 0.004829 0.000004 0.096438
0 0 0.606805 0.180080 0.023625 0.000053 0.189436
0 0 0.875348 0.053405 0.001308 0.000002 0.069936
0 0 0.523007 0.310418 0.039000 0.000152 0.127424
0 0 0.556396 0.251616 0.033452 0.000182 0.158355
0 0 0.727305 0.115931 0.047600 0.000616 0.108548
0 0 0.684646 0.185884 0.041712 0.000359 0.087399
0 0 0.771264 0.130629 0.023562 0.000219 0.074326
0 1 0.701494 0.179184 0.010069 0.000022 0.109230
1 1 0.303558 0.615823 0.040215 0.000007 0.040397
1 1 0.413363 0.496391 0.026694 0.000005 0.063547
1 1 0.362264 0.587513 0.019407 0.000000 0.030816
0 0 0.462364 0.409289 0.032020 0.000032 0.096295
0 0 0.920976 0.038259 0.018629 0.000391 0.021745
0 0 0.958025 0.020462 0.009629 0.000093 0.011792
0 0 0.925626 0.041091 0.009715 0.000075 0.023494
0 0 0.930360 0.035956 0.013382 0.000165 0.020137
0 0 0.886667 0.058392 0.021639 0.000492 0.032810
0 0 0.788125 0.146699 0.019659 0.000057 0.045460
0 0 0.596775 0.338186 0.013020 0.000003 0.052016
0 0 0.773570 0.136659 0.035015 0.000518 0.054238
0 0 0.583282 0.297250 0.053006 0.000289 0.066173
0 0 0.881875 0.054116 0.038503 0.001152 0.024356
0 0 0.585305 0.273637 0.089892 0.000657 0.050509
0 0 0.532584 0.380194 0.037407 0.000026 0.049789
0 0 0.642178 0.279725 0.013792 0.000010 0.064296
0 0 0.669216 0.231697 0.047783 0.000203 0.051101
1 0 0.358362 0.555532 0.037937 0.000011 0.048157
0 0 0.803266 0.144016 0.008114 0.000006 0.044598
0 0 0.847306 0.092006 0.015110 0.000122 0.045456
0 0 0.650294 0.259691 0.015862 0.000026 0.074127
0 0 0.630703 0.290583 0.014587 0.000010 0.064117
0 0 0.859838 0.078689 0.030050 0.000377 0.031046
0 0 0.884953 0.064500 0.012161 0.000130 0.038257
0 0 0.735164 0.175067 0.038181 0.000261 0.051327
0 0 0.695223 0.216666 0.012594 0.000026 0.075492
0 0 0.633824 0.268991 0.024207 0.000067 0.072912
0 1 0.540976 0.348271 0.030530 0.000081 0.080142
1 1 0.399720 0.506611 0.037706 0.000021 0.055942
1 0 0.282147 0.584391 0.075428 0.000123 0.057912
0 0 0.700341 0.199285 0.044054 0.000162 0.056159
0 0 0.787841 0.153574 0.015333 0.000023 0.043230
0 1 0.454124 0.447511 0.034485 0.000031 0.063850
0 0 0.456674 0.415094 0.030779 0.000024 0.097429
0 1 0.528237 0.315038 0.082892 0.000391 0.073441
1 1 0.295424 0.596655 0.057274 0.000036 0.050611
1 1 0.279502 0.630214 0.048625 0.000012 0.041647
1 1 0.241813 0.650473 0.064798 0.000030 0.042886
1 1 0.208372 0.647408 0.096043 0.000134 0.048044
1 0 0.158726 0.674072 0.124099 0.000221 0.042882
1 0 0.258754 0.604693 0.081417 0.000127 0.055010
1 0 0.316945 0.554991 0.066571 0.000109 0.061384
1 0 0.232303 0.630217 0.086758 0.000116 0.050606
1 1 0.190138 0.668183 0.097747 0.000108 0.043824
1 1 0.107834 0.700785 0.157106 0.000282 0.033993
1 1 0.160732 0.673371 0.122602 0.000215 0.043080
1 1 0.097912 0.689630 0.178060 0.000453 0.033945
1 1 0.153526 0.639450 0.156637 0.000746 0.049642
1 1 0.074955 0.739112 0.161832 0.000142 0.023959
1 1 0.047089 0.612495 0.245323 0.000313 0.094780
2 1 0.035993 0.373129 0.503806 0.001745 0.085326
1 1 0.059602 0.673377 0.228473 0.000628 0.037921
1 2 0.034908 0.661983 0.235552 0.000257 0.067300
2 2 0.143898 0.355937 0.370028 0.008169 0.121968
4 0 0.154841 0.324681 0.170219 0.007795 0.342463
0 0 0.809266 0.078965 0.075862 0.003084 0.032824
1 0 0.343315 0.506821 0.074682 0.000317 0.074865
0 0 0.849259 0.038786 0.082224 0.004841 0.024889
0 0 0.950681 0.015672 0.023221 0.001061 0.009365
0 0 0.925198 0.023156 0.036246 0.002419 0.012981
0 0 0.974114 0.008339 0.011847 0.000302 0.005399
0 0 0.974448 0.009640 0.007699 0.000198 0.008015
0 0 0.951248 0.025872 0.009950 0.000061 0.012869
