0 0 0.560064 0.109477 0.024286 0.000025 0.306148
4 0 0.157408 0.025962 0.005775 0.000002 0.810854
0 0 0.631687 0.011480 0.003938 0.000001 0.352894
4 0 0.147419 0.020222 0.025128 0.000331 0.806901
0 0 0.750625 0.005897 0.007945 0.000023 0.235510
0 0 0.858721 0.016638 0.006934 0.000005 0.117702
0 0 0.910232 0.024010 0.021203 0.000154 0.044401
0 0 0.809077 0.043706 0.028116 0.000108 0.118991
0 0 0.920565 0.019567 0.007035 0.000006 0.052827
0 0 0.888047 0.015434 0.006238 0.000004 0.090277
0 0 0.987846 0.004739 0.003380 0.000008 0.004028
0 0 0.721902 0.038181 0.016944 0.000028 0.222945
0 0 0.953791 0.014887 0.004374 0.000002 0.026946
0 0 0.886069 0.009195 0.004709 0.000003 0.100023
0 0 0.914722 0.006832 0.002708 0.000001 0.075737
0 0 0.660443 0.050503 0.008845 0.000003 0.280207
0 0 0.499162 0.071099 0.019443 0.000025 0.410271
4 1 0.221185 0.022264 0.002838 0.000000 0.753713
0 1 0.604883 0.061768 0.017460 0.000017 0.315872
0 1 0.894897 0.035922 0.026317 0.000192 0.042673
0 1 0.983751 0.007019 0.005481 0.000022 0.003726
0 1 0.964503 0.018144 0.006600 0.000009 0.010744
0 1 0.545267 0.079635 0.019683 0.000018 0.355396
0 1 0.766994 0.131905 0.013346 0.000004 0.087751
4 1 0.270829 0.235799 0.037514 0.000052 0.455806
2 1 0.125397 0.290059 0.479409 0.016278 0.088857
0 1 0.415628 0.226284 0.142413 0.003722 0.211953
2 1 0.022902 0.058703 0.794718 0.080847 0.042831
2 1 0.011885 0.024156 0.802527 0.144818 0.016613
2 1 0.015602 0.071492 0.764755 0.076195 0.071955
2 1 0.078486 0.298492 0.464036 0.037673 0.121312
2 1 0.039718 0.075554 0.749728 0.120841 0.014159
2 2 0.008129 0.012180 0.910938 0.066733 0.002020
2 2 0.002244 0.018348 0.963029 0.004144 0.012235
2 2 0.020994 0.042344 0.794788 0.004077 0.137798
2 2 0.010323 0.010175 0.732605 0.240414 0.006483
2 2 0.009875 0.009796 0.681192 0.296920 0.002218
3 2 0.006854 0.009248 0.438427 0.543828 0.001642
2 2 0.015892 0.061723 0.754137 0.090749 0.077500
2 2 0.015744 0.056425 0.681012 0.211845 0.034974
2 2 0.005611 0.024485 0.654103 0.305909 0.009891
2 2 0.015192 0.008248 0.922316 0.046578 0.007666
2 2 0.027189 0.008582 0.758666 0.197397 0.008166
3 2 0.019898 0.010778 0.257899 0.708028 0.003397
2 2 0.046456 0.008630 0.709717 0.232856 0.002342
2 3 0.046645 0.017467 0.503245 0.418355 0.014288
2 3 0.072294 0.013654 0.596043 0.302682 0.015326
3 3 0.059334 0.006275 0.308950 0.621874 0.003568
2 3 0.123982 0.011138 0.467638 0.396046 0.001195
2 3 0.007727 0.006554 0.557395 0.426283 0.002041
3 3 0.179357 0.000805 0.032740 0.786738 0.000359
3 3 0.047964 0.002933 0.052668 0.894023 0.002413
3 3 0.002273 0.000747 0.014601 0.981974 0.000404
3 3 0.000824 0.000887 0.023540 0.974448 0.000300
3 3 0.023950 0.003846 0.057369 0.911643 0.003192
3 3 0.130785 0.008066 0.102382 0.752621 0.006145
3 3 0.010019 0.000100 0.006198 0.983660 0.000022
3 3 0.031004 0.001335 0.030679 0.936435 0.000548
3 3 0.016839 0.000434 0.016123 0.966281 0.000324
3 3 0.010265 0.000429 0.013369 0.975814 0.000124
3 3 0.191437 0.009111 0.103837 0.689151 0.006464
3 3 0.026107 0.000223 0.012067 0.961454 0.000150
3 3 0.003035 0.000172 0.007243 0.989381 0.000169
3 3 0.002714 0.000853 0.015005 0.981042 0.000385
3 3 0.126279 0.000438 0.025167 0.847478 0.000638
3 3 0.004126 0.000344 0.011624 0.983254 0.000652
3 3 0.002999 0.000765 0.017867 0.974223 0.004145
3 3 0.000752 0.000086 0.003183 0.995968 0.000010
3 3 0.004196 0.000111 0.004626 0.991063 0.000004
3 3 0.007831 0.000855 0.016655 0.974520 0.000139
3 3 0.009207 0.000364 0.010849 0.979548 0.000032
3 3 0.000451 0.000015 0.001203 0.998328 0.000002
3 3 0.000062 0.000016 0.000932 0.998978 0.000012
3 3 0.000039 0.000012 0.000682 0.999263 0.000003
3 3 0.001276 0.000075 0.003668 0.994951 0.000031
3 3 0.015232 0.000468 0.016539 0.967382 0.000379
3 3 0.001713 0.000075 0.003962 0.994213 0.000036
3 3 0.000820 0.000154 0.004828 0.994137 0.000061
3 3 0.022334 0.000957 0.023151 0.953257 0.000301
3 3 0.001495 0.000554 0.009679 0.988190 0.000082
3 3 0.042456 0.002851 0.052395 0.901538 0.000761
3 3 0.029696 0.004264 0.059882 0.900905 0.005253
3 3 0.009045 0.002346 0.031758 0.955927 0.000924
3 3 0.173903 0.059665 0.235381 0.503604 0.027447
3 3 0.059367 0.003320 0.055355 0.879641 0.002317
3 3 0.059478 0.001820 0.059189 0.877352 0.002161
3 3 0.002650 0.004329 0.119501 0.872988 0.000532
2 3 0.056442 0.022930 0.517258 0.380538 0.022833
0 3 0.749731 0.025979 0.127994 0.080980 0.015316
0 3 0.552260 0.039882 0.190895 0.179398 0.037565
3 3 0.011126 0.000643 0.016108 0.972003 0.000120
2 3 0.008448 0.003982 0.568309 0.418844 0.000417
3 3 0.011493 0.004917 0.194291 0.786429 0.002869
3 3 0.044458 0.005690 0.117431 0.816290 0.016131
3 3 0.035361 0.033942 0.389931 0.501102 0.039664
3 3 0.197351 0.016130 0.196994 0.578146 0.011380
2 3 0.024775 0.032257 0.696679 0.201212 0.045077
2 3 0.121837 0.102145 0.595784 0.097217 0.083018
3 3 0.006526 0.029812 0.395801 0.559812 0.008049
3 3 0.002309 0.003478 0.086507 0.906262 0.001445
3 3 0.011005 0.008413 0.081760 0.890462 0.008360
3 3 0.039066 0.002800 0.046562 0.911027 0.000544
3 3 0.029032 0.003716 0.049483 0.916065 0.001704
3 3 0.046210 0.002494 0.063962 0.886746 0.000588
3 3 0.098227 0.004738 0.164566 0.731593 0.000875
3 3 0.040719 0.008858 0.246604 0.698871 0.004948
2 3 0.004071 0.025273 0.539332 0.412808 0.018516
3 3 0.003319 0.002307 0.054713 0.939269 0.000392
3 3 0.005238 0.003934 0.192255 0.796937 0.001636
2 3 0.003288 0.007137 0.891455 0.095591 0.002529
0 3 0.489553 0.032883 0.411417 0.057272 0.008875
0 3 0.611664 0.063597 0.213508 0.096803 0.014428
3 3 0.060793 0.005746 0.072108 0.857552 0.003802
3 3 0.029138 0.006197 0.071549 0.885902 0.007214
3 3 0.012744 0.001835 0.031402 0.952806 0.001213
3 3 0.056403 0.009680 0.135146 0.794522 0.004249
3 3 0.228077 0.005421 0.159634 0.602331 0.004537
3 3 0.018020 0.005999 0.306866 0.668132 0.000983
3 3 0.039056 0.014655 0.110824 0.822517 0.012948
3 3 0.021457 0.006470 0.064179 0.904693 0.003201
3 3 0.005657 0.006550 0.142522 0.842445 0.002825
3 3 0.004435 0.001831 0.024063 0.968998 0.000672
3 3 0.022197 0.018460 0.427203 0.495320 0.036819
4 3 0.245697 0.068325 0.247872 0.162962 0.275144
3 3 0.025019 0.005821 0.066247 0.896696 0.006217
3 3 0.031745 0.008959 0.234275 0.721898 0.003123
3 3 0.084645 0.031250 0.316639 0.447602 0.119864
2 3 0.049068 0.040478 0.655555 0.137663 0.117237
3 3 0.220417 0.020811 0.184161 0.513901 0.060710
2 3 0.051065 0.015129 0.462524 0.445663 0.025619
2 3 0.006710 0.013084 0.674634 0.303648 0.001924
3 3 0.010238 0.019589 0.460589 0.506240 0.003343
3 3 0.005820 0.005202 0.134426 0.852832 0.001720
3 3 0.033744 0.003198 0.058405 0.898655 0.005998
3 3 0.107941 0.003253 0.062530 0.824343 0.001933
3 3 0.216490 0.004785 0.124672 0.652963 0.001090
3 3 0.016820 0.003265 0.038058 0.941453 0.000404
3 3 0.350709 0.037393 0.205725 0.391473 0.014700
3 3 0.081841 0.000802 0.025250 0.892029 0.000078
2 3 0.083147 0.054418 0.607017 0.101325 0.154093
0 1 0.689227 0.029835 0.217058 0.001602 0.062277
0 1 0.764647 0.096731 0.072722 0.001342 0.064559
2 1 0.061212 0.050169 0.505385 0.240469 0.142765
2 1 0.043650 0.073392 0.675827 0.106784 0.100347
2 2 0.207118 0.029168 0.392780 0.292458 0.078477
2 2 0.018920 0.031471 0.870320 0.046907 0.032382
2 2 0.005017 0.017873 0.918303 0.042024 0.016782
2 2 0.002586 0.051980 0.805434 0.016834 0.123166
2 2 0.005821 0.030407 0.851978 0.046573 0.065221
4 2 0.064948 0.059892 0.186488 0.002254 0.686419
2 4 0.046927 0.091928 0.532512 0.000195 0.328438
4 4 0.076073 0.184608 0.165895 0.000074 0.573350
0 4 0.876814 0.031486 0.024611 0.000157 0.066933
2 4 0.038687 0.042906 0.819182 0.001651 0.097574
4 4 0.053890 0.045067 0.033823 0.000009 0.867211
4 4 0.098588 0.057042 0.023588 0.000122 0.820660
4 4 0.063293 0.076576 0.104606 0.000244 0.755281
0 4 0.721072 0.023101 0.014325 0.000033 0.241469
0 4 0.814147 0.059379 0.047206 0.000366 0.078902
0 4 0.450825 0.205587 0.141806 0.000080 0.201702
4 4 0.078939 0.080855 0.287347 0.000027 0.552831
0 4 0.760286 0.031536 0.034847 0.000099 0.173232
4 4 0.184922 0.086212 0.102990 0.000051 0.625825
2 4 0.217208 0.148340 0.379266 0.000490 0.254697
2 4 0.141443 0.080543 0.463892 0.002680 0.311441
2 4 0.110212 0.061436 0.617261 0.011395 0.199697
0 4 0.381222 0.071931 0.229152 0.007961 0.309733
2 4 0.275489 0.159891 0.445027 0.002337 0.117256
2 4 0.159103 0.068691 0.492757 0.000746 0.278704
2 4 0.016238 0.038354 0.783888 0.020675 0.140845
2 4 0.025885 0.051598 0.765114 0.041315 0.116087
2 4 0.008977 0.020255 0.798996 0.078078 0.093694
2 4 0.007691 0.051708 0.638623 0.184844 0.117135
2 4 0.043196 0.087991 0.517413 0.064638 0.286761
2 4 0.008548 0.015490 0.744055 0.208880 0.023027
2 2 0.003901 0.013414 0.915233 0.032992 0.034459
2 2 0.000900 0.008633 0.906702 0.080758 0.003006
2 2 0.002297 0.012569 0.834210 0.142172 0.008752
2 2 0.013561 0.019633 0.771346 0.193773 0.001687
0 2 0.485272 0.298023 0.098844 0.000117 0.117744
2 2 0.015932 0.074052 0.715076 0.038402 0.156537
2 2 0.042614 0.072653 0.693569 0.012661 0.178504
0 2 0.650707 0.054802 0.032194 0.000076 0.262221
2 2 0.068855 0.185647 0.471714 0.000464 0.273320
2 2 0.187596 0.101409 0.464783 0.002721 0.243491
0 2 0.801057 0.016411 0.020931 0.000159 0.161442
4 2 0.215369 0.071917 0.008065 0.000002 0.704647
4 2 0.207095 0.064331 0.004575 0.000000 0.723998
0 2 0.723149 0.111142 0.058289 0.000489 0.106931
2 2 0.139932 0.162802 0.557961 0.027976 0.111329
2 2 0.013822 0.016492 0.677617 0.283771 0.008299
2 2 0.008452 0.024299 0.905217 0.034398 0.027633
2 2 0.004440 0.029183 0.825723 0.039673 0.100982
2 2 0.001306 0.009470 0.938321 0.036805 0.014098
2 2 0.000762 0.004075 0.873130 0.116579 0.005454
2 2 0.006176 0.033099 0.762561 0.185421 0.012742
4 2 0.142105 0.040417 0.026749 0.000228 0.790500
2 2 0.007194 0.142559 0.691005 0.054377 0.104865
2 2 0.042871 0.106189 0.557285 0.094462 0.199193
4 2 0.091851 0.085676 0.197504 0.015242 0.609727
2 2 0.008518 0.011137 0.946503 0.027261 0.006581
2 2 0.000808 0.005414 0.981260 0.011746 0.000773
2 2 0.003854 0.010932 0.915360 0.068983 0.000871
2 2 0.002473 0.013560 0.788697 0.163423 0.031847
2 2 0.056532 0.035614 0.575941 0.279858 0.052055
2 2 0.003524 0.007324 0.609018 0.371716 0.008419
2 2 0.002046 0.011214 0.849472 0.120499 0.016769
2 2 0.002948 0.010188 0.602246 0.380104 0.004514
2 2 0.003544 0.007959 0.573722 0.409556 0.005219
0 2 0.572967 0.032266 0.179906 0.191211 0.023651
2 2 0.003565 0.016187 0.652265 0.320111 0.007872
2 3 0.018632 0.038220 0.711358 0.180993 0.050797
2 3 0.023210 0.039948 0.791324 0.086889 0.058630
2 3 0.005361 0.011825 0.724329 0.241592 0.016892
3 3 0.001005 0.002314 0.206475 0.788979 0.001227
2 3 0.001836 0.010773 0.878723 0.103659 0.005010
2 3 0.003320 0.005589 0.694173 0.295792 0.001128
2 3 0.094931 0.104024 0.647938 0.080740 0.072368
2 3 0.132134 0.055679 0.376180 0.368678 0.067329
2 3 0.005972 0.009968 0.748268 0.230913 0.004880
2 3 0.026121 0.023327 0.802980 0.135288 0.012284
3 3 0.003509 0.003782 0.428006 0.563793 0.000910
2 3 0.003497 0.006076 0.510065 0.478877 0.001485
3 3 0.051488 0.008886 0.299605 0.637378 0.002642
2 3 0.040415 0.019296 0.583125 0.345052 0.012112
3 3 0.100046 0.006427 0.123445 0.769274 0.000809
3 3 0.049605 0.006761 0.080344 0.857789 0.005501
3 3 0.055073 0.006145 0.154171 0.783169 0.001442
3 3 0.035638 0.002535 0.045211 0.915017 0.001598
3 3 0.066933 0.022606 0.139623 0.764871 0.005967
3 3 0.025706 0.001483 0.030835 0.941444 0.000532
3 3 0.019022 0.004699 0.271504 0.704325 0.000449
3 3 0.154781 0.009387 0.176287 0.644771 0.014774
0 3 0.637766 0.014958 0.171596 0.172512 0.003167
3 3 0.080407 0.004575 0.075366 0.837410 0.002242
3 3 0.134421 0.011328 0.130503 0.714864 0.008884
3 3 0.004873 0.001796 0.023305 0.969622 0.000405
3 3 0.332734 0.022752 0.176857 0.443263 0.024394
3 3 0.071115 0.002419 0.046419 0.879553 0.000494
3 3 0.073150 0.004354 0.057060 0.865043 0.000394
3 3 0.014516 0.003503 0.044325 0.933419 0.004237
3 3 0.021513 0.000781 0.022031 0.955269 0.000405
3 3 0.023117 0.002288 0.039334 0.933855 0.001406
3 3 0.011697 0.000419 0.015369 0.971988 0.000526
3 3 0.016249 0.001673 0.031165 0.949930 0.000983
3 3 0.012608 0.002988 0.037381 0.945052 0.001971
3 3 0.032579 0.000456 0.018095 0.948665 0.000206
3 3 0.003716 0.000746 0.015451 0.979537 0.000550
3 3 0.000657 0.000639 0.011046 0.985403 0.002255
3 3 0.005737 0.000474 0.014642 0.978253 0.000895
3 3 0.156943 0.002615 0.060225 0.778420 0.001797
3 3 0.336759 0.001944 0.056448 0.602216 0.002633
3 3 0.045284 0.000788 0.027397 0.925695 0.000835
3 3 0.027179 0.000924 0.023911 0.947741 0.000247
3 3 0.001156 0.000206 0.005065 0.993552 0.000022
3 3 0.016949 0.000783 0.022109 0.959476 0.000683
3 3 0.019105 0.001717 0.037167 0.937209 0.004802
3 3 0.012264 0.001422 0.028287 0.956643 0.001385
3 3 0.001247 0.000051 0.002750 0.995946 0.000008
3 3 0.003955 0.000592 0.013451 0.981736 0.000266
3 3 0.001016 0.000057 0.003133 0.995762 0.000031
3 3 0.001195 0.000024 0.002183 0.996574 0.000023
3 3 0.003579 0.000119 0.006303 0.989856 0.000142
3 3 0.117902 0.001358 0.041771 0.836096 0.002873
3 3 0.010291 0.000092 0.006201 0.983383 0.000033
3 3 0.001974 0.000091 0.004131 0.993788 0.000016
3 3 0.097473 0.000206 0.015154 0.887049 0.000118
3 3 0.033895 0.000131 0.008968 0.956981 0.000025
3 3 0.000566 0.000223 0.004905 0.994278 0.000029
0 3 0.869419 0.000709 0.021298 0.108500 0.000075
3 3 0.005643 0.001581 0.020817 0.971585 0.000374
3 3 0.375138 0.012459 0.123018 0.484713 0.004671
3 3 0.164628 0.025794 0.174376 0.611091 0.024111
3 3 0.011879 0.000210 0.011186 0.976249 0.000477
3 3 0.000306 0.000255 0.005229 0.994072 0.000140
3 3 0.008380 0.002647 0.044847 0.901887 0.042239
3 3 0.044738 0.000046 0.005686 0.949518 0.000012
0 3 0.559060 0.004826 0.069371 0.366276 0.000467
3 3 0.003280 0.000202 0.007525 0.988895 0.000098
3 3 0.000899 0.000086 0.003897 0.995047 0.000071
3 3 0.000163 0.000074 0.002668 0.996920 0.000175
3 3 0.002406 0.000151 0.006421 0.990883 0.000139
3 3 0.002340 0.000097 0.005023 0.992465 0.000075
3 3 0.000479 0.000146 0.004982 0.993967 0.000425
3 3 0.002123 0.000139 0.005852 0.991789 0.000097
3 3 0.005146 0.000105 0.006644 0.987903 0.000203
3 3 0.001265 0.000038 0.002757 0.995907 0.000033
3 3 0.000490 0.000030 0.001850 0.997621 0.000009
3 3 0.139464 0.000417 0.024620 0.834981 0.000518
3 3 0.028316 0.000710 0.022936 0.947526 0.000512
3 3 0.003843 0.000032 0.003233 0.992860 0.000032
3 3 0.000909 0.000118 0.004596 0.994276 0.000101
3 3 0.000296 0.000066 0.002568 0.997039 0.000031
3 3 0.009837 0.000750 0.018664 0.970323 0.000425
3 3 0.003356 0.000057 0.004031 0.992521 0.000036
3 3 0.000068 0.000004 0.000454 0.999470 0.000004
3 3 0.018056 0.000916 0.023867 0.956497 0.000664
3 3 0.001653 0.000123 0.005663 0.992339 0.000222
3 3 0.336493 0.002788 0.056739 0.603628 0.000353
0 3 0.636185 0.009187 0.080449 0.273979 0.000200
0 3 0.759424 0.018013 0.101325 0.119453 0.001785
2 3 0.079211 0.049104 0.455333 0.413012 0.003341
2 3 0.132174 0.033231 0.525414 0.308444 0.000737
3 3 0.068295 0.007815 0.077841 0.845654 0.000394
3 3 0.108749 0.025155 0.376904 0.488444 0.000748
3 3 0.036010 0.002760 0.152264 0.808929 0.000037
0 3 0.502540 0.018043 0.148791 0.330018 0.000608
2 3 0.344659 0.095830 0.523438 0.031476 0.004597
0 2 0.847612 0.043980 0.086096 0.020696 0.001616
0 2 0.973532 0.011829 0.013803 0.000538 0.000299
0 2 0.993976 0.002135 0.003681 0.000092 0.000116
0 2 0.999498 0.000138 0.000342 0.000003 0.000018
0 2 0.999538 0.000428 0.000030 0.000000 0.000004
0 2 0.998406 0.001512 0.000069 0.000000 0.000012
0 1 0.997408 0.002183 0.000402 0.000000 0.000006
0 1 0.992842 0.004845 0.002264 0.000011 0.000037
0 1 0.996373 0.001952 0.001648 0.000017 0.000009
0 1 0.900565 0.089205 0.009396 0.000008 0.000826
0 1 0.998554 0.000850 0.000589 0.000007 0.000000
0 1 0.999894 0.000038 0.000066 0.000002 0.000000
0 1 0.996489 0.003289 0.000207 0.000000 0.000015
0 1 0.965795 0.024112 0.003329 0.000001 0.006764
0 1 0.624746 0.143800 0.050544 0.000207 0.180702
2 1 0.144430 0.098978 0.629294 0.003482 0.123815
4 1 0.322143 0.105117 0.122177 0.000573 0.449990
4 1 0.052129 0.064325 0.084187 0.000408 0.798950
4 1 0.054089 0.230012 0.310534 0.000225 0.405140
4 1 0.117000 0.132338 0.039545 0.000219 0.710899
4 4 0.126973 0.011832 0.004393 0.000004 0.856799
4 4 0.044529 0.020599 0.004607 0.000004 0.930261
4 4 0.078391 0.114014 0.037666 0.000307 0.769622
4 4 0.149252 0.022320 0.004657 0.000001 0.823771
4 4 0.207975 0.034049 0.017565 0.000065 0.740346
4 4 0.259732 0.047614 0.011464 0.000002 0.681188
0 4 0.549468 0.029835 0.052698 0.001873 0.366125
4 4 0.150289 0.101047 0.169407 0.010522 0.568735
4 4 0.260698 0.037606 0.032808 0.000408 0.668480
4 4 0.279036 0.057458 0.011867 0.000007 0.651632
4 4 0.287755 0.092170 0.049289 0.000026 0.570759
0 4 0.870931 0.026398 0.049452 0.000165 0.053054
0 4 0.452340 0.078732 0.070546 0.000224 0.398157
4 4 0.168750 0.053364 0.032889 0.000345 0.744652
4 4 0.263400 0.047915 0.017546 0.000035 0.671105
0 4 0.695186 0.065578 0.077569 0.000926 0.160741
4 4 0.301703 0.043672 0.020570 0.000056 0.633999
0 4 0.522243 0.120215 0.059504 0.000018 0.298021
0 4 0.724023 0.039066 0.021093 0.000059 0.215758
4 4 0.114888 0.017166 0.002189 0.000000 0.865757
4 4 0.072620 0.032175 0.043691 0.000174 0.851340
4 4 0.317541 0.134922 0.144676 0.000671 0.402191
2 4 0.250492 0.066967 0.434362 0.002477 0.245702
4 4 0.019885 0.041056 0.077234 0.000827 0.860998
4 4 0.244277 0.028779 0.008499 0.000006 0.718439
4 4 0.306572 0.056974 0.011047 0.000005 0.625402
0 4 0.620597 0.051868 0.016984 0.000019 0.310533
0 4 0.509864 0.030497 0.009796 0.000007 0.449837
0 4 0.582700 0.046423 0.020770 0.000049 0.350057
4 4 0.123855 0.070229 0.015242 0.000001 0.790673
4 4 0.104174 0.106101 0.059781 0.000017 0.729927
0 4 0.759105 0.040501 0.015439 0.000019 0.184937
0 4 0.665228 0.063765 0.058239 0.000069 0.212699
0 4 0.753833 0.048482 0.078383 0.000146 0.119156
4 4 0.267608 0.124350 0.092063 0.000028 0.515951
0 1 0.812134 0.013898 0.149326 0.003059 0.021583
0 1 0.857486 0.014718 0.113744 0.004751 0.009301
2 1 0.165316 0.098953 0.522728 0.000369 0.212634
4 2 0.074214 0.062723 0.399724 0.008683 0.454656
2 2 0.100723 0.126591 0.446653 0.001233 0.324801
0 2 0.655591 0.026348 0.185567 0.009410 0.123084
2 2 0.141145 0.044412 0.684241 0.001820 0.128381
2 2 0.027763 0.050855 0.643790 0.023942 0.253651
4 2 0.035355 0.036982 0.174209 0.001711 0.751743
4 2 0.029292 0.044087 0.340401 0.003314 0.582906
2 2 0.166147 0.055171 0.645887 0.008661 0.124133
2 2 0.022077 0.039853 0.796016 0.027487 0.114567
2 2 0.121774 0.057989 0.624602 0.003654 0.191982
0 2 0.478243 0.052402 0.347981 0.008466 0.112908
2 2 0.029296 0.016564 0.874036 0.023215 0.056890
2 2 0.014003 0.032116 0.849442 0.071970 0.032468
2 2 0.010890 0.011207 0.855675 0.109939 0.012289
2 2 0.174982 0.091632 0.535353 0.000479 0.197554
2 2 0.239258 0.057359 0.601542 0.006066 0.095774
0 2 0.454990 0.080341 0.384433 0.001199 0.079037
2 2 0.037857 0.039617 0.780680 0.018374 0.123472
2 2 0.033455 0.011268 0.925887 0.006494 0.022895
0 1 0.788291 0.045059 0.008430 0.000003 0.158217
0 1 0.589635 0.055287 0.025273 0.000020 0.329784
4 1 0.353456 0.151773 0.038864 0.000085 0.455823
0 1 0.654384 0.167937 0.043341 0.000115 0.134223
0 1 0.724425 0.098392 0.020888 0.000020 0.156276
2 1 0.173588 0.228065 0.470681 0.000719 0.126946
4 1 0.029106 0.167033 0.305372 0.000922 0.497567
4 1 0.040069 0.084260 0.188034 0.000216 0.687421
4 1 0.153078 0.093393 0.099270 0.002289 0.651970
2 1 0.010950 0.060399 0.453995 0.333406 0.141251
2 1 0.002282 0.016434 0.792925 0.123352 0.065006
2 1 0.004389 0.022163 0.549316 0.279127 0.145005
2 1 0.018780 0.045955 0.428403 0.403767 0.103096
2 2 0.018556 0.021063 0.602735 0.257870 0.099776
2 2 0.006680 0.017556 0.824840 0.063022 0.087902
2 2 0.004123 0.012552 0.935837 0.033774 0.013713
2 2 0.006470 0.008275 0.933099 0.044763 0.007394
2 2 0.001361 0.004452 0.904504 0.086069 0.003615
2 2 0.000379 0.008788 0.896862 0.071152 0.022820
2 2 0.007672 0.028441 0.752538 0.111053 0.100296
2 2 0.000246 0.009552 0.937872 0.041786 0.010544
2 2 0.000230 0.009761 0.749805 0.211752 0.028451
2 2 0.000191 0.006378 0.930146 0.052490 0.010796
2 2 0.001384 0.008813 0.892913 0.084922 0.011968
2 2 0.002233 0.006828 0.807844 0.171051 0.012044
2 2 0.001149 0.002968 0.955355 0.039305 0.001222
2 2 0.002049 0.021039 0.837620 0.076989 0.062302
2 2 0.000955 0.008971 0.877938 0.066982 0.045154
2 2 0.001037 0.005610 0.790973 0.197612 0.004767
2 2 0.002488 0.008550 0.671494 0.304684 0.012783
2 2 0.000308 0.008355 0.829935 0.158553 0.002849
2 2 0.004527 0.013395 0.696501 0.257180 0.028397
2 2 0.004769 0.010695 0.944434 0.033706 0.006396
2 2 0.003052 0.012746 0.961041 0.012082 0.011079
4 2 0.213595 0.076264 0.193960 0.000902 0.515279
0 2 0.477186 0.130923 0.150200 0.000926 0.240766
2 2 0.001938 0.022281 0.522140 0.433185 0.020456
2 2 0.004308 0.011152 0.749505 0.230847 0.004188
2 2 0.007194 0.027531 0.909715 0.036609 0.018952
2 2 0.008623 0.032334 0.812209 0.092042 0.054793
2 2 0.006627 0.020030 0.685578 0.256768 0.030996
2 2 0.003158 0.014416 0.807131 0.166763 0.008531
3 2 0.006373 0.010557 0.350779 0.629654 0.002637
3 2 0.002275 0.019425 0.409616 0.542785 0.025899
2 2 0.177854 0.043279 0.372512 0.298256 0.108099
2 2 0.068523 0.121301 0.503801 0.145030 0.161344
2 2 0.017041 0.017998 0.733306 0.220258 0.011397
2 2 0.005640 0.032582 0.908586 0.026321 0.026870
2 2 0.024095 0.014829 0.525553 0.415798 0.019726
2 2 0.001745 0.007956 0.747588 0.238404 0.004307
2 2 0.030744 0.041077 0.714738 0.114587 0.098854
3 2 0.050382 0.023016 0.440427 0.464314 0.021861
2 2 0.014018 0.012113 0.820742 0.141032 0.012095
2 2 0.001813 0.013751 0.762675 0.215551 0.006210
3 2 0.000353 0.005362 0.164302 0.829118 0.000865
2 2 0.011212 0.013976 0.751309 0.221380 0.002123
2 2 0.002582 0.017316 0.527315 0.444980 0.007808
2 2 0.019271 0.026669 0.436200 0.435783 0.082077
3 2 0.001404 0.008487 0.274758 0.703304 0.012046
3 2 0.002341 0.003975 0.225854 0.767550 0.000280
2 2 0.003622 0.014297 0.789782 0.184014 0.008285
2 2 0.001852 0.008228 0.500434 0.480251 0.009234
2 2 0.004062 0.006136 0.916667 0.072276 0.000859
2 2 0.013159 0.032980 0.588849 0.357711 0.007300
2 2 0.013788 0.016703 0.516115 0.431302 0.022092
3 2 0.007400 0.010687 0.442216 0.525771 0.013925
3 2 0.004214 0.009039 0.386151 0.596532 0.004065
3 2 0.000999 0.010168 0.459948 0.521059 0.007826
3 2 0.065883 0.010821 0.283494 0.614908 0.024894
2 2 0.018433 0.018250 0.677895 0.274679 0.010743
2 3 0.021425 0.013515 0.807657 0.143188 0.014215
2 3 0.043116 0.023904 0.529935 0.348917 0.054128
3 3 0.016806 0.001987 0.082213 0.898155 0.000838
3 3 0.062461 0.004748 0.102782 0.818910 0.011100
2 3 0.072765 0.023656 0.538061 0.355958 0.009560
0 3 0.594774 0.032387 0.117666 0.025969 0.229203
0 3 0.837050 0.019214 0.071000 0.010294 0.062441
0 3 0.379888 0.042137 0.231286 0.119793 0.226896
3 3 0.071462 0.021067 0.428331 0.456187 0.022952
2 3 0.034379 0.013080 0.521295 0.426051 0.005195
3 3 0.200287 0.028193 0.353506 0.393298 0.024715
2 3 0.051550 0.033168 0.684479 0.164836 0.065968
2 3 0.004076 0.027092 0.759277 0.173951 0.035603
2 3 0.001426 0.013161 0.852280 0.110569 0.022565
2 3 0.001064 0.012053 0.863086 0.114797 0.009000
2 3 0.008170 0.013184 0.644832 0.320146 0.013668
2 3 0.013686 0.024697 0.782889 0.158544 0.020184
2 3 0.008796 0.030090 0.818863 0.134157 0.008094
2 3 0.001921 0.006303 0.946801 0.043712 0.001264
2 3 0.010351 0.009909 0.574305 0.400519 0.004916
3 3 0.294624 0.004451 0.137644 0.539931 0.023351
3 3 0.015660 0.004043 0.057236 0.907122 0.015938
3 3 0.206069 0.010482 0.294765 0.477714 0.010970
3 3 0.079996 0.011076 0.131336 0.677981 0.099611
3 3 0.058687 0.012052 0.213944 0.693123 0.022193
3 3 0.034488 0.010739 0.277870 0.571271 0.105632
2 3 0.006636 0.011416 0.932701 0.042079 0.007168
3 3 0.005135 0.008968 0.187492 0.794074 0.004332
3 3 0.151194 0.017249 0.229615 0.582997 0.018946
3 3 0.005859 0.008293 0.245448 0.736946 0.003453
3 3 0.039580 0.015564 0.195388 0.700746 0.048722
3 3 0.031401 0.008476 0.102712 0.800968 0.056443
2 3 0.007220 0.019427 0.499870 0.453804 0.019679
3 3 0.226034 0.040845 0.219381 0.272943 0.240797
3 3 0.095851 0.011325 0.132620 0.703232 0.056971
3 3 0.005430 0.022941 0.465454 0.499564 0.006611
2 3 0.002139 0.019715 0.944351 0.023960 0.009836
2 3 0.030923 0.029419 0.727208 0.197425 0.015025
2 3 0.012642 0.017157 0.859998 0.092430 0.017773
2 3 0.032436 0.021644 0.532692 0.392136 0.021091
3 3 0.034321 0.015983 0.166357 0.714003 0.069336
3 3 0.130350 0.008771 0.117587 0.719077 0.024215
3 3 0.192171 0.012583 0.362655 0.421029 0.011562
3 3 0.383239 0.020359 0.187425 0.395316 0.013660
3 3 0.322228 0.016539 0.286321 0.330105 0.044806
0 3 0.422188 0.066939 0.257133 0.155403 0.098336
2 3 0.047555 0.101713 0.537881 0.157930 0.154921
2 3 0.006926 0.059039 0.689712 0.164630 0.079693
2 3 0.034934 0.072211 0.569802 0.014874 0.308179
4 3 0.031120 0.013220 0.080447 0.097271 0.777943
2 3 0.007115 0.003161 0.759064 0.228883 0.001777
2 3 0.003968 0.025462 0.831440 0.122383 0.016748
2 3 0.166592 0.065049 0.472022 0.256649 0.039688
0 3 0.726405 0.066788 0.124268 0.005410 0.077130
2 3 0.013689 0.048279 0.460005 0.248168 0.229858
3 3 0.018117 0.024981 0.134487 0.765853 0.056562
2 3 0.243057 0.049223 0.249891 0.238115 0.219715
2 3 0.052889 0.054182 0.467893 0.366904 0.058132
2 3 0.068485 0.131314 0.431159 0.008398 0.360644
4 3 0.057284 0.171023 0.329245 0.003173 0.439275
2 3 0.037600 0.030760 0.514666 0.364248 0.052726
2 3 0.118942 0.015364 0.538258 0.311741 0.015695
2 3 0.007853 0.021542 0.896130 0.058600 0.015875
2 3 0.012278 0.017365 0.842584 0.105653 0.022120
2 3 0.011740 0.040744 0.710012 0.231320 0.006185
2 2 0.015507 0.060454 0.479132 0.295651 0.149257
2 2 0.067320 0.121396 0.482900 0.177834 0.150550
2 2 0.031928 0.127175 0.716014 0.053892 0.070992
4 2 0.071825 0.145820 0.387834 0.004086 0.390434
2 2 0.246149 0.075058 0.352046 0.056207 0.270540
3 2 0.251853 0.039501 0.239817 0.308137 0.160691
2 2 0.028047 0.045932 0.802073 0.089681 0.034267
2 2 0.009828 0.025741 0.621952 0.326167 0.016312
2 2 0.011188 0.007702 0.779980 0.197748 0.003382
2 2 0.092625 0.018254 0.749025 0.111820 0.028276
2 2 0.003005 0.030605 0.828286 0.074512 0.063592
2 2 0.027658 0.036888 0.854544 0.062005 0.018906
2 2 0.005569 0.050050 0.771544 0.098876 0.073961
2 2 0.007750 0.007565 0.571501 0.404290 0.008894
2 2 0.013209 0.013745 0.693396 0.268121 0.011528
2 2 0.003824 0.015762 0.848142 0.127299 0.004974
2 2 0.004031 0.015758 0.938536 0.017640 0.024036
2 2 0.006819 0.016757 0.714902 0.253495 0.008027
2 2 0.017299 0.037595 0.862840 0.079059 0.003206
2 2 0.102946 0.210834 0.642949 0.012890 0.030382
2 2 0.193226 0.160410 0.555328 0.007372 0.083664
0 2 0.385084 0.097751 0.259844 0.003453 0.253868
2 2 0.072178 0.047301 0.795478 0.009186 0.075857
2 2 0.002506 0.011206 0.907407 0.071552 0.007330
2 2 0.016371 0.018259 0.528051 0.431610 0.005709
2 2 0.042333 0.048306 0.749431 0.122047 0.037883
2 2 0.295527 0.201168 0.458896 0.012584 0.031825
0 2 0.401177 0.298128 0.190168 0.001043 0.109484
2 2 0.057168 0.144681 0.688390 0.003935 0.105827
2 2 0.087938 0.079589 0.650204 0.115499 0.066770
2 2 0.076988 0.053368 0.586809 0.243215 0.039619
2 2 0.064481 0.056132 0.808558 0.059827 0.011003
2 2 0.218092 0.089136 0.609162 0.029066 0.054544
2 2 0.148671 0.056986 0.603436 0.068458 0.122449
2 2 0.051148 0.029816 0.727825 0.130418 0.060793
0 2 0.641714 0.104300 0.067456 0.000735 0.185795
0 2 0.758695 0.111836 0.097311 0.003793 0.028365
0 2 0.829069 0.066514 0.037551 0.000249 0.066617
2 2 0.369640 0.138266 0.411741 0.001057 0.079295
2 2 0.023628 0.069653 0.685435 0.028207 0.193078
2 2 0.007519 0.050478 0.783843 0.084782 0.073378
2 2 0.036052 0.020058 0.676085 0.210505 0.057301
2 2 0.039093 0.029668 0.760716 0.108180 0.062342
2 2 0.000221 0.009632 0.981328 0.003713 0.005107
2 2 0.002941 0.013389 0.861028 0.066812 0.055829
2 2 0.053252 0.069375 0.618279 0.027457 0.231637
2 2 0.209620 0.073312 0.577592 0.007221 0.132255
2 2 0.106149 0.031325 0.791864 0.026402 0.044260
2 2 0.235838 0.108821 0.398858 0.004961 0.251521
0 4 0.721620 0.045282 0.048193 0.000176 0.184729
0 4 0.753716 0.046079 0.090135 0.000751 0.109318
4 4 0.126562 0.046431 0.005373 0.000001 0.821633
4 4 0.150357 0.025274 0.005492 0.000002 0.818874
4 4 0.347638 0.057385 0.022033 0.000059 0.572885
0 4 0.850243 0.030837 0.013013 0.000019 0.105888
0 4 0.553871 0.060776 0.066187 0.001666 0.317501
0 4 0.880471 0.019039 0.003242 0.000000 0.097248
0 4 0.502141 0.030060 0.008593 0.000004 0.459201
4 4 0.210037 0.039214 0.008444 0.000005 0.742299
4 4 0.155993 0.035826 0.005327 0.000001 0.802852
4 4 0.090295 0.088160 0.107517 0.002385 0.711644
0 4 0.461792 0.057264 0.068896 0.002347 0.409702
4 4 0.418170 0.039501 0.025915 0.000135 0.516280
4 4 0.095711 0.065467 0.036423 0.000031 0.802368
4 4 0.124040 0.024896 0.006527 0.000002 0.844536
0 4 0.539739 0.042583 0.086978 0.006576 0.324123
4 4 0.196079 0.025003 0.041122 0.001477 0.736318
4 4 0.176093 0.042294 0.009176 0.000005 0.772432
0 4 0.832705 0.039532 0.019331 0.000048 0.108384
4 4 0.357398 0.036617 0.020282 0.000027 0.585675
4 4 0.195547 0.022694 0.018916 0.000061 0.762782
4 4 0.205262 0.019250 0.011819 0.000034 0.763634
4 4 0.045378 0.017411 0.012179 0.000126 0.924905
4 4 0.120816 0.022166 0.009264 0.000017 0.847737
4 4 0.309311 0.019283 0.009559 0.000013 0.661834
4 4 0.019897 0.003193 0.002180 0.000007 0.974723
0 4 0.514001 0.012639 0.036449 0.001480 0.435431
0 4 0.904992 0.012695 0.030591 0.000982 0.050741
2 4 0.068937 0.062908 0.771132 0.046590 0.050432
4 4 0.188740 0.088140 0.058695 0.000256 0.664169
4 4 0.288138 0.060070 0.017604 0.000028 0.634159
4 4 0.234474 0.099424 0.015327 0.000004 0.650771
4 4 0.189419 0.062718 0.004466 0.000000 0.743397
4 4 0.168151 0.034008 0.007120 0.000003 0.790717
0 4 0.725715 0.062397 0.015829 0.000004 0.196054
0 4 0.473768 0.076918 0.070543 0.000127 0.378643
0 4 0.585569 0.053834 0.224706 0.001400 0.134492
0 4 0.596704 0.044904 0.068837 0.000397 0.289158
0 4 0.536947 0.223254 0.050930 0.000134 0.188735
0 4 0.366110 0.265973 0.030049 0.000021 0.337847
4 4 0.240755 0.054940 0.013436 0.000001 0.690868
4 4 0.159657 0.070631 0.105131 0.000285 0.664296
4 4 0.085616 0.085667 0.092539 0.000040 0.736138
4 4 0.248986 0.080604 0.034342 0.000013 0.636054
0 4 0.841706 0.018703 0.019962 0.000016 0.119614
0 4 0.310561 0.092664 0.303145 0.001478 0.292151
0 4 0.646613 0.044588 0.205489 0.002380 0.100930
2 4 0.228935 0.053004 0.511006 0.006739 0.200315
2 4 0.058244 0.126305 0.664948 0.002902 0.147602
4 4 0.387989 0.077387 0.049713 0.000099 0.484812
0 4 0.681009 0.039600 0.008199 0.000003 0.271189
4 4 0.082330 0.004136 0.002993 0.000004 0.910538
0 4 0.480983 0.142666 0.044864 0.000135 0.331353
0 4 0.680631 0.066235 0.199653 0.000175 0.053305
4 4 0.162514 0.135004 0.314076 0.000846 0.387559
2 4 0.029009 0.144687 0.427002 0.004304 0.394998
2 4 0.093612 0.131526 0.486227 0.008015 0.280621
2 4 0.026609 0.029583 0.872098 0.049545 0.022165
2 4 0.011804 0.052577 0.824872 0.039906 0.070841
2 4 0.053936 0.231368 0.365923 0.000144 0.348628
2 4 0.085262 0.073041 0.550485 0.005073 0.286139
4 4 0.114483 0.151929 0.095786 0.000009 0.637793
4 4 0.057319 0.115204 0.400640 0.002032 0.424805
2 4 0.013994 0.076224 0.650657 0.105799 0.153326
2 4 0.003691 0.058711 0.778324 0.041907 0.117367
2 4 0.000619 0.007854 0.915261 0.059702 0.016564
2 4 0.000557 0.014239 0.931495 0.017088 0.036621
2 4 0.028494 0.048567 0.869485 0.007265 0.046189
2 4 0.351356 0.075735 0.497994 0.008563 0.066351
4 4 0.107373 0.100901 0.140819 0.000515 0.650392
0 4 0.397960 0.230376 0.095351 0.000964 0.275348
1 4 0.204435 0.338521 0.176976 0.000370 0.279697
0 4 0.794159 0.075282 0.037432 0.000168 0.092959
4 4 0.107031 0.232803 0.093853 0.000022 0.566291
4 4 0.406677 0.091320 0.022766 0.000026 0.479211
2 1 0.014178 0.083892 0.605358 0.001367 0.295205
4 1 0.023269 0.088649 0.332752 0.001800 0.553529
2 1 0.027911 0.068438 0.749903 0.022651 0.131097
2 1 0.007221 0.022619 0.521388 0.396665 0.052106
2 1 0.004329 0.015656 0.633123 0.314354 0.032537
2 1 0.014843 0.025621 0.604957 0.283436 0.071144
2 1 0.009177 0.025146 0.789675 0.095631 0.080371
2 2 0.031346 0.022949 0.768528 0.065345 0.111833
2 2 0.008335 0.014494 0.868180 0.082166 0.026824
2 2 0.008689 0.018611 0.915333 0.042228 0.015138
2 2 0.003246 0.016022 0.698178 0.253262 0.029291
2 2 0.006669 0.019491 0.859556 0.083821 0.030463
2 2 0.011493 0.015431 0.778181 0.157223 0.037672
2 2 0.007331 0.015523 0.856471 0.106176 0.014500
2 2 0.005844 0.023884 0.905112 0.032718 0.032443
2 2 0.005590 0.019443 0.887738 0.077388 0.009842
2 2 0.007102 0.008081 0.813277 0.167953 0.003587
2 2 0.004348 0.032254 0.671312 0.162528 0.129558
2 2 0.000671 0.027392 0.756183 0.108091 0.107664
2 2 0.003106 0.019517 0.767523 0.192399 0.017455
2 2 0.002582 0.011049 0.833586 0.142008 0.010775
2 2 0.010571 0.014636 0.866275 0.100821 0.007697
2 2 0.014652 0.009852 0.690237 0.235927 0.049332
2 2 0.001629 0.016582 0.920197 0.057350 0.004242
2 2 0.004082 0.016441 0.721300 0.245239 0.012938
2 2 0.011989 0.016758 0.580105 0.378525 0.012623
2 2 0.011772 0.037840 0.566174 0.326392 0.057822
2 2 0.016195 0.016775 0.517558 0.419481 0.029990
3 2 0.006330 0.007926 0.467627 0.511716 0.006401
2 2 0.108437 0.017338 0.617078 0.225296 0.031852
2 2 0.071277 0.040438 0.395137 0.263521 0.229627
2 3 0.011569 0.005233 0.755170 0.227343 0.000685
3 3 0.014984 0.012537 0.390676 0.576039 0.005763
3 3 0.021806 0.008257 0.370928 0.595992 0.003017
0 3 0.413399 0.018884 0.174493 0.367184 0.026040
3 3 0.037931 0.026197 0.339430 0.536179 0.060263
3 3 0.020454 0.006382 0.072433 0.883518 0.017212
3 3 0.138156 0.025663 0.239388 0.457814 0.138979
2 3 0.050344 0.014151 0.507502 0.400301 0.027702
3 3 0.031410 0.011010 0.456168 0.484955 0.016458
3 3 0.014340 0.009057 0.178697 0.777849 0.020058
3 3 0.096219 0.023080 0.195177 0.627833 0.057691
3 3 0.007648 0.003780 0.050449 0.898611 0.039513
3 3 0.137181 0.007876 0.118424 0.696517 0.040001
3 3 0.167123 0.009775 0.119258 0.694676 0.009168
3 3 0.009102 0.002533 0.100803 0.885743 0.001819
3 3 0.024644 0.006648 0.072776 0.886635 0.009297
3 3 0.012739 0.002108 0.035836 0.946397 0.002919
0 3 0.488599 0.002843 0.077716 0.419723 0.011119
3 3 0.230563 0.027531 0.197464 0.494532 0.049910
3 3 0.020397 0.004513 0.125873 0.847700 0.001517
3 3 0.056697 0.003625 0.062059 0.873515 0.004104
3 3 0.005960 0.001081 0.022312 0.968754 0.001894
3 3 0.004982 0.000269 0.009775 0.984791 0.000183
3 3 0.017586 0.002923 0.044701 0.931152 0.003639
3 3 0.005730 0.000708 0.016811 0.976138 0.000612
3 3 0.005833 0.001022 0.018676 0.974147 0.000322
3 3 0.095114 0.002456 0.051613 0.849791 0.001025
3 3 0.046566 0.004036 0.065966 0.875556 0.007876
3 3 0.035736 0.006962 0.078843 0.865302 0.013157
3 3 0.011106 0.000618 0.017240 0.970709 0.000326
3 3 0.031499 0.001648 0.038155 0.926241 0.002457
3 3 0.029157 0.003644 0.066024 0.856355 0.044822
3 3 0.225721 0.005053 0.092720 0.669447 0.007058
3 3 0.034270 0.000979 0.035546 0.916981 0.012225
3 3 0.005780 0.001069 0.021716 0.969875 0.001560
3 3 0.040670 0.002761 0.064369 0.891504 0.000696
2 3 0.286210 0.221126 0.376999 0.047038 0.068627
2 3 0.014647 0.080933 0.818047 0.018538 0.067835
2 3 0.029767 0.066430 0.640443 0.057281 0.206080
2 3 0.034026 0.022173 0.528306 0.396440 0.019054
2 3 0.129333 0.058432 0.510096 0.186150 0.115989
2 3 0.016984 0.047119 0.831579 0.053556 0.050763
2 3 0.037283 0.046649 0.667056 0.075566 0.173446
2 3 0.034981 0.026557 0.733850 0.137930 0.066682
3 3 0.001779 0.015943 0.453503 0.513683 0.015092
2 3 0.001462 0.014947 0.767834 0.208997 0.006760
2 2 0.004993 0.032530 0.791844 0.148769 0.021865
2 2 0.003759 0.042045 0.879254 0.056633 0.018309
2 2 0.011562 0.036904 0.709289 0.184169 0.058077
2 2 0.058141 0.162870 0.441214 0.002708 0.335066
2 2 0.190803 0.101044 0.443535 0.065324 0.199293
3 2 0.057889 0.035578 0.332772 0.527601 0.046160
2 2 0.011490 0.025949 0.698126 0.241279 0.023156
2 2 0.008581 0.043038 0.711190 0.078172 0.159018
2 2 0.004822 0.016787 0.854978 0.113618 0.009795
2 2 0.009340 0.024330 0.859037 0.070220 0.037073
2 2 0.010463 0.025715 0.478592 0.445907 0.039323
3 2 0.009367 0.021563 0.441911 0.450505 0.076654
2 2 0.011619 0.020110 0.745855 0.180346 0.042069
2 2 0.018801 0.028153 0.748852 0.156760 0.047435
2 2 0.000570 0.016784 0.557856 0.389111 0.035678
2 2 0.002800 0.032473 0.899841 0.049631 0.015255
2 2 0.010255 0.021378 0.703986 0.219410 0.044971
2 2 0.006343 0.032581 0.646396 0.302623 0.012057
2 2 0.015787 0.011007 0.533988 0.431382 0.007836
2 2 0.047378 0.059529 0.424963 0.208174 0.259956
2 2 0.024741 0.045268 0.792070 0.092182 0.045740
2 2 0.023101 0.012673 0.545839 0.411306 0.007081
2 2 0.068191 0.064382 0.530437 0.124442 0.212549
3 2 0.017449 0.035216 0.374626 0.544150 0.028559
2 2 0.006812 0.037658 0.830336 0.086739 0.038455
2 2 0.009427 0.022024 0.845202 0.111835 0.011512
2 2 0.002297 0.024874 0.697427 0.255446 0.019955
3 2 0.010384 0.009570 0.220132 0.750742 0.009171
2 2 0.005035 0.021481 0.781413 0.177999 0.014071
3 2 0.017373 0.015419 0.444269 0.493972 0.028967
3 2 0.012257 0.023719 0.259824 0.608063 0.096137
2 2 0.038524 0.068221 0.500488 0.108036 0.284731
2 2 0.001075 0.008343 0.962751 0.025604 0.002227
2 2 0.033683 0.050627 0.844109 0.057677 0.013903
2 2 0.027938 0.076046 0.772486 0.089101 0.034429
2 2 0.003384 0.016286 0.755824 0.196185 0.028321
2 2 0.004552 0.009049 0.780456 0.192718 0.013225
3 2 0.245195 0.016321 0.238370 0.460637 0.039476
2 2 0.014812 0.021869 0.802925 0.145645 0.014749
3 2 0.015283 0.008503 0.137486 0.832164 0.006564
2 2 0.030058 0.047405 0.690913 0.152038 0.079586
2 2 0.004174 0.018150 0.891362 0.043006 0.043308
2 2 0.059687 0.034162 0.523795 0.345957 0.036399
2 2 0.012198 0.013531 0.902528 0.062955 0.008788
2 2 0.019695 0.024042 0.752929 0.166253 0.037081
2 2 0.004399 0.007562 0.652561 0.333532 0.001946
2 2 0.009337 0.021505 0.723300 0.216499 0.029359
2 2 0.042936 0.031996 0.775465 0.108933 0.040670
2 2 0.006158 0.011889 0.898707 0.072657 0.010588
2 2 0.001035 0.022833 0.944595 0.015321 0.016216
2 2 0.013321 0.035552 0.895604 0.017702 0.037821
4 2 0.270802 0.201065 0.135139 0.000095 0.392899
4 4 0.132973 0.112252 0.042202 0.000038 0.712536
4 4 0.030861 0.057413 0.414190 0.006442 0.491094
4 4 0.272743 0.054625 0.021430 0.000054 0.651148
0 4 0.488598 0.020709 0.009338 0.000009 0.481347
0 4 0.746891 0.036053 0.027892 0.000199 0.188965
4 4 0.159699 0.145799 0.031719 0.000005 0.662778
4 4 0.364672 0.053880 0.018993 0.000035 0.562421
4 4 0.212240 0.026922 0.006857 0.000004 0.753978
4 4 0.051111 0.005119 0.002512 0.000003 0.941256
4 4 0.169092 0.024638 0.004642 0.000001 0.801627
0 4 0.669057 0.042879 0.016998 0.000024 0.271042
0 4 0.641089 0.017538 0.012340 0.000027 0.329007
4 4 0.076592 0.005010 0.010430 0.000045 0.907923
4 4 0.104450 0.008782 0.000661 0.000000 0.886107
4 4 0.150761 0.023672 0.002755 0.000000 0.822812
4 4 0.069133 0.014191 0.003751 0.000002 0.912923
0 4 0.523755 0.017177 0.020475 0.000132 0.438462
4 4 0.140102 0.026708 0.003777 0.000001 0.829413
4 4 0.294353 0.019594 0.009097 0.000010 0.676945
4 4 0.052517 0.055421 0.090888 0.001842 0.799332
4 4 0.196789 0.017991 0.039080 0.001973 0.744168
4 4 0.056602 0.014261 0.006203 0.000013 0.922922
0 4 0.758962 0.038678 0.099194 0.000389 0.102778
4 4 0.212450 0.025795 0.022186 0.000205 0.739364
4 4 0.338877 0.049761 0.007519 0.000002 0.603841
0 4 0.829460 0.036796 0.045570 0.000149 0.088024
0 4 0.737067 0.104477 0.027376 0.000045 0.131035
4 4 0.296016 0.049165 0.009084 0.000003 0.645731
4 4 0.176506 0.112921 0.067057 0.000010 0.643506
4 4 0.238117 0.099434 0.262740 0.000436 0.399273
0 4 0.375668 0.093230 0.239572 0.000917 0.290614
4 4 0.272796 0.176676 0.166544 0.000114 0.383869
2 4 0.097466 0.057634 0.539395 0.004351 0.301153
2 4 0.330661 0.072155 0.414107 0.001995 0.181082
2 4 0.221709 0.125857 0.352911 0.000701 0.298822
4 4 0.015258 0.077966 0.411323 0.005545 0.489908
2 4 0.137095 0.093503 0.465410 0.014279 0.289714
2 4 0.088151 0.066326 0.463103 0.002799 0.379621
2 4 0.091064 0.117992 0.521284 0.003002 0.266659
0 4 0.597055 0.045661 0.022401 0.000052 0.334831
0 4 0.524937 0.062653 0.204864 0.001777 0.205770
2 4 0.067274 0.037090 0.805361 0.023644 0.066630
0 4 0.517479 0.077721 0.268702 0.000453 0.135645
0 4 0.652462 0.177927 0.069502 0.000525 0.099583
0 1 0.907574 0.053785 0.009191 0.000005 0.029444
0 1 0.892181 0.047432 0.019040 0.000033 0.041314
4 1 0.269779 0.083684 0.250269 0.000115 0.396153
0 1 0.343061 0.066223 0.258047 0.001001 0.331668
0 1 0.443970 0.065464 0.380983 0.005088 0.104495
4 1 0.011535 0.087388 0.342700 0.004954 0.553423
2 2 0.003228 0.092053 0.553974 0.002112 0.348633
4 2 0.039186 0.081861 0.362903 0.017346 0.498703
2 2 0.067560 0.101280 0.502442 0.004150 0.324569
2 2 0.046517 0.062280 0.710528 0.009316 0.171358
2 2 0.152080 0.218128 0.344016 0.001405 0.284371
0 2 0.347955 0.310469 0.085874 0.000525 0.255177
4 2 0.141916 0.169250 0.209459 0.000172 0.479203
0 2 0.713839 0.081101 0.067409 0.000105 0.137546
0 2 0.512695 0.038124 0.388205 0.001303 0.059673
0 2 0.648690 0.081471 0.185101 0.000297 0.084442
4 2 0.086782 0.090519 0.262246 0.000315 0.560138
2 2 0.079776 0.086558 0.658092 0.006270 0.169304
0 2 0.775661 0.049925 0.026712 0.000024 0.147677
0 2 0.816672 0.051099 0.024303 0.000076 0.107850
0 2 0.618232 0.059546 0.126955 0.000407 0.194860
2 2 0.160332 0.039436 0.710887 0.053560 0.035786
0 2 0.575159 0.146699 0.073849 0.000118 0.204175
0 2 0.556410 0.061496 0.199783 0.000663 0.181648
2 2 0.015858 0.041922 0.809570 0.007213 0.125438
2 2 0.020462 0.047153 0.718207 0.019367 0.194811
2 2 0.006308 0.019740 0.848022 0.066891 0.059039
2 2 0.003676 0.024021 0.827761 0.057638 0.086904
2 2 0.010066 0.050611 0.797291 0.005407 0.136624
2 2 0.005281 0.021597 0.777797 0.026845 0.168479
2 2 0.009755 0.029427 0.771718 0.051978 0.137121
2 2 0.002766 0.028470 0.875574 0.030372 0.062819
2 2 0.009081 0.029125 0.777557 0.098693 0.085544
2 2 0.019091 0.022835 0.719600 0.179513 0.058961
2 2 0.053931 0.158890 0.573822 0.005258 0.208099
4 2 0.220249 0.185733 0.029940 0.000014 0.564065
2 2 0.043084 0.089899 0.706533 0.009909 0.150576
2 2 0.012794 0.016083 0.859976 0.076154 0.034992
2 2 0.032590 0.019384 0.915582 0.022442 0.010002
0 2 0.381142 0.114978 0.336730 0.000284 0.166866
2 2 0.209743 0.129881 0.401453 0.000410 0.258513
2 2 0.336894 0.107300 0.500911 0.005559 0.049336
2 2 0.022360 0.045112 0.825077 0.081244 0.026207
2 2 0.024533 0.048052 0.741253 0.119830 0.066333
2 2 0.297128 0.119770 0.487986 0.000624 0.094492
4 2 0.218229 0.265727 0.184379 0.000123 0.331543
2 2 0.133206 0.104105 0.532448 0.001171 0.229070
0 2 0.857332 0.071909 0.012537 0.000007 0.058215
2 2 0.422962 0.076092 0.461859 0.001353 0.037734
2 2 0.007378 0.017235 0.723345 0.202976 0.049065
2 2 0.009478 0.035783 0.752671 0.146205 0.055862
0 2 0.773764 0.057860 0.110689 0.001440 0.056247
2 2 0.202423 0.103708 0.360416 0.030355 0.303098
4 2 0.112357 0.152982 0.177820 0.000497 0.556344
2 2 0.008945 0.143172 0.723607 0.002404 0.121872
2 2 0.009933 0.027468 0.887255 0.039330 0.036014
2 2 0.006994 0.032552 0.840949 0.052766 0.066739
2 2 0.008889 0.023776 0.779578 0.082972 0.104784
2 2 0.003026 0.008393 0.519013 0.461179 0.008388
2 2 0.001094 0.023138 0.899458 0.040738 0.035572
2 2 0.001244 0.012358 0.877912 0.100438 0.008048
2 2 0.027224 0.030333 0.820114 0.095759 0.026570
2 2 0.006166 0.014737 0.551899 0.403520 0.023678
2 2 0.020599 0.036491 0.824723 0.064120 0.054067
2 2 0.012632 0.016971 0.757465 0.207366 0.005566
2 2 0.006016 0.016122 0.859857 0.110534 0.007471
2 2 0.004792 0.015142 0.892310 0.061186 0.026569
2 2 0.004070 0.011558 0.810974 0.146948 0.026450
2 2 0.008387 0.011007 0.788633 0.180876 0.011098
2 3 0.006920 0.010185 0.935552 0.039935 0.007409
2 3 0.003548 0.026264 0.908625 0.029564 0.031998
3 3 0.004546 0.006603 0.341452 0.643478 0.003920
3 3 0.001894 0.006211 0.386485 0.600334 0.005077
2 3 0.004992 0.021681 0.869681 0.085782 0.017864
2 3 0.006051 0.018427 0.554951 0.407135 0.013436
2 3 0.005557 0.019314 0.712200 0.209469 0.053460
2 3 0.022935 0.021822 0.678417 0.238893 0.037934
2 3 0.002536 0.008555 0.877640 0.108817 0.002453
2 3 0.002245 0.015733 0.804229 0.170950 0.006844
2 3 0.002512 0.014971 0.840975 0.094279 0.047263
2 3 0.041517 0.033233 0.768919 0.106914 0.049417
0 3 0.635503 0.057706 0.145723 0.007745 0.153324
0 3 0.705820 0.091513 0.019995 0.000018 0.182654
0 2 0.763452 0.134961 0.050784 0.000318 0.050485
4 2 0.268034 0.198019 0.014157 0.000003 0.519787
0 2 0.794825 0.044384 0.024368 0.000083 0.136341
2 2 0.242026 0.151797 0.323612 0.006577 0.275988
2 2 0.052071 0.096395 0.705442 0.017879 0.128213
2 2 0.054933 0.063103 0.754833 0.019860 0.107272
4 2 0.117086 0.138938 0.124674 0.000228 0.619075
2 2 0.014753 0.113724 0.673541 0.000154 0.197828
2 2 0.005839 0.094773 0.705833 0.012748 0.180807
2 2 0.011081 0.015911 0.707659 0.169725 0.095625
2 2 0.031909 0.030519 0.891640 0.034254 0.011678
0 2 0.779000 0.114854 0.018626 0.000013 0.087507
0 2 0.398346 0.211250 0.119861 0.000146 0.270396
2 2 0.018293 0.054717 0.809585 0.029302 0.088103
2 2 0.006618 0.069443 0.727779 0.014239 0.181921
2 2 0.005278 0.022394 0.913633 0.038967 0.019728
2 2 0.002871 0.012828 0.923266 0.038338 0.022696
2 2 0.002638 0.016888 0.764412 0.190107 0.025955
2 2 0.009199 0.025851 0.845088 0.062565 0.057297
2 2 0.006189 0.037149 0.584109 0.017511 0.355043
0 4 0.485094 0.039628 0.070070 0.001163 0.404045
4 4 0.080462 0.020474 0.003261 0.000001 0.895802
4 4 0.269106 0.048099 0.021912 0.000078 0.660804
0 4 0.644589 0.085055 0.008010 0.000001 0.262346
0 4 0.784424 0.041165 0.009508 0.000004 0.164899
0 4 0.638144 0.030262 0.033372 0.000336 0.297886
0 4 0.727071 0.028991 0.015206 0.000028 0.228703
4 4 0.360823 0.033910 0.013939 0.000027 0.591301
4 4 0.165230 0.010019 0.011366 0.000074 0.813312
4 4 0.145984 0.020305 0.008265 0.000010 0.825437
4 4 0.111319 0.038267 0.026161 0.000010 0.824243
4 4 0.081621 0.011654 0.006636 0.000016 0.900072
4 4 0.148087 0.021685 0.005152 0.000002 0.825075
4 4 0.343023 0.008418 0.007194 0.000012 0.641352
0 4 0.499644 0.023888 0.003438 0.000000 0.473030
4 4 0.157191 0.033089 0.005958 0.000003 0.803760
0 4 0.684005 0.027155 0.012946 0.000021 0.275873
4 4 0.137376 0.052597 0.017006 0.000009 0.793012
0 4 0.435977 0.114013 0.031066 0.000013 0.418930
0 4 0.590458 0.072783 0.027690 0.000063 0.309005
0 4 0.666252 0.029498 0.015841 0.000034 0.288375
4 4 0.208481 0.051795 0.052383 0.001413 0.685928
4 4 0.336516 0.047871 0.021527 0.000066 0.594020
0 4 0.745654 0.019639 0.010531 0.000014 0.224162
4 4 0.124976 0.046090 0.030022 0.000398 0.798514
4 4 0.455776 0.020374 0.004926 0.000001 0.518923
4 4 0.362487 0.009006 0.012968 0.000094 0.615445
4 4 0.202986 0.022663 0.009781 0.000015 0.764556
0 4 0.805212 0.033919 0.016550 0.000033 0.144285
4 4 0.377286 0.036612 0.047658 0.001293 0.537152
4 4 0.325357 0.008680 0.003586 0.000001 0.662376
4 4 0.153131 0.021874 0.008129 0.000003 0.816863
4 4 0.301167 0.039319 0.032961 0.000295 0.626258
4 4 0.070650 0.022271 0.028620 0.001158 0.877301
0 4 0.627188 0.120440 0.020348 0.000013 0.232011
0 4 0.473110 0.069329 0.010651 0.000002 0.446907
4 4 0.445151 0.022199 0.010340 0.000011 0.522298
0 4 0.534509 0.030574 0.010370 0.000008 0.424540
4 4 0.246576 0.026375 0.006286 0.000002 0.720761
4 4 0.208956 0.206263 0.020920 0.000002 0.563859
4 4 0.150035 0.130174 0.165557 0.000344 0.553890
0 4 0.733509 0.021552 0.014993 0.000037 0.229909
0 4 0.721730 0.089231 0.040253 0.000042 0.148743
0 4 0.522982 0.104532 0.118739 0.000283 0.253464
0 4 0.585732 0.062431 0.024767 0.000060 0.327010
0 4 0.800524 0.027438 0.010488 0.000010 0.161540
0 4 0.534485 0.062552 0.128774 0.000893 0.273297
2 4 0.116837 0.034490 0.703932 0.019050 0.125691
2 4 0.069953 0.039095 0.838770 0.009398 0.042784
2 4 0.039980 0.039075 0.590639 0.155319 0.174986
2 4 0.008905 0.047533 0.635691 0.002790 0.305081
2 4 0.001852 0.025662 0.901783 0.009049 0.061654
2 2 0.008228 0.026515 0.792231 0.068900 0.104126
2 2 0.003103 0.013872 0.746172 0.166757 0.070095
2 2 0.055550 0.034780 0.778502 0.027181 0.103986
2 2 0.086947 0.100619 0.501991 0.010211 0.300232
2 2 0.030482 0.025598 0.749905 0.148724 0.045291
2 2 0.014396 0.038463 0.726959 0.068593 0.151589
2 2 0.003190 0.036070 0.777223 0.055391 0.128127
2 2 0.030962 0.014171 0.870711 0.056799 0.027357
2 2 0.007223 0.013906 0.819614 0.089260 0.069997
2 2 0.002439 0.006721 0.753082 0.218871 0.018887
2 2 0.006432 0.020952 0.822064 0.132132 0.018419
2 2 0.012633 0.034293 0.870639 0.007559 0.074876
2 2 0.000455 0.009379 0.806560 0.167774 0.015832
2 2 0.000509 0.026009 0.698721 0.178075 0.096686
2 2 0.080817 0.058230 0.567060 0.027819 0.266074
2 2 0.042653 0.042338 0.672558 0.124065 0.118386
2 2 0.003670 0.017672 0.897176 0.046468 0.035014
2 2 0.001376 0.013684 0.777563 0.145032 0.062345
2 2 0.002363 0.013464 0.689514 0.245216 0.049444
2 2 0.009140 0.016776 0.763845 0.164657 0.045582
2 2 0.014778 0.014154 0.812851 0.150860 0.007358
2 2 0.005772 0.022543 0.932719 0.004285 0.034682
2 2 0.001162 0.015488 0.907427 0.059806 0.016117
2 2 0.002088 0.020289 0.698050 0.240805 0.038768
2 2 0.001261 0.010038 0.794750 0.181289 0.012662
2 2 0.001916 0.017096 0.812633 0.125549 0.042806
2 2 0.005820 0.018376 0.610304 0.332450 0.033050
2 3 0.069774 0.083699 0.760138 0.073528 0.012862
1 3 0.362192 0.454196 0.056458 0.000114 0.127041
4 3 0.046985 0.251938 0.342332 0.000206 0.358539
2 3 0.006797 0.020365 0.772458 0.184864 0.015516
2 3 0.011007 0.015191 0.742760 0.218253 0.012789
2 3 0.008297 0.052045 0.619982 0.039816 0.279859
2 3 0.003083 0.011077 0.975543 0.007591 0.002706
2 3 0.004211 0.010904 0.856273 0.125799 0.002813
2 3 0.000480 0.024376 0.932283 0.020388 0.022473
2 3 0.008980 0.017082 0.669517 0.221688 0.082733
2 3 0.000776 0.007481 0.938318 0.051210 0.002217
2 3 0.020548 0.017815 0.657517 0.256253 0.047867
2 3 0.006805 0.013451 0.750186 0.205199 0.024359
2 3 0.005702 0.009556 0.823992 0.157147 0.003602
2 3 0.001352 0.015002 0.880044 0.096759 0.006843
2 3 0.006880 0.012084 0.581799 0.380984 0.018255
3 3 0.008105 0.007019 0.454263 0.528620 0.001993
2 3 0.010285 0.022571 0.648628 0.302890 0.015625
3 3 0.013147 0.017429 0.465560 0.493032 0.010832
2 3 0.027635 0.023222 0.587129 0.323819 0.038195
2 3 0.006670 0.021785 0.672976 0.251443 0.047125
3 3 0.037195 0.026474 0.398877 0.498127 0.039328
2 3 0.007758 0.031487 0.817685 0.097665 0.045405
2 3 0.001381 0.013512 0.721556 0.234887 0.028665
2 3 0.020512 0.043708 0.634654 0.155283 0.145844
2 3 0.014813 0.056884 0.904051 0.003530 0.020722
2 3 0.008466 0.097129 0.808246 0.013329 0.072830
2 3 0.002290 0.033020 0.762574 0.165146 0.036970
2 2 0.026320 0.088899 0.535013 0.081779 0.267988
0 2 0.831598 0.037453 0.070850 0.001014 0.059086
0 0 0.856804 0.068306 0.010751 0.000005 0.064134
0 0 0.687722 0.022714 0.014391 0.000030 0.275142
0 0 0.685551 0.036486 0.023312 0.000079 0.254572
0 1 0.829935 0.064262 0.054424 0.000128 0.051250
0 1 0.624458 0.122456 0.073311 0.000110 0.179666
2 1 0.200390 0.337640 0.375966 0.001156 0.084848
2 1 0.171661 0.146374 0.400765 0.003537 0.277663
2 1 0.009998 0.056470 0.636940 0.018110 0.278482
4 1 0.385664 0.070257 0.144859 0.007373 0.391847
3 2 0.005268 0.016798 0.387758 0.577120 0.013055
