4 0 0.311476 0.035635 0.003933 0.000520 0.648436
0 0 0.865324 0.050292 0.005942 0.000630 0.077812
0 0 0.965504 0.024647 0.001133 0.000021 0.008695
0 0 0.804321 0.030121 0.002422 0.000293 0.162843
0 0 0.670366 0.049789 0.006568 0.001157 0.272119
4 0 0.477852 0.039301 0.004038 0.000534 0.478275
0 0 0.403374 0.167573 0.027047 0.001011 0.400995
4 0 0.394467 0.129910 0.023137 0.001536 0.450950
4 0 0.287677 0.022275 0.002396 0.000538 0.687113
0 0 0.427651 0.339559 0.074781 0.001472 0.156536
4 0 0.413164 0.097182 0.015226 0.001225 0.473204
4 0 0.252536 0.013217 0.001946 0.000709 0.731591
4 0 0.097621 0.013221 0.001836 0.000467 0.886855
1 0 0.343071 0.433883 0.108844 0.001429 0.112773
4 0 0.346384 0.144614 0.038888 0.004675 0.465438
1 0 0.196960 0.555435 0.158353 0.001037 0.088216
1 0 0.214170 0.470314 0.147302 0.002052 0.166162
1 0 0.127228 0.532572 0.227458 0.002622 0.110120
1 0 0.216290 0.496191 0.140321 0.001410 0.145788
1 0 0.184210 0.514267 0.176473 0.002018 0.123032
0 0 0.692752 0.082478 0.011866 0.001177 0.211727
0 0 0.798749 0.048152 0.005363 0.000642 0.147094
4 0 0.224006 0.112997 0.020138 0.001092 0.641767
1 0 0.157871 0.449173 0.116770 0.001084 0.275103
1 0 0.193344 0.488867 0.177201 0.002664 0.137924
1 0 0.174564 0.513084 0.191430 0.002442 0.118480
1 1 0.154052 0.551689 0.160051 0.001027 0.133181
4 1 0.249106 0.305266 0.114587 0.006303 0.324738
1 1 0.145311 0.470774 0.133040 0.001224 0.249651
1 1 0.094502 0.554973 0.236568 0.001952 0.112005
1 1 0.106703 0.488779 0.224146 0.003449 0.176923
1 1 0.149045 0.531818 0.166838 0.001347 0.150951
1 1 0.099620 0.556042 0.177044 0.000986 0.166308
1 1 0.152338 0.546265 0.182926 0.001500 0.116970
1 1 0.104850 0.615575 0.184685 0.000661 0.094230
1 1 0.097131 0.565680 0.258355 0.002108 0.076726
1 1 0.080188 0.567201 0.275182 0.002097 0.075331
1 1 0.113766 0.556633 0.247545 0.002306 0.079751
1 1 0.075622 0.501115 0.337120 0.005788 0.080355
1 1 0.074453 0.512637 0.187147 0.001322 0.224441
1 1 0.107359 0.570787 0.216443 0.001479 0.103933
1 1 0.028218 0.489481 0.347181 0.003298 0.131822
1 1 0.084904 0.553530 0.279689 0.002582 0.079294
1 1 0.093883 0.526121 0.190817 0.001487 0.187693
1 2 0.184204 0.467543 0.228236 0.005953 0.114063
1 2 0.086404 0.498002 0.304278 0.005481 0.105834
1 2 0.198310 0.445578 0.228763 0.007726 0.119623
1 2 0.157836 0.486553 0.215106 0.004027 0.136478
1 2 0.156259 0.508583 0.202324 0.002788 0.130046
1 2 0.099329 0.517138 0.279444 0.004140 0.099949
1 2 0.077714 0.452576 0.314341 0.008669 0.146701
1 2 0.181547 0.457143 0.186604 0.004032 0.170674
1 2 0.086299 0.493208 0.204212 0.002222 0.214059
2 2 0.037370 0.365370 0.432804 0.023562 0.140894
2 2 0.042847 0.355190 0.425777 0.028625 0.147560
2 2 0.048881 0.212240 0.612269 0.036657 0.089954
2 2 0.031447 0.326584 0.469348 0.026346 0.146274
2 2 0.015820 0.083620 0.762836 0.071321 0.066404
1 2 0.045027 0.365657 0.251479 0.007519 0.330318
2 2 0.036958 0.123248 0.630872 0.101474 0.107448
2 2 0.014272 0.037728 0.855791 0.066431 0.025779
2 2 0.006215 0.165685 0.689987 0.017990 0.120122
2 2 0.009297 0.024070 0.765404 0.179799 0.021431
2 2 0.017329 0.049478 0.601579 0.277694 0.053920
2 2 0.013149 0.095365 0.674071 0.123836 0.093580
2 2 0.010046 0.087352 0.756070 0.072386 0.074146
2 2 0.027256 0.065980 0.622372 0.218161 0.066230
2 2 0.017265 0.125833 0.570300 0.150094 0.136507
3 2 0.014754 0.019104 0.280385 0.657514 0.028243
3 2 0.055643 0.079936 0.309835 0.445286 0.109300
2 2 0.011295 0.043982 0.758381 0.146603 0.039739
2 2 0.021204 0.043564 0.674911 0.218754 0.041568
3 2 0.032699 0.040357 0.202158 0.658770 0.066016
2 2 0.030093 0.125304 0.404280 0.277674 0.162648
2 3 0.012607 0.041474 0.531648 0.363648 0.050624
3 3 0.004979 0.006911 0.263936 0.713737 0.010437
2 3 0.015621 0.114783 0.593625 0.152466 0.123505
3 3 0.005710 0.007936 0.110251 0.860132 0.015970
3 3 0.024014 0.078770 0.357657 0.426494 0.113064
3 3 0.011369 0.015065 0.191036 0.756998 0.025531
3 3 0.013005 0.016988 0.272270 0.672324 0.025413
3 3 0.021275 0.026506 0.433275 0.486542 0.032402
3 3 0.007223 0.009638 0.450130 0.521330 0.011679
3 3 0.010235 0.013637 0.209511 0.744213 0.022404
3 3 0.007823 0.010653 0.124401 0.836427 0.020696
3 3 0.014251 0.018488 0.284402 0.655665 0.027194
3 3 0.027876 0.050890 0.256696 0.584744 0.079795
3 3 0.008663 0.011452 0.429652 0.536038 0.014194
3 3 0.025944 0.032471 0.232464 0.658171 0.050951
2 3 0.013880 0.017685 0.488013 0.459922 0.020500
3 3 0.008996 0.012126 0.153957 0.802878 0.022044
3 3 0.010357 0.013721 0.278689 0.676870 0.020363
3 3 0.015460 0.032693 0.235853 0.661514 0.054480
3 3 0.013878 0.029085 0.437452 0.481859 0.037726
3 3 0.021705 0.038111 0.415517 0.475436 0.049230
3 3 0.010526 0.013942 0.267091 0.687421 0.021020
3 3 0.013141 0.042175 0.303156 0.574507 0.067021
3 3 0.013816 0.034630 0.382579 0.520267 0.048708
3 3 0.005170 0.007224 0.124890 0.848731 0.013985
3 3 0.013760 0.017968 0.227520 0.712085 0.028667
3 3 0.009966 0.013311 0.197246 0.757157 0.022320
3 3 0.007638 0.010410 0.139891 0.822564 0.019497
3 3 0.003211 0.004627 0.087801 0.894440 0.009921
4 3 0.106487 0.091322 0.122413 0.102914 0.576863
4 3 0.006413 0.246947 0.272209 0.006656 0.467775
4 2 0.028345 0.147554 0.144095 0.016950 0.663056
4 0 0.077744 0.176059 0.134788 0.028552 0.582857
4 0 0.023388 0.028728 0.008219 0.000653 0.939012
4 0 0.074145 0.041745 0.014755 0.003476 0.865880
4 0 0.097301 0.058305 0.018617 0.004125 0.821653
4 0 0.053300 0.028025 0.005220 0.000605 0.912850
4 0 0.042648 0.028074 0.005179 0.000478 0.923621
4 0 0.037571 0.028888 0.005402 0.000438 0.927701
4 1 0.036395 0.149369 0.056708 0.001914 0.755614
4 1 0.010319 0.231655 0.158073 0.002717 0.597236
4 1 0.022600 0.059161 0.017627 0.000864 0.899748
4 0 0.275797 0.041110 0.006052 0.001081 0.675959
4 0 0.080055 0.032197 0.007697 0.001562 0.878489
4 0 0.135257 0.032372 0.005371 0.000937 0.826063
4 0 0.074733 0.015117 0.001850 0.000286 0.908014
4 0 0.044571 0.011067 0.001119 0.000111 0.943132
4 0 0.060099 0.016888 0.002275 0.000302 0.920436
4 0 0.188894 0.034556 0.004014 0.000410 0.772127
4 0 0.370769 0.044762 0.005064 0.000582 0.578822
0 0 0.496622 0.037609 0.002510 0.000148 0.463111
4 0 0.067229 0.017049 0.002326 0.000347 0.913049
4 0 0.433810 0.039599 0.002975 0.000193 0.523423
0 0 0.721953 0.056061 0.004724 0.000275 0.216987
4 0 0.051504 0.013005 0.001469 0.000168 0.933855
4 0 0.088371 0.014201 0.001442 0.000192 0.895794
4 0 0.114809 0.016266 0.001477 0.000165 0.867282
4 0 0.109130 0.027176 0.003639 0.000429 0.859626
4 0 0.153234 0.094602 0.016032 0.000735 0.735397
4 0 0.148912 0.080508 0.011137 0.000412 0.759032
4 1 0.018719 0.381487 0.137866 0.000515 0.461413
4 1 0.012931 0.307032 0.168398 0.001464 0.510175
4 1 0.013389 0.395992 0.191185 0.000847 0.398587
1 1 0.034560 0.442653 0.259787 0.003055 0.259945
1 2 0.017251 0.365894 0.321032 0.006055 0.289768
4 2 0.018390 0.362937 0.156266 0.000882 0.461525
1 2 0.024993 0.407356 0.181518 0.001168 0.384965
4 2 0.040430 0.278351 0.134287 0.003092 0.543840
4 2 0.024213 0.298486 0.241663 0.008213 0.427426
1 2 0.013654 0.410472 0.361371 0.004134 0.210369
1 2 0.045523 0.365982 0.279417 0.010043 0.299034
1 2 0.038966 0.384167 0.265394 0.006326 0.305148
4 2 0.066829 0.335924 0.198186 0.007546 0.391516
1 2 0.034408 0.362901 0.306400 0.010326 0.285966
1 2 0.095671 0.360824 0.181600 0.006112 0.355793
4 2 0.073797 0.358746 0.184660 0.005256 0.377541
1 2 0.046442 0.333570 0.314216 0.019760 0.286011
2 2 0.032046 0.316427 0.450691 0.017578 0.183257
2 2 0.008722 0.161739 0.701693 0.011637 0.116210
4 2 0.041462 0.314524 0.294113 0.018803 0.331098
2 2 0.018627 0.201826 0.568061 0.034407 0.177079
2 2 0.025766 0.327731 0.430673 0.026660 0.189169
4 2 0.042880 0.305918 0.207253 0.008172 0.435777
2 2 0.016292 0.119804 0.752371 0.033101 0.078432
1 2 0.025511 0.340999 0.287126 0.008438 0.337926
2 2 0.018584 0.306427 0.360358 0.017139 0.297492
2 2 0.020430 0.278905 0.399381 0.033912 0.267372
2 2 0.012864 0.291448 0.437418 0.015977 0.242294
3 2 0.030046 0.079997 0.332486 0.442157 0.115315
4 2 0.011363 0.244240 0.272231 0.011807 0.460359
2 2 0.003316 0.266635 0.496697 0.012740 0.220612
2 2 0.007679 0.357157 0.450175 0.007055 0.177934
2 2 0.006953 0.339623 0.499067 0.007482 0.146874
2 2 0.009061 0.307759 0.386793 0.009676 0.286711
2 2 0.010315 0.305729 0.464698 0.018367 0.200890
1 2 0.023739 0.342401 0.323142 0.010634 0.300084
4 2 0.019781 0.287615 0.289411 0.012883 0.390310
2 2 0.015929 0.290887 0.470987 0.024525 0.197672
2 2 0.014072 0.240280 0.495870 0.038455 0.211322
2 2 0.009453 0.260619 0.459426 0.030285 0.240217
2 2 0.052013 0.232273 0.445268 0.083473 0.186973
2 2 0.029634 0.315436 0.425909 0.033942 0.195079
2 2 0.004894 0.265177 0.484033 0.017582 0.228314
4 0 0.048957 0.138180 0.082065 0.010056 0.720742
4 0 0.025619 0.251793 0.147450 0.003840 0.571298
2 1 0.004580 0.292017 0.390068 0.006916 0.306419
2 1 0.027805 0.300255 0.381512 0.030341 0.260087
2 2 0.035450 0.334707 0.431856 0.032090 0.165897
2 2 0.034288 0.372244 0.416792 0.019006 0.157669
2 2 0.040203 0.389223 0.390465 0.015803 0.164307
1 2 0.110142 0.459047 0.277384 0.007812 0.145616
2 2 0.075895 0.309746 0.370915 0.056640 0.186805
2 2 0.040136 0.327066 0.350536 0.024657 0.257605
1 2 0.042706 0.386601 0.333190 0.011983 0.225520
2 2 0.055721 0.248542 0.456903 0.069915 0.168920
2 0 0.022718 0.084993 0.571513 0.227302 0.093473
4 0 0.089704 0.196724 0.096897 0.008293 0.608382
4 1 0.004264 0.243167 0.254015 0.003945 0.494609
2 1 0.004265 0.297787 0.375825 0.005469 0.316654
4 2 0.017862 0.102511 0.045310 0.001846 0.832472
1 2 0.011382 0.358767 0.276170 0.002977 0.350705
2 2 0.021140 0.396115 0.453479 0.011193 0.118072
1 2 0.016846 0.511165 0.367214 0.001874 0.102902
1 2 0.018424 0.442994 0.366453 0.004032 0.168097
2 2 0.014838 0.272806 0.573388 0.016593 0.122375
2 2 0.016516 0.373411 0.441805 0.011234 0.157034
2 2 0.025407 0.398223 0.398548 0.010160 0.167662
2 2 0.011221 0.296802 0.479321 0.021162 0.191495
2 2 0.011003 0.166822 0.665307 0.029547 0.127322
2 2 0.029910 0.405270 0.412922 0.011579 0.140318
2 2 0.023045 0.280671 0.433934 0.044158 0.218191
2 2 0.026496 0.230328 0.446409 0.068837 0.227930
2 2 0.037964 0.254339 0.396230 0.077278 0.234189
2 2 0.038432 0.320234 0.424841 0.039349 0.177143
2 2 0.033686 0.131947 0.560682 0.141873 0.131812
2 2 0.024903 0.257108 0.418136 0.059521 0.240332
2 2 0.024603 0.087028 0.712960 0.102006 0.073403
2 2 0.044218 0.130241 0.583004 0.122587 0.119949
2 2 0.027225 0.305745 0.436364 0.037388 0.193278
2 2 0.015289 0.230207 0.501210 0.043264 0.210030
2 2 0.062249 0.136267 0.414743 0.231035 0.155706
2 2 0.011458 0.180716 0.627219 0.027374 0.153233
2 2 0.043988 0.072089 0.411884 0.382986 0.089053
2 2 0.020650 0.164684 0.597626 0.069078 0.147962
2 2 0.019645 0.215963 0.452415 0.082943 0.229033
2 2 0.014224 0.256688 0.420900 0.036121 0.272067
2 2 0.016959 0.034536 0.596447 0.314989 0.037070
4 2 0.063605 0.156956 0.108090 0.018616 0.652734
4 2 0.047040 0.152095 0.104053 0.013449 0.683364
2 2 0.013531 0.256568 0.443643 0.040679 0.245579
4 2 0.024485 0.279752 0.258031 0.012629 0.425103
4 0 0.115540 0.277687 0.134155 0.007884 0.464734
0 0 0.566098 0.097628 0.019757 0.003051 0.313466
4 0 0.244045 0.050640 0.009254 0.001752 0.694309
4 0 0.139427 0.040146 0.007112 0.001085 0.812230
4 0 0.208757 0.047461 0.007506 0.001017 0.735258
4 0 0.283607 0.062932 0.010675 0.001442 0.641344
4 0 0.203868 0.048513 0.009353 0.001810 0.736455
4 0 0.280863 0.082108 0.029359 0.012376 0.595295
0 0 0.497644 0.052114 0.006678 0.000957 0.442607
4 0 0.229259 0.049462 0.011097 0.003144 0.707037
4 0 0.159319 0.026305 0.003702 0.000706 0.809968
4 0 0.142213 0.061895 0.013455 0.001747 0.780690
4 0 0.186888 0.035009 0.005150 0.000833 0.772120
4 0 0.141751 0.022034 0.003295 0.000651 0.832269
4 0 0.075081 0.037089 0.008495 0.001407 0.877928
4 0 0.168971 0.034917 0.005042 0.000723 0.790347
4 0 0.167211 0.013621 0.000957 0.000111 0.818100
4 0 0.236178 0.039230 0.004846 0.000569 0.719178
4 0 0.125267 0.116322 0.017213 0.000374 0.740824
4 0 0.189578 0.028081 0.002647 0.000235 0.779460
4 0 0.163080 0.034043 0.005814 0.001183 0.795881
4 0 0.194231 0.047105 0.007719 0.001070 0.749875
4 0 0.095500 0.009388 0.000657 0.000077 0.894379
4 0 0.112923 0.028435 0.003089 0.000229 0.855325
4 0 0.371221 0.029637 0.002393 0.000243 0.596506
4 0 0.178907 0.022838 0.001911 0.000167 0.796177
4 0 0.280742 0.049646 0.005068 0.000333 0.664211
4 0 0.192998 0.026630 0.002546 0.000254 0.777571
4 0 0.281915 0.024358 0.001992 0.000222 0.691512
4 0 0.174079 0.031167 0.002973 0.000218 0.791564
4 0 0.347180 0.027427 0.002191 0.000231 0.622971
4 0 0.198549 0.103244 0.013453 0.000396 0.684358
4 0 0.270228 0.030404 0.002537 0.000210 0.696621
4 0 0.264331 0.039827 0.003619 0.000242 0.691981
4 0 0.240006 0.041688 0.004941 0.000496 0.712869
4 0 0.323050 0.032318 0.003063 0.000348 0.641221
4 0 0.211562 0.040978 0.005392 0.000620 0.741448
4 0 0.262805 0.030722 0.003310 0.000447 0.702715
4 0 0.174545 0.027712 0.003197 0.000408 0.794138
4 0 0.418087 0.035552 0.003142 0.000324 0.542894
4 0 0.281960 0.018156 0.001266 0.000152 0.698466
4 0 0.249361 0.034314 0.003168 0.000256 0.712901
4 0 0.104368 0.010298 0.000716 0.000079 0.884539
4 0 0.103004 0.011696 0.001050 0.000163 0.884087
4 0 0.234201 0.041615 0.003955 0.000248 0.719981
4 0 0.215577 0.016003 0.001060 0.000109 0.767252
4 0 0.232444 0.026749 0.002382 0.000238 0.738187
4 0 0.261767 0.072516 0.008289 0.000384 0.657045
4 0 0.306351 0.082081 0.008592 0.000314 0.602661
4 0 0.339375 0.051372 0.005084 0.000344 0.603825
4 0 0.152539 0.038158 0.005998 0.000830 0.802475
4 0 0.251936 0.078973 0.010072 0.000502 0.658517
4 0 0.407633 0.065358 0.009150 0.001021 0.516837
0 0 0.489045 0.062029 0.007659 0.000789 0.440478
4 0 0.134384 0.020854 0.002284 0.000308 0.842170
4 0 0.291339 0.053650 0.005495 0.000336 0.649180
4 0 0.327590 0.043373 0.005031 0.000582 0.623424
4 0 0.266820 0.028446 0.002362 0.000210 0.702162
4 1 0.307953 0.048309 0.004121 0.000209 0.639408
4 1 0.093545 0.240048 0.041795 0.000337 0.624274
4 1 0.078583 0.256148 0.057998 0.000617 0.606655
1 1 0.077262 0.550856 0.176615 0.000846 0.194421
1 1 0.131925 0.532502 0.116591 0.000464 0.218519
4 1 0.159405 0.245306 0.050444 0.000872 0.543974
4 1 0.355702 0.167460 0.026092 0.000845 0.449901
1 1 0.150345 0.507737 0.130883 0.000866 0.210169
1 1 0.113211 0.485755 0.112135 0.000545 0.288353
4 1 0.048664 0.245493 0.061427 0.000553 0.643862
4 1 0.054185 0.302379 0.084346 0.000749 0.558342
1 1 0.112468 0.454751 0.124123 0.000951 0.307707
1 1 0.164175 0.475366 0.129139 0.001174 0.230147
1 1 0.090616 0.549675 0.219853 0.001687 0.138169
1 1 0.078562 0.466900 0.117852 0.000547 0.336139
4 1 0.113201 0.303587 0.057287 0.000443 0.525482
4 1 0.118747 0.285507 0.058624 0.000619 0.536504
4 1 0.033305 0.367438 0.173098 0.001961 0.424198
4 1 0.047220 0.186433 0.091379 0.004716 0.670252
4 1 0.030420 0.318180 0.155886 0.002270 0.493244
1 1 0.050476 0.431150 0.198483 0.002277 0.317614
4 1 0.049199 0.346572 0.196065 0.004970 0.403194
1 1 0.027573 0.409460 0.313666 0.005582 0.243719
4 1 0.026696 0.223300 0.097497 0.001788 0.650719
1 1 0.051584 0.375704 0.222458 0.005451 0.344803
1 1 0.019759 0.366594 0.294924 0.005446 0.313277
4 4 0.026500 0.280593 0.140696 0.002336 0.549875
4 4 0.080501 0.307610 0.127957 0.003462 0.480470
4 4 0.023111 0.297126 0.139929 0.001646 0.538188
4 4 0.048396 0.354408 0.193263 0.004322 0.399611
4 4 0.049392 0.365606 0.170847 0.002749 0.411407
4 4 0.129077 0.302875 0.110351 0.003547 0.454150
1 4 0.047334 0.431642 0.275422 0.005195 0.240406
1 4 0.055376 0.484136 0.299223 0.004414 0.156849
1 4 0.050678 0.426389 0.251977 0.004588 0.266367
1 4 0.030618 0.443154 0.344364 0.005492 0.176371
1 4 0.036051 0.426008 0.409438 0.010582 0.117920
1 4 0.047688 0.455164 0.367676 0.008011 0.121461
2 4 0.037254 0.422112 0.427746 0.012084 0.100804
2 4 0.018427 0.352446 0.460289 0.016976 0.151862
1 4 0.035018 0.479023 0.411827 0.005632 0.068500
1 4 0.039523 0.523164 0.324307 0.002729 0.110276
1 4 0.030340 0.484513 0.334640 0.003417 0.147089
1 2 0.039471 0.494431 0.372085 0.004623 0.089389
1 2 0.036562 0.449276 0.421265 0.008518 0.084378
1 2 0.047141 0.455863 0.388722 0.008625 0.099649
2 2 0.030739 0.415127 0.424906 0.011141 0.118087
2 2 0.053528 0.410047 0.413087 0.017255 0.106083
1 2 0.053497 0.470457 0.392612 0.008037 0.075397
1 2 0.070262 0.397023 0.393306 0.022328 0.117081
1 2 0.052814 0.443494 0.363816 0.009605 0.130270
1 2 0.090155 0.448634 0.292206 0.008526 0.160479
2 2 0.019517 0.262071 0.628470 0.010189 0.079753
2 2 0.012343 0.214053 0.682914 0.011813 0.078877
2 2 0.033039 0.334828 0.404571 0.011315 0.216247
2 2 0.040469 0.326297 0.485826 0.024968 0.122440
2 2 0.021658 0.360716 0.454779 0.017313 0.145534
2 2 0.024864 0.383204 0.449129 0.014670 0.128134
2 2 0.008139 0.158543 0.753780 0.010033 0.069504
2 2 0.016349 0.123213 0.776845 0.022741 0.060853
2 2 0.031784 0.390674 0.439041 0.015880 0.122621
2 2 0.010500 0.184720 0.629672 0.029341 0.145768
2 2 0.005635 0.131517 0.760330 0.015786 0.086732
2 2 0.022995 0.254585 0.527135 0.035128 0.160157
2 2 0.017571 0.278859 0.551709 0.019880 0.131980
2 2 0.007980 0.210571 0.602682 0.019466 0.159302
2 2 0.021318 0.232286 0.579731 0.031033 0.135632
2 2 0.015364 0.166913 0.669095 0.032869 0.115759
2 2 0.011966 0.100911 0.793463 0.027319 0.066340
2 2 0.009013 0.132075 0.744245 0.023336 0.091331
2 2 0.010876 0.091401 0.817962 0.023566 0.056194
2 2 0.031068 0.121353 0.594693 0.135260 0.117625
2 2 0.011982 0.136553 0.728100 0.028506 0.094859
2 2 0.031979 0.153021 0.568694 0.102090 0.144215
2 2 0.021991 0.266795 0.433704 0.048886 0.228623
2 2 0.013873 0.042596 0.807072 0.102807 0.033652
2 2 0.016659 0.061513 0.756715 0.112916 0.052198
2 2 0.024098 0.077370 0.625558 0.194702 0.078272
2 2 0.015632 0.049573 0.673873 0.211356 0.049566
2 2 0.018646 0.115549 0.662625 0.097390 0.105790
3 2 0.006377 0.008601 0.421551 0.552720 0.010751
2 2 0.025648 0.083021 0.694322 0.123857 0.073153
3 2 0.047141 0.059084 0.374302 0.444537 0.074936
2 2 0.010846 0.054820 0.768814 0.117123 0.048397
2 3 0.008714 0.011237 0.620926 0.347846 0.011278
2 3 0.019339 0.048286 0.577854 0.301134 0.053388
2 3 0.004824 0.007531 0.668242 0.312093 0.007310
2 3 0.009364 0.026419 0.729804 0.209355 0.025058
3 3 0.005809 0.007970 0.291263 0.683343 0.011616
2 3 0.029145 0.046778 0.451647 0.415639 0.056791
2 3 0.013601 0.027850 0.655537 0.274967 0.028045
3 3 0.011326 0.016464 0.350643 0.598955 0.022612
3 3 0.007868 0.010554 0.337656 0.629389 0.014533
3 3 0.018118 0.023198 0.251606 0.671459 0.035619
3 3 0.019977 0.037545 0.255002 0.627671 0.059805
3 3 0.023046 0.040842 0.439854 0.445017 0.051240
3 3 0.012325 0.028054 0.375058 0.545083 0.039480
3 3 0.017338 0.022393 0.165798 0.754813 0.039657
2 3 0.017612 0.120920 0.467364 0.239787 0.154317
3 3 0.017391 0.039331 0.258226 0.621314 0.063739
3 3 0.008001 0.010607 0.450756 0.517789 0.012847
3 3 0.018343 0.045491 0.303527 0.562799 0.069840
3 3 0.002971 0.004247 0.291708 0.694921 0.006153
3 3 0.009449 0.012686 0.168537 0.786923 0.022404
3 3 0.003112 0.004423 0.331718 0.654651 0.006097
3 3 0.007767 0.010391 0.377257 0.590928 0.013657
3 3 0.009555 0.012750 0.250207 0.707802 0.019685
3 3 0.004797 0.006718 0.165088 0.811493 0.011905
3 3 0.006108 0.008443 0.132920 0.836478 0.016051
3 3 0.003425 0.004868 0.253158 0.731109 0.007440
3 3 0.009496 0.012580 0.345468 0.615294 0.017162
3 3 0.005758 0.007985 0.142094 0.829302 0.014861
3 3 0.007100 0.009690 0.191768 0.775055 0.016388
3 3 0.015926 0.053930 0.332081 0.515678 0.082385
3 3 0.007239 0.009817 0.266944 0.701205 0.014795
3 3 0.009612 0.012811 0.260867 0.697226 0.019483
2 3 0.014296 0.035777 0.596420 0.314139 0.039367
3 3 0.004387 0.006199 0.099424 0.877146 0.012844
3 3 0.004181 0.005903 0.170809 0.808774 0.010333
3 3 0.006121 0.008366 0.299678 0.673771 0.012064
3 3 0.009759 0.012968 0.287767 0.670490 0.019015
3 3 0.002273 0.003316 0.238861 0.750398 0.005152
3 3 0.002666 0.003878 0.125185 0.860816 0.007456
3 3 0.010443 0.013956 0.138555 0.810814 0.026232
2 3 0.020528 0.103137 0.426147 0.311900 0.138288
3 3 0.010412 0.013768 0.297820 0.658076 0.019924
3 3 0.005700 0.007904 0.152231 0.819771 0.014393
3 3 0.002804 0.004074 0.083132 0.901124 0.008866
3 3 0.033201 0.040929 0.203020 0.656032 0.066818
2 3 0.006995 0.243159 0.494473 0.030144 0.225229
2 2 0.011013 0.241829 0.471214 0.042289 0.233655
2 2 0.009488 0.144561 0.714145 0.026630 0.105176
2 2 0.004052 0.082940 0.855810 0.010541 0.046656
2 2 0.004163 0.151659 0.729762 0.012810 0.101606
2 2 0.005575 0.122477 0.777634 0.015327 0.078986
2 2 0.005486 0.062832 0.877138 0.017586 0.036958
2 2 0.009445 0.071095 0.808573 0.056407 0.054479
2 2 0.006184 0.131996 0.756821 0.017068 0.087931
2 2 0.012712 0.326094 0.433154 0.014839 0.213201
2 2 0.009513 0.198679 0.624976 0.016931 0.149901
2 2 0.012930 0.277266 0.522438 0.021672 0.165694
2 2 0.022290 0.302034 0.359221 0.021121 0.295334
2 2 0.014103 0.368694 0.383675 0.007604 0.225925
2 2 0.010434 0.264467 0.540456 0.019600 0.165043
2 2 0.009250 0.295804 0.378271 0.011700 0.304974
2 2 0.021782 0.283528 0.501402 0.017013 0.176274
2 2 0.016439 0.296458 0.371049 0.018680 0.297375
2 2 0.007975 0.298196 0.360563 0.008759 0.324507
4 2 0.021000 0.309472 0.272701 0.008829 0.387999
2 2 0.010750 0.259320 0.454000 0.033668 0.242261
4 2 0.038998 0.225181 0.195988 0.019261 0.520572
4 2 0.016550 0.244327 0.173383 0.004586 0.561154
1 0 0.008659 0.404709 0.366121 0.002973 0.217538
4 0 0.273531 0.071196 0.013194 0.001748 0.640331
4 0 0.370744 0.087934 0.015861 0.001836 0.523624
4 0 0.432130 0.079739 0.015830 0.002819 0.469482
4 0 0.239484 0.054735 0.015208 0.006005 0.684569
4 0 0.337540 0.039533 0.005330 0.000916 0.616680
4 0 0.358880 0.083100 0.016363 0.002404 0.539252
4 0 0.172622 0.027840 0.004360 0.001027 0.794150
4 0 0.278913 0.048696 0.009194 0.002184 0.661013
4 0 0.139297 0.038436 0.006441 0.000930 0.814896
4 0 0.221481 0.052622 0.014774 0.005909 0.705213
4 0 0.323149 0.024705 0.002503 0.000471 0.649171
4 0 0.281379 0.037845 0.005422 0.001043 0.674311
4 0 0.403869 0.032977 0.002943 0.000336 0.559874
4 0 0.244386 0.028826 0.002839 0.000328 0.723621
4 0 0.223276 0.038922 0.006641 0.001462 0.729699
4 0 0.439316 0.042102 0.003851 0.000347 0.514384
4 0 0.251995 0.037276 0.005412 0.001001 0.704316
4 0 0.213646 0.019009 0.001859 0.000335 0.765152
4 0 0.420296 0.049422 0.005672 0.000635 0.523975
0 0 0.485135 0.052744 0.007883 0.001504 0.452733
4 0 0.140967 0.020779 0.002375 0.000366 0.835514
4 0 0.295831 0.053641 0.005439 0.000330 0.644759
4 0 0.433089 0.028276 0.002018 0.000188 0.536430
4 0 0.386211 0.069964 0.008832 0.000700 0.534293
4 0 0.299552 0.063834 0.006347 0.000293 0.629974
4 0 0.450584 0.038265 0.004834 0.000982 0.505335
4 0 0.225478 0.013846 0.000919 0.000120 0.759636
4 0 0.102715 0.020093 0.002402 0.000321 0.874469
4 0 0.275222 0.080231 0.009806 0.000470 0.634271
4 0 0.384395 0.037479 0.003807 0.000460 0.573860
4 0 0.372980 0.031939 0.002842 0.000319 0.591920
4 0 0.318939 0.038582 0.004618 0.000658 0.637202
0 0 0.659969 0.038193 0.003301 0.000356 0.298180
4 0 0.142055 0.011969 0.000924 0.000135 0.844917
4 0 0.151142 0.040234 0.004909 0.000372 0.803344
4 0 0.444079 0.026539 0.001802 0.000168 0.527413
4 0 0.268373 0.151574 0.024104 0.000777 0.555172
4 0 0.195768 0.135667 0.018923 0.000427 0.649214
1 1 0.184070 0.443737 0.101667 0.000848 0.269678
1 1 0.082992 0.514039 0.181800 0.001317 0.219853
1 1 0.081652 0.534023 0.183861 0.001132 0.199331
1 1 0.109072 0.406353 0.111155 0.001046 0.372374
4 1 0.126502 0.267260 0.063913 0.001076 0.541249
4 1 0.055227 0.344066 0.111656 0.001096 0.487955
4 1 0.036931 0.356363 0.152010 0.001657 0.453039
4 1 0.103847 0.227606 0.060096 0.001340 0.607109
4 1 0.064876 0.327901 0.124949 0.002109 0.480165
4 1 0.011724 0.278155 0.115448 0.000626 0.594047
4 1 0.016764 0.363198 0.175561 0.001132 0.443344
4 1 0.035697 0.374921 0.144695 0.001150 0.443538
1 1 0.054611 0.412721 0.184953 0.002374 0.345342
4 4 0.050655 0.072792 0.019081 0.001143 0.856329
4 4 0.049761 0.040830 0.008993 0.000825 0.899591
4 4 0.074218 0.135668 0.032806 0.000978 0.756330
4 4 0.066985 0.301107 0.089676 0.001106 0.541126
4 4 0.029898 0.057416 0.013538 0.000556 0.898593
4 4 0.126884 0.302863 0.073345 0.001036 0.495872
1 4 0.029600 0.389668 0.191441 0.001883 0.387409
4 4 0.022912 0.140170 0.052749 0.001247 0.782922
4 4 0.071109 0.344178 0.096192 0.000881 0.487640
4 4 0.038585 0.374508 0.165975 0.001848 0.419084
4 4 0.031839 0.401789 0.137125 0.000682 0.428566
4 4 0.027995 0.281461 0.103987 0.000990 0.585567
4 4 0.029297 0.354172 0.157482 0.001520 0.457530
4 4 0.012069 0.130786 0.053876 0.000928 0.802342
4 4 0.028828 0.321790 0.113422 0.000811 0.535150
4 4 0.004813 0.219950 0.171543 0.002030 0.601664
4 4 0.021282 0.347642 0.185506 0.001951 0.443619
1 4 0.027524 0.413572 0.205838 0.001721 0.351345
4 4 0.048473 0.327402 0.125287 0.001645 0.497193
4 4 0.010869 0.288949 0.160132 0.001339 0.538711
1 4 0.022325 0.424642 0.196123 0.001118 0.355793
1 4 0.015977 0.450711 0.277863 0.001683 0.253766
1 4 0.018358 0.502191 0.329848 0.001801 0.147802
1 4 0.035995 0.484252 0.280344 0.002634 0.196774
1 4 0.054925 0.505912 0.255226 0.002458 0.181480
4 4 0.018152 0.388543 0.192894 0.001240 0.399172
4 4 0.029243 0.317378 0.148141 0.001903 0.503335
4 4 0.030536 0.351048 0.172916 0.002142 0.443358
1 4 0.061030 0.391387 0.254108 0.007739 0.285735
4 4 0.066753 0.188064 0.045308 0.000755 0.699120
4 4 0.019199 0.390303 0.174374 0.000960 0.415164
1 4 0.042283 0.496152 0.164523 0.000652 0.296389
1 4 0.018651 0.391308 0.241691 0.002336 0.346013
4 0 0.066034 0.135192 0.049238 0.003055 0.746481
4 0 0.176269 0.033445 0.004118 0.000468 0.785700
4 0 0.139375 0.127794 0.027622 0.001250 0.703959
4 0 0.121820 0.130323 0.029072 0.001213 0.717572
4 0 0.047236 0.275460 0.103941 0.001730 0.571633
4 0 0.103955 0.232090 0.045327 0.000533 0.618095
4 0 0.065999 0.107552 0.027974 0.001213 0.797263
4 0 0.048319 0.020750 0.003627 0.000441 0.926863
4 0 0.159592 0.039991 0.005217 0.000480 0.794720
4 1 0.105355 0.039563 0.005439 0.000392 0.849252
4 1 0.041511 0.336012 0.098989 0.000645 0.522844
4 1 0.015213 0.349368 0.144432 0.000676 0.490311
4 1 0.008499 0.290276 0.209092 0.002274 0.489859
4 1 0.008527 0.313528 0.264592 0.003353 0.410000
4 0 0.104667 0.029382 0.003791 0.000358 0.861802
4 0 0.152980 0.126256 0.021319 0.000642 0.698803
4 0 0.306963 0.128653 0.029016 0.002679 0.532688
4 0 0.258055 0.056401 0.007700 0.000721 0.677124
4 1 0.100982 0.327636 0.098448 0.001539 0.471396
1 1 0.058033 0.473971 0.162095 0.000995 0.304905
1 1 0.026176 0.395888 0.209077 0.002034 0.366825
4 1 0.005959 0.252616 0.231185 0.003600 0.506641
4 1 0.005244 0.244912 0.232965 0.003648 0.513230
2 2 0.009066 0.246259 0.438996 0.010969 0.294710
2 2 0.009131 0.169071 0.675368 0.010197 0.136232
4 2 0.012539 0.261162 0.345997 0.006109 0.374194
2 2 0.002966 0.105052 0.818579 0.007511 0.065892
2 2 0.006857 0.165353 0.620299 0.007633 0.199858
2 2 0.003293 0.127926 0.752922 0.005300 0.110560
2 2 0.011232 0.258088 0.474493 0.008878 0.247309
2 2 0.007114 0.157127 0.676076 0.008717 0.150966
4 2 0.011118 0.206451 0.306267 0.006521 0.469643
2 2 0.008802 0.170332 0.702679 0.013406 0.104782
2 2 0.006147 0.191074 0.545734 0.007024 0.250021
2 2 0.007597 0.138435 0.696904 0.007210 0.149853
2 2 0.006105 0.222320 0.419593 0.006547 0.345435
2 2 0.007752 0.124096 0.795713 0.012963 0.059476
2 2 0.004935 0.184731 0.685659 0.010326 0.114349
2 2 0.005376 0.166121 0.640821 0.007285 0.180397
2 2 0.011856 0.310320 0.471003 0.014267 0.192554
2 2 0.005798 0.186386 0.612896 0.010561 0.184360
2 2 0.010668 0.206601 0.493943 0.006900 0.281888
2 2 0.003491 0.089687 0.845129 0.008780 0.052913
2 2 0.002701 0.114407 0.807023 0.008249 0.067620
2 2 0.005396 0.169319 0.657546 0.009371 0.158367
2 2 0.005450 0.208318 0.610106 0.008506 0.167620
2 2 0.006221 0.140485 0.729862 0.013224 0.110207
2 2 0.003177 0.119720 0.792021 0.008686 0.076396
2 2 0.004377 0.100558 0.823257 0.011857 0.059951
2 2 0.007163 0.199735 0.525456 0.008823 0.258824
2 2 0.004936 0.112099 0.799799 0.013508 0.069658
2 2 0.009492 0.201136 0.599118 0.027727 0.162527
4 2 0.006645 0.247568 0.323175 0.007868 0.414744
2 2 0.004217 0.132997 0.764721 0.012455 0.085610
2 2 0.005185 0.191014 0.602058 0.009379 0.192364
2 2 0.012021 0.274732 0.471160 0.028588 0.213499
2 2 0.004253 0.201664 0.616684 0.011844 0.165555
2 2 0.011388 0.270192 0.463704 0.015590 0.239125
2 2 0.004689 0.157880 0.714704 0.014308 0.108419
2 2 0.012190 0.231488 0.586604 0.023388 0.146330
2 2 0.016374 0.043996 0.816034 0.090526 0.033070
2 2 0.004703 0.077044 0.863458 0.011681 0.043114
2 2 0.009757 0.217000 0.562213 0.029101 0.181929
4 2 0.074858 0.264163 0.282138 0.052277 0.326564
4 2 0.002893 0.240200 0.242989 0.002521 0.511397
2 2 0.002604 0.271628 0.450890 0.007646 0.267233
4 2 0.004046 0.297461 0.341446 0.004068 0.352979
2 2 0.005391 0.264692 0.480698 0.019047 0.230173
2 2 0.007678 0.344178 0.435115 0.007645 0.205384
2 2 0.006654 0.214125 0.485741 0.008598 0.284882
2 2 0.009364 0.278835 0.417965 0.006249 0.287587
2 2 0.002664 0.113181 0.809417 0.008130 0.066608
2 2 0.002302 0.089486 0.852697 0.006742 0.048773
2 2 0.007294 0.231323 0.479991 0.010899 0.270492
2 2 0.011470 0.326944 0.355241 0.006810 0.299534
2 2 0.002187 0.086293 0.858744 0.006398 0.046378
2 2 0.003385 0.081145 0.861789 0.009028 0.044652
4 2 0.011653 0.267598 0.265188 0.008076 0.447485
2 2 0.007172 0.137508 0.719211 0.011323 0.124787
2 2 0.008848 0.163728 0.681612 0.024507 0.121304
2 2 0.005383 0.181742 0.663190 0.016750 0.132936
2 2 0.004615 0.142736 0.744228 0.013703 0.094717
2 2 0.004334 0.223048 0.540615 0.009562 0.222442
2 2 0.004230 0.128604 0.772829 0.012365 0.081973
2 2 0.003476 0.142210 0.749004 0.010069 0.095241
2 2 0.007522 0.250907 0.461052 0.015933 0.264586
2 2 0.003590 0.096565 0.833986 0.009948 0.055911
2 2 0.006458 0.316184 0.341955 0.005029 0.330374
2 2 0.004198 0.147793 0.730653 0.010983 0.106372
2 2 0.008145 0.211828 0.538029 0.015052 0.226947
2 2 0.002526 0.143372 0.755742 0.008331 0.090029
2 2 0.004389 0.135005 0.760040 0.012933 0.087633
2 2 0.006356 0.199131 0.602428 0.015205 0.176880
2 2 0.004447 0.045211 0.910287 0.015211 0.024843
4 2 0.062760 0.047783 0.012337 0.001564 0.875557
4 0 0.290110 0.027939 0.003486 0.000692 0.677774
4 0 0.193741 0.051970 0.009653 0.001508 0.743127
4 0 0.110341 0.109981 0.024466 0.001186 0.754026
4 1 0.014221 0.341558 0.193392 0.001615 0.449213
4 1 0.003853 0.282560 0.293540 0.003118 0.416929
4 1 0.005171 0.287161 0.253910 0.002583 0.451176
2 1 0.003329 0.210823 0.619048 0.008741 0.158059
2 1 0.011184 0.238226 0.404496 0.006044 0.340049
2 2 0.009861 0.208911 0.593157 0.008215 0.179857
2 2 0.006912 0.254198 0.459376 0.005193 0.274320
2 2 0.003211 0.107832 0.815909 0.009360 0.063688
2 2 0.003212 0.115249 0.796660 0.007687 0.077192
2 2 0.002711 0.102264 0.822199 0.006236 0.066590
2 2 0.006482 0.187665 0.688433 0.013226 0.104194
2 2 0.007891 0.154556 0.736887 0.015452 0.085214
2 2 0.007330 0.211530 0.595877 0.007891 0.177372
2 2 0.015008 0.282366 0.448688 0.007780 0.246159
2 2 0.012428 0.250971 0.442419 0.007998 0.286184
4 2 0.130924 0.079828 0.021070 0.002653 0.765525
4 2 0.018707 0.295387 0.153507 0.001814 0.530585
4 2 0.009793 0.303798 0.325144 0.007535 0.353730
1 2 0.006881 0.338536 0.318651 0.003417 0.332516
2 2 0.011717 0.304529 0.451388 0.007406 0.224959
2 2 0.007513 0.255425 0.498009 0.006049 0.233004
2 2 0.016721 0.326888 0.338110 0.006425 0.311855
2 2 0.002366 0.095532 0.841971 0.007026 0.053105
2 2 0.009264 0.262133 0.433874 0.006383 0.288345
2 2 0.003338 0.145679 0.748566 0.010221 0.092195
2 2 0.007657 0.251936 0.382459 0.011274 0.346673
2 2 0.003881 0.177364 0.655769 0.008426 0.154560
2 2 0.007818 0.183681 0.687895 0.014952 0.105655
2 2 0.005489 0.161713 0.698691 0.013362 0.120744
2 2 0.006562 0.226402 0.494738 0.008851 0.263446
2 2 0.007155 0.179798 0.689850 0.014289 0.108907
4 1 0.011509 0.165261 0.108689 0.003256 0.711284
4 2 0.224640 0.187435 0.062407 0.005694 0.519824
4 1 0.009003 0.257296 0.157082 0.001612 0.575008
2 1 0.015820 0.254719 0.432896 0.045276 0.251289
4 1 0.010058 0.322333 0.312056 0.005543 0.350010
2 2 0.008485 0.356892 0.478826 0.008692 0.147106
1 2 0.021639 0.457579 0.298183 0.002495 0.220104
2 2 0.007083 0.207899 0.612407 0.019892 0.152719
2 2 0.003883 0.058546 0.898238 0.009246 0.030087
2 2 0.011578 0.334693 0.453545 0.013553 0.186631
2 2 0.004611 0.218748 0.586300 0.014677 0.175664
2 2 0.011591 0.292611 0.550918 0.013224 0.131655
2 2 0.007842 0.166754 0.738166 0.011725 0.075512
1 2 0.017489 0.402023 0.318725 0.004147 0.257615
2 2 0.008493 0.227579 0.545459 0.026347 0.192121
2 2 0.008385 0.184208 0.689998 0.015756 0.101654
2 2 0.006196 0.134467 0.752043 0.017189 0.090106
2 2 0.010641 0.243113 0.508110 0.018623 0.219513
2 2 0.008859 0.192273 0.672769 0.016891 0.109208
2 2 0.011752 0.228902 0.589006 0.016867 0.153473
2 2 0.006975 0.129223 0.770590 0.016082 0.077129
2 2 0.039790 0.120362 0.646777 0.092464 0.100608
1 2 0.012116 0.330841 0.324219 0.006609 0.326215
2 2 0.018735 0.119518 0.733551 0.041645 0.086552
2 2 0.009203 0.280817 0.452988 0.014296 0.242696
2 2 0.016851 0.145164 0.687008 0.040390 0.110587
2 2 0.006689 0.240045 0.544027 0.011459 0.197780
2 2 0.018335 0.187362 0.666455 0.026405 0.101444
2 2 0.006084 0.169944 0.685330 0.017786 0.120856
2 2 0.005614 0.141986 0.740452 0.016094 0.095854
2 2 0.009756 0.173273 0.658789 0.026788 0.131394
2 2 0.024440 0.326841 0.446391 0.027654 0.174673
2 2 0.007326 0.230569 0.530837 0.028096 0.203172
4 2 0.016760 0.253677 0.338471 0.026556 0.364536
4 2 0.033329 0.292534 0.268900 0.015897 0.389340
2 2 0.005369 0.264713 0.480836 0.018984 0.230097
2 2 0.007520 0.326420 0.442315 0.009607 0.214138
2 2 0.004297 0.246716 0.532398 0.015366 0.201222
2 2 0.006437 0.123807 0.771225 0.017319 0.081212
2 2 0.013746 0.271591 0.567747 0.011473 0.135444
2 2 0.006055 0.188574 0.665141 0.015803 0.124427
2 2 0.022162 0.289580 0.461231 0.009711 0.217316
2 2 0.007380 0.154522 0.711397 0.019886 0.106814
2 2 0.012168 0.284016 0.486316 0.016817 0.200684
2 2 0.004012 0.143911 0.728278 0.008301 0.115499
2 2 0.008780 0.168554 0.695956 0.018747 0.107963
2 2 0.009637 0.204453 0.604929 0.020673 0.160307
2 2 0.003521 0.267283 0.487808 0.012836 0.228553
4 0 0.116976 0.169898 0.067803 0.006017 0.639307
4 0 0.272182 0.124494 0.052380 0.016337 0.534608
4 0 0.134198 0.061535 0.016900 0.003192 0.784175
4 1 0.035537 0.035440 0.005300 0.000195 0.923528
4 1 0.030079 0.389294 0.151348 0.000973 0.428306
1 1 0.021363 0.418150 0.193841 0.001102 0.365544
2 1 0.004589 0.294396 0.362173 0.005556 0.333287
1 1 0.010401 0.363374 0.264046 0.002305 0.359874
2 2 0.003264 0.151444 0.744865 0.009356 0.091070
2 2 0.010227 0.215648 0.633979 0.018193 0.121953
1 2 0.015059 0.409617 0.331429 0.003699 0.240195
2 2 0.003515 0.140928 0.753885 0.010896 0.090776
2 2 0.008482 0.308718 0.541464 0.008728 0.132608
1 2 0.015431 0.418402 0.317228 0.003109 0.245831
2 2 0.018041 0.296699 0.423449 0.008046 0.253765
2 2 0.019334 0.367112 0.405407 0.011636 0.196511
2 2 0.005021 0.124869 0.787869 0.011869 0.070372
2 2 0.003450 0.139571 0.756806 0.010698 0.089475
2 2 0.006702 0.225956 0.584795 0.010484 0.172063
2 2 0.006310 0.325875 0.424037 0.007485 0.236293
2 2 0.010397 0.205032 0.628447 0.006569 0.149554
4 2 0.013083 0.306164 0.305316 0.006492 0.368945
4 2 0.006464 0.243200 0.353390 0.007805 0.389142
4 2 0.008907 0.319684 0.287411 0.004084 0.379914
4 0 0.156101 0.152229 0.057377 0.006849 0.627445
1 0 0.190527 0.491113 0.088667 0.000382 0.229310
1 0 0.269570 0.497874 0.082778 0.000345 0.149432
0 0 0.519213 0.214862 0.035254 0.000987 0.229685
4 0 0.102442 0.033526 0.003456 0.000169 0.860406
4 0 0.132069 0.024668 0.003613 0.000665 0.838985
4 0 0.028945 0.007709 0.000609 0.000040 0.962698
4 0 0.023560 0.013615 0.001537 0.000080 0.961209
4 0 0.033082 0.010146 0.000959 0.000071 0.955742
4 0 0.116688 0.060750 0.007755 0.000291 0.814515
4 1 0.029850 0.366651 0.101710 0.000374 0.501414
4 1 0.014209 0.283060 0.135093 0.001123 0.566515
4 1 0.024575 0.326535 0.146699 0.001418 0.500773
4 1 0.027443 0.282307 0.105187 0.000995 0.584068
4 1 0.042596 0.366970 0.124764 0.000947 0.464723
4 1 0.033554 0.329013 0.146221 0.001821 0.489391
1 1 0.060663 0.496360 0.191932 0.001371 0.249675
4 1 0.048057 0.255859 0.079961 0.001044 0.615079
4 1 0.042086 0.226143 0.072087 0.001051 0.658633
4 1 0.029872 0.324524 0.117188 0.000895 0.527521
4 1 0.053368 0.152591 0.042725 0.001072 0.750243
1 1 0.046487 0.491495 0.180340 0.000955 0.280723
4 1 0.066032 0.022946 0.003608 0.000473 0.906942
4 4 0.074737 0.029227 0.005711 0.000941 0.889384
4 4 0.036677 0.186844 0.059367 0.001011 0.716101
4 4 0.030338 0.017121 0.002259 0.000149 0.950133
4 4 0.022557 0.150984 0.045641 0.000611 0.780207
4 4 0.044764 0.061234 0.014893 0.000868 0.878241
4 4 0.013147 0.045633 0.011215 0.000319 0.929687
4 4 0.039724 0.255396 0.095061 0.001483 0.608337
4 4 0.028439 0.048297 0.011371 0.000564 0.911329
4 4 0.082843 0.062193 0.012540 0.000856 0.841568
4 4 0.045612 0.163038 0.064055 0.002510 0.724785
4 4 0.012327 0.030355 0.005675 0.000151 0.951492
4 4 0.032538 0.016689 0.002171 0.000154 0.948449
4 4 0.037270 0.105376 0.028246 0.000792 0.828317
4 4 0.038477 0.073289 0.018020 0.000727 0.869487
4 4 0.026584 0.058563 0.013563 0.000468 0.900822
4 4 0.015809 0.025694 0.004331 0.000148 0.954018
4 4 0.028378 0.034042 0.007023 0.000429 0.930128
4 4 0.030301 0.059761 0.012822 0.000416 0.896701
4 4 0.024468 0.075746 0.017769 0.000407 0.881609
4 4 0.081263 0.157706 0.034090 0.000705 0.726236
4 4 0.036636 0.165784 0.063191 0.001856 0.732533
4 4 0.028046 0.275278 0.113071 0.001380 0.582225
4 4 0.048235 0.136644 0.035389 0.000810 0.778922
4 4 0.010997 0.239619 0.125295 0.001284 0.622806
1 4 0.016230 0.451996 0.240949 0.001154 0.289671
4 4 0.018609 0.279185 0.114932 0.000940 0.586334
4 4 0.030199 0.035766 0.007641 0.000497 0.925897
4 4 0.061264 0.184160 0.058280 0.001612 0.694685
4 4 0.041835 0.016942 0.002247 0.000206 0.938770
4 4 0.031243 0.085979 0.021605 0.000600 0.860574
4 4 0.045675 0.280810 0.076858 0.000633 0.596023
4 4 0.047600 0.298859 0.091578 0.000888 0.561074
4 4 0.018080 0.056650 0.012079 0.000257 0.912934
4 4 0.033130 0.406753 0.136266 0.000662 0.423188
1 4 0.022155 0.522534 0.242591 0.000849 0.211872
4 4 0.058124 0.363458 0.104490 0.000769 0.473159
4 4 0.020859 0.308499 0.181702 0.002804 0.486135
4 4 0.013112 0.271582 0.156286 0.001860 0.557159
4 4 0.020929 0.254444 0.122731 0.001780 0.600117
1 4 0.031131 0.384444 0.225444 0.003295 0.355686
4 4 0.041789 0.297646 0.112261 0.001470 0.546834
1 4 0.010471 0.357416 0.313917 0.003945 0.314251
4 4 0.037473 0.288266 0.176473 0.005659 0.492129
4 4 0.008043 0.272877 0.215361 0.002944 0.500775
4 4 0.007849 0.288327 0.252911 0.003723 0.447190
4 4 0.019776 0.305730 0.168654 0.002220 0.503619
1 4 0.016761 0.382457 0.225999 0.001916 0.372866
4 4 0.012766 0.357668 0.265547 0.003009 0.361009
4 4 0.014580 0.349820 0.224684 0.002321 0.408595
4 4 0.014862 0.274552 0.181337 0.003108 0.526140
4 4 0.015485 0.063802 0.019831 0.000670 0.900212
4 0 0.087965 0.310627 0.125898 0.003441 0.472069
4 0 0.030374 0.178295 0.072675 0.001843 0.716812
4 0 0.014613 0.227845 0.102636 0.001106 0.653799
4 1 0.012091 0.336350 0.170763 0.001024 0.479771
1 1 0.010593 0.403052 0.214986 0.000888 0.370481
4 1 0.009900 0.306558 0.260198 0.003999 0.419345
4 1 0.003366 0.274314 0.319553 0.003867 0.398900
4 1 0.011012 0.330469 0.181926 0.001204 0.475389
4 1 0.018150 0.303005 0.191599 0.003069 0.484177
4 1 0.018530 0.235011 0.122770 0.002112 0.621577
4 1 0.005473 0.271583 0.262727 0.003678 0.456538
2 1 0.003075 0.182048 0.648567 0.006774 0.159536
4 1 0.018540 0.095829 0.040262 0.001686 0.843683
4 1 0.090336 0.211715 0.087903 0.004811 0.605234
4 1 0.018026 0.233144 0.098186 0.001086 0.649557
4 1 0.035136 0.291542 0.140574 0.002632 0.530116
4 1 0.006093 0.287597 0.330258 0.006191 0.369862
2 2 0.004121 0.215973 0.607039 0.007374 0.165492
2 2 0.007323 0.225701 0.470008 0.005527 0.291442
2 2 0.009898 0.192844 0.518228 0.006153 0.272877
2 2 0.001368 0.057365 0.910651 0.003880 0.026736
2 2 0.003791 0.128170 0.746498 0.005608 0.115933
2 2 0.002458 0.076228 0.872468 0.005964 0.042883
2 2 0.009194 0.208059 0.462488 0.007731 0.312528
2 2 0.010959 0.278395 0.439514 0.005566 0.265565
2 2 0.003528 0.120081 0.779186 0.007050 0.090155
2 2 0.009091 0.156571 0.697890 0.007052 0.129397
2 2 0.010123 0.164764 0.657116 0.006257 0.161741
2 2 0.002897 0.135711 0.755834 0.006847 0.098711
2 2 0.003057 0.033844 0.937763 0.009062 0.016274
2 2 0.009928 0.215274 0.518399 0.006785 0.249614
2 2 0.004509 0.145260 0.763492 0.009940 0.076799
2 2 0.001917 0.050691 0.916543 0.003787 0.027062
2 2 0.004027 0.178963 0.633491 0.007024 0.176495
2 2 0.002371 0.059485 0.898974 0.004411 0.034759
2 2 0.012483 0.198182 0.618755 0.007086 0.163493
2 2 0.001685 0.036991 0.941364 0.004096 0.015864
2 2 0.004293 0.153500 0.678828 0.005949 0.157429
2 2 0.002434 0.090315 0.847643 0.006090 0.053518
1 2 0.016516 0.358214 0.327387 0.006647 0.291237
2 2 0.003705 0.141200 0.743785 0.009196 0.102114
2 2 0.003587 0.103547 0.821631 0.010140 0.061095
4 2 0.014501 0.337610 0.249889 0.003559 0.394441
2 2 0.003034 0.034668 0.930601 0.013256 0.018441
2 2 0.010159 0.095941 0.764991 0.052904 0.076005
2 2 0.003773 0.098124 0.830367 0.010414 0.057321
2 2 0.005638 0.163558 0.698212 0.016852 0.115740
2 2 0.008053 0.153628 0.705806 0.022229 0.110284
2 2 0.008809 0.055170 0.799334 0.090327 0.046360
2 2 0.004512 0.028545 0.931664 0.019735 0.015544
2 3 0.003798 0.125352 0.781122 0.011229 0.078499
2 3 0.011431 0.167172 0.662665 0.030520 0.128212
2 3 0.003984 0.028354 0.910774 0.038313 0.018575
2 3 0.015910 0.062111 0.745825 0.121856 0.054297
2 3 0.010679 0.180696 0.575342 0.059780 0.173502
2 3 0.022349 0.183674 0.456049 0.129156 0.208771
2 3 0.006855 0.030756 0.858703 0.080349 0.023336
2 3 0.010389 0.032519 0.644354 0.277910 0.034829
2 3 0.005432 0.124826 0.752209 0.025139 0.092394
2 3 0.012086 0.035205 0.572724 0.339344 0.040640
2 3 0.007913 0.086471 0.685622 0.130360 0.089634
2 3 0.020356 0.052738 0.613914 0.257465 0.055527
2 3 0.015821 0.123470 0.597387 0.133787 0.129535
2 3 0.032991 0.053945 0.454688 0.393524 0.064852
2 3 0.008646 0.045154 0.796676 0.110625 0.038899
2 3 0.016725 0.102781 0.663672 0.118442 0.098379
2 3 0.012367 0.032437 0.709152 0.214955 0.031089
2 3 0.008183 0.027839 0.865892 0.077900 0.020186
3 3 0.016985 0.021465 0.442403 0.493054 0.026093
2 3 0.011231 0.052069 0.634899 0.244336 0.057465
2 3 0.010476 0.036701 0.754249 0.164949 0.033625
2 3 0.019349 0.053951 0.638656 0.232728 0.055316
2 3 0.013194 0.022229 0.673815 0.269281 0.021480
3 3 0.014525 0.018508 0.461627 0.483266 0.022074
2 3 0.018057 0.035688 0.682052 0.230135 0.034068
2 3 0.010245 0.026825 0.708904 0.228055 0.025972
2 3 0.024771 0.032594 0.497865 0.407634 0.037136
2 3 0.007553 0.060754 0.822517 0.061608 0.047568
2 3 0.025629 0.062405 0.572455 0.271869 0.067642
2 3 0.016320 0.040558 0.626695 0.273787 0.042640
3 3 0.028345 0.034816 0.377788 0.514057 0.044994
2 3 0.010670 0.071105 0.755391 0.099799 0.063034
2 3 0.017352 0.032560 0.725558 0.195426 0.029103
3 3 0.026101 0.035103 0.253255 0.631718 0.053824
3 3 0.018423 0.023214 0.418929 0.510503 0.028932
3 3 0.008803 0.011624 0.430902 0.534285 0.014387
2 3 0.022026 0.026909 0.659511 0.266342 0.025213
2 3 0.014580 0.053047 0.447737 0.413338 0.071298
3 3 0.011708 0.015447 0.227933 0.720267 0.024645
3 3 0.027457 0.033923 0.340847 0.551882 0.045891
2 3 0.013942 0.125293 0.662933 0.082539 0.115293
2 3 0.018678 0.148720 0.487338 0.169251 0.176013
3 3 0.009641 0.012782 0.325476 0.634235 0.017866
2 3 0.016931 0.032966 0.636529 0.280028 0.033546
2 3 0.028758 0.066891 0.478324 0.345528 0.080498
3 3 0.010175 0.013465 0.306538 0.650553 0.019269
3 3 0.009512 0.012600 0.345597 0.615105 0.017187
2 3 0.016746 0.099235 0.594108 0.181615 0.108296
3 3 0.003709 0.005205 0.353086 0.630994 0.007006
2 3 0.003460 0.004755 0.583900 0.402914 0.004971
2 3 0.014145 0.082531 0.565726 0.240347 0.097252
3 3 0.029174 0.057498 0.419034 0.420706 0.073588
2 3 0.016240 0.027606 0.638174 0.290229 0.027751
2 0 0.035405 0.049251 0.430529 0.424866 0.059950
0 0 0.506186 0.129505 0.047205 0.011717 0.305387
4 0 0.139573 0.034795 0.006083 0.001100 0.818449
4 0 0.050018 0.015226 0.002309 0.000311 0.932137
4 0 0.045848 0.022501 0.004374 0.000532 0.926744
4 0 0.175683 0.029786 0.003131 0.000300 0.791100
4 0 0.041715 0.160393 0.036480 0.000444 0.760968
4 1 0.006927 0.239927 0.144355 0.001260 0.607531
4 1 0.008681 0.246294 0.142583 0.001368 0.601074
4 1 0.004287 0.294397 0.331208 0.004116 0.365992
4 1 0.001929 0.266855 0.346883 0.003165 0.381167
4 1 0.008804 0.344725 0.221524 0.001471 0.423476
2 1 0.003470 0.289762 0.406332 0.006087 0.294350
1 1 0.010083 0.354200 0.279038 0.002872 0.353807
4 1 0.008367 0.316004 0.316729 0.005237 0.353663
1 1 0.017748 0.374700 0.267293 0.003479 0.336779
1 1 0.019546 0.394446 0.246314 0.002492 0.337203
4 1 0.013321 0.323032 0.216012 0.002567 0.445067
4 1 0.008660 0.271480 0.219983 0.003417 0.496461
4 1 0.010348 0.260954 0.188062 0.002959 0.537678
4 1 0.024821 0.276627 0.167223 0.003846 0.527482
4 1 0.057095 0.162845 0.065023 0.003239 0.711798
4 1 0.021159 0.305710 0.157665 0.001942 0.513525
4 2 0.011064 0.295900 0.201463 0.002439 0.489134
1 2 0.024035 0.397723 0.196651 0.001553 0.380038
4 2 0.012382 0.142347 0.065805 0.001297 0.778169
4 1 0.025232 0.212755 0.093396 0.001770 0.666847
4 1 0.159884 0.224612 0.084191 0.005588 0.525726
4 1 0.028508 0.323579 0.107156 0.000664 0.540094
4 1 0.009874 0.328277 0.173245 0.000966 0.487638
4 1 0.006536 0.289082 0.221980 0.002142 0.480260
4 1 0.005834 0.330407 0.272765 0.002102 0.388892
2 1 0.005623 0.285195 0.439445 0.004886 0.264851
2 2 0.003318 0.264514 0.464639 0.005245 0.262284
2 2 0.005096 0.232490 0.526676 0.008483 0.227255
2 2 0.004330 0.158544 0.716427 0.005438 0.115260
2 2 0.001915 0.128603 0.786877 0.006418 0.076187
4 2 0.018438 0.301472 0.204757 0.003843 0.471490
2 2 0.006504 0.247426 0.549849 0.006653 0.189567
2 2 0.007226 0.236912 0.437181 0.006762 0.311920
4 2 0.015649 0.333402 0.258712 0.004410 0.387827
4 2 0.017469 0.274122 0.142083 0.001776 0.564550
2 2 0.005123 0.187778 0.647865 0.006885 0.152348
2 2 0.011718 0.241380 0.436129 0.006661 0.304112
1 2 0.009622 0.340562 0.310878 0.004276 0.334662
4 2 0.033214 0.341720 0.144556 0.001517 0.478993
4 2 0.010151 0.267395 0.218116 0.004087 0.500251
1 2 0.010683 0.370201 0.360845 0.005004 0.253267
2 2 0.002483 0.056968 0.906264 0.006342 0.027943
1 2 0.013012 0.386196 0.350673 0.004722 0.245396
2 2 0.014157 0.234640 0.441080 0.007328 0.302795
1 2 0.014892 0.361789 0.299538 0.004606 0.319175
2 2 0.008355 0.197466 0.585918 0.005840 0.202422
4 2 0.015436 0.318262 0.247511 0.004575 0.414215
4 2 0.013452 0.231621 0.336200 0.009309 0.409419
2 2 0.012487 0.251673 0.457388 0.006178 0.272274
2 2 0.004153 0.108937 0.800337 0.008334 0.078239
4 2 0.020078 0.236136 0.329936 0.007087 0.406764
2 2 0.017712 0.244009 0.386585 0.006273 0.345422
2 2 0.007134 0.190469 0.510195 0.006469 0.285733
2 2 0.015897 0.211088 0.445838 0.008769 0.318408
2 2 0.020262 0.245667 0.438189 0.008460 0.287421
2 2 0.009455 0.217097 0.632660 0.009445 0.131342
4 2 0.049558 0.278978 0.163254 0.004833 0.503377
4 2 0.033701 0.285733 0.154752 0.003614 0.522199
4 2 0.019951 0.316288 0.279275 0.008293 0.376192
1 2 0.017480 0.364354 0.250822 0.003206 0.364138
2 2 0.012704 0.230485 0.593300 0.014547 0.148964
2 2 0.015514 0.327032 0.328356 0.006781 0.322317
4 2 0.016346 0.328067 0.289680 0.005991 0.359915
2 2 0.005012 0.155888 0.724777 0.006543 0.107781
4 2 0.039259 0.335699 0.252122 0.006988 0.365931
1 2 0.031350 0.349325 0.273400 0.006131 0.339794
2 2 0.012094 0.280077 0.534881 0.008613 0.164335
4 0 0.101288 0.288796 0.211316 0.022447 0.376153
4 0 0.305676 0.081782 0.014481 0.001563 0.596498
4 1 0.096575 0.369199 0.102890 0.001082 0.430254
4 1 0.021972 0.401218 0.174350 0.000979 0.401481
1 1 0.008768 0.368350 0.351797 0.003991 0.267094
1 1 0.019702 0.402988 0.232720 0.001974 0.342616
4 1 0.018057 0.200279 0.122965 0.003652 0.655047
0 0 0.507339 0.058919 0.008322 0.001236 0.424185
0 0 0.601471 0.143405 0.035974 0.004667 0.214484
4 0 0.055181 0.009147 0.000827 0.000103 0.934742
4 0 0.058859 0.005292 0.000339 0.000046 0.935464
4 0 0.237454 0.064418 0.011521 0.001460 0.685147
4 0 0.109652 0.019018 0.001790 0.000167 0.869374
4 0 0.107161 0.056641 0.007034 0.000254 0.828910
4 0 0.053806 0.026182 0.003965 0.000333 0.915715
4 0 0.051612 0.078253 0.012841 0.000270 0.857024
4 0 0.042705 0.300722 0.091973 0.000797 0.563802
4 1 0.075966 0.283294 0.067836 0.000668 0.572235
4 1 0.027734 0.339887 0.160595 0.001783 0.470001
4 1 0.043486 0.336749 0.127697 0.001422 0.490646
4 0 0.069329 0.077406 0.020656 0.001570 0.831038
4 0 0.251757 0.243589 0.063110 0.002505 0.439039
4 0 0.244215 0.122641 0.023768 0.001455 0.607922
1 0 0.368194 0.480574 0.065304 0.000202 0.085727
0 0 0.420122 0.416910 0.052551 0.000212 0.110205
4 0 0.350214 0.038650 0.004348 0.000582 0.606206
4 0 0.105021 0.021227 0.002529 0.000317 0.870906
4 0 0.051961 0.011223 0.000984 0.000082 0.935750
4 1 0.030652 0.290425 0.098867 0.000827 0.579230
4 1 0.012493 0.039596 0.008834 0.000238 0.938838
4 4 0.032568 0.051175 0.010232 0.000380 0.905645
4 4 0.037381 0.122948 0.033672 0.000794 0.805205
4 4 0.028432 0.081744 0.018806 0.000428 0.870589
4 4 0.064028 0.263135 0.086208 0.001536 0.585093
4 4 0.059495 0.220382 0.058181 0.000828 0.661113
4 4 0.044039 0.132193 0.038495 0.001079 0.784194
4 4 0.045209 0.052865 0.014745 0.001408 0.885773
4 4 0.023882 0.151807 0.051344 0.000904 0.772062
4 4 0.029330 0.019847 0.002878 0.000183 0.947763
4 4 0.034099 0.040255 0.007945 0.000418 0.917283
4 4 0.074574 0.086664 0.023270 0.001634 0.813858
4 4 0.071248 0.052411 0.013011 0.001505 0.861825
4 4 0.049352 0.068617 0.016204 0.000830 0.864997
4 4 0.032002 0.165231 0.048646 0.000750 0.753371
4 4 0.075533 0.262302 0.069180 0.000930 0.592054
4 4 0.041454 0.101789 0.026804 0.000840 0.829113
4 4 0.022848 0.056601 0.014009 0.000504 0.906037
4 4 0.092209 0.170543 0.071092 0.005554 0.660602
4 4 0.032969 0.020023 0.002932 0.000210 0.943867
4 4 0.015841 0.036012 0.007584 0.000259 0.940304
4 4 0.024045 0.018448 0.002535 0.000133 0.954840
4 4 0.013672 0.187797 0.091621 0.001464 0.705446
4 4 0.013226 0.069065 0.022615 0.000656 0.894437
4 4 0.011798 0.063849 0.019687 0.000506 0.904161
4 4 0.011485 0.079309 0.028321 0.000708 0.880178
4 4 0.015168 0.037697 0.008176 0.000267 0.938691
4 4 0.017900 0.219092 0.074028 0.000575 0.688404
4 4 0.039179 0.257821 0.089920 0.001198 0.611881
4 4 0.017886 0.144044 0.055669 0.001059 0.781341
4 4 0.017171 0.110803 0.052003 0.002064 0.817959
4 4 0.015941 0.090959 0.035855 0.001231 0.856015
4 4 0.012761 0.192172 0.096949 0.001499 0.696620
4 4 0.020464 0.156896 0.059296 0.001079 0.762265
4 4 0.016436 0.180038 0.081871 0.001438 0.720217
4 4 0.016635 0.154167 0.063103 0.001141 0.764954
4 4 0.009100 0.148824 0.074740 0.001221 0.766114
4 4 0.010341 0.326024 0.211888 0.001853 0.449894
4 4 0.011510 0.237812 0.144815 0.002117 0.603747
4 4 0.006634 0.219527 0.114168 0.000826 0.658845
4 4 0.005717 0.106476 0.047191 0.000627 0.839989
4 4 0.022924 0.039655 0.008631 0.000391 0.928399
4 4 0.021495 0.196508 0.073800 0.000994 0.707204
4 4 0.011308 0.153666 0.072555 0.001225 0.761246
4 4 0.013776 0.179213 0.079442 0.001131 0.726437
4 4 0.030466 0.182991 0.066692 0.001302 0.718549
4 4 0.058689 0.143225 0.041168 0.001303 0.755614
4 4 0.024253 0.197277 0.086866 0.001792 0.689811
4 4 0.014507 0.081968 0.030438 0.000981 0.872107
4 4 0.016277 0.021257 0.003168 0.000112 0.959186
4 4 0.032365 0.029274 0.005491 0.000383 0.932488
4 4 0.096468 0.163953 0.069094 0.006092 0.664394
4 4 0.016514 0.100918 0.038232 0.001080 0.843255
4 4 0.052024 0.073268 0.017449 0.000872 0.856388
4 4 0.024228 0.020090 0.002918 0.000153 0.952610
4 4 0.017380 0.242608 0.105929 0.001143 0.632940
4 4 0.008912 0.245389 0.126413 0.000994 0.618292
4 4 0.005943 0.134706 0.062126 0.000661 0.796564
4 4 0.004368 0.154895 0.086758 0.000833 0.753145
4 4 0.003097 0.223750 0.161432 0.001053 0.610667
4 4 0.006348 0.237858 0.207413 0.003468 0.544912
4 4 0.012497 0.274282 0.183390 0.002741 0.527090
4 4 0.010558 0.236374 0.143876 0.001957 0.607235
4 4 0.021504 0.251274 0.140400 0.002845 0.583977
4 4 0.007918 0.281180 0.194008 0.001924 0.514971
4 4 0.010661 0.233821 0.111147 0.000952 0.643420
4 4 0.017373 0.276239 0.117116 0.000968 0.588304
4 4 0.027960 0.321097 0.134318 0.001311 0.515315
4 4 0.043365 0.040159 0.009407 0.000882 0.906187
4 4 0.027713 0.101681 0.024515 0.000442 0.845649
4 4 0.011950 0.241756 0.117509 0.001111 0.627674
4 4 0.019842 0.136199 0.043772 0.000684 0.799503
4 4 0.018817 0.084531 0.032339 0.001354 0.862959
4 4 0.004267 0.197360 0.136973 0.001367 0.660033
4 4 0.005455 0.234282 0.167365 0.001696 0.591202
4 4 0.005497 0.237733 0.231132 0.004149 0.521490
4 4 0.006443 0.266145 0.249904 0.004005 0.473504
4 1 0.008422 0.241590 0.185696 0.003101 0.561191
4 1 0.004468 0.256089 0.303209 0.005616 0.430618
