0 0 0.968976 0.019172 0.003689 0.000027 0.008136
0 0 0.987232 0.006539 0.000676 0.000001 0.005551
0 0 0.977270 0.005611 0.000543 0.000001 0.016575
0 0 0.992983 0.001871 0.000114 0.000000 0.005031
0 0 0.993441 0.002646 0.000187 0.000000 0.003726
0 0 0.984038 0.011749 0.001565 0.000006 0.002643
0 0 0.991144 0.003879 0.000322 0.000000 0.004655
0 0 0.978557 0.014786 0.002168 0.000010 0.004478
0 0 0.960596 0.010159 0.001268 0.000003 0.027973
0 0 0.979293 0.010453 0.001319 0.000004 0.008932
0 0 0.973799 0.019191 0.003151 0.000020 0.003839
0 0 0.986435 0.009290 0.001118 0.000003 0.003154
0 0 0.991083 0.005592 0.000543 0.000001 0.002782
0 0 0.996879 0.002779 0.000204 0.000000 0.000138
0 0 0.997563 0.002271 0.000155 0.000000 0.000011
0 0 0.997381 0.002431 0.000170 0.000000 0.000018
0 0 0.976400 0.020015 0.003403 0.000030 0.000153
0 0 0.965370 0.028232 0.005523 0.000064 0.000811
0 0 0.982268 0.014629 0.002151 0.000011 0.000940
0 0 0.965888 0.021630 0.003730 0.000026 0.008726
0 0 0.972301 0.023295 0.004234 0.000045 0.000126
0 0 0.972297 0.021994 0.003843 0.000031 0.001835
0 0 0.981695 0.013783 0.002139 0.000011 0.002372
0 0 0.970122 0.015131 0.002703 0.000015 0.012030
0 0 0.980790 0.012546 0.001936 0.000009 0.004720
0 0 0.971067 0.017223 0.002691 0.000014 0.009004
0 0 0.985154 0.011325 0.001487 0.000005 0.002029
0 0 0.988144 0.008307 0.000954 0.000002 0.002592
0 0 0.990601 0.006718 0.000713 0.000001 0.001967
0 0 0.979015 0.015647 0.002355 0.000012 0.002971
0 0 0.972006 0.021214 0.003640 0.000027 0.003112
0 0 0.928005 0.048335 0.011879 0.000216 0.011565
0 0 0.950830 0.032351 0.008483 0.000126 0.008210
0 0 0.930321 0.042785 0.021627 0.000850 0.004416
0 0 0.953100 0.035212 0.007884 0.000111 0.003693
0 0 0.947567 0.039297 0.008824 0.000134 0.004178
0 0 0.973553 0.019445 0.003211 0.000021 0.003770
0 0 0.955517 0.030052 0.005982 0.000062 0.008387
0 0 0.966378 0.021082 0.003595 0.000024 0.008920
0 0 0.980637 0.013734 0.002230 0.000011 0.003387
0 0 0.976150 0.013227 0.003217 0.000012 0.007394
0 0 0.987065 0.009200 0.001104 0.000003 0.002628
0 0 0.988998 0.007572 0.000836 0.000002 0.002592
0 0 0.982560 0.011560 0.001888 0.000008 0.003983
0 0 0.958676 0.027802 0.005349 0.000051 0.008123
0 0 0.970461 0.020929 0.003564 0.000025 0.005021
0 0 0.941187 0.029082 0.012853 0.000300 0.016578
0 0 0.964018 0.022644 0.007004 0.000099 0.006236
0 0 0.950323 0.030138 0.012156 0.000279 0.007104
0 0 0.986838 0.009481 0.001152 0.000003 0.002525
0 0 0.965584 0.026160 0.004916 0.000047 0.003294
0 0 0.983944 0.013023 0.001820 0.000008 0.001206
0 0 0.959031 0.030365 0.006083 0.000067 0.004453
0 0 0.966599 0.020300 0.003405 0.000022 0.009674
0 0 0.960286 0.021310 0.008302 0.000140 0.009962
0 0 0.917602 0.040888 0.023612 0.000950 0.016948
0 0 0.915867 0.054221 0.016026 0.000385 0.013501
0 0 0.948317 0.030124 0.007102 0.000086 0.014371
0 0 0.972733 0.016558 0.002545 0.000013 0.008151
0 0 0.983057 0.011639 0.001542 0.000006 0.003757
0 0 0.956970 0.014190 0.002043 0.000008 0.026789
0 0 0.940717 0.010434 0.001325 0.000004 0.047520
0 0 0.966361 0.010772 0.001377 0.000004 0.021486
0 0 0.933917 0.009684 0.001194 0.000003 0.055201
0 0 0.903942 0.017666 0.002840 0.000014 0.075537
0 0 0.954619 0.024515 0.004638 0.000038 0.016191
0 0 0.964089 0.023271 0.006003 0.000070 0.006567
0 0 0.976021 0.016292 0.002613 0.000014 0.005061
0 0 0.976623 0.017853 0.002845 0.000017 0.002661
0 0 0.967829 0.016051 0.002433 0.000012 0.013676
0 0 0.959348 0.025146 0.004655 0.000039 0.010812
0 0 0.956140 0.014814 0.002215 0.000009 0.026823
0 0 0.985615 0.008901 0.001349 0.000005 0.004130
0 0 0.964650 0.022457 0.006132 0.000075 0.006686
0 0 0.940473 0.040484 0.009191 0.000136 0.009716
0 0 0.970095 0.017092 0.002662 0.000014 0.010137
0 0 0.987038 0.008571 0.000997 0.000003 0.003392
0 0 0.967391 0.024991 0.004606 0.000042 0.002971
0 0 0.961819 0.028002 0.005413 0.000054 0.004713
0 0 0.896153 0.061496 0.028790 0.001102 0.012458
0 0 0.976441 0.011930 0.001592 0.000006 0.010032
0 0 0.985001 0.010352 0.001305 0.000004 0.003339
0 0 0.984632 0.009326 0.001123 0.000003 0.004916
0 0 0.974955 0.011316 0.001476 0.000005 0.012247
0 0 0.976958 0.013613 0.001946 0.000008 0.007475
0 0 0.986247 0.008893 0.001050 0.000003 0.003808
0 0 0.992065 0.006260 0.000641 0.000001 0.001033
0 0 0.966357 0.024897 0.004574 0.000040 0.004132
0 0 0.975409 0.017792 0.002827 0.000017 0.003956
0 0 0.982131 0.010964 0.001414 0.000005 0.005487
0 0 0.949718 0.031111 0.006705 0.000071 0.012396
0 0 0.979197 0.014545 0.002119 0.000010 0.004130
0 0 0.976338 0.016811 0.002606 0.000014 0.004231
0 0 0.969902 0.020192 0.003382 0.000022 0.006502
0 0 0.938879 0.032912 0.008809 0.000129 0.019272
0 0 0.913169 0.048185 0.011850 0.000204 0.026592
0 0 0.955949 0.030607 0.006143 0.000066 0.007235
0 0 0.981029 0.009081 0.001079 0.000003 0.008809
0 0 0.940084 0.020990 0.004013 0.000028 0.034884
0 0 0.959198 0.014828 0.002457 0.000012 0.023506
0 0 0.984552 0.012175 0.001650 0.000007 0.001616
0 0 0.969564 0.024427 0.004472 0.000042 0.001496
0 0 0.978358 0.018329 0.002988 0.000022 0.000301
0 0 0.954158 0.035655 0.007275 0.000082 0.002829
0 0 0.987817 0.009684 0.001192 0.000004 0.001303
0 0 0.978245 0.012378 0.001679 0.000006 0.007691
0 0 0.980347 0.012524 0.001709 0.000007 0.005413
0 0 0.973946 0.018253 0.003917 0.000033 0.003851
0 0 0.928108 0.040298 0.017612 0.000523 0.013459
0 0 0.949760 0.027620 0.007993 0.000114 0.014512
0 0 0.946641 0.037782 0.008330 0.000116 0.007131
0 0 0.945768 0.035766 0.007684 0.000097 0.010686
0 0 0.974456 0.015757 0.002371 0.000012 0.007404
0 0 0.976139 0.016608 0.002560 0.000014 0.004679
0 0 0.940534 0.040290 0.014108 0.000352 0.004716
0 0 0.955351 0.030750 0.009741 0.000181 0.003977
0 0 0.974249 0.018609 0.003879 0.000032 0.003231
0 0 0.954114 0.031027 0.010577 0.000214 0.004067
0 0 0.949284 0.040429 0.009264 0.000165 0.000859
0 0 0.926879 0.055713 0.014676 0.000357 0.002374
0 0 0.941504 0.045167 0.010821 0.000204 0.002305
0 0 0.977288 0.018660 0.003046 0.000021 0.000984
0 0 0.982018 0.012957 0.001798 0.000007 0.003220
0 0 0.981830 0.012687 0.001743 0.000007 0.003733
0 0 0.973010 0.010536 0.001333 0.000004 0.015117
0 0 0.950375 0.030429 0.006273 0.000067 0.012857
0 0 0.935041 0.031864 0.006517 0.000068 0.026510
0 0 0.956737 0.029624 0.005861 0.000060 0.007718
0 0 0.935237 0.021071 0.004205 0.000026 0.039461
0 0 0.763070 0.036924 0.011957 0.000097 0.187951
0 0 0.928952 0.040747 0.010661 0.000124 0.019516
0 0 0.949916 0.023557 0.004218 0.000031 0.022278
0 0 0.882679 0.028467 0.005650 0.000050 0.083154
0 0 0.916549 0.019984 0.003370 0.000020 0.060077
0 0 0.856136 0.042850 0.010231 0.000150 0.090633
0 0 0.954717 0.018621 0.003012 0.000017 0.023634
0 0 0.934524 0.029728 0.005903 0.000056 0.029788
0 0 0.938302 0.018017 0.002886 0.000015 0.040780
0 0 0.934402 0.030007 0.007714 0.000099 0.027777
0 0 0.900964 0.037927 0.010231 0.000159 0.050720
0 0 0.959620 0.026089 0.005535 0.000040 0.008715
0 0 0.954217 0.024196 0.005761 0.000030 0.015797
0 0 0.963969 0.018481 0.002976 0.000017 0.014557
0 0 0.918987 0.025948 0.004884 0.000039 0.050142
0 0 0.957031 0.027290 0.006348 0.000044 0.009288
0 0 0.892441 0.073152 0.029582 0.000822 0.004002
0 0 0.947682 0.037332 0.011341 0.000157 0.003488
0 0 0.958663 0.028639 0.011608 0.000302 0.000787
0 0 0.967001 0.025606 0.004772 0.000045 0.002576
0 0 0.983458 0.012884 0.001788 0.000008 0.001863
0 0 0.856039 0.063308 0.017859 0.000423 0.062371
0 0 0.970859 0.018003 0.002868 0.000016 0.008253
0 0 0.961180 0.028696 0.005608 0.000058 0.004457
0 0 0.959722 0.028909 0.005663 0.000058 0.005647
0 0 0.966355 0.025618 0.004771 0.000044 0.003212
0 0 0.964395 0.024966 0.004928 0.000046 0.005665
0 0 0.965266 0.027328 0.005245 0.000054 0.002107
0 0 0.934012 0.051087 0.012960 0.000291 0.001650
0 0 0.972033 0.021522 0.003719 0.000028 0.002698
0 0 0.964504 0.027268 0.005220 0.000052 0.002955
0 0 0.854857 0.038468 0.019981 0.000076 0.086618
0 0 0.930866 0.019841 0.003319 0.000019 0.045955
0 0 0.911293 0.011093 0.001461 0.000004 0.076150
0 0 0.979082 0.005962 0.000592 0.000001 0.014364
0 0 0.984709 0.009258 0.001111 0.000003 0.004920
0 0 0.972145 0.015464 0.002307 0.000011 0.010074
0 0 0.728255 0.136744 0.023526 0.000049 0.111426
0 1 0.501277 0.188024 0.036388 0.000079 0.274232
4 1 0.244832 0.321890 0.064953 0.000084 0.368241
4 2 0.027602 0.330431 0.133290 0.000051 0.508625
4 2 0.007342 0.143140 0.103657 0.000038 0.745822
4 1 0.018743 0.062710 0.036662 0.000131 0.881754
4 2 0.093808 0.160520 0.083474 0.000752 0.661445
4 2 0.016848 0.213987 0.190784 0.001224 0.577158
4 2 0.008271 0.085615 0.079200 0.000138 0.826776
4 2 0.006750 0.131907 0.125967 0.000162 0.735215
4 2 0.032227 0.263608 0.161177 0.000035 0.542953
4 1 0.107914 0.080252 0.110955 0.000329 0.700550
4 1 0.097550 0.069597 0.036358 0.000025 0.796470
4 1 0.067505 0.073517 0.095471 0.000083 0.763425
4 1 0.011827 0.058918 0.035195 0.000047 0.894012
4 1 0.047395 0.029849 0.021165 0.000102 0.901489
4 1 0.247103 0.104303 0.058399 0.001607 0.588589
0 1 0.647184 0.070281 0.023089 0.000744 0.258703
0 1 0.596911 0.057495 0.017925 0.000490 0.327178
4 1 0.015412 0.133827 0.050587 0.000030 0.800144
4 0 0.037120 0.121703 0.105046 0.000044 0.736087
0 0 0.768202 0.059721 0.062467 0.001193 0.108418
0 1 0.942665 0.032256 0.006623 0.000071 0.018385
0 1 0.800916 0.131535 0.039970 0.000892 0.026687
2 1 0.007820 0.215944 0.434246 0.000734 0.341257
2 2 0.020442 0.103840 0.478124 0.002895 0.394699
2 2 0.052154 0.109284 0.446414 0.027406 0.364743
2 2 0.001276 0.017427 0.894703 0.046811 0.039783
2 2 0.000016 0.000909 0.986206 0.012359 0.000509
2 2 0.000028 0.000996 0.952780 0.046044 0.000152
2 2 0.004987 0.010735 0.946326 0.035764 0.002189
3 2 0.000598 0.001063 0.265842 0.731743 0.000754
2 2 0.004881 0.018202 0.931879 0.040573 0.004466
2 2 0.000119 0.000448 0.935410 0.064013 0.000010
2 2 0.000581 0.001746 0.715352 0.281756 0.000565
2 2 0.000800 0.001570 0.641293 0.356115 0.000223
3 2 0.000050 0.000169 0.139123 0.860628 0.000030
2 2 0.000171 0.000531 0.583263 0.415903 0.000132
2 1 0.001945 0.002026 0.713543 0.282412 0.000073
2 2 0.009869 0.007548 0.715025 0.267249 0.000310
2 2 0.261133 0.200812 0.461541 0.026314 0.050200
2 1 0.133041 0.217612 0.501974 0.047269 0.100104
2 2 0.082246 0.103473 0.695948 0.095862 0.022472
2 2 0.000450 0.012013 0.928726 0.056018 0.002793
2 2 0.011870 0.006045 0.833702 0.148109 0.000274
2 2 0.002617 0.003061 0.848307 0.145891 0.000124
2 2 0.000206 0.001571 0.921563 0.076539 0.000121
3 2 0.000029 0.000123 0.146866 0.852953 0.000029
3 2 0.000143 0.000279 0.214525 0.785021 0.000032
3 2 0.000903 0.001216 0.287688 0.710013 0.000180
3 2 0.000173 0.000338 0.054801 0.944604 0.000084
3 2 0.000025 0.000115 0.061626 0.938191 0.000043
3 2 0.000654 0.001263 0.156309 0.841543 0.000231
3 3 0.000158 0.000306 0.077224 0.922264 0.000048
3 3 0.000563 0.001392 0.057107 0.940287 0.000651
3 3 0.000871 0.001749 0.127728 0.869220 0.000433
3 3 0.000830 0.001495 0.163955 0.833458 0.000261
3 3 0.000194 0.000368 0.046468 0.952889 0.000081
3 3 0.000004 0.000021 0.013613 0.986350 0.000012
3 3 0.000375 0.000872 0.045470 0.952927 0.000356
3 3 0.001935 0.004278 0.302784 0.690248 0.000755
3 3 0.000119 0.000484 0.112449 0.886760 0.000189
3 3 0.003295 0.007839 0.198819 0.786658 0.003390
3 3 0.000443 0.001466 0.188852 0.808732 0.000507
3 3 0.000180 0.000706 0.048826 0.949791 0.000496
3 3 0.000156 0.000603 0.019892 0.978646 0.000702
3 3 0.001181 0.002452 0.048352 0.945972 0.002043
3 3 0.000561 0.001488 0.054500 0.942646 0.000804
3 3 0.000210 0.000803 0.023073 0.975033 0.000881
3 3 0.000207 0.000793 0.022908 0.975223 0.000870
3 3 0.000272 0.000920 0.027329 0.970652 0.000827
3 3 0.000499 0.001631 0.034588 0.961735 0.001547
3 3 0.000189 0.000729 0.021890 0.976390 0.000803
3 3 0.000087 0.000418 0.025566 0.973488 0.000440
3 3 0.000192 0.001075 0.093339 0.904425 0.000969
3 3 0.000023 0.000153 0.027560 0.972111 0.000154
3 3 0.000028 0.000138 0.010510 0.989166 0.000158
3 3 0.000010 0.000063 0.011874 0.987984 0.000069
3 3 0.000036 0.000183 0.015319 0.984261 0.000201
3 3 0.000014 0.000069 0.005985 0.993850 0.000083
3 3 0.000066 0.000284 0.013062 0.986263 0.000325
3 3 0.000077 0.000327 0.014107 0.985117 0.000372
3 3 0.000075 0.000317 0.013875 0.985372 0.000361
3 3 0.000097 0.000371 0.015427 0.983728 0.000377
3 3 0.000283 0.001153 0.038114 0.959258 0.001191
3 3 0.001030 0.003372 0.050137 0.941982 0.003479
3 3 0.000348 0.001266 0.029553 0.967472 0.001362
3 3 0.000054 0.000234 0.011759 0.987682 0.000270
3 2 0.000465 0.001597 0.034346 0.961987 0.001605
3 2 0.085057 0.064215 0.299145 0.540310 0.011273
2 2 0.150507 0.074185 0.468080 0.301547 0.005680
2 1 0.191743 0.072189 0.502479 0.228659 0.004929
2 2 0.017908 0.024787 0.727142 0.226774 0.003388
2 2 0.046540 0.031643 0.498091 0.418303 0.005424
3 2 0.015282 0.017027 0.278516 0.680962 0.008213
3 2 0.000259 0.000735 0.075096 0.923639 0.000271
3 2 0.000590 0.001382 0.091648 0.905921 0.000459
3 2 0.000620 0.001281 0.084988 0.912744 0.000367
3 2 0.100350 0.078608 0.298122 0.507348 0.015572
2 2 0.045031 0.058036 0.456074 0.426170 0.014688
2 2 0.039998 0.038990 0.529827 0.374164 0.017022
2 2 0.067009 0.044548 0.699877 0.185567 0.003000
2 2 0.161843 0.296603 0.462543 0.041761 0.037250
2 2 0.308676 0.101453 0.401564 0.165177 0.023131
2 3 0.004990 0.037366 0.914266 0.033787 0.009591
3 3 0.006685 0.009081 0.439261 0.543724 0.001249
3 2 0.001092 0.003921 0.374419 0.619200 0.001368
2 2 0.000894 0.005694 0.561240 0.429882 0.002290
3 2 0.001396 0.004165 0.219188 0.772792 0.002460
3 2 0.003735 0.010217 0.259075 0.721076 0.005897
3 3 0.000273 0.001056 0.060968 0.936948 0.000756
3 2 0.005868 0.007739 0.144792 0.839705 0.001896
3 2 0.022619 0.029910 0.339514 0.600501 0.007456
3 2 0.047349 0.034542 0.371904 0.542208 0.003997
3 2 0.000350 0.001598 0.156962 0.840471 0.000620
3 2 0.001433 0.004617 0.358471 0.634430 0.001049
3 2 0.001845 0.003600 0.184944 0.808735 0.000876
3 2 0.000530 0.005012 0.367253 0.624255 0.002950
3 3 0.000159 0.001202 0.096917 0.900781 0.000940
3 3 0.000071 0.000255 0.023860 0.975653 0.000161
3 3 0.000162 0.000500 0.036217 0.962855 0.000267
3 3 0.002296 0.006429 0.157010 0.830626 0.003639
3 3 0.000103 0.000588 0.076013 0.922817 0.000479
3 2 0.001281 0.003080 0.081555 0.912520 0.001564
3 2 0.038415 0.047694 0.221110 0.664451 0.028329
3 2 0.002782 0.007431 0.437234 0.549679 0.002875
3 2 0.039101 0.031466 0.260404 0.652680 0.016348
3 2 0.006911 0.011813 0.438670 0.539462 0.003144
3 2 0.001783 0.003296 0.281372 0.712960 0.000589
3 2 0.000183 0.001511 0.081162 0.915468 0.001676
3 2 0.000307 0.000937 0.068096 0.930149 0.000512
3 2 0.000058 0.000354 0.145157 0.854255 0.000176
3 2 0.001390 0.003168 0.401517 0.593346 0.000578
3 1 0.005425 0.008753 0.154176 0.828839 0.002807
0 1 0.482429 0.170727 0.231990 0.094241 0.020615
0 2 0.336040 0.152384 0.292023 0.202359 0.017194
0 1 0.540448 0.120376 0.290511 0.041023 0.007642
0 2 0.550566 0.126452 0.260756 0.057013 0.005213
0 1 0.659353 0.072307 0.221876 0.040664 0.005801
0 1 0.881609 0.073324 0.028812 0.001182 0.015072
2 2 0.021873 0.059198 0.825902 0.087860 0.005168
2 2 0.028128 0.127658 0.784792 0.024143 0.035279
2 2 0.035136 0.090162 0.803460 0.063743 0.007498
2 2 0.001719 0.030935 0.938656 0.022347 0.006342
2 2 0.000349 0.001484 0.698897 0.299111 0.000158
2 2 0.000131 0.003271 0.953210 0.042421 0.000967
2 2 0.005541 0.013706 0.736860 0.237483 0.006409
2 2 0.002110 0.017244 0.940504 0.015522 0.024619
2 2 0.032036 0.092327 0.794866 0.012056 0.068715
2 2 0.005606 0.019485 0.677962 0.290604 0.006344
2 2 0.027193 0.037723 0.871654 0.054571 0.008858
2 1 0.216377 0.082640 0.601117 0.089727 0.010138
0 1 0.361492 0.137898 0.328032 0.081287 0.091291
2 1 0.068589 0.089728 0.771617 0.026324 0.043741
2 2 0.004205 0.014414 0.764917 0.213725 0.002739
3 2 0.001330 0.001554 0.237284 0.759072 0.000761
3 2 0.003363 0.005132 0.352350 0.638138 0.001017
2 2 0.230724 0.075414 0.644709 0.036160 0.012993
2 2 0.042500 0.038420 0.796540 0.120094 0.002446
2 2 0.004658 0.014027 0.868822 0.111484 0.001008
2 2 0.000476 0.004903 0.990539 0.003463 0.000619
2 2 0.004850 0.008216 0.970015 0.012601 0.004318
2 2 0.000821 0.001869 0.868149 0.128707 0.000454
2 2 0.000455 0.003342 0.940990 0.053411 0.001801
2 2 0.002554 0.015305 0.918974 0.061520 0.001647
2 0 0.027461 0.017957 0.822099 0.131774 0.000709
2 1 0.230665 0.114986 0.498187 0.146971 0.009191
2 2 0.087131 0.343683 0.521120 0.006880 0.041186
2 2 0.028227 0.261325 0.646522 0.017096 0.046831
2 2 0.012248 0.083119 0.612339 0.265493 0.026800
2 2 0.032630 0.067335 0.727364 0.163662 0.009009
2 2 0.013987 0.016784 0.596871 0.370786 0.001572
2 2 0.109162 0.048332 0.601049 0.239185 0.002272
2 1 0.056059 0.028066 0.789840 0.123391 0.002643
2 1 0.139107 0.058007 0.704913 0.077317 0.020656
2 2 0.176395 0.068299 0.648208 0.096555 0.010543
2 2 0.014344 0.029274 0.833044 0.121057 0.002281
2 2 0.003413 0.011982 0.710458 0.272608 0.001540
2 2 0.003873 0.010513 0.707179 0.276915 0.001519
2 2 0.028931 0.031629 0.689473 0.244904 0.005063
2 2 0.020157 0.022616 0.622508 0.332686 0.002033
2 2 0.003144 0.014487 0.801158 0.179378 0.001833
2 2 0.010876 0.019031 0.859176 0.108741 0.002175
2 2 0.008549 0.015512 0.964450 0.011159 0.000330
2 2 0.002433 0.030175 0.952653 0.012257 0.002481
2 2 0.000387 0.002759 0.869106 0.127323 0.000425
2 2 0.013273 0.010798 0.655529 0.319836 0.000563
3 2 0.008426 0.004462 0.251409 0.735507 0.000196
2 1 0.117306 0.061098 0.538029 0.279329 0.004238
0 1 0.527604 0.139257 0.224428 0.091252 0.017459
0 1 0.772057 0.142349 0.063269 0.005064 0.017261
0 1 0.632214 0.142413 0.146895 0.000702 0.077776
0 2 0.441426 0.352867 0.115978 0.000198 0.089531
2 2 0.196922 0.280802 0.445632 0.003772 0.072872
2 2 0.046876 0.108629 0.476011 0.339737 0.028746
2 2 0.081935 0.126847 0.655637 0.101881 0.033699
2 2 0.041844 0.235474 0.676298 0.002102 0.044282
2 2 0.026038 0.053242 0.872697 0.042803 0.005221
2 2 0.003832 0.049544 0.926309 0.005659 0.014656
2 2 0.003167 0.028768 0.940366 0.024010 0.003689
2 2 0.034408 0.040520 0.509201 0.408554 0.007317
2 2 0.022242 0.042424 0.663767 0.264857 0.006710
2 2 0.144567 0.149029 0.513017 0.165835 0.027552
2 2 0.318623 0.137941 0.456647 0.045285 0.041505
2 2 0.017235 0.024702 0.819863 0.135675 0.002525
2 2 0.027621 0.024404 0.502341 0.443479 0.002154
2 2 0.021458 0.020656 0.504839 0.449491 0.003556
3 2 0.086027 0.064586 0.396515 0.443541 0.009331
2 2 0.006215 0.026240 0.579097 0.381052 0.007395
2 2 0.005907 0.011316 0.542182 0.438559 0.002036
3 2 0.000297 0.002669 0.480417 0.515908 0.000709
3 2 0.006538 0.008798 0.399271 0.584151 0.001242
2 2 0.038461 0.032935 0.571872 0.353370 0.003363
3 2 0.006623 0.023150 0.429963 0.533651 0.006612
2 2 0.009288 0.055913 0.839441 0.080405 0.014953
2 2 0.035144 0.051289 0.549357 0.351573 0.012637
3 2 0.005479 0.010151 0.289778 0.691585 0.003007
3 2 0.042299 0.031326 0.330942 0.591589 0.003845
2 1 0.040015 0.022774 0.770807 0.165512 0.000892
0 1 0.707379 0.120025 0.160109 0.009455 0.003032
0 1 0.855424 0.103518 0.034082 0.001330 0.005646
2 2 0.299268 0.255991 0.420076 0.015160 0.009504
2 2 0.232910 0.177558 0.502638 0.051902 0.034992
0 2 0.419187 0.140725 0.269727 0.159806 0.010556
2 2 0.027654 0.109452 0.811248 0.021996 0.029651
2 2 0.240473 0.105418 0.545215 0.085488 0.023406
2 2 0.029583 0.068763 0.842762 0.045467 0.013425
2 2 0.016152 0.041734 0.869110 0.068846 0.004158
2 2 0.081826 0.057395 0.814531 0.043875 0.002374
2 2 0.007352 0.016127 0.924046 0.046691 0.005783
2 2 0.006366 0.017889 0.861819 0.094331 0.019596
2 2 0.001592 0.006663 0.954361 0.036169 0.001215
2 2 0.000010 0.000564 0.985848 0.013546 0.000033
2 2 0.000023 0.000813 0.942129 0.056970 0.000065
2 1 0.076702 0.055430 0.782585 0.073206 0.012077
2 1 0.210599 0.069400 0.470844 0.235720 0.013436
2 1 0.140287 0.061197 0.667576 0.122106 0.008835
0 2 0.484984 0.120878 0.320493 0.049029 0.024617
2 2 0.036970 0.163821 0.749111 0.026267 0.023831
2 2 0.000759 0.018770 0.966697 0.012319 0.001455
2 2 0.001298 0.021969 0.965047 0.010285 0.001402
2 2 0.008384 0.046123 0.843891 0.096335 0.005268
2 2 0.006084 0.041777 0.945178 0.004787 0.002174
2 2 0.014485 0.028814 0.930865 0.022648 0.003188
2 2 0.032601 0.021310 0.668152 0.270494 0.007444
2 2 0.000787 0.005124 0.973068 0.019906 0.001115
2 2 0.000098 0.004268 0.961587 0.033143 0.000904
2 2 0.001174 0.009977 0.846419 0.138738 0.003693
0 0 0.511611 0.124048 0.353586 0.002551 0.008204
0 0 0.981826 0.015348 0.002312 0.000014 0.000501
0 0 0.996245 0.003307 0.000261 0.000000 0.000188
0 0 0.992970 0.006235 0.000644 0.000001 0.000151
0 0 0.993554 0.005768 0.000577 0.000001 0.000099
0 0 0.981986 0.014873 0.002203 0.000012 0.000926
0 0 0.986515 0.007141 0.000767 0.000002 0.005576
0 0 0.963776 0.023219 0.004129 0.000032 0.008844
0 0 0.961368 0.030013 0.005996 0.000068 0.002554
0 0 0.960047 0.027704 0.005225 0.000047 0.006977
0 0 0.942855 0.027792 0.005350 0.000048 0.023955
0 0 0.935279 0.037361 0.008187 0.000105 0.019067
0 0 0.928071 0.045069 0.010734 0.000175 0.015949
0 0 0.953536 0.032866 0.005596 0.000030 0.007973
0 0 0.905921 0.067548 0.013449 0.000089 0.012994
0 0 0.839389 0.113267 0.020502 0.000067 0.026775
0 0 0.839498 0.103455 0.026712 0.000362 0.029974
0 0 0.720807 0.222037 0.038643 0.000072 0.018441
0 0 0.915937 0.060110 0.012492 0.000105 0.011357
0 0 0.941079 0.032418 0.006824 0.000071 0.019607
0 0 0.965227 0.021891 0.003795 0.000027 0.009060
0 0 0.953798 0.028934 0.005662 0.000055 0.011551
0 0 0.948862 0.029980 0.005959 0.000060 0.015139
0 0 0.926211 0.039260 0.008806 0.000118 0.025605
0 0 0.951216 0.030473 0.006100 0.000063 0.012148
0 0 0.681455 0.193692 0.032060 0.000047 0.092746
0 1 0.892480 0.052969 0.013654 0.000260 0.040637
0 1 0.969734 0.022707 0.004011 0.000032 0.003517
0 0 0.919920 0.046892 0.009269 0.000070 0.023849
0 1 0.883993 0.057011 0.011972 0.000097 0.046926
0 1 0.932489 0.029869 0.005045 0.000025 0.032572
0 1 0.895200 0.043844 0.010410 0.000156 0.050390
0 1 0.826933 0.105565 0.020158 0.000080 0.047264
0 0 0.930543 0.045433 0.008569 0.000056 0.015399
0 1 0.961306 0.019223 0.003149 0.000018 0.016303
0 1 0.817408 0.122654 0.020620 0.000046 0.039272
0 1 0.939197 0.037142 0.008114 0.000105 0.015441
0 1 0.884983 0.078011 0.014965 0.000076 0.021965
0 1 0.767559 0.085109 0.016738 0.000075 0.130519
0 1 0.892386 0.035712 0.006668 0.000043 0.065192
0 1 0.874519 0.028575 0.005049 0.000028 0.091828
0 1 0.957113 0.013952 0.001995 0.000008 0.026933
0 1 0.913310 0.010938 0.001431 0.000004 0.074317
0 0 0.924664 0.017229 0.002720 0.000013 0.055374
0 0 0.935143 0.031963 0.006546 0.000069 0.026279
0 1 0.952113 0.032613 0.006729 0.000077 0.008467
0 1 0.654467 0.206822 0.043603 0.000033 0.095075
0 1 0.848494 0.089871 0.016398 0.000060 0.045177
0 1 0.887044 0.080131 0.015758 0.000089 0.016979
0 1 0.967999 0.020422 0.003436 0.000023 0.008121
0 1 0.979658 0.012786 0.001760 0.000007 0.005789
0 1 0.916176 0.035473 0.003449 0.000002 0.044901
0 1 0.961873 0.015383 0.002290 0.000010 0.020444
0 1 0.915707 0.022692 0.004514 0.000026 0.057061
0 1 0.954024 0.015761 0.002375 0.000011 0.027829
0 1 0.758129 0.058796 0.007849 0.000009 0.175217
0 1 0.947658 0.014289 0.002026 0.000007 0.036020
0 1 0.509214 0.079853 0.015381 0.000049 0.395503
0 1 0.584049 0.067803 0.022679 0.000069 0.325399
0 1 0.838608 0.026288 0.004317 0.000018 0.130769
0 0 0.857456 0.025221 0.004806 0.000037 0.112479
0 1 0.694451 0.031739 0.007240 0.000086 0.266484
4 1 0.292783 0.016809 0.002738 0.000006 0.687663
0 1 0.520137 0.024971 0.005789 0.000068 0.449036
0 1 0.707917 0.020219 0.003783 0.000026 0.268056
0 1 0.731866 0.023843 0.004596 0.000024 0.239671
4 1 0.122488 0.041503 0.006853 0.000007 0.829148
4 1 0.462009 0.037041 0.006769 0.000024 0.494157
0 1 0.561364 0.040080 0.010999 0.000209 0.387348
4 1 0.279929 0.160401 0.051624 0.000091 0.507955
4 1 0.173882 0.101024 0.059925 0.000227 0.664942
4 0 0.405516 0.045067 0.023437 0.000093 0.525887
0 0 0.640156 0.041541 0.024346 0.000250 0.293707
0 1 0.899211 0.053817 0.013939 0.000273 0.032760
0 1 0.950104 0.034841 0.007403 0.000093 0.007559
0 1 0.793218 0.140466 0.034979 0.000051 0.031286
0 1 0.704434 0.120821 0.020185 0.000038 0.154522
0 1 0.512270 0.263924 0.051513 0.000101 0.172192
1 1 0.253614 0.464671 0.132482 0.000592 0.148640
1 1 0.092270 0.413901 0.222004 0.001092 0.270734
2 1 0.096250 0.187686 0.549285 0.021895 0.144884
2 1 0.037014 0.169077 0.599436 0.006292 0.188181
2 1 0.047718 0.223266 0.678226 0.004941 0.045850
2 2 0.001877 0.038511 0.938840 0.008219 0.012553
2 2 0.000882 0.013239 0.922513 0.058209 0.005157
2 1 0.001053 0.015242 0.963927 0.010926 0.008852
0 1 0.590933 0.181905 0.062971 0.000978 0.163213
4 2 0.270495 0.254532 0.198342 0.000428 0.276203
2 2 0.065681 0.098664 0.720514 0.025561 0.089581
2 2 0.005528 0.097694 0.840543 0.005082 0.051153
2 2 0.032197 0.069556 0.861587 0.012881 0.023778
2 2 0.021983 0.060910 0.902358 0.003754 0.010996
2 2 0.014729 0.095508 0.849835 0.009565 0.030362
2 2 0.000216 0.008650 0.985335 0.001211 0.004589
2 2 0.000219 0.007885 0.986270 0.001209 0.004418
2 2 0.000371 0.006773 0.976081 0.006797 0.009978
2 2 0.000647 0.007436 0.958840 0.027241 0.005836
2 2 0.001783 0.025310 0.945295 0.010073 0.017540
2 2 0.000593 0.006350 0.982339 0.008557 0.002161
2 2 0.001496 0.011030 0.979325 0.005003 0.003145
2 2 0.000045 0.001190 0.986581 0.011448 0.000736
2 2 0.000141 0.004203 0.974986 0.019141 0.001529
2 2 0.001788 0.013933 0.938477 0.038479 0.007322
2 2 0.000935 0.004292 0.895990 0.096888 0.001896
2 2 0.003647 0.013904 0.919128 0.055721 0.007599
2 2 0.001490 0.015630 0.976908 0.002150 0.003822
2 2 0.003196 0.005363 0.862804 0.120927 0.007710
2 2 0.000436 0.004726 0.839474 0.150105 0.005259
2 2 0.001169 0.007955 0.970608 0.018100 0.002168
2 2 0.001107 0.005426 0.844559 0.146802 0.002106
2 2 0.000711 0.003567 0.860648 0.132627 0.002447
2 2 0.000379 0.005467 0.915921 0.074234 0.003998
2 2 0.000140 0.001346 0.851845 0.146140 0.000529
2 2 0.000488 0.001516 0.557118 0.440278 0.000600
2 2 0.002504 0.007913 0.683057 0.303878 0.002649
2 2 0.003203 0.011215 0.925679 0.058764 0.001139
2 2 0.000303 0.005331 0.940263 0.051890 0.002213
2 1 0.205915 0.060699 0.680665 0.046585 0.006136
0 0 0.417367 0.133189 0.405108 0.038521 0.005815
0 1 0.924007 0.057568 0.015386 0.000387 0.002653
0 1 0.902935 0.059957 0.016269 0.000373 0.020465
0 2 0.839793 0.099674 0.031024 0.000767 0.028742
2 2 0.302989 0.154333 0.442425 0.084561 0.015691
2 2 0.290025 0.119735 0.472550 0.104251 0.013439
2 2 0.238849 0.158622 0.475515 0.080970 0.046044
2 2 0.344553 0.071840 0.516564 0.037749 0.029294
0 2 0.583184 0.129100 0.200094 0.047967 0.039656
2 2 0.033124 0.030563 0.734118 0.196438 0.005757
2 2 0.277614 0.169339 0.430916 0.012963 0.109168
2 2 0.049648 0.029705 0.776242 0.136860 0.007545
2 2 0.092444 0.047089 0.669030 0.173006 0.018431
2 2 0.291754 0.108054 0.461191 0.113985 0.025017
2 2 0.018525 0.010635 0.764255 0.204425 0.002160
2 2 0.007702 0.007273 0.693203 0.290878 0.000943
2 2 0.012506 0.015755 0.592259 0.376475 0.003004
0 2 0.431986 0.078501 0.408708 0.066914 0.013890
2 2 0.006465 0.012961 0.826001 0.153587 0.000986
2 2 0.004132 0.006982 0.864783 0.123760 0.000343
2 2 0.074405 0.096460 0.634025 0.160479 0.034631
2 2 0.002310 0.020227 0.959553 0.015703 0.002208
2 2 0.045930 0.058562 0.801261 0.082991 0.011256
3 3 0.000504 0.000969 0.139341 0.858985 0.000201
3 2 0.000388 0.002608 0.388324 0.607829 0.000851
3 2 0.006785 0.009925 0.460060 0.521746 0.001484
2 2 0.005374 0.033764 0.895774 0.058088 0.007001
2 2 0.010444 0.024469 0.914131 0.046776 0.004180
2 2 0.000468 0.004534 0.974813 0.019015 0.001169
2 2 0.000040 0.000867 0.757633 0.241099 0.000362
2 2 0.000168 0.001927 0.786356 0.211250 0.000300
2 2 0.005233 0.030351 0.849300 0.107651 0.007464
2 1 0.056328 0.046653 0.645407 0.244124 0.007489
3 1 0.207585 0.095265 0.306949 0.380505 0.009696
0 2 0.501777 0.169490 0.222009 0.083354 0.023370
2 1 0.271159 0.067412 0.551461 0.105744 0.004226
2 1 0.307783 0.076532 0.538711 0.075136 0.001839
0 2 0.700645 0.107767 0.168355 0.019344 0.003890
0 2 0.676714 0.086018 0.206095 0.012926 0.018248
0 2 0.583031 0.064706 0.330131 0.018811 0.003322
2 2 0.262019 0.130288 0.584753 0.011442 0.011498
2 2 0.004746 0.019924 0.959421 0.015154 0.000756
2 2 0.026788 0.013505 0.767433 0.191413 0.000861
2 2 0.052887 0.043707 0.838470 0.058616 0.006320
0 2 0.369897 0.127068 0.316022 0.176326 0.010686
0 2 0.440995 0.119208 0.269284 0.133360 0.037154
0 1 0.608290 0.131181 0.190622 0.057837 0.012070
0 2 0.498849 0.098909 0.392432 0.007003 0.002807
0 2 0.745205 0.104342 0.141036 0.002573 0.006844
0 1 0.885266 0.064666 0.046432 0.001192 0.002444
0 2 0.913962 0.061069 0.017957 0.000480 0.006531
0 2 0.695167 0.126792 0.140269 0.018785 0.018987
0 2 0.840243 0.070351 0.069657 0.004002 0.015747
2 2 0.273747 0.080280 0.509720 0.122480 0.013773
2 2 0.227720 0.066779 0.630729 0.063845 0.010927
2 2 0.400462 0.080336 0.465302 0.044595 0.009305
2 2 0.132197 0.093439 0.764736 0.003229 0.006399
2 2 0.143573 0.077494 0.767902 0.001096 0.009935
0 0 0.869227 0.077417 0.023726 0.000741 0.028888
0 0 0.988210 0.007192 0.000776 0.000002 0.003820
0 1 0.923532 0.050005 0.012479 0.000234 0.013750
0 1 0.955064 0.030411 0.004469 0.000014 0.010042
0 1 0.663713 0.241591 0.033202 0.000021 0.061474
0 1 0.486296 0.281346 0.079930 0.000646 0.151783
1 2 0.305688 0.315911 0.113091 0.001598 0.263712
4 2 0.032881 0.137679 0.346568 0.017526 0.465346
2 1 0.000622 0.060143 0.832549 0.050752 0.055933
2 1 0.002760 0.029917 0.776994 0.173089 0.017240
4 1 0.144580 0.112176 0.179712 0.005906 0.557626
2 2 0.047918 0.107320 0.540467 0.102851 0.201443
2 2 0.001718 0.034507 0.943014 0.005474 0.015287
2 2 0.002410 0.025148 0.872879 0.087424 0.012138
2 2 0.114969 0.087493 0.634075 0.033137 0.130326
4 2 0.074108 0.181558 0.294819 0.004585 0.444930
2 2 0.013025 0.087880 0.566207 0.006732 0.326157
2 2 0.003775 0.032306 0.882347 0.037505 0.044066
2 2 0.027059 0.034361 0.762360 0.095001 0.081219
0 2 0.386980 0.161403 0.200664 0.001581 0.249372
4 2 0.002886 0.128337 0.432057 0.000658 0.436062
2 2 0.000536 0.031832 0.906483 0.000679 0.060470
2 2 0.022232 0.027547 0.772390 0.050348 0.127484
0 1 0.528154 0.071890 0.111837 0.001124 0.286995
0 1 0.428848 0.223776 0.094594 0.000392 0.252389
2 1 0.222662 0.252164 0.463209 0.006754 0.055212
0 1 0.805279 0.093670 0.065643 0.001374 0.034034
0 1 0.931844 0.037128 0.014373 0.000080 0.016575
0 1 0.707843 0.165496 0.103351 0.000051 0.023259
0 1 0.679572 0.204356 0.046318 0.000007 0.069748
0 0 0.740319 0.128934 0.016273 0.000010 0.114465
0 4 0.775885 0.118446 0.036399 0.000032 0.069239
0 4 0.861212 0.041366 0.009709 0.000136 0.087578
4 0 0.347887 0.013589 0.002876 0.000025 0.635623
4 0 0.126009 0.006680 0.001596 0.000018 0.865696
0 4 0.865880 0.029182 0.005894 0.000054 0.098989
4 4 0.472361 0.039962 0.009879 0.000112 0.477686
0 4 0.787714 0.042985 0.010605 0.000163 0.158533
0 4 0.489718 0.022834 0.005225 0.000059 0.482164
4 4 0.317133 0.078239 0.016724 0.000061 0.587843
0 4 0.892384 0.013454 0.001937 0.000007 0.092218
0 4 0.856473 0.022084 0.003980 0.000027 0.117436
0 4 0.511777 0.051535 0.010049 0.000042 0.426597
0 4 0.651687 0.026016 0.005598 0.000056 0.316644
4 4 0.306806 0.016767 0.004084 0.000052 0.672292
4 4 0.400335 0.037155 0.024072 0.000192 0.538246
4 4 0.356121 0.037645 0.018713 0.000295 0.587227
0 4 0.539372 0.039100 0.019874 0.000544 0.401111
0 4 0.691137 0.109667 0.022629 0.000100 0.176466
0 4 0.470171 0.301800 0.060407 0.000117 0.167505
0 4 0.662084 0.043267 0.009205 0.000069 0.285375
0 4 0.863688 0.033004 0.008153 0.000070 0.095085
0 4 0.663038 0.038966 0.019822 0.000111 0.278062
0 4 0.772766 0.022174 0.003154 0.000008 0.201899
4 4 0.225331 0.066869 0.008617 0.000004 0.699180
4 4 0.452502 0.039493 0.007812 0.000036 0.500156
0 0 0.577866 0.068356 0.013278 0.000051 0.340448
0 4 0.776618 0.030059 0.006409 0.000065 0.186848
0 4 0.643356 0.066683 0.011472 0.000030 0.278459
4 4 0.110382 0.239427 0.106786 0.000048 0.543356
0 4 0.614794 0.031363 0.007477 0.000098 0.346268
4 1 0.352321 0.018089 0.004296 0.000052 0.625241
0 4 0.716349 0.018954 0.003434 0.000022 0.261241
0 4 0.855628 0.025123 0.004634 0.000032 0.114582
4 4 0.457117 0.056033 0.012416 0.000076 0.474358
0 4 0.580879 0.043149 0.010211 0.000107 0.365654
4 4 0.268588 0.021752 0.006248 0.000123 0.703289
4 4 0.375673 0.020344 0.003016 0.000006 0.600961
4 4 0.471568 0.041646 0.006104 0.000009 0.480673
4 4 0.378943 0.078913 0.010958 0.000008 0.531177
4 4 0.205683 0.027514 0.004952 0.000012 0.761839
0 4 0.676069 0.025535 0.005371 0.000051 0.292974
0 4 0.901393 0.018365 0.003005 0.000016 0.077221
0 4 0.981435 0.007809 0.000870 0.000002 0.009884
0 4 0.836065 0.028385 0.005741 0.000052 0.129756
4 4 0.252912 0.097698 0.057233 0.000263 0.591894
4 4 0.013030 0.076385 0.123616 0.000742 0.786228
4 0 0.080517 0.091109 0.042562 0.000053 0.785760
0 1 0.520427 0.064850 0.022497 0.000808 0.391418
0 1 0.854851 0.078370 0.017981 0.000173 0.048625
0 1 0.791355 0.162904 0.023527 0.000026 0.022187
0 1 0.971557 0.021382 0.003272 0.000015 0.003773
0 1 0.983078 0.008793 0.001031 0.000003 0.007096
0 1 0.941744 0.032480 0.004187 0.000007 0.021583
0 1 0.886589 0.076008 0.009455 0.000009 0.027939
0 1 0.948074 0.030385 0.004743 0.000018 0.016779
0 1 0.933327 0.033707 0.004524 0.000009 0.028433
0 1 0.919177 0.050018 0.010461 0.000096 0.020249
0 1 0.862432 0.067492 0.019524 0.000502 0.050050
0 0 0.848886 0.095683 0.015200 0.000032 0.040199
0 0 0.936494 0.024856 0.004569 0.000035 0.034047
0 1 0.944199 0.031836 0.006498 0.000069 0.017398
0 1 0.800377 0.154354 0.022624 0.000027 0.022618
0 1 0.452859 0.447936 0.053469 0.000012 0.045724
1 1 0.316910 0.496626 0.072496 0.000026 0.113942
1 1 0.077240 0.444678 0.214192 0.000944 0.262947
1 1 0.086295 0.409416 0.283598 0.005268 0.215423
4 1 0.178088 0.282006 0.109370 0.000568 0.429967
0 1 0.378620 0.365183 0.154727 0.001683 0.099786
2 2 0.017299 0.257089 0.671113 0.000157 0.054343
2 2 0.000713 0.008876 0.978918 0.007886 0.003607
2 2 0.000077 0.004577 0.991143 0.003250 0.000953
2 2 0.002296 0.033069 0.942927 0.000904 0.020804
2 2 0.004496 0.019886 0.955235 0.016814 0.003568
2 2 0.006455 0.019330 0.960693 0.005075 0.008446
2 2 0.003464 0.026451 0.924404 0.020254 0.025428
2 2 0.012144 0.049222 0.818152 0.057167 0.063314
2 2 0.001892 0.005293 0.943542 0.046922 0.002352
2 2 0.008766 0.049165 0.907307 0.005151 0.029611
2 1 0.010544 0.027858 0.934411 0.005761 0.021427
1 1 0.099631 0.388955 0.386010 0.000889 0.124514
2 1 0.012123 0.067876 0.812796 0.021573 0.085632
2 1 0.012077 0.019316 0.936432 0.023867 0.008308
2 1 0.010596 0.034630 0.943732 0.007442 0.003601
2 2 0.012054 0.085102 0.893103 0.001245 0.008496
2 2 0.021314 0.048646 0.920862 0.003834 0.005345
2 2 0.010934 0.091147 0.884777 0.000772 0.012370
2 2 0.039689 0.069091 0.866374 0.007333 0.017512
2 2 0.005124 0.011804 0.900944 0.080431 0.001697
2 2 0.000072 0.001019 0.972558 0.026244 0.000108
2 2 0.006870 0.029805 0.940201 0.011952 0.011171
2 2 0.001202 0.009584 0.969396 0.017334 0.002484
2 2 0.006868 0.022872 0.832261 0.131017 0.006982
2 2 0.001368 0.019086 0.945906 0.025745 0.007895
2 2 0.000848 0.013794 0.966929 0.016609 0.001820
2 2 0.013697 0.031009 0.889990 0.057039 0.008265
2 2 0.010360 0.058818 0.892217 0.020536 0.018069
2 2 0.230053 0.066659 0.667480 0.028639 0.007168
2 1 0.127153 0.026934 0.805357 0.039312 0.001244
0 2 0.882936 0.078845 0.036076 0.000821 0.001322
2 2 0.077588 0.048950 0.656175 0.204410 0.012877
2 2 0.012203 0.017950 0.935442 0.032108 0.002298
2 2 0.005566 0.021345 0.957338 0.010377 0.005374
2 2 0.001437 0.008951 0.963079 0.024994 0.001539
2 2 0.001585 0.005269 0.981921 0.010220 0.001005
2 2 0.012417 0.037910 0.935896 0.005852 0.007925
2 2 0.002012 0.021999 0.945594 0.018460 0.011934
2 2 0.000056 0.002926 0.963643 0.032986 0.000389
2 2 0.000157 0.001457 0.960141 0.038204 0.000041
2 1 0.001838 0.001461 0.610322 0.386342 0.000037
2 1 0.121962 0.127600 0.662555 0.030494 0.057389
2 1 0.396986 0.134499 0.411199 0.019141 0.038175
0 1 0.463202 0.109337 0.300236 0.006889 0.120335
0 1 0.829569 0.104438 0.037039 0.001728 0.027226
0 1 0.910306 0.057124 0.011727 0.000093 0.020750
0 1 0.965639 0.023166 0.004118 0.000032 0.007045
0 1 0.830255 0.106480 0.018192 0.000047 0.045026
0 1 0.871922 0.089415 0.018616 0.000122 0.019926
1 2 0.228938 0.539127 0.159451 0.000512 0.071973
2 2 0.068704 0.294599 0.570995 0.001495 0.064206
2 2 0.034107 0.155980 0.605615 0.022167 0.182131
2 2 0.032200 0.074539 0.840141 0.033509 0.019611
2 2 0.008264 0.090981 0.895079 0.000427 0.005250
2 2 0.009759 0.040179 0.927787 0.016592 0.005682
2 2 0.004257 0.029953 0.930508 0.030251 0.005030
2 2 0.002815 0.022913 0.956048 0.015467 0.002758
2 2 0.014324 0.012572 0.553619 0.415014 0.004471
2 2 0.000063 0.002827 0.988837 0.008128 0.000145
2 2 0.001372 0.006301 0.834012 0.157707 0.000607
2 2 0.002215 0.016985 0.908335 0.069630 0.002834
2 2 0.002990 0.013442 0.897796 0.084681 0.001091
3 2 0.000942 0.002223 0.483441 0.513109 0.000285
2 2 0.000294 0.001563 0.523068 0.474778 0.000296
2 2 0.000078 0.001100 0.890567 0.108146 0.000109
2 2 0.000030 0.000431 0.845987 0.153518 0.000034
3 2 0.000064 0.000254 0.402109 0.597540 0.000034
2 2 0.006423 0.007950 0.539146 0.445698 0.000783
2 2 0.002697 0.010772 0.925095 0.060826 0.000610
2 3 0.006389 0.008577 0.515046 0.469136 0.000853
3 2 0.015629 0.011725 0.203872 0.767428 0.001345
3 2 0.001929 0.004169 0.308189 0.684959 0.000754
3 2 0.000342 0.000908 0.096746 0.901716 0.000289
3 2 0.000065 0.000234 0.054710 0.944904 0.000087
3 2 0.000255 0.001009 0.031145 0.966523 0.001068
3 2 0.000553 0.001700 0.035852 0.960408 0.001487
3 2 0.000089 0.000610 0.175281 0.823678 0.000343
3 3 0.000203 0.000989 0.088824 0.909240 0.000742
3 3 0.001267 0.003489 0.069676 0.923144 0.002425
3 3 0.000269 0.000778 0.039852 0.958669 0.000432
3 2 0.000262 0.000532 0.021755 0.977223 0.000228
3 2 0.000770 0.003321 0.089765 0.903962 0.002182
3 2 0.001243 0.002752 0.057053 0.937477 0.001476
3 3 0.000747 0.002574 0.102640 0.892356 0.001683
3 3 0.000573 0.002075 0.090486 0.905438 0.001427
3 3 0.001885 0.005809 0.066956 0.919495 0.005855
3 3 0.000193 0.000875 0.041797 0.956253 0.000881
3 3 0.000944 0.001957 0.102834 0.893073 0.001191
3 3 0.000041 0.000221 0.020476 0.979027 0.000234
3 3 0.000157 0.000619 0.020016 0.978521 0.000686
3 3 0.000232 0.000899 0.026486 0.971412 0.000970
3 3 0.000049 0.000227 0.013832 0.985637 0.000255
3 3 0.000267 0.000999 0.025984 0.971664 0.001085
3 3 0.000073 0.000310 0.013713 0.985550 0.000354
3 3 0.000267 0.001007 0.026987 0.970652 0.001088
3 3 0.000340 0.001278 0.032832 0.964196 0.001354
3 3 0.000812 0.002722 0.044700 0.948930 0.002835
3 3 0.000348 0.001268 0.029585 0.967434 0.001364
3 3 0.000254 0.000955 0.025348 0.972404 0.001039
3 3 0.000081 0.000341 0.014450 0.984740 0.000388
3 3 0.000281 0.001060 0.032960 0.964659 0.001040
3 3 0.011461 0.057705 0.346311 0.487202 0.097321
3 3 0.000138 0.000551 0.018777 0.979921 0.000613
3 3 0.000065 0.000280 0.012960 0.986374 0.000320
3 3 0.000109 0.000429 0.016554 0.982451 0.000456
3 3 0.000316 0.001237 0.049925 0.947452 0.001071
3 3 0.000040 0.000202 0.016368 0.983169 0.000222
3 3 0.000167 0.000781 0.041300 0.956967 0.000785
3 3 0.000219 0.000902 0.035223 0.962758 0.000898
3 3 0.000179 0.000696 0.021332 0.977026 0.000767
3 3 0.001327 0.004235 0.056626 0.933484 0.004328
3 3 0.000042 0.000189 0.010741 0.988808 0.000220
3 3 0.000072 0.000272 0.013155 0.986242 0.000260
3 3 0.000438 0.001326 0.032984 0.964176 0.001076
3 2 0.000303 0.000947 0.036698 0.961392 0.000660
3 3 0.030162 0.028359 0.187340 0.747657 0.006482
3 2 0.006792 0.014085 0.188264 0.784180 0.006680
3 2 0.007092 0.010092 0.122906 0.856573 0.003336
3 2 0.001607 0.004118 0.085053 0.906734 0.002489
3 2 0.000178 0.000915 0.063562 0.934477 0.000869
3 2 0.001999 0.002990 0.139373 0.855038 0.000599
2 2 0.021968 0.085665 0.772310 0.093977 0.026080
2 3 0.002246 0.036392 0.918815 0.038524 0.004022
3 2 0.001782 0.006885 0.397057 0.592595 0.001681
3 2 0.002699 0.005855 0.107250 0.881314 0.002882
2 2 0.002155 0.023063 0.635760 0.328861 0.010161
2 3 0.003190 0.053078 0.840251 0.080104 0.023377
2 3 0.003334 0.034853 0.738657 0.202321 0.020834
2 3 0.002090 0.019987 0.729242 0.243567 0.005114
3 2 0.010083 0.025127 0.364901 0.592796 0.007093
3 2 0.004412 0.006479 0.166053 0.821531 0.001525
3 2 0.001074 0.001762 0.060165 0.936477 0.000523
3 3 0.000142 0.000259 0.038299 0.961248 0.000052
3 2 0.000417 0.001445 0.165751 0.831818 0.000568
3 3 0.001645 0.003113 0.348625 0.646129 0.000489
3 3 0.000900 0.004934 0.387241 0.605501 0.001424
3 2 0.002796 0.006876 0.076918 0.908272 0.005138
3 3 0.002982 0.006341 0.203343 0.785726 0.001607
3 3 0.001553 0.004088 0.169688 0.822970 0.001702
3 3 0.003123 0.007278 0.254002 0.733035 0.002562
3 3 0.002165 0.004642 0.244092 0.748000 0.001101
3 3 0.000911 0.002107 0.042907 0.952813 0.001262
3 2 0.001211 0.003169 0.264491 0.730251 0.000878
3 3 0.002627 0.009869 0.295553 0.688600 0.003352
3 3 0.003655 0.009995 0.248363 0.732979 0.005008
3 3 0.000560 0.001717 0.182341 0.814796 0.000586
2 3 0.013145 0.014425 0.604861 0.366159 0.001410
3 3 0.006148 0.008453 0.194184 0.789316 0.001899
3 3 0.003436 0.005605 0.206122 0.783214 0.001623
3 3 0.002022 0.002967 0.124738 0.869656 0.000618
3 2 0.023936 0.019677 0.350547 0.603621 0.002220
3 3 0.000060 0.000276 0.059992 0.939535 0.000137
3 3 0.000133 0.000594 0.072486 0.926423 0.000364
3 3 0.001255 0.003325 0.086355 0.907158 0.001907
3 3 0.002350 0.004897 0.084549 0.905757 0.002447
3 3 0.008057 0.023253 0.278772 0.675455 0.014464
3 3 0.001802 0.017457 0.321936 0.646066 0.012739
2 2 0.005295 0.034993 0.815801 0.137096 0.006816
2 2 0.002711 0.015213 0.656140 0.321948 0.003989
3 2 0.016697 0.014612 0.450780 0.516571 0.001340
2 2 0.069500 0.044032 0.627451 0.255911 0.003106
2 2 0.043544 0.053877 0.591008 0.301296 0.010275
2 2 0.012924 0.057478 0.782894 0.136767 0.009938
2 2 0.001376 0.022770 0.957770 0.016277 0.001807
3 2 0.010236 0.012034 0.385440 0.590633 0.001659
2 2 0.014352 0.016843 0.601198 0.365693 0.001915
3 3 0.007214 0.007379 0.184003 0.800293 0.001112
2 1 0.061646 0.035899 0.806615 0.094308 0.001531
2 1 0.002460 0.007315 0.509618 0.478383 0.002224
2 1 0.179136 0.115792 0.661374 0.015795 0.027903
2 1 0.202798 0.088665 0.636918 0.031894 0.039725
2 1 0.197211 0.252992 0.526383 0.000404 0.023009
0 1 0.335826 0.294412 0.274381 0.000474 0.094907
0 1 0.464744 0.221006 0.147602 0.000171 0.166477
0 1 0.548932 0.257071 0.133482 0.001383 0.059131
0 1 0.524175 0.229458 0.131492 0.000190 0.114685
0 1 0.808663 0.087136 0.032937 0.000435 0.070828
0 1 0.574665 0.197599 0.059463 0.000109 0.168163
4 1 0.272332 0.287906 0.101274 0.000889 0.337600
0 1 0.856700 0.062070 0.017357 0.000401 0.063473
1 1 0.062051 0.420080 0.101119 0.000106 0.416645
0 1 0.853237 0.067697 0.017453 0.000281 0.061332
0 1 0.903231 0.077453 0.012395 0.000034 0.006887
0 1 0.701529 0.180374 0.076817 0.000128 0.041151
0 1 0.847315 0.080629 0.016003 0.000085 0.055968
0 1 0.967321 0.018714 0.003030 0.000018 0.010918
0 4 0.893332 0.040950 0.009449 0.000130 0.056139
0 4 0.876318 0.033630 0.006628 0.000053 0.083372
0 4 0.405762 0.119923 0.124472 0.004379 0.345464
4 4 0.197923 0.078778 0.051452 0.005006 0.666842
4 4 0.112876 0.094861 0.039579 0.001002 0.751681
0 0 0.559174 0.020710 0.005166 0.000035 0.414916
0 0 0.790001 0.036947 0.008540 0.000109 0.164402
0 1 0.621932 0.121728 0.042187 0.001262 0.212891
4 4 0.178217 0.287150 0.044321 0.000017 0.490294
0 4 0.519777 0.018755 0.003854 0.000033 0.457581
4 4 0.066038 0.005605 0.001627 0.000030 0.926700
4 4 0.267179 0.015747 0.003955 0.000054 0.713065
0 4 0.730397 0.034236 0.007294 0.000066 0.228007
0 4 0.602320 0.028046 0.006432 0.000075 0.363127
0 4 0.613429 0.022348 0.003886 0.000017 0.360320
0 0 0.588917 0.071123 0.016466 0.000126 0.323368
0 4 0.891262 0.032393 0.006769 0.000070 0.069506
0 4 0.624401 0.048791 0.022387 0.000240 0.304181
4 4 0.234160 0.026172 0.008047 0.000175 0.731446
4 4 0.048402 0.040255 0.009133 0.000020 0.902190
0 1 0.583079 0.029201 0.006902 0.000087 0.380731
0 1 0.682139 0.026828 0.005741 0.000057 0.285234
0 1 0.885839 0.037627 0.008398 0.000104 0.068031
0 1 0.767408 0.034173 0.007729 0.000092 0.190598
0 1 0.813489 0.045153 0.017454 0.000145 0.123758
0 0 0.846041 0.033464 0.008358 0.000068 0.112069
0 0 0.881808 0.028359 0.007832 0.000100 0.081901
0 4 0.910555 0.035724 0.007729 0.000091 0.045901
0 4 0.493975 0.018524 0.004200 0.000033 0.483268
4 4 0.052807 0.003988 0.001100 0.000017 0.942088
4 4 0.070455 0.005338 0.001477 0.000024 0.922706
4 1 0.156863 0.033544 0.005236 0.000006 0.804351
0 0 0.957133 0.012894 0.001783 0.000006 0.028183
0 0 0.973035 0.015102 0.002230 0.000010 0.009623
0 0 0.946707 0.015683 0.002363 0.000010 0.035237
0 0 0.890654 0.041414 0.009612 0.000134 0.058186
0 0 0.897251 0.034120 0.007273 0.000080 0.061276
0 0 0.945639 0.023201 0.004131 0.000029 0.026999
0 0 0.982783 0.008751 0.001024 0.000003 0.007440
0 0 0.944397 0.020472 0.003457 0.000021 0.031654
0 1 0.904788 0.058321 0.015626 0.000346 0.020918
0 4 0.958924 0.026798 0.005072 0.000046 0.009159
0 4 0.818165 0.042752 0.010371 0.000155 0.128558
0 4 0.843492 0.045350 0.011152 0.000176 0.099830
0 4 0.606161 0.107080 0.111976 0.002643 0.172140
4 4 0.022025 0.056532 0.017903 0.000071 0.903468
4 4 0.189132 0.057251 0.023451 0.000946 0.729221
4 4 0.426652 0.046345 0.015133 0.000447 0.511424
4 4 0.172089 0.034259 0.009107 0.000082 0.784463
4 4 0.117050 0.018181 0.004084 0.000021 0.860663
4 4 0.194704 0.024386 0.006472 0.000074 0.774364
4 4 0.074629 0.011084 0.002814 0.000023 0.911450
4 4 0.186628 0.017028 0.004860 0.000086 0.791398
0 4 0.619627 0.042670 0.007265 0.000022 0.330416
0 4 0.466395 0.057825 0.011462 0.000045 0.464272
4 4 0.108075 0.042305 0.016332 0.000442 0.832845
4 4 0.450623 0.019387 0.004182 0.000039 0.525769
0 4 0.533741 0.031969 0.008140 0.000125 0.426025
0 4 0.719356 0.034907 0.006559 0.000036 0.239142
4 4 0.422318 0.050502 0.023170 0.000490 0.503521
4 4 0.183725 0.052617 0.082292 0.000535 0.680830
4 0 0.177544 0.102250 0.149006 0.000207 0.570993
4 0 0.421204 0.043832 0.023730 0.000306 0.510929
0 0 0.885807 0.044638 0.010716 0.000164 0.058675
0 1 0.952801 0.019622 0.003871 0.000018 0.023689
0 1 0.620939 0.181270 0.026892 0.000024 0.170875
0 1 0.836698 0.114234 0.019858 0.000054 0.029156
0 4 0.709744 0.082914 0.028166 0.001024 0.178151
0 4 0.647658 0.120726 0.042268 0.001361 0.187987
4 4 0.237578 0.035084 0.012035 0.000351 0.714952
0 4 0.553349 0.037746 0.009892 0.000160 0.398852
4 4 0.375229 0.100872 0.021069 0.000069 0.502762
0 0 0.496133 0.102794 0.193959 0.000545 0.206569
0 1 0.824749 0.032322 0.006943 0.000074 0.135911
0 1 0.469310 0.174485 0.042027 0.000212 0.313965
4 1 0.125130 0.204596 0.173917 0.000371 0.495987
0 1 0.513550 0.220076 0.071931 0.001155 0.193288
0 1 0.727188 0.089121 0.043402 0.000945 0.139345
0 1 0.386364 0.184046 0.049181 0.000322 0.380086
4 1 0.108669 0.166692 0.104508 0.000602 0.619530
4 1 0.050682 0.091904 0.254750 0.005228 0.597437
4 1 0.030350 0.061610 0.023845 0.000025 0.884170
4 1 0.049814 0.029153 0.006648 0.000018 0.914368
4 1 0.285937 0.103569 0.024239 0.000104 0.586151
4 1 0.084756 0.132655 0.039339 0.000015 0.743236
0 1 0.800233 0.122563 0.028780 0.000176 0.048248
0 1 0.745793 0.167686 0.026506 0.000037 0.059978
0 1 0.577314 0.189841 0.024567 0.000012 0.208266
0 1 0.377443 0.212456 0.048793 0.000163 0.361144
4 1 0.104337 0.257560 0.065641 0.000143 0.572319
4 1 0.139269 0.211827 0.219105 0.001240 0.428558
2 1 0.008543 0.118285 0.776370 0.003896 0.092905
2 1 0.060315 0.190941 0.593340 0.001983 0.153421
0 1 0.556654 0.246630 0.105162 0.004946 0.086607
1 1 0.310207 0.436327 0.109764 0.000347 0.143355
4 1 0.007555 0.128835 0.333428 0.000249 0.529933
2 1 0.003720 0.056661 0.842154 0.008823 0.088642
2 1 0.001639 0.102280 0.731081 0.001457 0.163543
4 1 0.026896 0.121703 0.369620 0.044253 0.437528
4 1 0.016744 0.146875 0.202509 0.002961 0.630912
2 1 0.049632 0.049907 0.583572 0.184168 0.132721
2 2 0.001028 0.003738 0.929811 0.061718 0.003706
2 2 0.000298 0.006491 0.957418 0.016439 0.019354
2 2 0.004063 0.016915 0.900454 0.038856 0.039712
2 2 0.002720 0.017370 0.929054 0.010657 0.040199
2 2 0.009368 0.050758 0.727559 0.032629 0.179687
2 2 0.002903 0.020482 0.866814 0.086249 0.023553
2 2 0.000490 0.022514 0.930066 0.003803 0.043127
2 2 0.006787 0.035604 0.916011 0.004130 0.037468
2 2 0.000830 0.007076 0.980414 0.008059 0.003621
2 2 0.001526 0.006112 0.968454 0.020395 0.003513
2 2 0.000633 0.015286 0.959094 0.009132 0.015855
2 2 0.002428 0.018656 0.941540 0.022919 0.014457
2 2 0.064744 0.066357 0.716533 0.034706 0.117660
2 2 0.017812 0.028739 0.865190 0.018852 0.069406
2 0 0.022131 0.014728 0.903836 0.057888 0.001418
0 2 0.828052 0.091521 0.072058 0.006592 0.001776
1 2 0.219974 0.404604 0.314713 0.002160 0.058550
2 2 0.106629 0.088709 0.748698 0.025426 0.030539
2 2 0.031332 0.050265 0.790373 0.105341 0.022690
2 2 0.024114 0.040099 0.880513 0.047322 0.007952
2 2 0.001083 0.004351 0.987685 0.006548 0.000333
2 2 0.001884 0.016897 0.972227 0.005616 0.003376
2 2 0.220146 0.090593 0.669946 0.008647 0.010669
2 2 0.117890 0.071370 0.686365 0.090017 0.034358
2 2 0.012171 0.033451 0.918818 0.009601 0.025958
2 2 0.001337 0.009414 0.967764 0.016348 0.005138
2 2 0.002301 0.012768 0.917407 0.050625 0.016898
2 2 0.004995 0.011070 0.778188 0.199268 0.006477
2 2 0.000343 0.004873 0.924188 0.065997 0.004599
2 2 0.006155 0.042557 0.911775 0.010135 0.029377
2 2 0.001934 0.020073 0.960362 0.002901 0.014730
2 2 0.000314 0.005783 0.985753 0.002163 0.005986
2 2 0.001558 0.006127 0.977432 0.012981 0.001901
2 2 0.000258 0.002087 0.957753 0.038665 0.001237
2 2 0.015732 0.019806 0.770486 0.177450 0.016527
2 2 0.044040 0.027516 0.764043 0.161269 0.003132
2 2 0.005128 0.011046 0.923865 0.057968 0.001992
2 2 0.003222 0.024303 0.899623 0.060906 0.011945
2 2 0.000031 0.002233 0.960274 0.036581 0.000881
2 2 0.002292 0.011855 0.976254 0.006216 0.003382
2 2 0.000454 0.003659 0.947610 0.045824 0.002454
2 2 0.001189 0.002403 0.941929 0.054369 0.000110
2 2 0.000037 0.001128 0.920801 0.077845 0.000189
2 2 0.000076 0.001753 0.960955 0.035639 0.001578
2 2 0.001048 0.011510 0.859304 0.094390 0.033749
2 2 0.000685 0.012019 0.905291 0.073803 0.008202
2 2 0.001039 0.031328 0.923218 0.011487 0.032928
2 2 0.000076 0.001618 0.892468 0.105646 0.000192
3 2 0.000464 0.002143 0.281653 0.714985 0.000756
2 2 0.000032 0.001741 0.898684 0.098579 0.000965
2 2 0.000580 0.001675 0.572773 0.424750 0.000221
2 2 0.002028 0.002183 0.581969 0.413563 0.000258
3 2 0.001445 0.003537 0.488458 0.506156 0.000403
2 2 0.000758 0.002290 0.776569 0.219983 0.000401
2 2 0.000167 0.002567 0.713305 0.282116 0.001845
3 2 0.000434 0.003222 0.394037 0.600327 0.001980
2 2 0.000236 0.003292 0.656931 0.338474 0.001067
3 2 0.000150 0.002848 0.494243 0.501047 0.001711
2 2 0.001018 0.018568 0.501233 0.466143 0.013038
2 2 0.002935 0.026659 0.574226 0.383288 0.012893
3 2 0.001840 0.005231 0.184879 0.805530 0.002520
2 2 0.002408 0.010746 0.549361 0.434779 0.002705
3 2 0.000242 0.002870 0.287096 0.708292 0.001500
3 2 0.000410 0.003439 0.238811 0.755194 0.002147
3 2 0.000267 0.001318 0.187484 0.810265 0.000667
3 2 0.000423 0.001835 0.106013 0.889516 0.002213
2 3 0.000772 0.015156 0.675437 0.292858 0.015776
3 2 0.000320 0.001292 0.076119 0.921339 0.000929
3 2 0.002924 0.006922 0.114446 0.872366 0.003343
3 2 0.000347 0.001644 0.082085 0.914389 0.001535
3 2 0.000115 0.000716 0.252400 0.746422 0.000347
3 2 0.000066 0.001740 0.345023 0.651973 0.001198
3 2 0.000016 0.000115 0.030923 0.968835 0.000111
3 2 0.000010 0.000098 0.065753 0.934071 0.000068
3 2 0.000024 0.000110 0.013474 0.986302 0.000090
3 2 0.000130 0.000521 0.018215 0.980553 0.000582
3 2 0.002612 0.006092 0.089284 0.898293 0.003718
3 2 0.001874 0.005779 0.066777 0.919743 0.005827
3 2 0.000209 0.000798 0.022998 0.975120 0.000876
3 2 0.000013 0.000083 0.015119 0.984696 0.000089
3 2 0.000033 0.000197 0.026238 0.973331 0.000201
3 2 0.000054 0.000236 0.011810 0.987627 0.000272
3 2 0.000055 0.000321 0.036423 0.962883 0.000318
3 2 0.000108 0.000550 0.058914 0.939989 0.000439
3 2 0.000061 0.000341 0.034434 0.964823 0.000342
3 2 0.000411 0.001641 0.048826 0.947467 0.001655
3 2 0.000488 0.001719 0.034887 0.961080 0.001826
3 2 0.000488 0.001760 0.083428 0.911746 0.002578
3 2 0.000321 0.001364 0.057530 0.939153 0.001632
3 2 0.000069 0.000483 0.062291 0.936709 0.000448
3 2 0.000211 0.000854 0.028719 0.969307 0.000909
3 1 0.000962 0.002590 0.101227 0.893583 0.001638
2 1 0.029632 0.032912 0.720405 0.213256 0.003794
2 1 0.268714 0.202700 0.372037 0.117240 0.039309
0 1 0.809578 0.106256 0.063637 0.001864 0.018666
0 1 0.403779 0.304697 0.081204 0.000435 0.209886
1 2 0.059565 0.552657 0.136005 0.000136 0.251636
2 2 0.069650 0.165875 0.530040 0.045156 0.189279
2 2 0.129866 0.263403 0.435446 0.009817 0.161468
0 2 0.362001 0.229115 0.209499 0.013513 0.185872
2 2 0.131834 0.239362 0.470556 0.003726 0.154522
2 1 0.391884 0.119644 0.442016 0.035245 0.011212
0 1 0.582500 0.138711 0.240270 0.006234 0.032285
0 1 0.865988 0.096366 0.024742 0.000109 0.012795
0 1 0.440689 0.286609 0.187748 0.001101 0.083854
1 1 0.260701 0.281818 0.281549 0.097653 0.078279
2 4 0.023186 0.108642 0.754233 0.061889 0.052051
2 4 0.050222 0.097906 0.508280 0.075024 0.268567
4 4 0.196196 0.163610 0.076873 0.000274 0.563047
4 4 0.077858 0.069551 0.021112 0.000087 0.831392
4 4 0.323282 0.124469 0.037746 0.000439 0.514065
4 4 0.351421 0.155780 0.056022 0.001200 0.435578
4 4 0.304225 0.133840 0.039394 0.000380 0.522163
0 4 0.565030 0.063286 0.015440 0.000149 0.356095
4 4 0.366482 0.016721 0.003780 0.000040 0.612977
4 4 0.332316 0.014110 0.003092 0.000030 0.650452
4 4 0.075851 0.004834 0.001244 0.000016 0.918054
4 4 0.068219 0.004014 0.000998 0.000012 0.926757
4 0 0.403590 0.036716 0.011117 0.000265 0.548313
0 1 0.678762 0.029999 0.006743 0.000077 0.284419
0 0 0.910180 0.023726 0.004313 0.000031 0.061750
0 4 0.746168 0.014355 0.002276 0.000010 0.237191
0 4 0.772573 0.019479 0.003465 0.000021 0.204461
0 4 0.747138 0.016283 0.002279 0.000006 0.234294
4 4 0.196155 0.134454 0.057169 0.001802 0.610420
4 4 0.178464 0.098971 0.035454 0.000627 0.686484
4 4 0.307902 0.093610 0.016474 0.000025 0.581989
0 0 0.742915 0.042113 0.010338 0.000150 0.204483
0 4 0.641087 0.029559 0.005359 0.000025 0.323969
4 4 0.080198 0.017579 0.005160 0.000062 0.897000
4 4 0.336427 0.020180 0.005116 0.000073 0.638205
0 4 0.569852 0.028585 0.006759 0.000085 0.394719
4 4 0.345322 0.023551 0.006304 0.000105 0.624718
4 4 0.460275 0.053403 0.019970 0.000550 0.465802
4 4 0.202595 0.016260 0.003237 0.000015 0.777893
4 4 0.092844 0.014387 0.003534 0.000025 0.889210
4 4 0.358328 0.022147 0.004194 0.000019 0.615311
4 4 0.322556 0.039103 0.008717 0.000053 0.629571
4 4 0.238207 0.026956 0.008119 0.000162 0.726556
0 1 0.830912 0.054620 0.010208 0.000030 0.104230
0 1 0.679924 0.070752 0.011450 0.000024 0.237850
0 4 0.758305 0.035434 0.006277 0.000028 0.199956
0 4 0.810490 0.021442 0.003898 0.000026 0.164144
4 4 0.405685 0.022680 0.005591 0.000076 0.565969
4 4 0.112604 0.015280 0.005333 0.000042 0.866741
4 0 0.095339 0.007024 0.001925 0.000031 0.895681
4 4 0.172426 0.007972 0.001801 0.000018 0.817782
4 4 0.313997 0.057357 0.013164 0.000073 0.615408
4 4 0.083716 0.006909 0.001689 0.000016 0.907670
4 4 0.026956 0.008229 0.001938 0.000008 0.962869
4 4 0.036561 0.008811 0.002462 0.000022 0.952143
4 4 0.100618 0.003314 0.000647 0.000004 0.895417
4 4 0.107128 0.003414 0.000657 0.000004 0.888796
4 4 0.272305 0.015358 0.003787 0.000049 0.708502
4 4 0.399105 0.113779 0.027167 0.000146 0.459802
0 0 0.707368 0.048834 0.013268 0.000257 0.230272
0 1 0.925112 0.034851 0.007427 0.000085 0.032525
0 0 0.899662 0.047023 0.011488 0.000189 0.041639
0 0 0.781123 0.094974 0.022218 0.000048 0.101639
0 1 0.806378 0.061672 0.013008 0.000093 0.118849
4 1 0.401449 0.060487 0.030126 0.000258 0.507680
4 1 0.209167 0.044898 0.017709 0.000112 0.728113
4 1 0.426075 0.030212 0.006924 0.000063 0.536726
4 1 0.283230 0.116818 0.079143 0.000095 0.520714
4 1 0.205536 0.063373 0.011286 0.000017 0.719787
0 1 0.566048 0.264892 0.049863 0.000091 0.119105
0 0 0.971919 0.017103 0.002798 0.000014 0.008165
0 1 0.469075 0.272847 0.064672 0.000252 0.193154
0 1 0.971295 0.017885 0.002842 0.000016 0.007962
0 1 0.934668 0.029466 0.004109 0.000010 0.031747
0 1 0.685766 0.130829 0.015318 0.000007 0.168080
0 1 0.661753 0.163467 0.023454 0.000020 0.151305
0 1 0.493256 0.137437 0.019497 0.000014 0.349796
4 1 0.265286 0.151279 0.023007 0.000015 0.560414
4 1 0.069552 0.141705 0.094646 0.000043 0.694054
0 1 0.450411 0.165050 0.023053 0.000014 0.361473
0 1 0.907320 0.037955 0.005565 0.000011 0.049149
0 0 0.754252 0.027522 0.005436 0.000042 0.212748
0 0 0.898078 0.019653 0.003313 0.000019 0.078937
0 0 0.964236 0.013581 0.001917 0.000007 0.020258
0 0 0.929598 0.018858 0.003089 0.000017 0.048438
0 4 0.933995 0.023252 0.004157 0.000029 0.038567
0 4 0.961753 0.015691 0.002356 0.000011 0.020189
0 4 0.784457 0.090912 0.010919 0.000007 0.113705
4 4 0.460299 0.036002 0.006588 0.000024 0.497088
4 0 0.182626 0.005571 0.001057 0.000006 0.810740
4 1 0.248858 0.012838 0.003047 0.000035 0.735222
0 1 0.537944 0.210062 0.050800 0.000263 0.200931
0 1 0.776990 0.185996 0.025577 0.000022 0.011415
0 1 0.894084 0.075801 0.017665 0.000204 0.012246
1 1 0.307924 0.359025 0.192573 0.000633 0.139845
4 1 0.152604 0.100790 0.036090 0.000208 0.710309
0 0 0.586653 0.054438 0.015373 0.000290 0.343246
0 1 0.703747 0.037252 0.009045 0.000128 0.249828
0 1 0.554712 0.120129 0.019667 0.000029 0.305463
0 1 0.812346 0.043655 0.006881 0.000019 0.137100
0 1 0.487679 0.169420 0.047468 0.000102 0.295331
0 1 0.361437 0.218477 0.061480 0.000438 0.358167
4 2 0.211841 0.140672 0.167308 0.012540 0.467638
4 2 0.030991 0.109822 0.190204 0.001234 0.667749
4 2 0.021938 0.108257 0.085122 0.000079 0.784604
4 1 0.371230 0.133521 0.028999 0.000063 0.466187
4 1 0.389466 0.135561 0.028982 0.000092 0.445899
0 1 0.347821 0.306926 0.059604 0.000023 0.285626
0 1 0.564426 0.161268 0.043639 0.000407 0.230260
0 0 0.825612 0.054559 0.014631 0.000291 0.104907
0 1 0.922410 0.046496 0.007263 0.000022 0.023809
0 1 0.859450 0.094940 0.016051 0.000044 0.029516
4 1 0.240800 0.187731 0.037440 0.000058 0.533972
4 1 0.086096 0.106931 0.038716 0.000456 0.767801
4 1 0.016113 0.079220 0.201600 0.001429 0.701638
2 1 0.004204 0.080351 0.614877 0.002261 0.298307
2 1 0.002872 0.099991 0.661107 0.002571 0.233459
2 1 0.015797 0.087638 0.531189 0.001848 0.363528
1 1 0.269449 0.354587 0.192273 0.000636 0.183055
2 2 0.021352 0.123428 0.498809 0.002840 0.353571
2 2 0.007902 0.074744 0.503046 0.002916 0.411392
2 2 0.003878 0.119145 0.532042 0.000610 0.344326
2 2 0.016981 0.093635 0.480685 0.010719 0.397980
2 2 0.009634 0.043299 0.566742 0.005530 0.374795
4 2 0.016108 0.075986 0.367555 0.001435 0.538916
4 2 0.171580 0.078358 0.068618 0.001131 0.680313
4 2 0.128494 0.102926 0.065269 0.000979 0.702332
2 2 0.013080 0.018290 0.797381 0.127280 0.043969
2 2 0.000262 0.022391 0.907232 0.000814 0.069301
2 2 0.003491 0.055928 0.685762 0.011774 0.243045
2 2 0.001591 0.041789 0.831710 0.023906 0.101004
2 2 0.002071 0.061464 0.752015 0.023061 0.161389
2 2 0.003169 0.029476 0.827070 0.039744 0.100540
2 1 0.006668 0.046800 0.898990 0.003831 0.043711
2 1 0.003581 0.053890 0.798785 0.003714 0.140029
2 1 0.005121 0.057294 0.748740 0.032538 0.156308
2 2 0.005325 0.022990 0.670803 0.014610 0.286272
2 0 0.002046 0.007909 0.945749 0.004749 0.039547
0 4 0.947027 0.033438 0.006973 0.000081 0.012482
0 1 0.944784 0.029965 0.005957 0.000059 0.019235
0 1 0.611495 0.031190 0.007435 0.000097 0.349783
4 1 0.299439 0.077127 0.026656 0.000622 0.596157
4 1 0.306892 0.166706 0.054790 0.000549 0.471063
4 1 0.094768 0.307995 0.177385 0.001454 0.418398
2 1 0.103445 0.284413 0.335427 0.000724 0.275991
4 1 0.007099 0.131152 0.341144 0.000758 0.519847
2 1 0.076989 0.157132 0.464374 0.006832 0.294673
2 1 0.019085 0.042232 0.761758 0.015338 0.161587
2 1 0.003519 0.027887 0.866692 0.020186 0.081716
2 1 0.000259 0.007260 0.972140 0.009985 0.010356
2 1 0.001043 0.009717 0.955898 0.013152 0.020190
2 1 0.005276 0.061833 0.891775 0.001214 0.039901
2 1 0.040648 0.121251 0.797959 0.006173 0.033969
2 2 0.017211 0.201909 0.709982 0.000171 0.070727
2 2 0.004754 0.059249 0.882004 0.002424 0.051569
2 2 0.002538 0.032792 0.861987 0.045834 0.056849
2 2 0.004592 0.076005 0.734832 0.004583 0.179988
2 2 0.027385 0.042666 0.648406 0.018720 0.262822
2 2 0.003088 0.028912 0.913467 0.005430 0.049103
2 2 0.000312 0.009724 0.955053 0.024992 0.009920
2 2 0.001530 0.027270 0.861818 0.014440 0.094942
4 2 0.004422 0.070479 0.442191 0.001416 0.481493
4 2 0.182442 0.029045 0.015094 0.000879 0.772540
0 0 0.530161 0.042735 0.037426 0.000886 0.388792
0 1 0.870740 0.063876 0.017988 0.000432 0.046964
0 1 0.491010 0.400749 0.067965 0.000066 0.040209
0 1 0.479824 0.308021 0.084300 0.000367 0.127488
2 1 0.022864 0.092396 0.801636 0.005197 0.077907
4 1 0.341221 0.162933 0.105546 0.000438 0.389861
4 1 0.051909 0.204670 0.259089 0.000501 0.483832
4 1 0.290652 0.082222 0.078377 0.001065 0.547685
0 1 0.610820 0.070108 0.024352 0.000784 0.293936
0 0 0.590712 0.066321 0.136774 0.000499 0.205695
0 1 0.772758 0.094467 0.032836 0.001329 0.098610
0 1 0.922571 0.056164 0.013243 0.000194 0.007828
0 1 0.963915 0.022796 0.004022 0.000030 0.009237
0 1 0.918035 0.039887 0.006132 0.000018 0.035928
0 1 0.657060 0.200892 0.038416 0.000034 0.103598
0 1 0.634261 0.241267 0.086230 0.000317 0.037925
0 4 0.790406 0.122083 0.027741 0.000195 0.059574
0 4 0.589360 0.282067 0.032969 0.000009 0.095595
0 4 0.552712 0.176805 0.024195 0.000015 0.246274
0 4 0.945253 0.020485 0.003072 0.000012 0.031177
0 4 0.917491 0.023900 0.003318 0.000008 0.055283
0 0 0.940519 0.020851 0.003475 0.000020 0.035135
0 0 0.907171 0.038024 0.008459 0.000107 0.046240
0 0 0.989016 0.008945 0.001066 0.000003 0.000971
0 0 0.998496 0.001355 0.000074 0.000000 0.000076
