0 0 0.917142 0.037091 0.008628 0.000832 0.036307
0 0 0.949334 0.023285 0.003965 0.000255 0.023160
0 0 0.954334 0.021074 0.003361 0.000199 0.021031
0 0 0.955317 0.020638 0.003247 0.000188 0.020610
0 0 0.957908 0.019482 0.002952 0.000163 0.019494
0 0 0.958667 0.019143 0.002868 0.000156 0.019166
0 0 0.956041 0.020315 0.003164 0.000181 0.020299
0 0 0.970981 0.013576 0.001628 0.000066 0.013748
0 0 0.905095 0.041689 0.010375 0.001068 0.041774
0 0 0.790876 0.058609 0.012794 0.000552 0.137169
4 0 0.064720 0.135699 0.120571 0.020958 0.658052
4 1 0.049877 0.241275 0.266812 0.012513 0.429523
1 1 0.001059 0.393863 0.330527 0.000260 0.274291
2 1 0.000515 0.194187 0.405974 0.001545 0.397780
2 1 0.000330 0.090540 0.717563 0.000459 0.191108
2 1 0.000099 0.131255 0.808812 0.005561 0.054273
2 1 0.000631 0.106599 0.812516 0.014840 0.065414
2 1 0.015865 0.341393 0.355149 0.042121 0.245471
1 1 0.010312 0.422504 0.405598 0.000594 0.160992
1 1 0.003277 0.469069 0.423296 0.000665 0.103693
2 1 0.001450 0.270506 0.401694 0.012536 0.313815
2 1 0.011858 0.251323 0.411274 0.016343 0.309203
1 1 0.005074 0.392843 0.359110 0.000246 0.242728
2 1 0.000836 0.135020 0.484363 0.001585 0.378197
2 1 0.000102 0.122868 0.713836 0.000537 0.162657
2 1 0.000108 0.220167 0.586320 0.000342 0.193063
2 1 0.001247 0.223871 0.436839 0.001881 0.336163
2 1 0.006348 0.125373 0.672256 0.005696 0.190327
2 1 0.001039 0.202708 0.589275 0.000810 0.206168
2 1 0.000672 0.259096 0.476604 0.000554 0.263074
4 1 0.000741 0.261449 0.358800 0.003593 0.375418
2 1 0.000527 0.267217 0.571904 0.000023 0.160329
4 1 0.001316 0.152856 0.410922 0.001207 0.433699
4 1 0.003872 0.140147 0.292094 0.007629 0.556258
2 1 0.002180 0.053104 0.471277 0.340532 0.132906
4 1 0.005946 0.164828 0.235500 0.008701 0.585024
2 1 0.000599 0.065635 0.891463 0.013304 0.028999
2 1 0.000586 0.132499 0.763137 0.003472 0.100307
2 1 0.000050 0.081714 0.899591 0.007182 0.011463
2 1 0.000755 0.341577 0.412404 0.003623 0.241642
2 2 0.000935 0.063997 0.793451 0.088087 0.053530
3 2 0.000127 0.013550 0.488282 0.492761 0.005281
2 2 0.000108 0.003560 0.776068 0.218531 0.001733
2 2 0.000027 0.005769 0.777342 0.215239 0.001624
2 2 0.000317 0.025660 0.789064 0.162967 0.021993
2 2 0.000293 0.006277 0.506898 0.481145 0.005387
3 2 0.000158 0.003575 0.060312 0.932085 0.003869
3 3 0.000064 0.001699 0.013670 0.983799 0.000769
3 3 0.000093 0.007701 0.028701 0.961999 0.001505
3 3 0.000077 0.001912 0.044046 0.953309 0.000656
3 3 0.000001 0.000051 0.002981 0.996958 0.000009
3 3 0.000000 0.000006 0.003615 0.996378 0.000001
3 3 0.000009 0.000245 0.017114 0.982607 0.000025
3 3 0.000032 0.001046 0.015770 0.983041 0.000112
3 3 0.000003 0.000091 0.005274 0.994622 0.000010
3 3 0.000002 0.000046 0.004754 0.995193 0.000006
3 3 0.000002 0.000042 0.008630 0.991321 0.000005
3 3 0.000015 0.000346 0.013215 0.986380 0.000043
3 3 0.000032 0.000854 0.011862 0.986907 0.000345
3 3 0.000103 0.001349 0.017083 0.981112 0.000353
3 3 0.000005 0.000220 0.002722 0.997030 0.000023
3 3 0.000000 0.000017 0.001122 0.998859 0.000002
3 3 0.000013 0.000352 0.006545 0.993045 0.000045
3 3 0.000002 0.000096 0.004604 0.995288 0.000009
3 3 0.000002 0.000093 0.001173 0.998720 0.000011
3 3 0.000009 0.000245 0.002638 0.997071 0.000037
3 3 0.000009 0.000319 0.001574 0.998055 0.000044
3 3 0.000022 0.000501 0.004265 0.995130 0.000081
3 3 0.000002 0.000105 0.001221 0.998659 0.000013
3 3 0.000010 0.000280 0.002350 0.997318 0.000042
3 3 0.000040 0.001195 0.004588 0.994004 0.000173
3 3 0.000010 0.000241 0.003038 0.996672 0.000038
3 3 0.000006 0.000185 0.001816 0.997968 0.000026
3 3 0.000009 0.000320 0.001659 0.997967 0.000045
3 3 0.000003 0.000080 0.003714 0.996193 0.000010
3 3 0.000001 0.000083 0.018714 0.981196 0.000005
3 3 0.000003 0.000221 0.025764 0.974001 0.000011
3 3 0.000002 0.000052 0.002558 0.997380 0.000007
3 3 0.000003 0.000087 0.001925 0.997973 0.000012
3 3 0.000008 0.000225 0.002501 0.997231 0.000034
3 3 0.000002 0.000063 0.001978 0.997948 0.000008
3 3 0.000001 0.000038 0.000767 0.999190 0.000004
3 3 0.000009 0.000174 0.004270 0.995518 0.000029
3 3 0.000001 0.000043 0.000465 0.999488 0.000004
3 3 0.000001 0.000040 0.001010 0.998945 0.000004
3 3 0.000001 0.000057 0.001167 0.998769 0.000007
3 3 0.000004 0.000146 0.001431 0.998401 0.000019
3 3 0.000040 0.000925 0.003416 0.995459 0.000161
3 3 0.000905 0.009978 0.011759 0.974758 0.002600
3 3 0.000339 0.005512 0.006417 0.986519 0.001214
3 3 0.000366 0.007381 0.008437 0.981613 0.002203
3 3 0.007938 0.036188 0.043847 0.898222 0.013806
3 3 0.017206 0.142253 0.159599 0.369314 0.311628
3 3 0.025423 0.146767 0.290103 0.381115 0.156591
2 3 0.014013 0.345999 0.367600 0.187091 0.085297
2 3 0.004885 0.270455 0.500082 0.197679 0.026899
3 3 0.005012 0.074727 0.139042 0.765848 0.015371
2 3 0.000693 0.043311 0.631053 0.318885 0.006058
3 3 0.001082 0.019518 0.118641 0.858200 0.002559
3 3 0.000303 0.005213 0.037281 0.956408 0.000795
2 3 0.018986 0.328069 0.356716 0.223685 0.072545
3 3 0.002804 0.019463 0.462221 0.508325 0.007187
3 2 0.001446 0.005265 0.094141 0.897431 0.001717
3 2 0.007818 0.088161 0.202361 0.636517 0.065142
3 2 0.002088 0.080588 0.324271 0.536849 0.056204
3 2 0.000469 0.010356 0.147965 0.836325 0.004885
3 2 0.001403 0.031693 0.221047 0.739197 0.006659
3 2 0.004888 0.060980 0.100832 0.805105 0.028195
3 2 0.007065 0.063542 0.073015 0.802602 0.053776
3 2 0.001866 0.019399 0.022653 0.948509 0.007573
3 2 0.000204 0.006869 0.468334 0.523919 0.000674
3 2 0.000046 0.003470 0.418415 0.577802 0.000267
3 2 0.000015 0.000677 0.052170 0.946950 0.000188
3 2 0.000209 0.003118 0.071672 0.924211 0.000789
3 2 0.000108 0.001018 0.035469 0.962954 0.000451
3 2 0.001136 0.009060 0.127267 0.858850 0.003688
3 2 0.000476 0.011047 0.014461 0.970546 0.003469
3 2 0.000556 0.011603 0.041972 0.943435 0.002435
3 2 0.002848 0.040398 0.154639 0.775759 0.026357
3 2 0.001584 0.119439 0.172699 0.669093 0.037185
3 2 0.002305 0.061144 0.316341 0.608934 0.011276
2 2 0.000216 0.014756 0.759936 0.221853 0.003240
2 2 0.001274 0.018382 0.579120 0.394082 0.007143
3 2 0.000008 0.000226 0.030144 0.969601 0.000021
3 2 0.000023 0.000469 0.008901 0.990471 0.000135
3 3 0.000025 0.000745 0.068287 0.930858 0.000085
3 3 0.000007 0.000116 0.009734 0.990126 0.000017
3 3 0.000003 0.000056 0.006729 0.993205 0.000007
3 3 0.000022 0.000309 0.014281 0.985336 0.000051
3 3 0.000017 0.001094 0.033435 0.965375 0.000079
3 3 0.000035 0.000620 0.006417 0.992793 0.000135
3 3 0.000010 0.000339 0.028556 0.971064 0.000031
3 3 0.000062 0.000924 0.010196 0.988646 0.000172
3 3 0.000049 0.005513 0.044178 0.949995 0.000265
3 3 0.000003 0.000132 0.001546 0.998305 0.000014
3 3 0.000004 0.000205 0.002989 0.996781 0.000021
3 3 0.000110 0.002148 0.030278 0.967170 0.000294
3 3 0.000006 0.000134 0.003145 0.996694 0.000021
3 3 0.000044 0.000888 0.022435 0.976369 0.000264
3 3 0.000072 0.002182 0.040210 0.957308 0.000227
3 3 0.000024 0.000543 0.003424 0.995917 0.000092
3 3 0.001958 0.011743 0.028745 0.953771 0.003783
3 3 0.006895 0.040905 0.048874 0.890166 0.013160
3 3 0.001883 0.019486 0.058849 0.915685 0.004097
2 3 0.000950 0.007809 0.594913 0.395098 0.001230
3 3 0.000453 0.008816 0.189645 0.799978 0.001108
2 3 0.000427 0.021810 0.620217 0.355510 0.002035
3 3 0.000752 0.006157 0.089707 0.901689 0.001695
2 3 0.003587 0.089762 0.654810 0.232254 0.019587
3 3 0.002604 0.065488 0.167962 0.753772 0.010174
3 3 0.000266 0.007932 0.292419 0.697608 0.001774
2 3 0.000685 0.015358 0.540539 0.436853 0.006565
3 3 0.000447 0.022489 0.213059 0.756158 0.007848
2 3 0.000425 0.026938 0.498035 0.470546 0.004055
3 3 0.000077 0.006031 0.399058 0.593543 0.001291
3 3 0.000006 0.000214 0.033459 0.966301 0.000020
3 3 0.000017 0.000977 0.049744 0.949200 0.000063
3 3 0.000051 0.001378 0.021677 0.976453 0.000440
3 3 0.001850 0.012572 0.030521 0.950517 0.004539
3 3 0.012364 0.046682 0.056898 0.864736 0.019320
3 3 0.000116 0.003381 0.038452 0.957655 0.000396
3 3 0.000065 0.002064 0.096753 0.900871 0.000246
2 3 0.000215 0.011270 0.578311 0.407278 0.002927
2 3 0.000257 0.010055 0.504361 0.483752 0.001576
2 3 0.000582 0.021839 0.942789 0.023686 0.011105
2 2 0.000639 0.074533 0.822741 0.055043 0.047045
2 2 0.001123 0.054074 0.853088 0.039389 0.052326
2 4 0.007412 0.149033 0.370595 0.341442 0.131518
2 4 0.015236 0.234200 0.400021 0.010339 0.340203
2 4 0.006423 0.191036 0.697303 0.000885 0.104352
4 4 0.007129 0.283865 0.272015 0.001053 0.435938
4 4 0.006875 0.292065 0.310297 0.000855 0.389909
2 4 0.012974 0.052989 0.600446 0.012751 0.320840
4 4 0.013599 0.173541 0.267641 0.002581 0.542639
2 4 0.005044 0.155684 0.670837 0.000802 0.167633
2 4 0.001416 0.114156 0.693404 0.000485 0.190539
2 4 0.006948 0.109279 0.615637 0.002388 0.265749
2 4 0.016727 0.153469 0.468899 0.004955 0.355949
4 4 0.005088 0.213721 0.203795 0.001107 0.576289
4 4 0.005600 0.148613 0.149570 0.015106 0.681111
4 4 0.005454 0.070909 0.048273 0.008145 0.867219
4 4 0.016577 0.156522 0.164634 0.005347 0.656920
1 4 0.006346 0.398334 0.374060 0.000857 0.220403
4 4 0.004455 0.171610 0.162196 0.000384 0.661355
4 4 0.011273 0.207282 0.182498 0.000819 0.598128
4 4 0.013570 0.255725 0.256171 0.001569 0.472966
4 4 0.045078 0.149188 0.168900 0.016121 0.620713
4 4 0.013583 0.130994 0.341825 0.006529 0.507069
4 4 0.009412 0.221710 0.223911 0.001014 0.543953
2 4 0.002827 0.179845 0.677346 0.005302 0.134680
2 4 0.005410 0.190778 0.505769 0.009322 0.288721
2 4 0.005693 0.253281 0.544394 0.017971 0.178660
2 4 0.001795 0.300507 0.630100 0.003048 0.064550
2 4 0.000428 0.041718 0.930260 0.008974 0.018620
2 4 0.000469 0.018607 0.944832 0.025220 0.010873
2 4 0.000586 0.016212 0.942402 0.032575 0.008225
2 2 0.003916 0.086110 0.819793 0.045234 0.044947
2 2 0.004083 0.082417 0.850964 0.035839 0.026696
2 2 0.002312 0.039449 0.917662 0.014889 0.025688
2 2 0.003519 0.231228 0.697812 0.004799 0.062642
2 2 0.008453 0.160247 0.747709 0.007211 0.076379
0 2 0.267899 0.168809 0.217674 0.194242 0.151376
0 2 0.682597 0.160511 0.066980 0.004364 0.085548
0 0 0.914069 0.038371 0.009136 0.000908 0.037516
0 0 0.897261 0.045263 0.012086 0.001394 0.043996
0 0 0.724410 0.107244 0.054150 0.015563 0.098633
0 0 0.722448 0.068294 0.015749 0.000623 0.192886
0 0 0.931355 0.031085 0.006415 0.000530 0.030615
0 0 0.920542 0.035666 0.008078 0.000753 0.034961
0 0 0.809070 0.078504 0.031519 0.006178 0.074729
4 0 0.242384 0.104731 0.042558 0.001886 0.608441
4 0 0.162571 0.174094 0.111473 0.006335 0.545526
4 0 0.404227 0.059416 0.010175 0.000107 0.526075
4 0 0.461155 0.028174 0.001988 0.000004 0.508679
4 0 0.337822 0.019962 0.001038 0.000001 0.641177
4 0 0.121661 0.034718 0.005414 0.000022 0.838185
4 0 0.060048 0.019532 0.002371 0.000004 0.918045
4 0 0.052024 0.025055 0.004367 0.000014 0.918539
4 0 0.103187 0.020038 0.001844 0.000002 0.874929
4 0 0.189426 0.046195 0.007936 0.000050 0.756392
1 0 0.005127 0.372919 0.357691 0.011734 0.252529
4 0 0.004666 0.321769 0.309605 0.015808 0.348152
1 1 0.006149 0.420401 0.420139 0.088419 0.064892
1 1 0.002510 0.276576 0.270171 0.272958 0.177785
2 1 0.001212 0.113750 0.621645 0.174867 0.088525
2 1 0.000230 0.024190 0.959912 0.006231 0.009437
2 2 0.000167 0.015799 0.978776 0.001999 0.003260
2 2 0.000224 0.015142 0.938047 0.034996 0.011591
2 2 0.000678 0.024549 0.638088 0.311158 0.025527
2 2 0.003590 0.066297 0.686045 0.198848 0.045221
2 2 0.000145 0.048306 0.940582 0.002828 0.008139
2 2 0.000138 0.010840 0.974144 0.013986 0.000892
2 2 0.000069 0.003973 0.917223 0.078430 0.000305
2 2 0.000258 0.011186 0.799818 0.186900 0.001838
3 2 0.002396 0.080575 0.298832 0.592435 0.025762
3 2 0.004464 0.124281 0.215439 0.614988 0.040827
2 2 0.001635 0.030441 0.842487 0.113945 0.011492
2 2 0.001299 0.029770 0.794324 0.160137 0.014470
2 2 0.000204 0.009270 0.924339 0.062337 0.003850
3 2 0.000354 0.008095 0.438029 0.547418 0.006104
3 2 0.000042 0.004528 0.235714 0.759287 0.000429
2 2 0.000215 0.007804 0.596804 0.394187 0.000989
3 2 0.000405 0.005801 0.472447 0.520233 0.001114
2 2 0.000235 0.003704 0.759216 0.236197 0.000648
3 2 0.000913 0.005230 0.375789 0.616270 0.001798
2 2 0.000521 0.004201 0.508234 0.485254 0.001790
2 2 0.000174 0.002791 0.603015 0.393483 0.000536
2 2 0.000022 0.001287 0.977376 0.021226 0.000089
2 3 0.000136 0.005835 0.522360 0.471056 0.000613
3 3 0.000070 0.003858 0.331953 0.663859 0.000260
3 3 0.000041 0.001176 0.082438 0.915704 0.000641
3 3 0.000073 0.001090 0.048586 0.949830 0.000421
3 3 0.000078 0.000804 0.220222 0.778655 0.000242
3 3 0.000025 0.000236 0.012169 0.987519 0.000051
3 3 0.000015 0.000247 0.012268 0.987433 0.000038
3 3 0.000021 0.001120 0.229915 0.768889 0.000054
3 3 0.000025 0.000187 0.023365 0.976380 0.000043
3 3 0.000033 0.000527 0.010515 0.988780 0.000144
3 3 0.000019 0.000662 0.052662 0.946603 0.000055
3 3 0.000183 0.002010 0.025266 0.972139 0.000402
3 3 0.000003 0.000065 0.003515 0.996408 0.000009
3 3 0.000045 0.000398 0.013447 0.986020 0.000090
3 3 0.000011 0.000191 0.004774 0.994991 0.000033
3 3 0.000037 0.000649 0.004954 0.994240 0.000120
3 3 0.000018 0.000435 0.003054 0.996423 0.000071
3 3 0.000002 0.000082 0.001376 0.998529 0.000010
3 3 0.000005 0.000166 0.001681 0.998126 0.000022
3 3 0.000002 0.000099 0.001146 0.998742 0.000012
3 3 0.000009 0.000094 0.009632 0.990246 0.000018
3 3 0.000007 0.000138 0.004027 0.995806 0.000022
3 3 0.000017 0.000323 0.004170 0.995435 0.000055
3 3 0.000005 0.000186 0.001515 0.998270 0.000025
3 3 0.000001 0.000029 0.004013 0.995954 0.000003
3 3 0.000008 0.000127 0.012805 0.987042 0.000018
3 3 0.000010 0.000208 0.003821 0.995927 0.000034
3 3 0.000098 0.001260 0.008322 0.990049 0.000272
3 3 0.000099 0.001520 0.028901 0.969244 0.000236
3 3 0.000021 0.000265 0.007903 0.991760 0.000052
3 3 0.000059 0.001920 0.002187 0.995520 0.000314
3 3 0.000555 0.007430 0.008702 0.981533 0.001780
3 3 0.000007 0.000194 0.013406 0.986349 0.000044
3 3 0.000074 0.001272 0.057580 0.940861 0.000213
3 3 0.000037 0.000428 0.021630 0.977829 0.000076
3 3 0.000090 0.001499 0.056585 0.941630 0.000195
3 3 0.000078 0.002313 0.054669 0.942719 0.000221
3 3 0.000146 0.012248 0.101273 0.885700 0.000633
3 3 0.000200 0.008448 0.021233 0.969152 0.000967
3 3 0.000021 0.000680 0.007325 0.991892 0.000082
3 3 0.000026 0.000447 0.006331 0.993118 0.000078
3 3 0.000251 0.002469 0.012850 0.983822 0.000608
3 3 0.000004 0.000301 0.001759 0.997907 0.000028
3 3 0.000006 0.000217 0.001480 0.998268 0.000029
3 3 0.000022 0.000532 0.003059 0.996300 0.000088
3 3 0.000104 0.000538 0.029878 0.969332 0.000148
3 3 0.000018 0.000308 0.007643 0.991981 0.000051
3 3 0.000003 0.000084 0.001925 0.997977 0.000011
3 3 0.000022 0.000557 0.002936 0.996394 0.000091
3 3 0.000010 0.000330 0.001765 0.997849 0.000047
3 3 0.000005 0.000145 0.002167 0.997662 0.000021
3 3 0.000008 0.000198 0.002669 0.997095 0.000030
3 3 0.000019 0.000958 0.001077 0.997817 0.000129
3 3 0.000003 0.000189 0.000856 0.998930 0.000022
3 3 0.000016 0.000463 0.002310 0.997140 0.000071
3 3 0.000009 0.000316 0.001738 0.997893 0.000045
3 3 0.000047 0.000961 0.004118 0.994700 0.000175
3 3 0.000049 0.000640 0.007848 0.991331 0.000131
3 3 0.000259 0.001906 0.019313 0.978014 0.000508
3 3 0.000006 0.000179 0.001898 0.997892 0.000025
3 3 0.000001 0.000061 0.000925 0.999006 0.000007
3 3 0.000007 0.000177 0.002803 0.996986 0.000027
3 3 0.000029 0.000423 0.006375 0.993092 0.000081
3 3 0.000026 0.000533 0.004050 0.995297 0.000093
3 3 0.000224 0.003342 0.007088 0.988613 0.000732
3 3 0.000164 0.003560 0.004107 0.991475 0.000693
3 3 0.038842 0.087194 0.108030 0.720763 0.045172
2 3 0.025609 0.387048 0.418438 0.085080 0.083825
2 3 0.017257 0.408080 0.424297 0.032668 0.117697
3 3 0.001542 0.018784 0.037022 0.931663 0.010989
3 2 0.000068 0.000648 0.019140 0.979951 0.000193
3 2 0.000039 0.000845 0.083829 0.915202 0.000084
3 2 0.000066 0.001492 0.138967 0.858912 0.000563
3 2 0.000002 0.000063 0.106697 0.893231 0.000006
3 2 0.000056 0.000497 0.028660 0.970689 0.000098
3 2 0.000454 0.004520 0.087953 0.905618 0.001455
3 2 0.005759 0.151069 0.299735 0.519545 0.023892
3 2 0.000077 0.005655 0.296817 0.696827 0.000624
3 2 0.000122 0.001643 0.432300 0.564882 0.001053
3 2 0.000173 0.003195 0.375184 0.619678 0.001770
2 2 0.001458 0.031593 0.706552 0.246116 0.014281
2 2 0.000850 0.035161 0.897804 0.050349 0.015836
4 4 0.006121 0.127944 0.210025 0.153254 0.502656
2 4 0.002702 0.092126 0.621098 0.056456 0.227618
2 4 0.003416 0.229698 0.393637 0.001031 0.372217
2 4 0.010555 0.218656 0.638344 0.005237 0.127208
2 4 0.005944 0.259780 0.381707 0.017224 0.335346
4 4 0.005588 0.136338 0.180739 0.008220 0.669115
4 4 0.008726 0.215182 0.218471 0.019096 0.538526
4 4 0.008227 0.195810 0.193631 0.001847 0.600485
4 4 0.009885 0.129862 0.132259 0.001676 0.726317
4 4 0.010719 0.074338 0.080078 0.011268 0.823598
4 4 0.006467 0.164415 0.160482 0.000888 0.667748
4 4 0.001725 0.262445 0.226693 0.000082 0.509055
4 4 0.003506 0.268439 0.245578 0.000447 0.482031
4 4 0.002693 0.149209 0.213754 0.000365 0.633979
4 4 0.023009 0.129276 0.140639 0.008983 0.698093
4 4 0.030018 0.117815 0.132768 0.034043 0.685356
1 4 0.015821 0.350186 0.350183 0.001841 0.281969
1 4 0.001287 0.406272 0.348484 0.000714 0.243242
4 4 0.001389 0.270426 0.228732 0.000042 0.499411
4 4 0.001517 0.249802 0.215532 0.000112 0.533037
4 4 0.006315 0.163544 0.163940 0.009353 0.656849
4 4 0.017966 0.244007 0.252119 0.004934 0.480974
4 4 0.022448 0.253197 0.304101 0.003654 0.416599
2 4 0.011836 0.215806 0.656203 0.001897 0.114258
2 4 0.004531 0.063889 0.871042 0.011117 0.049421
2 4 0.001876 0.068554 0.838074 0.011435 0.080061
2 4 0.004323 0.150550 0.683622 0.019532 0.141972
2 4 0.001687 0.028093 0.871674 0.078758 0.019787
2 4 0.000632 0.022172 0.924580 0.029310 0.023306
2 4 0.001755 0.070937 0.802873 0.032362 0.092072
2 4 0.002465 0.060969 0.798201 0.015706 0.122659
2 4 0.004835 0.068568 0.742506 0.011667 0.172424
2 4 0.001237 0.025748 0.908758 0.003272 0.060986
2 4 0.001049 0.017092 0.954478 0.009900 0.017481
2 4 0.001578 0.044708 0.888827 0.048435 0.016452
2 2 0.002341 0.053402 0.867717 0.013610 0.062930
2 2 0.001899 0.040609 0.883555 0.005931 0.068005
2 2 0.000271 0.007058 0.974920 0.012617 0.005133
2 2 0.000367 0.044976 0.935645 0.007828 0.011184
2 2 0.000275 0.045761 0.929674 0.015824 0.008467
2 2 0.000628 0.006640 0.976448 0.012856 0.003428
2 2 0.005183 0.108080 0.662514 0.114182 0.110041
3 2 0.007039 0.217623 0.288825 0.458938 0.027574
2 2 0.000707 0.033791 0.908365 0.047053 0.010084
2 2 0.002678 0.264713 0.682745 0.030179 0.019685
2 2 0.001826 0.229361 0.736000 0.014931 0.017883
2 2 0.000451 0.043606 0.572053 0.381505 0.002384
2 2 0.000087 0.002930 0.987458 0.008942 0.000583
2 2 0.000063 0.001259 0.686014 0.311903 0.000761
2 2 0.002273 0.025199 0.912004 0.014303 0.046221
2 2 0.017534 0.405570 0.419410 0.021152 0.136334
2 2 0.012447 0.461735 0.465427 0.008875 0.051517
2 2 0.003471 0.120247 0.752003 0.080497 0.043782
2 2 0.000395 0.043493 0.785442 0.164744 0.005926
2 2 0.005281 0.079933 0.675766 0.210802 0.028218
2 2 0.001383 0.026957 0.932414 0.012510 0.026736
2 2 0.002338 0.019444 0.954460 0.010401 0.013358
2 2 0.000768 0.025628 0.875658 0.080657 0.017289
2 2 0.000245 0.018665 0.967834 0.008018 0.005238
2 2 0.000125 0.011409 0.979803 0.006734 0.001929
2 2 0.019634 0.432249 0.454997 0.035563 0.057557
2 2 0.011786 0.242115 0.432119 0.288923 0.025057
2 2 0.021475 0.395674 0.423749 0.085097 0.074006
2 2 0.002846 0.029884 0.786577 0.170234 0.010459
2 2 0.002518 0.038634 0.690546 0.244359 0.023943
2 2 0.000424 0.008280 0.875863 0.108201 0.007233
2 2 0.000689 0.009830 0.898626 0.085413 0.005442
2 2 0.000432 0.018583 0.892213 0.084526 0.004246
2 2 0.000742 0.045434 0.883828 0.060599 0.009397
3 2 0.000644 0.033889 0.435906 0.522610 0.006951
2 2 0.000222 0.017610 0.932772 0.044764 0.004632
2 2 0.000983 0.028873 0.488260 0.476407 0.005477
2 2 0.002447 0.082496 0.647763 0.245125 0.022168
3 2 0.000179 0.004275 0.299156 0.695394 0.000996
2 2 0.000768 0.004516 0.607590 0.385479 0.001646
2 2 0.003615 0.035069 0.678418 0.266252 0.016647
3 0 0.010434 0.043878 0.451667 0.464079 0.029942
3 2 0.013546 0.076918 0.201070 0.619345 0.089120
3 2 0.003562 0.024503 0.050587 0.908610 0.012738
3 2 0.000767 0.015117 0.118099 0.861137 0.004879
2 2 0.000420 0.029050 0.551835 0.414059 0.004636
3 2 0.000790 0.019083 0.087469 0.887246 0.005412
3 2 0.000720 0.012386 0.322823 0.660452 0.003619
2 2 0.001081 0.023920 0.835705 0.135974 0.003319
3 2 0.000658 0.027638 0.444251 0.519840 0.007613
3 2 0.000069 0.006505 0.138230 0.854432 0.000763
2 2 0.000424 0.020139 0.710418 0.266671 0.002349
3 2 0.000220 0.008149 0.477544 0.512992 0.001096
2 2 0.000663 0.010051 0.683325 0.302126 0.003835
3 2 0.007948 0.034794 0.374039 0.574529 0.008691
2 2 0.026792 0.345464 0.406433 0.154365 0.066946
3 2 0.015579 0.191219 0.215391 0.536776 0.041035
2 2 0.001818 0.348415 0.390003 0.230777 0.028986
2 2 0.002663 0.041573 0.591133 0.351334 0.013297
3 2 0.001514 0.014685 0.226888 0.751390 0.005523
2 2 0.002081 0.086811 0.849398 0.057694 0.004016
2 2 0.000332 0.060162 0.935480 0.001077 0.002950
2 2 0.000658 0.013436 0.949614 0.034836 0.001456
2 2 0.004647 0.078715 0.529919 0.373650 0.013070
2 2 0.006899 0.081898 0.739261 0.151263 0.020679
3 2 0.211016 0.172702 0.219929 0.236093 0.160259
0 2 0.572595 0.144346 0.105121 0.044657 0.133281
0 0 0.893664 0.046714 0.012753 0.001514 0.045354
0 0 0.918831 0.036384 0.008353 0.000792 0.035639
0 0 0.885877 0.038548 0.006989 0.000301 0.068284
0 0 0.888821 0.026717 0.002956 0.000044 0.081461
0 0 0.699107 0.075827 0.019439 0.000912 0.204714
4 0 0.357992 0.091459 0.027229 0.000828 0.522493
4 0 0.146383 0.288709 0.122955 0.000723 0.441230
0 0 0.374578 0.229822 0.051674 0.000157 0.343770
4 0 0.118191 0.082654 0.031801 0.001059 0.766295
4 0 0.018481 0.255899 0.263297 0.003624 0.458699
1 0 0.009276 0.435890 0.435191 0.020917 0.098726
2 1 0.005726 0.405600 0.409526 0.143993 0.035156
3 2 0.000721 0.034511 0.230360 0.725003 0.009405
2 2 0.000278 0.012008 0.838927 0.143668 0.005118
2 2 0.000765 0.021893 0.887424 0.078538 0.011379
2 2 0.000637 0.091429 0.850685 0.029713 0.027535
2 2 0.001906 0.069307 0.799942 0.081781 0.047064
2 2 0.002780 0.102719 0.539492 0.283988 0.071021
2 2 0.000382 0.018631 0.962069 0.012090 0.006828
2 2 0.000016 0.004689 0.994000 0.000813 0.000482
2 2 0.000014 0.001422 0.990842 0.007623 0.000098
2 2 0.000358 0.016945 0.971530 0.007084 0.004083
2 2 0.000379 0.005375 0.912497 0.080164 0.001585
3 2 0.000286 0.003608 0.320967 0.673296 0.001843
2 2 0.006866 0.074484 0.557187 0.321075 0.040389
2 2 0.017173 0.400502 0.406039 0.004927 0.171358
2 2 0.003490 0.260347 0.544155 0.157870 0.034137
2 2 0.000373 0.008182 0.898029 0.088850 0.004566
2 2 0.000032 0.003261 0.981012 0.015370 0.000325
2 2 0.000268 0.006854 0.971182 0.019816 0.001879
2 2 0.000088 0.002578 0.977867 0.019018 0.000448
2 2 0.001147 0.038870 0.904828 0.046878 0.008277
2 2 0.000661 0.131503 0.842888 0.006781 0.018167
2 2 0.002001 0.061205 0.901472 0.030339 0.004982
2 2 0.011196 0.085694 0.853518 0.018958 0.030634
2 2 0.003451 0.144116 0.825559 0.007499 0.019375
2 2 0.004769 0.068640 0.872385 0.038296 0.015910
2 2 0.005521 0.093701 0.758219 0.069515 0.073043
2 2 0.175747 0.102034 0.558808 0.102368 0.061043
0 2 0.589150 0.140878 0.099270 0.040405 0.130297
0 0 0.871649 0.055415 0.017092 0.002378 0.053466
0 0 0.768732 0.074838 0.022139 0.001766 0.132526
4 0 0.462174 0.042885 0.004894 0.000025 0.490022
4 0 0.306818 0.066313 0.014056 0.000187 0.612626
4 0 0.124898 0.046534 0.009984 0.000079 0.818505
4 0 0.220166 0.036509 0.004467 0.000016 0.738842
4 0 0.200768 0.105486 0.047089 0.002252 0.644405
2 0 0.025776 0.315756 0.331506 0.008503 0.318459
2 4 0.001416 0.165417 0.651526 0.003582 0.178058
2 4 0.001069 0.254313 0.614866 0.000741 0.129011
2 4 0.001744 0.137038 0.753619 0.002704 0.104895
2 4 0.001943 0.161175 0.757605 0.001495 0.077781
2 4 0.002054 0.133541 0.784621 0.023319 0.056465
2 4 0.001089 0.108343 0.812305 0.015227 0.063036
4 4 0.004007 0.224217 0.268669 0.004180 0.498925
4 4 0.006556 0.135983 0.137561 0.007711 0.712189
4 4 0.029732 0.125982 0.139287 0.009636 0.695364
4 4 0.016496 0.217228 0.223594 0.003379 0.539304
4 4 0.010414 0.245173 0.245423 0.004293 0.494696
4 4 0.027617 0.203580 0.222457 0.036462 0.509885
4 4 0.058516 0.129639 0.237670 0.049950 0.524225
4 4 0.047402 0.173876 0.316092 0.086147 0.376482
4 4 0.017717 0.107513 0.117252 0.016459 0.741059
4 4 0.014167 0.045347 0.018155 0.000691 0.921639
4 4 0.010645 0.027821 0.014062 0.000189 0.947283
4 4 0.104453 0.098788 0.057118 0.003205 0.736436
4 4 0.004616 0.060267 0.061971 0.006423 0.866723
4 4 0.010889 0.063184 0.068084 0.005133 0.852709
4 4 0.043972 0.105545 0.160737 0.024466 0.665280
4 4 0.020975 0.147378 0.241786 0.005986 0.583875
2 4 0.016270 0.338085 0.338378 0.001587 0.305679
4 4 0.014690 0.310151 0.285106 0.001053 0.389000
4 4 0.024796 0.220459 0.234630 0.009146 0.510969
4 4 0.076531 0.142006 0.167128 0.037948 0.576387
4 4 0.030232 0.147719 0.161956 0.008712 0.651381
4 4 0.002259 0.049922 0.048470 0.000342 0.899007
4 4 0.025589 0.062735 0.047820 0.002286 0.861569
4 4 0.062736 0.076820 0.043633 0.001786 0.815025
4 4 0.028535 0.038566 0.015596 0.000213 0.917089
4 4 0.198269 0.098138 0.040230 0.001592 0.661770
4 4 0.015142 0.064723 0.070983 0.005598 0.843554
4 4 0.017524 0.145256 0.153192 0.003764 0.680265
4 4 0.004663 0.144585 0.141721 0.003322 0.705708
4 4 0.012954 0.258058 0.257504 0.001447 0.470038
4 4 0.012593 0.256766 0.255757 0.001391 0.473493
4 4 0.031218 0.247579 0.268409 0.022739 0.430057
4 4 0.019866 0.151254 0.160595 0.004434 0.663850
4 4 0.030970 0.204052 0.259167 0.016522 0.489289
4 4 0.013031 0.292218 0.161103 0.000108 0.533539
4 4 0.026647 0.370383 0.231569 0.000384 0.371018
4 4 0.023416 0.015597 0.002313 0.000003 0.958671
4 4 0.034588 0.034716 0.011107 0.000103 0.919485
4 4 0.067121 0.154258 0.117773 0.035847 0.625000
2 4 0.060053 0.110959 0.648287 0.088199 0.092502
4 4 0.038671 0.229470 0.249710 0.008833 0.473315
2 4 0.022181 0.388752 0.407592 0.021837 0.159638
2 4 0.028894 0.340180 0.356248 0.004940 0.269738
4 4 0.012759 0.321720 0.280474 0.009033 0.376014
1 4 0.001288 0.474634 0.407352 0.000800 0.115926
3 4 0.023353 0.259487 0.292429 0.381404 0.043327
3 4 0.006798 0.040035 0.047864 0.892335 0.012969
2 4 0.002516 0.332381 0.621964 0.022254 0.020885
2 4 0.026624 0.422874 0.440840 0.005796 0.103867
2 4 0.012803 0.313059 0.505364 0.003409 0.165365
2 4 0.004573 0.334190 0.412716 0.000639 0.247882
2 4 0.000366 0.330350 0.627934 0.000682 0.040667
2 4 0.002608 0.327134 0.500687 0.003465 0.166107
2 4 0.002421 0.105864 0.731753 0.044438 0.115524
1 4 0.019588 0.426451 0.347812 0.007547 0.198602
2 4 0.098979 0.246299 0.291011 0.105862 0.257850
2 4 0.007833 0.324764 0.332117 0.154011 0.181275
2 4 0.004856 0.253383 0.550175 0.084536 0.107050
2 4 0.003777 0.309028 0.560501 0.037412 0.089282
1 4 0.002097 0.496341 0.436158 0.000463 0.064942
2 4 0.001828 0.147802 0.826621 0.000893 0.022856
2 4 0.004221 0.174519 0.776217 0.002016 0.043026
2 4 0.101321 0.201189 0.557334 0.006040 0.134117
0 4 0.401643 0.231417 0.178463 0.030500 0.157976
2 4 0.007603 0.121796 0.522304 0.094629 0.253667
2 4 0.007278 0.174895 0.625892 0.018423 0.173513
2 4 0.000271 0.040797 0.949148 0.004277 0.005507
2 4 0.000305 0.016323 0.977374 0.003401 0.002597
2 4 0.000409 0.004295 0.899097 0.091947 0.004252
2 2 0.000361 0.004864 0.886885 0.106580 0.001310
2 2 0.000324 0.012003 0.973299 0.012072 0.002302
2 2 0.000161 0.029078 0.958323 0.002633 0.009805
2 2 0.000035 0.007632 0.991055 0.000048 0.001230
2 2 0.000241 0.014761 0.980209 0.001035 0.003754
2 2 0.004927 0.229872 0.524312 0.024580 0.216310
2 2 0.009046 0.175339 0.630094 0.034546 0.150975
2 2 0.000773 0.046877 0.927198 0.006628 0.018523
2 2 0.003543 0.029025 0.924170 0.021590 0.021672
2 2 0.006425 0.195689 0.715880 0.046402 0.035603
2 2 0.025276 0.321126 0.531142 0.043730 0.078726
2 2 0.028860 0.237423 0.544066 0.137803 0.051848
2 2 0.016020 0.159906 0.546334 0.215249 0.062491
2 2 0.016600 0.343950 0.350628 0.001614 0.287207
4 2 0.278205 0.229471 0.175322 0.020945 0.296057
1 2 0.120195 0.358200 0.352692 0.049259 0.119655
2 2 0.010655 0.351877 0.371533 0.223935 0.042001
3 2 0.005032 0.287066 0.296999 0.378917 0.031986
3 2 0.003389 0.052363 0.444663 0.483432 0.016152
3 2 0.000448 0.029851 0.225473 0.736461 0.007767
2 2 0.000753 0.026060 0.898830 0.068439 0.005919
2 2 0.000027 0.003047 0.994690 0.001928 0.000308
2 2 0.000042 0.009734 0.985909 0.002820 0.001496
2 2 0.000491 0.023191 0.951617 0.011956 0.012745
2 2 0.000366 0.022574 0.953369 0.007005 0.016687
2 2 0.000013 0.004997 0.987046 0.007417 0.000527
2 2 0.000045 0.003894 0.988754 0.005757 0.001550
2 2 0.000113 0.011526 0.983512 0.002214 0.002635
2 2 0.000798 0.026456 0.929744 0.031607 0.011396
2 2 0.000037 0.001390 0.955303 0.042712 0.000558
3 2 0.000025 0.000871 0.417201 0.581694 0.000209
2 2 0.000092 0.003751 0.792464 0.202938 0.000755
2 2 0.001140 0.011798 0.885510 0.097574 0.003977
2 2 0.000133 0.001142 0.934381 0.063953 0.000391
2 2 0.000043 0.001909 0.960403 0.037405 0.000240
3 2 0.000078 0.002662 0.378061 0.618864 0.000334
2 2 0.000247 0.011026 0.534293 0.453494 0.000941
2 2 0.000646 0.009013 0.921922 0.065774 0.002646
3 2 0.000400 0.010784 0.224212 0.761934 0.002671
2 2 0.000393 0.013814 0.803533 0.180719 0.001541
2 3 0.000203 0.012660 0.894368 0.091588 0.001181
2 3 0.000139 0.006381 0.940623 0.052288 0.000568
2 3 0.000058 0.001721 0.566721 0.431263 0.000238
2 3 0.000036 0.002128 0.957351 0.040335 0.000150
3 3 0.000144 0.003345 0.285920 0.710246 0.000344
3 3 0.000456 0.006283 0.180511 0.811933 0.000816
3 3 0.000245 0.001479 0.326514 0.671513 0.000248
3 3 0.000106 0.001964 0.247669 0.750079 0.000182
2 3 0.000045 0.001244 0.503452 0.495185 0.000074
2 3 0.000052 0.001118 0.692767 0.305995 0.000068
2 3 0.000160 0.003719 0.700125 0.295490 0.000505
3 3 0.000046 0.002024 0.082522 0.915229 0.000179
3 3 0.000022 0.000543 0.041454 0.957926 0.000054
3 3 0.000007 0.000090 0.032250 0.967640 0.000012
3 3 0.000138 0.007328 0.473794 0.518208 0.000532
3 3 0.000028 0.000808 0.064413 0.934656 0.000095
3 3 0.000071 0.002755 0.332065 0.664951 0.000157
3 3 0.000114 0.005153 0.135359 0.859031 0.000342
3 3 0.000026 0.000765 0.056568 0.942574 0.000067
3 3 0.000022 0.000412 0.030918 0.968598 0.000050
3 3 0.000053 0.000540 0.011263 0.988025 0.000119
3 3 0.000023 0.000532 0.009858 0.989513 0.000074
3 3 0.000006 0.000061 0.009452 0.990470 0.000011
3 3 0.000006 0.000113 0.020191 0.979677 0.000013
3 3 0.000018 0.000247 0.023827 0.975870 0.000037
3 3 0.000011 0.000226 0.038276 0.961464 0.000024
3 3 0.000051 0.000950 0.125385 0.873517 0.000096
3 3 0.000012 0.000285 0.032860 0.966814 0.000029
3 3 0.000003 0.000126 0.036191 0.963671 0.000008
3 3 0.000006 0.000196 0.035481 0.964300 0.000016
3 3 0.000008 0.000325 0.029354 0.970288 0.000025
3 3 0.000044 0.001534 0.380475 0.617861 0.000086
3 3 0.000047 0.001573 0.124943 0.873322 0.000115
3 3 0.000010 0.000270 0.066397 0.933300 0.000023
3 3 0.000016 0.000216 0.014451 0.985281 0.000035
3 3 0.000034 0.000464 0.007187 0.992223 0.000092
3 3 0.000003 0.000078 0.002896 0.997011 0.000011
3 3 0.000111 0.001686 0.092620 0.905370 0.000213
3 3 0.000122 0.001274 0.177473 0.820957 0.000173
3 3 0.000003 0.000046 0.022545 0.977400 0.000006
3 3 0.000012 0.000118 0.010937 0.988908 0.000024
3 3 0.000028 0.000356 0.007990 0.991554 0.000071
3 3 0.000088 0.000730 0.051980 0.947063 0.000139
3 3 0.000008 0.000167 0.019662 0.980143 0.000019
3 3 0.000077 0.002572 0.017505 0.979559 0.000287
3 3 0.000004 0.000067 0.003996 0.995923 0.000011
3 3 0.000006 0.000106 0.004591 0.995280 0.000017
3 3 0.000059 0.001039 0.028530 0.970227 0.000144
3 3 0.000004 0.000142 0.001640 0.998195 0.000019
3 3 0.000001 0.000059 0.000565 0.999369 0.000006
3 3 0.000032 0.000776 0.003178 0.995882 0.000132
3 3 0.000003 0.000084 0.002123 0.997779 0.000012
3 3 0.000010 0.000198 0.003681 0.996079 0.000032
3 3 0.000010 0.000222 0.005552 0.994183 0.000033
3 3 0.000071 0.000911 0.012386 0.986454 0.000178
3 3 0.000032 0.000684 0.003782 0.995382 0.000120
3 3 0.000006 0.000166 0.002640 0.997163 0.000024
3 3 0.000006 0.000175 0.007316 0.992483 0.000020
3 3 0.000046 0.001778 0.020141 0.977865 0.000171
3 3 0.001768 0.013860 0.054004 0.926954 0.003414
3 3 0.027722 0.073033 0.090030 0.773907 0.035309
3 3 0.016074 0.133517 0.154495 0.664679 0.031235
2 3 0.011537 0.170783 0.548677 0.236852 0.032152
3 2 0.000651 0.029830 0.434695 0.529852 0.004972
2 2 0.000958 0.026702 0.684369 0.283058 0.004913
3 2 0.000896 0.013038 0.043389 0.934864 0.007813
3 2 0.000135 0.007657 0.188570 0.802706 0.000931
2 2 0.000021 0.001864 0.884894 0.112319 0.000902
3 2 0.000025 0.000425 0.181825 0.817544 0.000181
2 2 0.000234 0.014506 0.953696 0.025665 0.005899
2 2 0.000656 0.021221 0.950176 0.021426 0.006522
3 2 0.000631 0.009328 0.406310 0.578758 0.004973
3 2 0.000805 0.002589 0.187622 0.807206 0.001778
3 2 0.000096 0.001777 0.155265 0.841436 0.001427
2 2 0.000190 0.005670 0.601474 0.390899 0.001766
2 2 0.001182 0.070577 0.787176 0.112611 0.028453
2 2 0.000490 0.025375 0.811231 0.144511 0.018393
2 2 0.002544 0.041509 0.635495 0.170728 0.149724
4 2 0.012253 0.114458 0.372111 0.039476 0.461702
4 4 0.004567 0.217177 0.297460 0.007544 0.473252
4 4 0.019174 0.161799 0.170909 0.004499 0.643620
4 4 0.031238 0.141509 0.155922 0.009490 0.661841
4 4 0.020151 0.102153 0.113114 0.026100 0.738482
4 4 0.026698 0.152279 0.165145 0.007001 0.648877
4 4 0.029794 0.211463 0.282735 0.010680 0.465328
4 4 0.004391 0.022490 0.015316 0.000248 0.957554
4 4 0.003049 0.064219 0.065639 0.021782 0.845311
4 4 0.049036 0.172865 0.196596 0.038190 0.543313
4 4 0.004744 0.307078 0.292639 0.005691 0.389848
4 4 0.011404 0.093231 0.100179 0.018890 0.776295
4 4 0.003648 0.049394 0.051011 0.006955 0.888992
4 4 0.013797 0.052418 0.072159 0.003638 0.857988
4 4 0.010099 0.054010 0.038988 0.000766 0.896136
4 4 0.007100 0.076132 0.079851 0.008685 0.828232
4 4 0.026013 0.154053 0.171951 0.086577 0.561406
1 4 0.006018 0.345403 0.334445 0.010305 0.303828
1 4 0.004487 0.403405 0.373673 0.001386 0.217049
1 4 0.026720 0.413566 0.392795 0.001910 0.165009
1 4 0.040947 0.469537 0.333494 0.000866 0.155155
4 4 0.020547 0.232360 0.211935 0.001886 0.533272
4 4 0.003330 0.194212 0.193335 0.000227 0.608896
2 4 0.007982 0.208918 0.435946 0.001065 0.346089
4 4 0.006441 0.209614 0.217653 0.000599 0.565693
1 4 0.010776 0.452077 0.435239 0.000562 0.101345
1 4 0.010454 0.398124 0.383178 0.000660 0.207585
1 4 0.169182 0.435837 0.181267 0.000562 0.213152
4 4 0.257912 0.096739 0.034652 0.001225 0.609472
4 4 0.192563 0.332458 0.128008 0.000590 0.346381
1 4 0.009256 0.436465 0.427520 0.004993 0.121765
2 4 0.011387 0.432093 0.444926 0.060463 0.051133
2 4 0.002550 0.378671 0.478390 0.067935 0.072454
2 4 0.006059 0.159189 0.635718 0.041852 0.157182
2 4 0.006242 0.165315 0.609023 0.001395 0.218025
2 4 0.003031 0.170922 0.629111 0.000327 0.196609
2 4 0.000351 0.018592 0.970901 0.000718 0.009437
2 4 0.001881 0.046143 0.836309 0.073899 0.041767
2 4 0.021918 0.068821 0.441074 0.063198 0.404987
4 4 0.030378 0.289449 0.305622 0.004898 0.369652
2 4 0.117620 0.305084 0.356261 0.035575 0.185460
2 4 0.013991 0.408500 0.412457 0.009057 0.155995
4 4 0.015461 0.322060 0.321857 0.001543 0.339079
4 4 0.007117 0.304249 0.289782 0.000806 0.398046
4 4 0.011469 0.218375 0.218005 0.001385 0.550767
2 4 0.016927 0.391570 0.394294 0.002960 0.194249
2 4 0.063403 0.319724 0.370196 0.169923 0.076755
1 4 0.047649 0.437169 0.366819 0.002366 0.145997
2 4 0.020836 0.358506 0.366799 0.003664 0.250195
2 4 0.006813 0.300738 0.448620 0.007038 0.236792
2 4 0.034073 0.355933 0.428525 0.129002 0.052468
2 0 0.048380 0.373726 0.404334 0.007440 0.166120
2 0 0.036615 0.388105 0.410641 0.004639 0.160000
1 4 0.006588 0.463483 0.440770 0.001890 0.087269
2 4 0.010649 0.378574 0.475704 0.049307 0.085766
2 4 0.017085 0.169741 0.371169 0.222974 0.219030
3 4 0.001892 0.049778 0.279242 0.639087 0.030001
2 4 0.012921 0.355070 0.364747 0.041350 0.225912
2 4 0.009918 0.054753 0.698212 0.070720 0.166397
2 2 0.000738 0.016178 0.941030 0.008122 0.033932
2 2 0.000209 0.011316 0.972208 0.003404 0.012863
2 2 0.000037 0.000680 0.995853 0.002877 0.000553
2 2 0.000069 0.001232 0.995348 0.002249 0.001103
2 2 0.000091 0.003653 0.985372 0.010012 0.000872
2 2 0.000091 0.004588 0.990082 0.003752 0.001487
2 2 0.000015 0.002336 0.996870 0.000102 0.000676
2 2 0.000083 0.005861 0.990191 0.001812 0.002053
2 2 0.017026 0.189005 0.421683 0.017514 0.354772
2 2 0.014387 0.123890 0.534566 0.104474 0.222683
2 2 0.000637 0.016024 0.928651 0.048989 0.005700
2 2 0.000015 0.000383 0.992000 0.007535 0.000068
2 2 0.000064 0.001518 0.975460 0.022660 0.000298
2 2 0.000391 0.006181 0.966994 0.024309 0.002125
2 2 0.000215 0.006335 0.990371 0.001135 0.001944
2 2 0.000586 0.023721 0.941498 0.004880 0.029315
2 2 0.000681 0.036128 0.900642 0.036111 0.026437
2 2 0.001990 0.048523 0.740120 0.144017 0.065350
2 2 0.077260 0.347415 0.530560 0.006370 0.038395
2 2 0.041781 0.127009 0.731269 0.069118 0.030823
2 2 0.046796 0.337401 0.368783 0.017222 0.229798
2 2 0.115535 0.324658 0.377822 0.031950 0.150035
2 2 0.042526 0.394623 0.424268 0.008210 0.130372
2 2 0.059509 0.197359 0.340594 0.313247 0.089290
2 2 0.028310 0.168878 0.616060 0.117282 0.069470
2 2 0.070682 0.168940 0.531151 0.039031 0.190197
2 2 0.002041 0.016447 0.965047 0.003106 0.013361
2 2 0.001780 0.022632 0.930197 0.037762 0.007629
2 2 0.000275 0.014219 0.899109 0.080696 0.005702
2 2 0.000073 0.002692 0.980992 0.014950 0.001293
2 2 0.000175 0.006846 0.986574 0.002792 0.003613
2 2 0.000041 0.003129 0.996052 0.000217 0.000561
2 2 0.000002 0.000171 0.998334 0.001459 0.000035
2 2 0.000017 0.000341 0.995177 0.004180 0.000285
2 2 0.000007 0.000619 0.993759 0.005348 0.000267
2 2 0.000019 0.001237 0.996677 0.001177 0.000890
2 2 0.000005 0.000410 0.998833 0.000363 0.000389
2 2 0.000035 0.002495 0.994488 0.000829 0.002154
2 2 0.000073 0.002827 0.990620 0.004873 0.001606
2 2 0.000093 0.003722 0.939484 0.055436 0.001264
2 2 0.000019 0.000711 0.985306 0.013644 0.000320
2 2 0.000037 0.000589 0.895308 0.102976 0.001090
2 2 0.000225 0.002908 0.987105 0.007220 0.002542
2 2 0.000916 0.068504 0.831343 0.045601 0.053636
2 2 0.000213 0.008251 0.722558 0.266248 0.002730
2 2 0.000240 0.008659 0.647392 0.340252 0.003457
2 2 0.036113 0.038499 0.753170 0.081021 0.091197
0 2 0.415131 0.124795 0.236164 0.108761 0.115149
0 0 0.824485 0.071586 0.025785 0.004116 0.074027
0 0 0.495545 0.114446 0.044126 0.003173 0.342709
2 0 0.015385 0.269361 0.582388 0.015518 0.117349
2 1 0.004506 0.263350 0.396321 0.256084 0.079738
3 1 0.000141 0.027910 0.294926 0.671844 0.005178
2 1 0.000424 0.013018 0.873193 0.109263 0.004102
3 1 0.000131 0.011269 0.448426 0.536844 0.003330
2 1 0.000813 0.053460 0.772175 0.149557 0.023995
2 2 0.000242 0.008828 0.759208 0.229939 0.001783
2 2 0.000152 0.010512 0.821156 0.164336 0.003844
2 2 0.000076 0.005588 0.967217 0.025421 0.001699
2 2 0.000238 0.011400 0.979348 0.003648 0.005365
2 2 0.014664 0.185484 0.664044 0.006185 0.129622
2 2 0.033089 0.365825 0.384751 0.004320 0.212015
2 2 0.034861 0.429031 0.461149 0.014925 0.060034
2 2 0.022014 0.270808 0.446060 0.223846 0.037272
2 2 0.118603 0.150222 0.448746 0.091938 0.190490
0 2 0.350038 0.175141 0.147562 0.047802 0.279456
1 0 0.277117 0.335741 0.101600 0.000315 0.285227
1 0 0.015343 0.444271 0.443441 0.002091 0.094854
4 0 0.005485 0.230677 0.223204 0.003691 0.536944
2 4 0.006010 0.287339 0.378400 0.033572 0.294679
2 4 0.011093 0.302318 0.524767 0.067022 0.094800
2 4 0.000286 0.020165 0.934541 0.034006 0.011002
2 4 0.000047 0.005428 0.987629 0.005954 0.000941
2 4 0.000351 0.018787 0.963653 0.012560 0.004649
2 2 0.001913 0.044831 0.895323 0.046086 0.011848
2 2 0.000755 0.031536 0.921690 0.035903 0.010116
2 2 0.020048 0.119413 0.489970 0.188526 0.182043
2 2 0.003858 0.155168 0.663695 0.071599 0.105679
2 2 0.000499 0.006424 0.975302 0.014313 0.003461
2 2 0.000718 0.012430 0.976672 0.006633 0.003546
2 2 0.004402 0.021331 0.953814 0.008540 0.011913
2 2 0.010902 0.223297 0.555305 0.009955 0.200540
2 2 0.094348 0.173234 0.538231 0.056461 0.137726
0 0 0.301179 0.171938 0.205446 0.162138 0.159299
0 0 0.526415 0.153035 0.121809 0.058080 0.140661
0 0 0.756599 0.096046 0.045598 0.011111 0.090646
4 0 0.395453 0.112127 0.042474 0.002353 0.447592
0 0 0.497920 0.062175 0.010912 0.000146 0.428847
4 0 0.110035 0.114009 0.037030 0.003219 0.735707
4 0 0.079521 0.058577 0.015553 0.000295 0.846055
4 0 0.059128 0.016938 0.001770 0.000002 0.922161
4 0 0.019865 0.014367 0.002378 0.000004 0.963385
4 0 0.057703 0.042178 0.012472 0.000127 0.887520
4 0 0.390974 0.089103 0.025116 0.000731 0.494076
4 0 0.091503 0.031231 0.005053 0.000019 0.872194
4 0 0.026227 0.124744 0.079639 0.000782 0.768609
4 0 0.013825 0.248746 0.249899 0.001656 0.485874
2 0 0.022703 0.357261 0.377141 0.030521 0.212374
4 0 0.043633 0.161324 0.185842 0.127581 0.481620
4 4 0.031722 0.064132 0.044040 0.001887 0.858220
4 4 0.062959 0.036216 0.008562 0.000058 0.892205
0 4 0.539792 0.060144 0.010158 0.000136 0.389770
0 4 0.483149 0.080330 0.019321 0.000487 0.416713
4 0 0.155110 0.116317 0.067019 0.004715 0.656839
0 0 0.614666 0.057184 0.009327 0.000136 0.318687
4 0 0.191747 0.055259 0.011598 0.000112 0.741285
4 0 0.409500 0.047164 0.006147 0.000037 0.537152
0 0 0.583984 0.044136 0.005206 0.000036 0.366638
0 0 0.755423 0.066832 0.016018 0.000759 0.160968
4 0 0.052124 0.033277 0.007975 0.000050 0.906574
4 0 0.068689 0.057567 0.022030 0.000417 0.851298
0 0 0.473194 0.083813 0.021283 0.000589 0.421122
0 0 0.478678 0.063456 0.011439 0.000156 0.446271
4 0 0.428748 0.038864 0.004012 0.000016 0.528361
0 0 0.771385 0.027163 0.002142 0.000010 0.199300
0 0 0.822195 0.020807 0.001329 0.000005 0.155664
0 0 0.927480 0.018985 0.001758 0.000023 0.051754
0 0 0.506860 0.081963 0.020221 0.000564 0.390393
4 0 0.167830 0.050555 0.010227 0.000085 0.771303
4 0 0.121800 0.069438 0.024026 0.000501 0.784235
4 0 0.122371 0.049744 0.011647 0.000109 0.816128
4 0 0.139913 0.079779 0.030249 0.000824 0.749236
4 0 0.014007 0.062074 0.067870 0.005113 0.850936
4 0 0.020073 0.057743 0.046233 0.002169 0.873782
4 0 0.005997 0.038962 0.041244 0.001913 0.911884
4 0 0.011801 0.056584 0.061456 0.004190 0.865969
4 0 0.006347 0.060152 0.056254 0.008017 0.869230
4 0 0.004597 0.095016 0.098741 0.075080 0.726566
4 0 0.007502 0.051930 0.055333 0.004491 0.880743
4 0 0.031260 0.080911 0.063129 0.005075 0.819624
4 0 0.039278 0.075606 0.055710 0.003085 0.826320
4 0 0.068336 0.069871 0.033689 0.001025 0.827078
4 0 0.042432 0.030713 0.007582 0.000046 0.919227
4 1 0.015123 0.025567 0.009498 0.000081 0.949732
4 0 0.062460 0.076427 0.033953 0.001427 0.825733
4 1 0.037088 0.159880 0.179876 0.040654 0.582503
4 1 0.026076 0.087956 0.052725 0.000704 0.832539
4 1 0.025733 0.241453 0.188644 0.001264 0.542906
2 1 0.009641 0.108956 0.710407 0.108558 0.062438
4 4 0.031642 0.165609 0.180942 0.008525 0.613282
4 4 0.018969 0.144718 0.154483 0.007175 0.674656
4 4 0.013700 0.093864 0.099861 0.003603 0.788973
4 4 0.005670 0.026931 0.019255 0.000389 0.947756
4 4 0.019121 0.032409 0.013670 0.000168 0.934632
4 4 0.009819 0.044461 0.031967 0.001436 0.912317
4 4 0.019258 0.287629 0.208391 0.000571 0.484151
4 4 0.042346 0.072892 0.035008 0.000543 0.849211
4 4 0.015015 0.098664 0.070100 0.000693 0.815527
3 4 0.075258 0.160551 0.195771 0.428150 0.140270
2 4 0.057866 0.217647 0.505248 0.027816 0.191423
4 4 0.011931 0.148978 0.189243 0.002210 0.647638
1 4 0.010042 0.370922 0.295471 0.000312 0.323253
4 4 0.017262 0.147231 0.154635 0.003602 0.677269
4 4 0.002776 0.091764 0.083731 0.000571 0.821158
4 4 0.010536 0.035312 0.023578 0.000556 0.930019
4 4 0.086731 0.038898 0.008312 0.000054 0.866005
4 4 0.009616 0.019258 0.006840 0.000043 0.964242
4 4 0.083631 0.090047 0.052598 0.002664 0.771060
4 4 0.034404 0.135056 0.153242 0.056756 0.620542
4 4 0.008981 0.112681 0.118259 0.017881 0.742198
4 4 0.002901 0.130711 0.121733 0.000243 0.744411
4 4 0.006375 0.053704 0.021861 0.000029 0.918031
4 4 0.025120 0.025418 0.006918 0.000040 0.942505
4 4 0.003913 0.033570 0.023915 0.000216 0.938385
4 4 0.010460 0.123402 0.126591 0.001907 0.737639
4 4 0.007512 0.289426 0.282616 0.004364 0.416083
4 4 0.036913 0.120493 0.100157 0.013691 0.728745
4 4 0.027113 0.083024 0.082557 0.007915 0.799391
4 4 0.068587 0.070459 0.034242 0.001061 0.825652
4 4 0.028543 0.039884 0.016758 0.000248 0.914568
4 4 0.032632 0.035165 0.011818 0.000118 0.920267
4 4 0.011789 0.042800 0.021647 0.000798 0.922966
4 4 0.011457 0.069406 0.059759 0.007485 0.851893
4 4 0.002704 0.259260 0.341290 0.001386 0.395360
4 4 0.018159 0.252159 0.258237 0.002504 0.468942
1 4 0.010538 0.361404 0.349309 0.000751 0.277998
4 4 0.017470 0.244138 0.249759 0.002426 0.486206
4 4 0.008452 0.186855 0.184741 0.001320 0.618632
2 4 0.025075 0.146681 0.504776 0.009623 0.313845
4 4 0.017363 0.283285 0.327558 0.002190 0.369604
4 4 0.006360 0.040261 0.042712 0.002048 0.908619
4 4 0.008365 0.037424 0.167790 0.006240 0.780180
4 4 0.008751 0.040305 0.035150 0.001312 0.914482
4 4 0.005577 0.050332 0.052950 0.005164 0.885976
4 4 0.012736 0.275631 0.282418 0.018341 0.410874
4 4 0.011134 0.185479 0.188106 0.003114 0.612167
4 4 0.015968 0.299989 0.308432 0.011545 0.364066
4 4 0.010880 0.281408 0.263721 0.001025 0.442965
4 4 0.002850 0.086756 0.082923 0.000386 0.827085
4 4 0.001269 0.019023 0.018828 0.000283 0.960596
4 4 0.011587 0.038009 0.026067 0.000679 0.923658
4 4 0.059263 0.061703 0.027897 0.000690 0.850447
4 4 0.022510 0.070092 0.048098 0.001172 0.858129
4 4 0.007377 0.019083 0.007878 0.000059 0.965603
4 4 0.027505 0.036833 0.014448 0.000182 0.921032
4 4 0.006490 0.040717 0.043229 0.002096 0.907468
4 4 0.001771 0.014013 0.009750 0.000108 0.974357
4 4 0.006860 0.029818 0.021314 0.000471 0.941538
4 4 0.006424 0.120187 0.140252 0.000972 0.732165
4 4 0.004670 0.193544 0.364135 0.000635 0.437016
2 4 0.001806 0.071627 0.716974 0.001096 0.208497
2 4 0.000729 0.050898 0.830542 0.000182 0.117648
2 4 0.001631 0.107242 0.733198 0.000425 0.157503
2 4 0.000743 0.048368 0.799021 0.001127 0.150741
2 4 0.003411 0.074888 0.694838 0.007540 0.219323
2 4 0.001694 0.071359 0.550368 0.000851 0.375729
2 4 0.000493 0.096700 0.789561 0.000086 0.113160
2 4 0.000556 0.036016 0.919016 0.000574 0.043838
2 4 0.017619 0.198829 0.638610 0.015750 0.129192
2 4 0.021547 0.093340 0.818124 0.014219 0.052771
2 4 0.005519 0.111212 0.681679 0.006526 0.195064
2 4 0.000535 0.087151 0.758920 0.000607 0.152787
2 4 0.000496 0.027672 0.916835 0.001200 0.053797
2 4 0.000310 0.012721 0.938890 0.000614 0.047464
2 4 0.000489 0.058292 0.794865 0.004149 0.142205
2 4 0.004217 0.045798 0.791467 0.006002 0.152516
2 4 0.003535 0.058686 0.728579 0.059080 0.150120
2 4 0.002912 0.155933 0.483770 0.061915 0.295469
2 4 0.001894 0.247790 0.395998 0.000302 0.354017
2 4 0.000700 0.152063 0.660196 0.000599 0.186443
2 4 0.000149 0.071176 0.883903 0.000054 0.044718
2 4 0.009158 0.078963 0.674343 0.011119 0.226416
2 4 0.007549 0.063334 0.750343 0.085717 0.093057
2 4 0.000973 0.039087 0.912666 0.029112 0.018163
2 4 0.000195 0.012604 0.973003 0.008211 0.005987
2 4 0.000236 0.016125 0.927826 0.045576 0.010237
2 4 0.000495 0.013234 0.942253 0.040570 0.003449
2 4 0.000463 0.009788 0.922654 0.059919 0.007175
2 4 0.000201 0.005616 0.898830 0.090030 0.005323
2 4 0.000091 0.003239 0.947630 0.046750 0.002290
2 4 0.000030 0.002286 0.994170 0.003071 0.000443
2 2 0.000047 0.002556 0.986783 0.009704 0.000910
2 2 0.000131 0.002284 0.958346 0.038212 0.001027
2 2 0.000200 0.006907 0.846697 0.142174 0.004022
2 2 0.000071 0.002585 0.968625 0.028193 0.000527
2 2 0.000039 0.002814 0.965219 0.031398 0.000530
2 2 0.000066 0.002794 0.799599 0.196122 0.001419
3 2 0.000204 0.002007 0.153567 0.842931 0.001293
2 2 0.000200 0.004903 0.849063 0.144463 0.001371
2 2 0.000056 0.001127 0.567288 0.431127 0.000403
3 2 0.000123 0.000645 0.244766 0.753828 0.000637
3 2 0.000037 0.000898 0.068498 0.930028 0.000539
3 2 0.000202 0.003610 0.232451 0.760881 0.002856
3 2 0.000100 0.001277 0.053106 0.944634 0.000882
3 2 0.000022 0.000156 0.032065 0.967706 0.000052
3 2 0.000006 0.000183 0.049487 0.950307 0.000017
2 2 0.000108 0.001420 0.931481 0.066863 0.000129
2 2 0.000307 0.010278 0.951396 0.035750 0.002268
3 2 0.000068 0.001700 0.352069 0.645395 0.000768
2 2 0.000047 0.001454 0.858177 0.139776 0.000546
2 2 0.000349 0.007451 0.809354 0.180411 0.002434
2 2 0.000022 0.000792 0.992485 0.006552 0.000148
3 2 0.000081 0.001141 0.474184 0.524232 0.000363
3 2 0.000027 0.000465 0.236777 0.762638 0.000093
3 2 0.000046 0.000572 0.315664 0.683610 0.000107
2 2 0.000131 0.002313 0.894939 0.101874 0.000742
2 2 0.000086 0.002624 0.827992 0.168753 0.000545
3 2 0.000110 0.001453 0.496989 0.501257 0.000191
2 3 0.000061 0.005655 0.619029 0.374560 0.000695
3 3 0.000036 0.001232 0.175539 0.823107 0.000086
3 3 0.000001 0.000093 0.306085 0.693818 0.000003
3 3 0.000001 0.000025 0.047665 0.952308 0.000001
3 3 0.000003 0.000028 0.029125 0.970839 0.000005
3 3 0.000008 0.000131 0.093674 0.906148 0.000039
3 3 0.000017 0.000518 0.114440 0.884894 0.000132
3 3 0.000022 0.000323 0.134290 0.865306 0.000059
3 3 0.000022 0.000330 0.055863 0.943671 0.000114
3 3 0.000026 0.000531 0.018112 0.981110 0.000222
3 3 0.000003 0.000149 0.015423 0.984402 0.000023
3 3 0.000083 0.001162 0.062144 0.936285 0.000325
3 3 0.000160 0.004900 0.220682 0.773229 0.001029
3 3 0.000040 0.000766 0.019474 0.979555 0.000166
3 3 0.000003 0.000061 0.006332 0.993596 0.000008
3 3 0.000004 0.000099 0.014182 0.985704 0.000011
3 3 0.000005 0.000080 0.004885 0.995017 0.000013
3 3 0.000023 0.000235 0.028293 0.971408 0.000041
3 3 0.000001 0.000025 0.003397 0.996573 0.000004
3 3 0.000015 0.000157 0.009509 0.990289 0.000031
3 3 0.000006 0.000098 0.009452 0.990420 0.000024
3 3 0.000045 0.000712 0.006014 0.993090 0.000138
3 3 0.000063 0.001056 0.011701 0.987000 0.000180
3 3 0.000013 0.000456 0.010955 0.988519 0.000057
3 3 0.000002 0.000083 0.010675 0.989232 0.000007
3 3 0.000001 0.000044 0.001963 0.997986 0.000006
3 3 0.000009 0.000194 0.003420 0.996346 0.000031
3 3 0.000013 0.000164 0.007904 0.991887 0.000032
3 3 0.000014 0.000435 0.036735 0.962779 0.000038
3 3 0.000045 0.000547 0.033982 0.965337 0.000088
3 3 0.000005 0.000135 0.004545 0.995292 0.000023
3 3 0.000020 0.000511 0.002927 0.996458 0.000083
3 3 0.000052 0.000922 0.005124 0.993726 0.000176
3 3 0.000007 0.000174 0.004884 0.994910 0.000024
3 3 0.000004 0.000067 0.004955 0.994962 0.000011
3 3 0.000018 0.000199 0.010471 0.989270 0.000043
3 3 0.000001 0.000040 0.002484 0.997470 0.000005
3 3 0.000013 0.000197 0.005581 0.994175 0.000035
3 3 0.000068 0.000908 0.008144 0.990693 0.000187
3 3 0.000254 0.002715 0.011444 0.984932 0.000655
