0 0 0.948601 0.023073 0.008687 0.000216 0.019422
0 0 0.824641 0.072348 0.048319 0.004660 0.050031
0 0 0.758479 0.123185 0.054447 0.001289 0.062600
0 0 0.922861 0.029906 0.025342 0.000723 0.021168
0 0 0.855397 0.060362 0.037590 0.003125 0.043527
2 0 0.395319 0.121566 0.408500 0.028776 0.045838
4 1 0.143231 0.227915 0.250856 0.001753 0.376244
2 0 0.011282 0.134197 0.782290 0.002458 0.069773
2 1 0.015809 0.051661 0.814807 0.042218 0.075504
2 1 0.003034 0.082061 0.849086 0.002470 0.063348
2 0 0.006193 0.019477 0.954936 0.015635 0.003759
0 0 0.609054 0.067028 0.292368 0.005780 0.025770
2 0 0.112429 0.111351 0.658755 0.085796 0.031669
2 0 0.090767 0.103821 0.684589 0.092635 0.028188
2 0 0.072683 0.064880 0.827367 0.021904 0.013166
0 0 0.927942 0.030708 0.014993 0.000744 0.025613
0 0 0.963428 0.015516 0.006011 0.000182 0.014863
0 0 0.884824 0.048568 0.027900 0.001954 0.036754
0 1 0.676300 0.138072 0.128614 0.001919 0.055095
2 0 0.000959 0.042088 0.941146 0.006098 0.009710
0 0 0.695796 0.118774 0.098241 0.014917 0.072272
0 0 0.865246 0.039567 0.072302 0.001384 0.021500
2 0 0.267897 0.174431 0.493208 0.012832 0.051631
2 0 0.002624 0.076866 0.916122 0.000632 0.003756
2 0 0.040493 0.282766 0.645807 0.001230 0.029704
2 0 0.008369 0.140417 0.840787 0.000962 0.009465
2 0 0.005081 0.159106 0.827474 0.000246 0.008092
2 0 0.016124 0.121455 0.852174 0.000795 0.009452
0 0 0.925713 0.018814 0.044990 0.000297 0.010186
0 0 0.975344 0.010340 0.003502 0.000080 0.010734
0 0 0.766044 0.040283 0.175377 0.001670 0.016627
0 0 0.914971 0.032344 0.029657 0.000855 0.022172
0 0 0.931383 0.018800 0.038883 0.000294 0.010640
0 0 0.974878 0.010543 0.003594 0.000083 0.010902
0 0 0.929073 0.030230 0.014680 0.000720 0.025296
0 0 0.937360 0.026961 0.013166 0.000460 0.022054
0 0 0.891623 0.044870 0.028695 0.001663 0.033149
0 0 0.827199 0.078305 0.042615 0.002183 0.049698
0 0 0.956469 0.020050 0.005818 0.000063 0.017599
0 0 0.949417 0.016292 0.007131 0.001282 0.025877
2 0 0.143428 0.091208 0.694590 0.045696 0.025078
0 0 0.948154 0.021213 0.013215 0.000351 0.017066
0 0 0.830791 0.060104 0.070047 0.003261 0.035797
0 0 0.944035 0.023869 0.010689 0.000441 0.020966
0 0 0.965656 0.011789 0.004381 0.000169 0.018005
0 0 0.895081 0.044382 0.024676 0.001612 0.034249
0 0 0.934505 0.025353 0.011734 0.000399 0.028010
0 0 0.855475 0.016777 0.007552 0.000034 0.120162
0 0 0.879545 0.015210 0.007646 0.003194 0.094405
0 0 0.981341 0.005347 0.001645 0.000178 0.011489
4 0 0.129678 0.047898 0.049721 0.000238 0.772465
4 0 0.035743 0.027133 0.120949 0.000251 0.815924
2 0 0.022950 0.122480 0.583243 0.000563 0.270764
0 0 0.634237 0.176847 0.113175 0.000515 0.075225
0 0 0.982376 0.007285 0.002200 0.000039 0.008100
0 0 0.993536 0.002507 0.000551 0.000005 0.003401
0 0 0.951695 0.020583 0.008766 0.000325 0.018630
0 0 0.988626 0.004586 0.001191 0.000015 0.005581
0 0 0.973556 0.010811 0.003758 0.000107 0.011767
0 0 0.954490 0.019379 0.008088 0.000287 0.017755
0 0 0.604618 0.086166 0.263775 0.009480 0.035960
2 0 0.255196 0.086221 0.430491 0.175395 0.052696
0 0 0.728442 0.059826 0.132966 0.026705 0.052062
0 0 0.978642 0.008712 0.004480 0.000057 0.008109
0 0 0.804962 0.065023 0.089622 0.003960 0.036433
0 0 0.672529 0.073368 0.181818 0.022764 0.049521
0 0 0.650014 0.053267 0.273211 0.003448 0.020060
0 0 0.872753 0.045147 0.052574 0.001756 0.027770
0 0 0.522847 0.139582 0.244605 0.028058 0.064908
0 0 0.926130 0.030775 0.018070 0.000753 0.024272
0 0 0.865105 0.056506 0.034326 0.002707 0.041356
0 0 0.881361 0.049972 0.029007 0.002077 0.037582
0 0 0.965758 0.014044 0.007913 0.000151 0.012134
0 0 0.921165 0.037961 0.013628 0.000254 0.026992
0 0 0.864120 0.062667 0.036283 0.000704 0.036226
0 0 0.813505 0.090755 0.047187 0.000886 0.047666
0 0 0.942114 0.025612 0.010510 0.000328 0.021436
0 0 0.954659 0.019991 0.007554 0.000198 0.017599
0 0 0.928890 0.035183 0.011129 0.000145 0.024652
0 0 0.825773 0.083734 0.031489 0.000402 0.058603
0 0 0.938344 0.027068 0.011609 0.000406 0.022573
0 0 0.732750 0.110620 0.028723 0.000047 0.127860
0 0 0.718430 0.152536 0.075681 0.000194 0.053158
0 0 0.928753 0.034142 0.011972 0.000215 0.024917
0 0 0.755768 0.120125 0.059804 0.001792 0.062511
0 0 0.941192 0.025084 0.011424 0.000489 0.021811
0 0 0.749086 0.104747 0.054692 0.001357 0.090118
0 0 0.935712 0.023732 0.010795 0.000316 0.029446
0 0 0.886054 0.025006 0.012241 0.000153 0.076546
0 0 0.523597 0.159917 0.083614 0.000711 0.232161
0 0 0.948167 0.022099 0.009641 0.000376 0.019717
0 0 0.928887 0.030309 0.014732 0.000724 0.025348
0 0 0.745828 0.030786 0.017656 0.000122 0.205608
2 0 0.177415 0.118834 0.596406 0.030950 0.076396
2 0 0.010365 0.065861 0.654992 0.000281 0.268500
2 0 0.019042 0.059243 0.625627 0.000173 0.295915
4 0 0.300819 0.086718 0.181068 0.002843 0.428552
0 0 0.897275 0.035798 0.017337 0.000523 0.049067
0 0 0.931649 0.029141 0.013973 0.000667 0.024571
0 0 0.971594 0.011971 0.004255 0.000108 0.012073
0 0 0.881838 0.031011 0.016120 0.000301 0.070729
0 0 0.804202 0.052157 0.037917 0.000911 0.104813
0 0 0.955013 0.019154 0.007962 0.000281 0.017590
0 0 0.887058 0.045294 0.024098 0.000908 0.042643
0 0 0.662562 0.125373 0.093879 0.006190 0.111997
0 0 0.979073 0.007788 0.002506 0.000095 0.010538
0 0 0.982884 0.007065 0.002112 0.000037 0.007902
0 0 0.970522 0.012436 0.004477 0.000116 0.012448
0 0 0.984301 0.006523 0.001827 0.000027 0.007322
0 0 0.926526 0.033387 0.008833 0.000047 0.031207
0 0 0.917488 0.035101 0.017956 0.000983 0.028472
0 0 0.905743 0.043216 0.019039 0.000627 0.031374
0 0 0.924131 0.036232 0.013151 0.000257 0.026229
0 0 0.914923 0.042532 0.013958 0.000192 0.028394
0 0 0.967067 0.014436 0.005544 0.000092 0.012862
0 0 0.955730 0.020804 0.006393 0.000089 0.016983
0 0 0.945664 0.027101 0.007447 0.000069 0.019719
0 0 0.949217 0.026541 0.005952 0.000030 0.018260
0 0 0.920853 0.040117 0.015144 0.000100 0.023786
0 0 0.768147 0.122919 0.047848 0.000778 0.060308
0 0 0.897606 0.052818 0.016789 0.000197 0.032590
0 0 0.888019 0.062766 0.015320 0.000078 0.033818
0 0 0.950990 0.025089 0.005986 0.000037 0.017898
0 0 0.985124 0.006095 0.001736 0.000027 0.007017
0 0 0.996268 0.001376 0.000242 0.000001 0.002113
0 0 0.986806 0.005369 0.001468 0.000021 0.006336
0 0 0.935654 0.025554 0.019213 0.000519 0.019060
0 0 0.919708 0.023982 0.041895 0.000480 0.013936
0 0 0.880526 0.050310 0.029276 0.002107 0.037781
0 0 0.906767 0.039565 0.021112 0.001264 0.031292
0 0 0.958359 0.017709 0.007170 0.000239 0.016522
0 0 0.893258 0.038171 0.043232 0.001227 0.024112
0 0 0.948086 0.022134 0.009661 0.000378 0.019742
0 0 0.925472 0.031750 0.015682 0.000797 0.026299
0 0 0.976822 0.009697 0.003216 0.000070 0.010194
0 0 0.957125 0.018243 0.007460 0.000254 0.016918
0 0 0.952043 0.017057 0.007046 0.000228 0.023626
0 0 0.951556 0.020408 0.007589 0.000274 0.020173
0 0 0.913016 0.036968 0.019258 0.001096 0.029661
0 0 0.881100 0.052598 0.027292 0.001378 0.037632
0 0 0.970493 0.012314 0.005547 0.000115 0.011531
0 0 0.979914 0.008354 0.002638 0.000052 0.009043
0 0 0.913958 0.036576 0.018983 0.001072 0.029412
0 0 0.924690 0.032079 0.015902 0.000815 0.026515
0 0 0.898341 0.043043 0.023669 0.001511 0.033436
0 0 0.897219 0.043504 0.024015 0.001546 0.033717
0 0 0.726685 0.056055 0.029401 0.003145 0.184714
4 0 0.281425 0.022216 0.014710 0.002151 0.679498
0 0 0.862782 0.030341 0.011510 0.000088 0.095279
0 0 0.918130 0.021960 0.009203 0.000314 0.050392
0 0 0.574791 0.039202 0.029164 0.237673 0.119169
0 0 0.816839 0.032907 0.013617 0.002977 0.133660
0 0 0.957217 0.017733 0.006469 0.000236 0.018346
0 0 0.974119 0.010929 0.003706 0.000084 0.011163
0 0 0.917182 0.037977 0.016012 0.000481 0.028347
0 0 0.525492 0.193321 0.083695 0.000506 0.196985
0 0 0.688405 0.088034 0.043754 0.000363 0.179444
4 0 0.429784 0.063290 0.033939 0.000470 0.472516
4 0 0.404528 0.065028 0.048690 0.003128 0.478625
4 0 0.292841 0.071260 0.040782 0.004153 0.590964
0 0 0.826813 0.074075 0.030575 0.000421 0.068116
4 0 0.345037 0.146680 0.095060 0.000342 0.412881
0 0 0.700633 0.047668 0.050235 0.002149 0.199315
0 0 0.558404 0.047842 0.029113 0.006012 0.358629
4 0 0.239141 0.119714 0.112475 0.033513 0.495157
0 0 0.577501 0.157807 0.158901 0.012906 0.092884
1 0 0.240662 0.305052 0.298987 0.010773 0.144526
0 0 0.375722 0.233977 0.228841 0.007488 0.153972
0 0 0.698895 0.162688 0.065185 0.001042 0.072191
0 0 0.609000 0.167354 0.163367 0.001755 0.058524
0 0 0.906174 0.039810 0.021290 0.001281 0.031445
1 0 0.241751 0.474175 0.173197 0.001161 0.109716
1 1 0.012549 0.653023 0.288998 0.000189 0.045241
2 1 0.004433 0.280867 0.686946 0.000817 0.026938
2 1 0.002200 0.212060 0.760363 0.000559 0.024819
2 1 0.000534 0.117813 0.872766 0.001113 0.007774
2 2 0.000062 0.013151 0.982351 0.001910 0.002526
2 2 0.000002 0.000957 0.997747 0.001217 0.000077
2 2 0.000004 0.002659 0.996420 0.000861 0.000056
2 1 0.000002 0.000733 0.996162 0.002985 0.000117
2 2 0.000002 0.001503 0.997842 0.000528 0.000125
2 4 0.000022 0.006848 0.991417 0.000935 0.000778
2 4 0.000048 0.006566 0.980321 0.011862 0.001203
2 4 0.000087 0.017425 0.964212 0.006504 0.011772
2 4 0.000050 0.015801 0.973586 0.000418 0.010145
2 4 0.000002 0.004243 0.994322 0.000051 0.001383
2 4 0.000004 0.007299 0.987808 0.000037 0.004853
2 4 0.000005 0.002978 0.994083 0.001087 0.001847
2 4 0.000002 0.001049 0.991333 0.007133 0.000482
2 0 0.000098 0.006545 0.969893 0.019860 0.003605
4 4 0.017454 0.103863 0.132122 0.000574 0.745986
2 4 0.000207 0.031640 0.941202 0.001280 0.025672
2 1 0.001104 0.162717 0.751062 0.000261 0.084856
2 1 0.000385 0.056361 0.872371 0.000325 0.070557
2 4 0.003862 0.087515 0.655304 0.002571 0.250748
2 1 0.008966 0.119208 0.674455 0.007906 0.189465
2 1 0.005943 0.125032 0.488108 0.000880 0.380037
2 1 0.000932 0.063236 0.857636 0.001652 0.076543
2 1 0.001720 0.119118 0.837899 0.001303 0.039961
2 4 0.001627 0.081339 0.884284 0.002909 0.029841
4 1 0.075411 0.068562 0.196580 0.000683 0.658765
4 1 0.010681 0.031760 0.237982 0.001574 0.718003
4 1 0.126375 0.137064 0.346619 0.004529 0.385413
2 4 0.040464 0.198967 0.381329 0.000528 0.378713
4 4 0.035610 0.194589 0.329363 0.000677 0.439761
2 4 0.001262 0.124471 0.802280 0.000626 0.071362
4 4 0.001634 0.106626 0.430507 0.000097 0.461136
2 4 0.000264 0.065864 0.871496 0.000217 0.062159
2 4 0.000216 0.055823 0.885160 0.000227 0.058574
2 4 0.000201 0.058484 0.902113 0.000251 0.038951
2 4 0.001128 0.023212 0.812874 0.000618 0.162168
2 4 0.000448 0.061726 0.859194 0.000541 0.078092
2 4 0.000242 0.074168 0.853936 0.000141 0.071513
2 4 0.000780 0.094149 0.830826 0.000537 0.073708
2 4 0.000257 0.045962 0.932424 0.000557 0.020800
2 4 0.000022 0.006217 0.986795 0.000802 0.006164
4 4 0.001896 0.238095 0.348889 0.000069 0.411050
2 4 0.001058 0.286147 0.444876 0.000029 0.267889
2 4 0.000189 0.133674 0.733171 0.000021 0.132945
2 4 0.000079 0.030687 0.932815 0.000177 0.036242
2 4 0.000003 0.001828 0.996723 0.000477 0.000969
2 4 0.000002 0.001974 0.996984 0.000229 0.000812
2 4 0.000002 0.000781 0.997122 0.001863 0.000232
2 2 0.000002 0.002347 0.996656 0.000157 0.000837
2 2 0.000000 0.000098 0.998463 0.001370 0.000069
2 2 0.000000 0.000266 0.999051 0.000658 0.000025
2 2 0.000000 0.000019 0.996836 0.003143 0.000001
2 2 0.000000 0.000005 0.993004 0.006991 0.000000
2 2 0.000000 0.000006 0.999194 0.000800 0.000000
2 2 0.000000 0.000027 0.999745 0.000226 0.000002
2 2 0.000000 0.000045 0.988000 0.011948 0.000007
2 1 0.000000 0.000092 0.992897 0.006999 0.000011
2 2 0.000001 0.001015 0.998391 0.000554 0.000039
2 2 0.000018 0.006178 0.992587 0.000896 0.000320
2 1 0.000048 0.008697 0.987747 0.001670 0.001839
2 2 0.000063 0.017827 0.979226 0.000588 0.002297
2 2 0.000000 0.000784 0.998774 0.000108 0.000334
2 2 0.000000 0.000015 0.999950 0.000031 0.000004
2 2 0.000000 0.000002 0.993074 0.006923 0.000001
2 2 0.000000 0.000004 0.997433 0.002562 0.000001
2 2 0.000000 0.000005 0.819677 0.180318 0.000001
3 2 0.000000 0.000000 0.235539 0.764460 0.000000
2 2 0.000000 0.000001 0.618296 0.381703 0.000000
2 2 0.000000 0.000001 0.859285 0.140713 0.000000
2 2 0.000000 0.000000 0.987552 0.012447 0.000000
2 3 0.000000 0.000001 0.913163 0.086836 0.000000
2 2 0.000000 0.000003 0.831181 0.168816 0.000000
2 3 0.000000 0.000000 0.935744 0.064256 0.000000
2 3 0.000000 0.000001 0.863853 0.136146 0.000000
2 3 0.000000 0.000003 0.849150 0.150847 0.000000
2 3 0.000001 0.000111 0.955179 0.044705 0.000005
2 3 0.000000 0.000001 0.766752 0.233247 0.000000
3 3 0.000000 0.000000 0.206560 0.793440 0.000000
2 2 0.000000 0.000000 0.670939 0.329061 0.000000
3 3 0.000000 0.000002 0.459766 0.540232 0.000000
3 3 0.000000 0.000003 0.340771 0.659226 0.000000
3 3 0.000000 0.000002 0.259880 0.740118 0.000000
2 2 0.000000 0.000001 0.902674 0.097325 0.000000
2 2 0.000000 0.000002 0.701129 0.298869 0.000000
3 2 0.000000 0.000005 0.395905 0.604089 0.000000
2 2 0.000000 0.000001 0.618795 0.381204 0.000000
3 3 0.000000 0.000000 0.018921 0.981079 0.000000
3 2 0.000000 0.000001 0.199202 0.800796 0.000000
2 2 0.000000 0.000005 0.535141 0.464854 0.000000
3 2 0.000000 0.000001 0.334940 0.665060 0.000000
3 3 0.000000 0.000001 0.147651 0.852348 0.000000
3 2 0.000000 0.000003 0.167443 0.832554 0.000000
3 2 0.000000 0.000001 0.454518 0.545481 0.000000
2 3 0.000000 0.000001 0.928172 0.071827 0.000000
2 3 0.000000 0.000007 0.694523 0.305469 0.000000
2 3 0.000000 0.000001 0.669982 0.330018 0.000000
2 3 0.000000 0.000000 0.715334 0.284665 0.000000
3 3 0.000000 0.000000 0.045211 0.954789 0.000000
3 3 0.000000 0.000000 0.048314 0.951686 0.000000
3 3 0.000000 0.000000 0.160166 0.839834 0.000000
3 3 0.000000 0.000001 0.286554 0.713445 0.000000
3 3 0.000000 0.000001 0.125487 0.874512 0.000000
3 3 0.000000 0.000000 0.033277 0.966723 0.000000
3 3 0.000000 0.000000 0.027596 0.972404 0.000000
3 3 0.000000 0.000003 0.190520 0.809476 0.000000
3 3 0.000000 0.000003 0.065827 0.934170 0.000000
3 3 0.000000 0.000000 0.209310 0.790689 0.000000
3 3 0.000000 0.000000 0.315982 0.684017 0.000000
3 3 0.000000 0.000000 0.123806 0.876194 0.000000
3 3 0.000000 0.000000 0.060102 0.939898 0.000000
3 3 0.000000 0.000000 0.107417 0.892582 0.000000
3 3 0.000000 0.000000 0.026216 0.973784 0.000000
3 3 0.000000 0.000000 0.017833 0.982167 0.000000
3 3 0.000000 0.000000 0.015775 0.984225 0.000000
3 3 0.000000 0.000017 0.479844 0.520138 0.000001
3 3 0.000000 0.000001 0.091572 0.908427 0.000000
3 3 0.000000 0.000000 0.080980 0.919020 0.000000
3 3 0.000000 0.000000 0.046492 0.953507 0.000000
3 3 0.000000 0.000000 0.013388 0.986612 0.000000
3 3 0.000000 0.000000 0.042286 0.957713 0.000000
3 3 0.000000 0.000001 0.216392 0.783608 0.000000
3 3 0.000000 0.000000 0.105177 0.894823 0.000000
3 3 0.000000 0.000000 0.018015 0.981985 0.000000
3 3 0.000000 0.000000 0.019908 0.980092 0.000000
3 3 0.000000 0.000000 0.066008 0.933992 0.000000
2 3 0.000000 0.000003 0.747707 0.252290 0.000000
3 3 0.000000 0.000000 0.271585 0.728415 0.000000
3 3 0.000000 0.000000 0.085897 0.914103 0.000000
3 3 0.000000 0.000001 0.314270 0.685730 0.000000
3 3 0.000000 0.000001 0.157366 0.842633 0.000000
3 3 0.000000 0.000000 0.080531 0.919469 0.000000
3 3 0.000000 0.000000 0.031684 0.968316 0.000000
3 3 0.000000 0.000000 0.070325 0.929675 0.000000
3 3 0.000000 0.000000 0.007709 0.992291 0.000000
3 3 0.000000 0.000000 0.009597 0.990403 0.000000
3 3 0.000000 0.000000 0.047478 0.952522 0.000000
3 3 0.000000 0.000000 0.058139 0.941861 0.000000
3 3 0.000000 0.000000 0.014832 0.985168 0.000000
3 3 0.000000 0.000000 0.081170 0.918829 0.000000
3 3 0.000000 0.000000 0.045453 0.954547 0.000000
3 3 0.000000 0.000000 0.091433 0.908567 0.000000
3 3 0.000000 0.000000 0.206488 0.793511 0.000000
3 3 0.000000 0.000000 0.229058 0.770941 0.000000
3 3 0.000000 0.000002 0.193802 0.806196 0.000000
3 3 0.000000 0.000008 0.322826 0.677166 0.000000
2 3 0.000000 0.000006 0.616108 0.383885 0.000000
3 3 0.000000 0.000000 0.157486 0.842514 0.000000
3 3 0.000000 0.000001 0.086287 0.913712 0.000000
3 3 0.000000 0.000000 0.007919 0.992081 0.000000
3 3 0.000000 0.000000 0.012580 0.987420 0.000000
3 3 0.000000 0.000000 0.004966 0.995034 0.000000
3 3 0.000000 0.000001 0.033372 0.966627 0.000000
3 3 0.000000 0.000000 0.177192 0.822807 0.000000
3 3 0.000000 0.000000 0.039089 0.960911 0.000000
3 3 0.000000 0.000001 0.072700 0.927299 0.000000
3 2 0.000001 0.000058 0.181512 0.818420 0.000009
2 2 0.000016 0.001132 0.828386 0.170382 0.000084
2 2 0.000020 0.004689 0.990517 0.004638 0.000137
2 2 0.000037 0.005035 0.984671 0.010065 0.000192
2 2 0.000074 0.005847 0.952563 0.041140 0.000375
2 0 0.000143 0.027204 0.970810 0.001082 0.000761
2 1 0.005179 0.087762 0.879786 0.018695 0.008579
2 1 0.006539 0.142017 0.828382 0.008720 0.014342
2 2 0.000007 0.000877 0.983646 0.015174 0.000295
2 2 0.000000 0.000046 0.995976 0.003973 0.000005
2 2 0.000001 0.000209 0.979857 0.019779 0.000155
2 2 0.000000 0.000044 0.988221 0.011691 0.000043
2 2 0.000000 0.000045 0.999562 0.000342 0.000051
2 1 0.000000 0.000024 0.998362 0.001608 0.000006
2 2 0.000000 0.000153 0.999265 0.000570 0.000011
2 2 0.000000 0.000108 0.999762 0.000117 0.000014
2 1 0.000000 0.000219 0.999599 0.000160 0.000022
2 1 0.000002 0.001624 0.997720 0.000527 0.000127
2 2 0.000022 0.009204 0.989762 0.000525 0.000488
2 2 0.000054 0.020561 0.976047 0.000337 0.003000
2 2 0.000331 0.020891 0.970230 0.005746 0.002802
2 2 0.000084 0.012217 0.982843 0.001919 0.002937
2 2 0.000101 0.011748 0.983838 0.003263 0.001050
2 2 0.000412 0.039854 0.955777 0.002371 0.001586
2 2 0.000130 0.019293 0.976349 0.002179 0.002048
2 2 0.000087 0.007781 0.984780 0.007045 0.000307
2 2 0.000007 0.000924 0.957352 0.041658 0.000060
2 2 0.000000 0.000064 0.998881 0.001049 0.000006
2 1 0.000002 0.000454 0.993300 0.006020 0.000224
2 1 0.000569 0.027987 0.945241 0.012101 0.014102
2 1 0.000150 0.007145 0.965094 0.027204 0.000407
2 2 0.000372 0.022015 0.963522 0.012782 0.001309
2 1 0.000478 0.019976 0.965653 0.012753 0.001141
2 1 0.000843 0.104883 0.884174 0.000728 0.009372
2 1 0.006678 0.267616 0.692690 0.001710 0.031305
2 1 0.002273 0.089773 0.890404 0.004633 0.012916
2 1 0.000499 0.028779 0.962955 0.006327 0.001440
2 1 0.000148 0.024333 0.969536 0.002548 0.003436
2 1 0.000044 0.002375 0.967661 0.029797 0.000122
2 2 0.000122 0.009539 0.982415 0.006199 0.001725
2 2 0.000003 0.000367 0.965153 0.034452 0.000024
2 2 0.000007 0.003216 0.995766 0.000961 0.000051
2 2 0.000959 0.083884 0.909800 0.001671 0.003685
2 2 0.000669 0.097060 0.896889 0.000664 0.004719
2 2 0.000044 0.007744 0.988953 0.001958 0.001301
2 2 0.000020 0.008217 0.990614 0.000581 0.000568
2 1 0.000016 0.011557 0.987902 0.000217 0.000308
2 1 0.000050 0.019751 0.979227 0.000407 0.000565
2 1 0.001996 0.230094 0.757154 0.000459 0.010297
2 1 0.006056 0.290648 0.664873 0.001135 0.037288
2 1 0.011521 0.411848 0.516860 0.000217 0.059553
2 1 0.002997 0.247519 0.736635 0.000707 0.012142
2 2 0.000712 0.095014 0.899635 0.000793 0.003847
2 2 0.000056 0.011602 0.986470 0.001578 0.000294
2 2 0.000215 0.030860 0.966389 0.001537 0.000998
2 2 0.000116 0.029457 0.969042 0.000665 0.000720
2 2 0.000157 0.045740 0.952512 0.000401 0.001190
2 2 0.000573 0.059162 0.934939 0.001544 0.003782
2 2 0.000054 0.020652 0.977592 0.000373 0.001329
2 2 0.000012 0.004434 0.993975 0.000889 0.000689
2 2 0.000889 0.030790 0.953326 0.013013 0.001982
2 2 0.000081 0.010543 0.985678 0.003225 0.000472
2 2 0.000013 0.002711 0.990312 0.006886 0.000078
2 2 0.000001 0.001112 0.998364 0.000512 0.000011
1 0 0.393900 0.400784 0.104735 0.000292 0.100289
0 1 0.706008 0.115322 0.094044 0.013857 0.070768
1 1 0.018953 0.629084 0.212847 0.000207 0.138910
2 1 0.000278 0.023096 0.971314 0.003998 0.001314
2 2 0.000010 0.002027 0.989003 0.008731 0.000229
2 2 0.000033 0.001457 0.746965 0.251407 0.000138
2 2 0.000013 0.000897 0.965444 0.033587 0.000059
2 2 0.000045 0.002480 0.891983 0.105312 0.000181
2 2 0.000002 0.000704 0.993236 0.006044 0.000014
2 0 0.000138 0.005622 0.992288 0.001617 0.000334
2 0 0.000709 0.006456 0.941914 0.050356 0.000566
2 1 0.036214 0.071199 0.799958 0.077828 0.014802
2 1 0.009979 0.092575 0.850674 0.034972 0.011800
2 1 0.006001 0.207163 0.717669 0.007786 0.061381
2 1 0.014363 0.300787 0.589345 0.003033 0.092473
2 1 0.001968 0.325468 0.627086 0.000135 0.045344
2 1 0.000064 0.018149 0.975536 0.000514 0.005737
2 1 0.000181 0.019022 0.972562 0.003098 0.005137
2 1 0.000005 0.001320 0.995848 0.002511 0.000317
2 1 0.000007 0.004196 0.994691 0.000413 0.000693
2 1 0.000031 0.010608 0.987353 0.000606 0.001402
2 1 0.000353 0.052362 0.941997 0.000904 0.004384
2 1 0.003834 0.138497 0.843706 0.004277 0.009687
2 1 0.000140 0.021634 0.975353 0.001545 0.001327
2 1 0.000001 0.000841 0.998698 0.000358 0.000103
2 1 0.000011 0.002687 0.994728 0.002224 0.000350
2 0 0.000006 0.001162 0.998612 0.000158 0.000062
2 1 0.102032 0.161369 0.489796 0.193138 0.053665
1 1 0.023718 0.559504 0.360959 0.000907 0.054912
2 1 0.000014 0.004012 0.994128 0.001737 0.000109
2 1 0.000027 0.002774 0.960338 0.036120 0.000741
2 2 0.000001 0.000391 0.972576 0.026976 0.000056
2 2 0.000000 0.000034 0.992495 0.007467 0.000005
2 2 0.000000 0.000090 0.957213 0.042690 0.000007
2 2 0.000081 0.010273 0.985772 0.003475 0.000399
2 2 0.000790 0.059349 0.924533 0.002091 0.013237
2 2 0.000003 0.000542 0.989705 0.009720 0.000030
2 2 0.000002 0.000250 0.969412 0.030325 0.000011
2 2 0.000000 0.000101 0.996772 0.003124 0.000003
2 2 0.000001 0.000323 0.995903 0.003757 0.000017
2 2 0.000002 0.000592 0.996210 0.003169 0.000028
2 2 0.000162 0.017614 0.976772 0.004739 0.000713
2 2 0.000095 0.015426 0.981216 0.001827 0.001437
2 2 0.000091 0.007520 0.984536 0.007085 0.000769
2 2 0.000015 0.001828 0.979996 0.018034 0.000127
2 2 0.000162 0.004245 0.857246 0.136791 0.001556
2 2 0.000000 0.000098 0.995579 0.004304 0.000018
2 2 0.000000 0.000014 0.994391 0.005594 0.000000
2 0 0.028628 0.043732 0.918779 0.003526 0.005336
0 0 0.836884 0.058890 0.065447 0.003104 0.035674
0 0 0.935674 0.027434 0.012884 0.000588 0.023420
0 0 0.911676 0.037526 0.019653 0.001131 0.030014
0 0 0.954466 0.019390 0.008093 0.000288 0.017763
0 0 0.957165 0.018226 0.007451 0.000253 0.016905
0 0 0.886224 0.036750 0.054390 0.001158 0.021478
0 0 0.864588 0.056712 0.034498 0.002728 0.041473
2 0 0.193416 0.267390 0.451632 0.017427 0.070136
2 0 0.013788 0.230405 0.723287 0.008103 0.024418
1 0 0.325064 0.406078 0.179334 0.000495 0.089029
2 0 0.209772 0.326588 0.371672 0.000173 0.091796
0 0 0.850500 0.062294 0.039260 0.003348 0.044599
1 0 0.111374 0.405503 0.393265 0.007813 0.082044
1 1 0.113728 0.382328 0.317943 0.000650 0.185352
2 1 0.000511 0.055501 0.933339 0.001279 0.009370
2 1 0.000005 0.007787 0.990736 0.000059 0.001412
2 1 0.000025 0.011683 0.984657 0.000298 0.003337
2 1 0.000161 0.048759 0.943529 0.000278 0.007272
2 1 0.000008 0.006470 0.991964 0.000182 0.001376
2 1 0.000001 0.001030 0.998630 0.000176 0.000163
2 4 0.000039 0.006916 0.988370 0.001784 0.002892
2 4 0.000053 0.023261 0.953936 0.000181 0.022570
2 4 0.000188 0.041957 0.767360 0.000339 0.190156
2 4 0.000490 0.031607 0.884525 0.002481 0.080897
2 4 0.000292 0.036544 0.844474 0.000720 0.117969
2 4 0.000482 0.027870 0.903677 0.003327 0.064644
2 4 0.000501 0.045077 0.909292 0.001837 0.043293
4 4 0.079749 0.249313 0.155475 0.015945 0.499517
4 4 0.023581 0.152611 0.083309 0.006602 0.733898
2 4 0.003989 0.100430 0.629796 0.009086 0.256699
4 4 0.002044 0.036119 0.226744 0.025888 0.709206
2 4 0.000855 0.039031 0.655393 0.023276 0.281445
2 4 0.000341 0.049852 0.605587 0.000978 0.343242
2 4 0.001777 0.106736 0.642002 0.001004 0.248481
4 4 0.008658 0.036434 0.049154 0.011450 0.894304
4 4 0.021214 0.059775 0.097962 0.008999 0.812050
4 4 0.011034 0.023121 0.016596 0.000155 0.949093
2 4 0.005895 0.191805 0.415693 0.000688 0.385919
4 4 0.001016 0.119896 0.366149 0.000072 0.512867
2 4 0.000178 0.044424 0.862254 0.000236 0.092909
2 1 0.000360 0.042793 0.855118 0.000761 0.100968
2 1 0.000040 0.023760 0.955153 0.000114 0.020933
2 1 0.000067 0.036462 0.940919 0.000104 0.022449
2 1 0.000013 0.012581 0.969834 0.000073 0.017498
2 1 0.000001 0.003137 0.991849 0.000029 0.004985
2 1 0.000008 0.013984 0.978110 0.000031 0.007868
2 1 0.000036 0.027444 0.962261 0.000081 0.010178
2 1 0.000107 0.046140 0.876251 0.000103 0.077398
2 1 0.000057 0.036118 0.936057 0.000080 0.027688
2 1 0.000053 0.039003 0.941349 0.000064 0.019532
2 1 0.000195 0.038388 0.904135 0.000424 0.056858
2 1 0.000014 0.011474 0.984093 0.000115 0.004304
2 1 0.000022 0.011951 0.987076 0.000297 0.000654
2 1 0.000009 0.007363 0.990112 0.000159 0.002357
2 1 0.000005 0.008790 0.988069 0.000040 0.003096
2 1 0.000117 0.090122 0.885639 0.000037 0.024085
2 1 0.000032 0.025910 0.968080 0.000081 0.005898
2 0 0.000172 0.051625 0.944622 0.000312 0.003268
1 0 0.234358 0.414869 0.232126 0.005724 0.112924
1 1 0.009670 0.818435 0.123897 0.000021 0.047976
2 1 0.004340 0.315197 0.577789 0.000329 0.102344
2 1 0.000374 0.059097 0.934488 0.000748 0.005294
2 1 0.000018 0.007057 0.992011 0.000787 0.000126
2 1 0.000077 0.025461 0.972653 0.000427 0.001382
2 1 0.001413 0.113699 0.859943 0.001176 0.023769
2 1 0.000995 0.105387 0.879595 0.000885 0.013137
2 1 0.000842 0.052809 0.929899 0.002947 0.013502
2 1 0.000181 0.013259 0.977427 0.005802 0.003330
2 1 0.000011 0.002781 0.994073 0.001676 0.001459
2 1 0.000047 0.009572 0.986421 0.001821 0.002140
2 1 0.000009 0.004516 0.994510 0.000589 0.000376
2 1 0.000015 0.004137 0.994020 0.001658 0.000171
2 2 0.000003 0.001077 0.996994 0.001657 0.000270
2 1 0.000002 0.000886 0.997765 0.001120 0.000227
2 2 0.000002 0.001475 0.997855 0.000449 0.000220
2 2 0.000004 0.008483 0.990343 0.000043 0.001127
2 1 0.000004 0.004003 0.995245 0.000168 0.000581
2 2 0.000005 0.003200 0.996043 0.000466 0.000287
2 2 0.000000 0.000177 0.999445 0.000371 0.000007
2 2 0.000000 0.000103 0.999113 0.000781 0.000002
2 2 0.000000 0.000175 0.999318 0.000494 0.000013
2 2 0.000000 0.000061 0.999570 0.000367 0.000002
2 0 0.000000 0.000019 0.999632 0.000349 0.000000
2 0 0.000001 0.000818 0.999018 0.000156 0.000006
2 1 0.000872 0.092995 0.901244 0.001150 0.003739
2 0 0.002249 0.194338 0.773721 0.000513 0.029179
2 0 0.004376 0.194767 0.759786 0.000671 0.040400
2 1 0.005529 0.178541 0.779891 0.003410 0.032629
2 1 0.000192 0.022604 0.970191 0.001898 0.005115
2 1 0.000785 0.050247 0.918471 0.002569 0.027927
2 0 0.001079 0.079603 0.894179 0.001665 0.023474
2 0 0.063756 0.270265 0.618941 0.004052 0.042985
1 1 0.165006 0.451739 0.266403 0.006810 0.110042
2 1 0.043532 0.206284 0.686622 0.027449 0.036112
2 1 0.009941 0.322474 0.582050 0.001627 0.083908
2 2 0.008094 0.337195 0.539821 0.000820 0.114070
2 2 0.000195 0.040899 0.947648 0.000514 0.010745
2 0 0.021382 0.243452 0.681672 0.012311 0.041184
2 0 0.125423 0.149867 0.383756 0.002042 0.338913
0 0 0.756669 0.083281 0.043769 0.000744 0.115536
2 0 0.329314 0.152560 0.402527 0.026194 0.089405
2 1 0.022532 0.232567 0.693072 0.015314 0.036516
2 1 0.009034 0.132884 0.827131 0.016611 0.014340
2 1 0.000952 0.098526 0.893151 0.001076 0.006295
2 1 0.000106 0.037881 0.957989 0.000270 0.003754
2 0 0.000873 0.085309 0.894571 0.001076 0.018171
2 0 0.001599 0.056349 0.927950 0.001249 0.012853
0 0 0.556804 0.208551 0.109559 0.006101 0.118984
0 0 0.951615 0.022474 0.007446 0.000127 0.018338
0 0 0.859244 0.058838 0.036289 0.002955 0.042674
0 0 0.852405 0.061543 0.038608 0.003260 0.044184
0 0 0.782242 0.088305 0.063952 0.007324 0.058177
2 0 0.175038 0.314062 0.343517 0.062522 0.104862
1 0 0.084708 0.516953 0.294351 0.005423 0.098565
2 0 0.042595 0.080909 0.844471 0.006841 0.025184
0 0 0.652051 0.133098 0.116598 0.020001 0.078252
2 0 0.029059 0.163656 0.740894 0.033534 0.032858
2 1 0.023469 0.384312 0.543337 0.003963 0.044919
2 1 0.014001 0.325928 0.465393 0.001541 0.193137
2 1 0.000482 0.100558 0.890290 0.000334 0.008336
2 1 0.000270 0.059034 0.925182 0.000377 0.015138
2 1 0.000121 0.020918 0.972582 0.001056 0.005324
2 1 0.000053 0.010929 0.986947 0.001464 0.000607
2 1 0.000022 0.006878 0.990489 0.000777 0.001835
2 2 0.000002 0.001778 0.997550 0.000444 0.000226
2 2 0.000005 0.001610 0.996349 0.001866 0.000170
2 2 0.000001 0.000444 0.997142 0.002305 0.000107
2 2 0.000001 0.000309 0.993593 0.006088 0.000009
2 2 0.000008 0.001634 0.993126 0.005195 0.000037
2 1 0.000003 0.002270 0.997072 0.000627 0.000029
2 1 0.000113 0.020632 0.977321 0.001357 0.000577
2 2 0.000019 0.008597 0.990467 0.000519 0.000397
2 0 0.000140 0.011249 0.981461 0.006700 0.000450
2 1 0.059855 0.239117 0.611965 0.040007 0.049055
2 1 0.015518 0.131475 0.797938 0.036506 0.018562
2 1 0.000008 0.001588 0.992858 0.005507 0.000038
2 1 0.000023 0.004026 0.992543 0.002992 0.000416
2 1 0.056723 0.120484 0.592551 0.196558 0.033684
1 1 0.020368 0.725232 0.191843 0.000166 0.062391
2 1 0.001159 0.143346 0.848578 0.000852 0.006066
2 1 0.000156 0.017812 0.977214 0.003183 0.001635
2 1 0.000064 0.010079 0.983818 0.005526 0.000513
2 1 0.000021 0.004561 0.992897 0.002391 0.000130
2 1 0.000233 0.030704 0.965126 0.001540 0.002398
2 0 0.006497 0.063510 0.925308 0.000685 0.004000
1 1 0.153835 0.571364 0.171116 0.000531 0.103154
2 1 0.008169 0.396916 0.567734 0.000804 0.026378
2 1 0.001109 0.026703 0.945934 0.024221 0.002032
2 1 0.000003 0.000885 0.994657 0.004430 0.000025
2 2 0.000001 0.000515 0.996932 0.002513 0.000038
2 2 0.000000 0.000107 0.996807 0.003074 0.000011
2 2 0.000000 0.000149 0.995542 0.004303 0.000005
2 2 0.000000 0.000016 0.995567 0.004417 0.000001
2 2 0.000000 0.000018 0.999805 0.000176 0.000001
2 2 0.000000 0.000048 0.998744 0.001206 0.000001
2 2 0.000000 0.000003 0.995907 0.004090 0.000000
2 2 0.000000 0.000020 0.993358 0.006622 0.000000
2 2 0.000002 0.000250 0.982439 0.017295 0.000014
2 2 0.000000 0.000007 0.965541 0.034452 0.000000
2 2 0.000000 0.000007 0.801517 0.198475 0.000001
2 2 0.000000 0.000005 0.986688 0.013306 0.000001
2 2 0.000000 0.000007 0.996239 0.003754 0.000000
2 2 0.000000 0.000007 0.999333 0.000660 0.000000
2 2 0.000000 0.000013 0.960937 0.039050 0.000001
2 2 0.000000 0.000012 0.996903 0.003085 0.000000
2 2 0.000000 0.000002 0.858661 0.141337 0.000000
2 2 0.000000 0.000008 0.982005 0.017986 0.000001
2 2 0.000001 0.000092 0.763921 0.235980 0.000006
2 2 0.000000 0.000026 0.965878 0.034096 0.000001
2 0 0.000005 0.000156 0.994568 0.005267 0.000004
2 0 0.022364 0.050028 0.895150 0.024737 0.007722
1 2 0.006297 0.722196 0.236682 0.000039 0.034786
2 2 0.000005 0.004127 0.995415 0.000381 0.000072
2 2 0.000001 0.000675 0.997724 0.001545 0.000055
2 2 0.000003 0.002341 0.996836 0.000556 0.000264
2 2 0.000000 0.000228 0.999687 0.000060 0.000025
2 2 0.000000 0.000100 0.999514 0.000374 0.000011
2 2 0.000001 0.000353 0.997738 0.001882 0.000026
2 2 0.000000 0.000100 0.999738 0.000153 0.000008
2 1 0.000000 0.000199 0.998754 0.001030 0.000017
2 2 0.000000 0.000048 0.999260 0.000687 0.000004
2 2 0.000000 0.000008 0.998064 0.001928 0.000001
2 2 0.000000 0.000002 0.998128 0.001870 0.000000
2 2 0.000000 0.000030 0.986959 0.013010 0.000001
2 2 0.000000 0.000012 0.997029 0.002959 0.000000
2 2 0.000000 0.000054 0.998864 0.001081 0.000001
2 2 0.000000 0.000344 0.998804 0.000812 0.000039
2 2 0.000000 0.000069 0.994444 0.005476 0.000011
2 2 0.000000 0.000005 0.992912 0.007083 0.000000
2 2 0.000000 0.000020 0.965395 0.034584 0.000000
2 2 0.000000 0.000009 0.987731 0.012259 0.000000
2 2 0.000000 0.000008 0.992663 0.007329 0.000000
2 2 0.000000 0.000002 0.994371 0.005627 0.000000
2 2 0.000000 0.000004 0.977423 0.022572 0.000000
2 2 0.000000 0.000000 0.996082 0.003917 0.000000
2 2 0.000000 0.000000 0.990354 0.009645 0.000000
2 2 0.000000 0.000004 0.940497 0.059500 0.000000
2 2 0.000000 0.000065 0.988360 0.011573 0.000002
2 2 0.000000 0.000012 0.989872 0.010115 0.000000
2 2 0.000000 0.000029 0.988133 0.011836 0.000002
2 2 0.000000 0.000012 0.986518 0.013469 0.000001
2 2 0.000000 0.000001 0.939776 0.060223 0.000000
2 2 0.000000 0.000002 0.899900 0.100099 0.000000
2 2 0.000000 0.000002 0.996702 0.003297 0.000000
2 2 0.000000 0.000001 0.996601 0.003398 0.000000
2 2 0.000000 0.000003 0.993594 0.006402 0.000000
2 2 0.000000 0.000029 0.964094 0.035876 0.000001
2 2 0.000000 0.000008 0.912182 0.087810 0.000000
2 2 0.000000 0.000005 0.927577 0.072417 0.000000
2 2 0.000000 0.000031 0.940130 0.059836 0.000002
2 2 0.000000 0.000003 0.996588 0.003409 0.000000
2 2 0.000000 0.000002 0.997804 0.002193 0.000000
2 2 0.000000 0.000002 0.997461 0.002537 0.000000
2 2 0.000000 0.000002 0.997137 0.002860 0.000000
2 2 0.000000 0.000003 0.994974 0.005023 0.000000
2 2 0.000000 0.000000 0.962795 0.037205 0.000000
2 2 0.000000 0.000012 0.863167 0.136821 0.000000
2 2 0.000000 0.000002 0.996619 0.003379 0.000000
2 2 0.000000 0.000001 0.997872 0.002127 0.000000
2 2 0.000000 0.000001 0.878546 0.121453 0.000000
2 1 0.000000 0.000007 0.884663 0.115329 0.000000
2 1 0.000000 0.000026 0.911817 0.088156 0.000001
2 1 0.000000 0.000015 0.985050 0.014934 0.000000
2 2 0.000000 0.000016 0.989056 0.010928 0.000000
2 2 0.000000 0.000015 0.992419 0.007566 0.000000
2 2 0.000000 0.000004 0.991898 0.008098 0.000000
2 2 0.000000 0.000018 0.989707 0.010273 0.000003
2 2 0.000000 0.000012 0.989762 0.010225 0.000000
2 2 0.000000 0.000009 0.994488 0.005503 0.000000
2 2 0.000000 0.000005 0.885386 0.114609 0.000000
2 2 0.000000 0.000003 0.986551 0.013446 0.000000
2 2 0.000000 0.000008 0.978502 0.021490 0.000001
2 2 0.000000 0.000009 0.987471 0.012519 0.000000
2 2 0.000000 0.000003 0.985354 0.014644 0.000000
2 2 0.000000 0.000030 0.977941 0.022020 0.000009
2 2 0.000000 0.000003 0.985650 0.014347 0.000000
2 2 0.000000 0.000016 0.884409 0.115575 0.000000
2 2 0.000000 0.000013 0.990186 0.009800 0.000001
2 2 0.000000 0.000005 0.996215 0.003779 0.000000
2 2 0.000000 0.000002 0.991109 0.008889 0.000000
2 2 0.000000 0.000001 0.993554 0.006445 0.000000
2 2 0.000000 0.000021 0.994298 0.005680 0.000000
2 2 0.000000 0.000005 0.997206 0.002789 0.000000
2 2 0.000000 0.000009 0.991014 0.008977 0.000000
2 0 0.000000 0.000025 0.992563 0.007412 0.000001
2 0 0.000047 0.004118 0.994321 0.001339 0.000175
2 1 0.021471 0.045624 0.890688 0.034791 0.007427
2 2 0.000573 0.008938 0.878548 0.111053 0.000889
2 2 0.000211 0.007069 0.828447 0.163230 0.001043
2 2 0.000015 0.001985 0.984547 0.013388 0.000065
2 2 0.000007 0.001784 0.995075 0.003099 0.000035
2 2 0.000007 0.000924 0.986688 0.012352 0.000029
2 2 0.000010 0.003751 0.994770 0.001011 0.000458
2 2 0.000006 0.003017 0.995996 0.000925 0.000056
2 2 0.000015 0.003954 0.993992 0.001922 0.000118
2 2 0.000013 0.005703 0.993454 0.000702 0.000128
2 2 0.000257 0.036862 0.960305 0.001371 0.001205
2 2 0.000003 0.000307 0.967640 0.032041 0.000008
2 2 0.000000 0.000115 0.997452 0.002427 0.000006
2 2 0.000007 0.001403 0.993922 0.004607 0.000062
2 2 0.000039 0.007948 0.989779 0.001930 0.000304
2 2 0.000000 0.000195 0.996607 0.003190 0.000008
2 2 0.000001 0.000509 0.997603 0.001876 0.000012
2 2 0.000004 0.001381 0.996348 0.002094 0.000173
2 2 0.000183 0.021303 0.973520 0.002171 0.002824
2 2 0.000064 0.013586 0.983711 0.001109 0.001530
2 1 0.000025 0.003596 0.991670 0.003926 0.000783
2 1 0.000851 0.041251 0.948365 0.006217 0.003317
2 2 0.000027 0.005431 0.991689 0.001922 0.000931
2 1 0.000000 0.000290 0.999263 0.000412 0.000034
2 1 0.000004 0.001681 0.996919 0.001304 0.000093
2 1 0.001182 0.074093 0.917916 0.003018 0.003792
2 2 0.000355 0.013513 0.966886 0.018458 0.000788
2 2 0.000042 0.001948 0.880568 0.117013 0.000429
2 2 0.000040 0.001815 0.782686 0.215101 0.000358
2 2 0.000129 0.012377 0.982193 0.004494 0.000807
2 2 0.000138 0.015849 0.977324 0.002378 0.004310
2 2 0.014372 0.200731 0.745203 0.011719 0.027975
2 2 0.025709 0.199850 0.651394 0.077172 0.045875
2 2 0.003327 0.080738 0.887745 0.009940 0.018250
2 2 0.000516 0.023320 0.960720 0.007985 0.007459
2 2 0.000009 0.001092 0.985705 0.012890 0.000305
2 2 0.000004 0.001121 0.993191 0.005575 0.000109
2 0 0.000053 0.002813 0.996130 0.000929 0.000075
0 1 0.415778 0.189957 0.332057 0.005281 0.056926
1 1 0.135824 0.521203 0.236309 0.002269 0.104394
2 1 0.013144 0.400449 0.521706 0.001697 0.063003
2 1 0.001331 0.046754 0.937190 0.008909 0.005816
2 1 0.000469 0.024839 0.965267 0.007297 0.002129
2 1 0.000018 0.003561 0.993329 0.002772 0.000320
2 1 0.000016 0.004273 0.993818 0.001478 0.000415
2 1 0.000011 0.004994 0.993943 0.000632 0.000420
2 2 0.000003 0.001377 0.997261 0.001297 0.000063
2 1 0.000012 0.004866 0.994079 0.000854 0.000189
2 1 0.000003 0.002084 0.997236 0.000390 0.000288
2 0 0.000281 0.031392 0.964231 0.002029 0.002068
2 4 0.007488 0.100470 0.878317 0.001697 0.012029
2 4 0.003064 0.115336 0.822990 0.003226 0.055385
2 4 0.000570 0.058577 0.890334 0.001462 0.049058
2 4 0.000246 0.072134 0.892940 0.000183 0.034497
2 4 0.000132 0.046337 0.826382 0.000651 0.126499
2 4 0.001106 0.128253 0.731147 0.003735 0.135760
4 4 0.017464 0.195479 0.258762 0.001597 0.526697
4 4 0.078260 0.125558 0.071799 0.000559 0.723825
4 4 0.026731 0.085756 0.187239 0.002124 0.698149
4 4 0.028030 0.157812 0.154315 0.000820 0.659024
4 4 0.004901 0.064665 0.144206 0.000756 0.785471
4 4 0.045940 0.219564 0.085027 0.000120 0.649349
4 4 0.024121 0.084043 0.156671 0.005139 0.730026
4 4 0.042656 0.065996 0.141506 0.008980 0.740862
4 4 0.015772 0.036302 0.063231 0.005018 0.879677
2 4 0.000541 0.056020 0.697849 0.003001 0.242589
4 4 0.002571 0.077330 0.348797 0.001576 0.569726
4 4 0.014286 0.049187 0.064036 0.000348 0.872143
4 4 0.049557 0.060305 0.030017 0.000364 0.859757
4 4 0.031513 0.096997 0.302808 0.009652 0.559029
4 4 0.066928 0.142510 0.315035 0.002861 0.472666
4 4 0.173945 0.051076 0.036580 0.000957 0.737442
4 4 0.034245 0.024224 0.009225 0.000816 0.931489
4 4 0.026908 0.041189 0.011205 0.000080 0.920618
2 4 0.010386 0.116505 0.451695 0.000322 0.421092
2 4 0.018915 0.059385 0.507303 0.000227 0.414170
4 4 0.018382 0.083435 0.311272 0.000707 0.586205
2 4 0.087867 0.374912 0.474313 0.000387 0.062522
1 4 0.010760 0.501322 0.209521 0.000117 0.278279
4 4 0.017313 0.301701 0.171463 0.000137 0.509387
4 4 0.064260 0.034436 0.023027 0.004262 0.874016
2 4 0.001192 0.118381 0.728090 0.000487 0.151850
2 4 0.003613 0.084891 0.473212 0.000079 0.438204
2 4 0.001089 0.078691 0.581865 0.000688 0.337666
2 4 0.001835 0.129686 0.778140 0.000966 0.089372
2 4 0.001662 0.075214 0.866137 0.021573 0.035414
4 4 0.038733 0.143359 0.325561 0.012751 0.479596
4 4 0.052882 0.092850 0.115781 0.003121 0.735367
4 4 0.001225 0.040089 0.346597 0.002833 0.609256
2 4 0.000132 0.018267 0.889116 0.000917 0.091569
2 4 0.000060 0.018753 0.928606 0.000286 0.052294
2 4 0.000282 0.061294 0.900964 0.000316 0.037144
2 4 0.000099 0.031892 0.957581 0.000293 0.010135
2 4 0.000093 0.012969 0.976427 0.001706 0.008804
2 4 0.000144 0.028709 0.963355 0.000703 0.007089
2 4 0.000039 0.008014 0.981143 0.001110 0.009694
2 4 0.000093 0.016964 0.970995 0.000954 0.010995
2 4 0.000736 0.087099 0.528152 0.000359 0.383654
4 4 0.013218 0.096326 0.361158 0.003634 0.525664
4 4 0.117953 0.062233 0.022104 0.000867 0.796844
4 4 0.019692 0.061689 0.021230 0.000157 0.897233
4 4 0.010666 0.081513 0.291769 0.012869 0.603182
2 4 0.000181 0.018180 0.959547 0.003420 0.018672
2 4 0.000167 0.027574 0.947759 0.000787 0.023713
2 4 0.000165 0.065161 0.841057 0.000094 0.093523
2 4 0.000918 0.120043 0.679563 0.000270 0.199206
4 4 0.013314 0.259737 0.151064 0.000089 0.575795
4 4 0.012740 0.167301 0.132271 0.000238 0.687450
4 4 0.040267 0.105811 0.051792 0.000730 0.801400
4 4 0.007804 0.080231 0.073198 0.000053 0.838714
2 4 0.002590 0.113033 0.594780 0.001219 0.288378
4 4 0.045885 0.017368 0.006990 0.000451 0.929306
4 4 0.005905 0.106886 0.058819 0.000031 0.828359
2 4 0.000713 0.083886 0.475320 0.001496 0.438585
2 4 0.000290 0.037215 0.788491 0.000791 0.173212
2 4 0.000241 0.056202 0.861561 0.000242 0.081753
2 4 0.000189 0.068556 0.814620 0.000097 0.116538
2 1 0.000214 0.053677 0.874849 0.000231 0.071029
2 1 0.000080 0.012134 0.972364 0.001375 0.014047
2 1 0.000195 0.048711 0.926645 0.000310 0.024139
2 1 0.000281 0.067078 0.864308 0.000225 0.068108
2 1 0.000010 0.015463 0.969684 0.000033 0.014811
2 1 0.000004 0.008792 0.986120 0.000028 0.005056
2 1 0.000008 0.005963 0.990562 0.000182 0.003285
2 1 0.000022 0.009812 0.981119 0.000250 0.008797
2 0 0.000092 0.010619 0.985388 0.000048 0.003853
2 1 0.000489 0.282819 0.687860 0.000024 0.028808
2 1 0.000297 0.153207 0.826532 0.000052 0.019912
2 1 0.000022 0.029494 0.966393 0.000037 0.004054
2 1 0.000028 0.020975 0.971086 0.000098 0.007813
2 1 0.000095 0.044708 0.925421 0.000113 0.029663
2 1 0.000025 0.009722 0.985696 0.000437 0.004119
2 1 0.000001 0.001276 0.998181 0.000227 0.000315
2 1 0.000001 0.001500 0.997927 0.000078 0.000494
2 1 0.000001 0.001239 0.998013 0.000318 0.000429
2 1 0.000001 0.001140 0.997618 0.000424 0.000817
2 2 0.000001 0.001351 0.998095 0.000102 0.000452
2 1 0.000000 0.000452 0.999430 0.000072 0.000046
2 0 0.000000 0.000178 0.999761 0.000040 0.000021
2 0 0.000001 0.001499 0.997820 0.000252 0.000427
2 1 0.038429 0.187518 0.741216 0.001024 0.031813
2 1 0.001259 0.388417 0.502349 0.000029 0.107946
2 1 0.000135 0.070060 0.899135 0.000077 0.030593
2 1 0.000525 0.080250 0.878337 0.002204 0.038684
2 1 0.000092 0.027129 0.969770 0.000448 0.002561
2 1 0.000196 0.021930 0.972564 0.002252 0.003057
2 1 0.000010 0.006116 0.992880 0.000310 0.000684
2 2 0.000001 0.002223 0.997317 0.000111 0.000347
2 1 0.000001 0.001657 0.997821 0.000238 0.000283
2 1 0.000009 0.005057 0.993557 0.000355 0.001024
2 1 0.000111 0.024933 0.965617 0.000597 0.008742
2 1 0.000134 0.038846 0.953156 0.000333 0.007531
2 1 0.000038 0.026038 0.971582 0.000122 0.002220
2 1 0.000034 0.020824 0.972430 0.000128 0.006585
2 1 0.000021 0.008975 0.989820 0.000504 0.000679
2 1 0.000027 0.012080 0.984662 0.000324 0.002908
2 2 0.000001 0.001164 0.998219 0.000373 0.000242
2 1 0.000002 0.002051 0.997357 0.000190 0.000400
2 1 0.000017 0.009286 0.989166 0.000312 0.001219
2 0 0.000322 0.100005 0.882093 0.000158 0.017423
2 0 0.011922 0.246238 0.721561 0.001340 0.018939
0 0 0.562180 0.160017 0.155983 0.033567 0.088253
1 1 0.038694 0.623050 0.240095 0.000832 0.097329
2 1 0.004935 0.352326 0.600134 0.000467 0.042139
2 1 0.000690 0.112164 0.835865 0.001867 0.049414
2 1 0.000140 0.056354 0.933970 0.000159 0.009378
2 1 0.000242 0.071957 0.915769 0.000383 0.011650
2 1 0.000529 0.069752 0.895287 0.000665 0.033768
2 1 0.000510 0.075117 0.898483 0.000567 0.025322
2 1 0.000155 0.025427 0.970213 0.001149 0.003056
2 2 0.000503 0.038512 0.950532 0.002748 0.007704
2 2 0.000000 0.000502 0.999153 0.000096 0.000249
2 2 0.000000 0.000159 0.999741 0.000033 0.000067
2 2 0.000000 0.000093 0.999769 0.000083 0.000055
2 2 0.000000 0.000075 0.999245 0.000649 0.000031
2 2 0.000000 0.000191 0.999556 0.000128 0.000125
2 2 0.000000 0.000065 0.999879 0.000029 0.000027
2 2 0.000000 0.000056 0.999925 0.000006 0.000013
2 2 0.000000 0.000126 0.999840 0.000022 0.000013
2 2 0.000000 0.000045 0.999881 0.000068 0.000006
2 2 0.000000 0.000035 0.999896 0.000061 0.000008
2 2 0.000000 0.000082 0.998662 0.001247 0.000008
2 2 0.000000 0.000006 0.998789 0.001204 0.000001
2 2 0.000000 0.000012 0.997649 0.002323 0.000015
2 2 0.000000 0.000003 0.999487 0.000508 0.000001
2 2 0.000000 0.000028 0.999557 0.000411 0.000004
2 2 0.000000 0.000007 0.998735 0.001258 0.000000
2 2 0.000000 0.000013 0.998206 0.001780 0.000001
2 2 0.000000 0.000005 0.997272 0.002723 0.000000
2 2 0.000000 0.000004 0.997990 0.002006 0.000000
2 2 0.000000 0.000021 0.996204 0.003774 0.000001
2 2 0.000000 0.000003 0.999323 0.000674 0.000000
2 2 0.000000 0.000002 0.999645 0.000353 0.000000
2 2 0.000000 0.000001 0.950948 0.049051 0.000000
2 2 0.000000 0.000001 0.997762 0.002237 0.000000
2 2 0.000000 0.000001 0.990307 0.009692 0.000000
2 2 0.000000 0.000001 0.748454 0.251544 0.000000
2 2 0.000000 0.000007 0.948132 0.051860 0.000001
2 2 0.000000 0.000008 0.982115 0.017876 0.000000
2 2 0.000000 0.000004 0.996345 0.003651 0.000000
2 2 0.000000 0.000011 0.993486 0.006501 0.000001
2 2 0.000000 0.000011 0.980526 0.019463 0.000000
2 2 0.000000 0.000002 0.970210 0.029788 0.000000
2 2 0.000000 0.000003 0.924365 0.075632 0.000000
2 2 0.000000 0.000003 0.968676 0.031321 0.000000
2 2 0.000000 0.000003 0.700470 0.299526 0.000000
2 2 0.000000 0.000001 0.920105 0.079894 0.000000
2 2 0.000000 0.000001 0.978730 0.021269 0.000000
2 2 0.000000 0.000005 0.769060 0.230934 0.000001
2 2 0.000000 0.000001 0.972835 0.027164 0.000000
2 2 0.000000 0.000013 0.930202 0.069772 0.000012
2 2 0.000000 0.000005 0.810972 0.189022 0.000000
2 2 0.000000 0.000003 0.777535 0.222462 0.000000
2 2 0.000000 0.000006 0.874988 0.125004 0.000002
2 2 0.000000 0.000003 0.947461 0.052535 0.000001
2 2 0.000000 0.000001 0.890446 0.109552 0.000000
2 2 0.000000 0.000003 0.865636 0.134361 0.000000
2 2 0.000000 0.000001 0.884694 0.115305 0.000000
2 2 0.000000 0.000002 0.619755 0.380241 0.000001
3 2 0.000000 0.000001 0.433357 0.566643 0.000000
3 2 0.000000 0.000025 0.390321 0.609646 0.000008
2 2 0.000000 0.000004 0.848137 0.151858 0.000001
2 2 0.000000 0.000003 0.868022 0.131975 0.000000
2 2 0.000000 0.000004 0.625374 0.374622 0.000001
2 2 0.000000 0.000003 0.565291 0.434706 0.000001
3 2 0.000000 0.000002 0.061684 0.938313 0.000001
3 2 0.000000 0.000002 0.047481 0.952516 0.000001
3 2 0.000000 0.000002 0.107637 0.892361 0.000000
2 3 0.000000 0.000026 0.596185 0.403780 0.000009
2 2 0.000000 0.000001 0.526793 0.473206 0.000000
3 2 0.000000 0.000007 0.345158 0.654832 0.000003
2 3 0.000000 0.000005 0.844768 0.155226 0.000001
2 2 0.000000 0.000001 0.764187 0.235812 0.000000
2 3 0.000000 0.000001 0.593216 0.406783 0.000000
2 3 0.000000 0.000002 0.599476 0.400522 0.000000
2 2 0.000000 0.000003 0.752657 0.247339 0.000000
2 2 0.000000 0.000003 0.789494 0.210502 0.000000
2 2 0.000000 0.000000 0.606134 0.393866 0.000000
3 2 0.000000 0.000000 0.430488 0.569511 0.000000
3 3 0.000000 0.000001 0.387480 0.612518 0.000000
2 2 0.000000 0.000001 0.576297 0.423702 0.000000
3 3 0.000000 0.000003 0.058969 0.941026 0.000002
3 3 0.000000 0.000000 0.228119 0.771881 0.000000
3 2 0.000000 0.000000 0.029750 0.970250 0.000000
3 2 0.000000 0.000000 0.143376 0.856623 0.000000
3 2 0.000000 0.000000 0.303403 0.696597 0.000000
3 2 0.000000 0.000000 0.201914 0.798086 0.000000
3 2 0.000000 0.000000 0.388490 0.611510 0.000000
3 2 0.000000 0.000001 0.442525 0.557474 0.000000
2 2 0.000000 0.000001 0.920538 0.079461 0.000000
2 3 0.000000 0.000007 0.867703 0.132289 0.000001
3 3 0.000000 0.000010 0.216278 0.783711 0.000001
3 2 0.000000 0.000000 0.064543 0.935456 0.000000
3 2 0.000000 0.000002 0.316676 0.683322 0.000000
3 3 0.000000 0.000000 0.459026 0.540974 0.000000
2 2 0.000000 0.000001 0.787263 0.212735 0.000000
3 2 0.000000 0.000000 0.407000 0.593000 0.000000
2 2 0.000000 0.000002 0.777719 0.222280 0.000000
2 2 0.000000 0.000000 0.533591 0.466409 0.000000
2 2 0.000000 0.000001 0.723885 0.276114 0.000000
2 2 0.000000 0.000037 0.831442 0.168519 0.000001
2 3 0.000000 0.000005 0.529116 0.470879 0.000000
2 2 0.000000 0.000000 0.687120 0.312879 0.000000
3 2 0.000000 0.000001 0.138942 0.861057 0.000000
3 2 0.000000 0.000002 0.346028 0.653970 0.000000
2 2 0.000000 0.000002 0.677323 0.322675 0.000000
3 2 0.000000 0.000002 0.203886 0.796112 0.000000
3 2 0.000000 0.000001 0.168114 0.831885 0.000000
3 2 0.000000 0.000001 0.370531 0.629469 0.000000
2 2 0.000000 0.000001 0.522243 0.477756 0.000000
2 2 0.000000 0.000014 0.558299 0.441677 0.000009
2 2 0.000000 0.000013 0.665726 0.334260 0.000001
2 2 0.000000 0.000005 0.597207 0.402788 0.000000
3 3 0.000000 0.000001 0.155088 0.844911 0.000000
3 2 0.000000 0.000002 0.335502 0.664496 0.000000
3 2 0.000000 0.000009 0.448173 0.551818 0.000000
2 2 0.000000 0.000004 0.795233 0.204763 0.000000
3 2 0.000000 0.000000 0.297122 0.702878 0.000000
3 2 0.000000 0.000002 0.412053 0.587945 0.000000
3 3 0.000000 0.000003 0.110557 0.889439 0.000001
3 0 0.000000 0.000017 0.104092 0.895887 0.000004
2 0 0.015391 0.029938 0.902035 0.047748 0.004888
2 1 0.001016 0.094637 0.898887 0.001392 0.004068
2 2 0.000263 0.018553 0.966934 0.010678 0.003573
2 2 0.000012 0.002669 0.992756 0.003440 0.001123
2 2 0.000002 0.000862 0.996844 0.002148 0.000144
2 2 0.000008 0.003710 0.995027 0.000575 0.000680
2 0 0.000000 0.000450 0.999149 0.000371 0.000030
2 1 0.000006 0.002787 0.996033 0.000933 0.000241
2 2 0.000000 0.000112 0.987636 0.012246 0.000005
2 2 0.000001 0.000170 0.980342 0.019461 0.000027
2 2 0.000010 0.005666 0.990773 0.000301 0.003250
2 1 0.000009 0.005017 0.992116 0.001106 0.001751
2 1 0.000150 0.005562 0.907908 0.085499 0.000882
2 2 0.000002 0.000712 0.996744 0.002471 0.000070
2 1 0.000006 0.001754 0.987175 0.010782 0.000283
2 1 0.000016 0.003182 0.991999 0.004493 0.000310
2 1 0.000000 0.000751 0.998996 0.000213 0.000040
2 2 0.000001 0.000581 0.998878 0.000408 0.000133
2 1 0.000000 0.000562 0.999002 0.000404 0.000031
2 1 0.000010 0.001591 0.990307 0.007558 0.000534
2 1 0.000008 0.010542 0.985125 0.000064 0.004261
2 1 0.000000 0.000021 0.999883 0.000094 0.000002
2 0 0.000061 0.001173 0.996415 0.002208 0.000143
2 4 0.003896 0.044953 0.908191 0.038129 0.004830
1 4 0.001885 0.574301 0.381188 0.000019 0.042607
2 4 0.000006 0.002894 0.995370 0.000646 0.001084
2 4 0.000106 0.034995 0.942579 0.000237 0.022084
2 4 0.000150 0.035279 0.903425 0.001401 0.059746
2 4 0.000283 0.026671 0.734757 0.041460 0.196829
2 4 0.000203 0.033855 0.848345 0.028931 0.088666
4 4 0.000705 0.093117 0.416511 0.000268 0.489398
2 4 0.000550 0.042640 0.636868 0.009111 0.310831
2 4 0.000952 0.095416 0.783936 0.001419 0.118277
2 4 0.000310 0.076813 0.754563 0.000142 0.168173
2 4 0.000016 0.042645 0.866456 0.000005 0.090878
2 4 0.000024 0.023654 0.679394 0.000020 0.296908
2 4 0.000141 0.056014 0.778011 0.000170 0.165663
2 0 0.001626 0.153166 0.694107 0.000467 0.150633
2 4 0.052528 0.262526 0.376456 0.000653 0.307836
2 4 0.011487 0.148321 0.773461 0.014570 0.052162
2 4 0.001105 0.062040 0.588637 0.001003 0.347216
2 4 0.000050 0.017084 0.926628 0.000256 0.055982
2 4 0.000181 0.035169 0.905188 0.001170 0.058293
2 4 0.000000 0.000871 0.998702 0.000090 0.000337
2 4 0.000000 0.000129 0.999073 0.000731 0.000067
2 4 0.000000 0.000755 0.998824 0.000065 0.000356
2 4 0.000022 0.024533 0.951197 0.000040 0.024209
2 4 0.000060 0.030198 0.915682 0.000108 0.053952
2 4 0.000245 0.086953 0.841763 0.000102 0.070936
2 4 0.001828 0.124923 0.728696 0.000871 0.143681
2 4 0.001083 0.125528 0.709914 0.000354 0.163121
2 4 0.000028 0.026918 0.939893 0.000061 0.033099
2 4 0.000115 0.024829 0.918350 0.001453 0.055254
2 4 0.000012 0.009748 0.985562 0.000124 0.004554
2 4 0.000003 0.004147 0.992697 0.000076 0.003078
2 4 0.000114 0.020118 0.972136 0.001009 0.006624
2 4 0.001682 0.154427 0.777391 0.000618 0.065881
2 4 0.000877 0.156422 0.680319 0.000153 0.162228
2 4 0.000041 0.029492 0.950279 0.000075 0.020113
2 4 0.000115 0.042536 0.832782 0.000117 0.124450
2 4 0.000203 0.083354 0.830894 0.000181 0.085368
2 4 0.000114 0.071470 0.669851 0.000205 0.258359
2 4 0.000852 0.140684 0.449063 0.000292 0.409109
2 4 0.000169 0.043643 0.908850 0.000271 0.047067
2 4 0.000171 0.028872 0.935245 0.000689 0.035023
2 4 0.000028 0.021766 0.962955 0.000082 0.015168
2 4 0.000002 0.001999 0.996385 0.000252 0.001362
2 4 0.000009 0.009980 0.983138 0.000076 0.006797
2 4 0.000007 0.010845 0.979579 0.000044 0.009525
2 4 0.000013 0.011565 0.968508 0.000084 0.019830
2 4 0.000727 0.162685 0.745015 0.000131 0.091442
2 4 0.000149 0.043427 0.950645 0.000327 0.005453
2 1 0.000009 0.009560 0.988702 0.000108 0.001620
2 1 0.000017 0.009643 0.988073 0.000259 0.002008
2 1 0.000002 0.004093 0.993847 0.000032 0.002027
2 1 0.000007 0.009842 0.985507 0.000056 0.004588
2 1 0.000003 0.003373 0.994419 0.000153 0.002052
2 1 0.000001 0.001607 0.997247 0.000150 0.000995
2 1 0.000002 0.002111 0.996073 0.000131 0.001683
2 1 0.000108 0.017573 0.958528 0.001000 0.022791
2 1 0.000006 0.013060 0.983959 0.000025 0.002950
2 0 0.024184 0.103534 0.856176 0.004346 0.011759
1 0 0.213958 0.577860 0.108928 0.000093 0.099161
1 1 0.025879 0.701711 0.203656 0.000282 0.068473
2 1 0.006321 0.324690 0.627519 0.000878 0.040592
2 2 0.001454 0.151768 0.781325 0.000513 0.064941
2 2 0.000058 0.029973 0.960268 0.000146 0.009556
2 2 0.000020 0.008143 0.988750 0.000450 0.002638
2 2 0.000024 0.012038 0.984618 0.000267 0.003053
2 2 0.000079 0.017399 0.976793 0.000786 0.004943
2 2 0.000308 0.060101 0.916679 0.000417 0.022495
2 2 0.000036 0.013412 0.982827 0.000413 0.003311
2 2 0.000014 0.012659 0.983630 0.000099 0.003598
2 2 0.000060 0.018333 0.977109 0.000472 0.004026
2 2 0.000089 0.040193 0.952325 0.000163 0.007229
2 1 0.000074 0.046535 0.941611 0.000083 0.011697
2 1 0.004072 0.186952 0.794781 0.002281 0.011914
1 1 0.005596 0.544488 0.416587 0.000140 0.033190
2 1 0.002279 0.203984 0.781449 0.000745 0.011543
2 1 0.001245 0.125550 0.857825 0.000844 0.014536
2 1 0.000154 0.063806 0.918761 0.000128 0.017151
2 1 0.000016 0.019281 0.974223 0.000047 0.006434
2 1 0.000029 0.017057 0.972537 0.000151 0.010226
2 1 0.000269 0.056830 0.918678 0.000375 0.023848
2 1 0.000045 0.018563 0.977291 0.000300 0.003801
2 1 0.000292 0.065691 0.910405 0.000315 0.023297
2 1 0.000163 0.041252 0.930731 0.000320 0.027535
2 1 0.000142 0.035476 0.958666 0.000465 0.005251
2 1 0.000018 0.011872 0.985540 0.000191 0.002378
2 1 0.000020 0.006218 0.990334 0.000763 0.002665
2 1 0.000132 0.025162 0.962894 0.000744 0.011068
2 1 0.000284 0.066335 0.876086 0.000245 0.057050
2 1 0.000110 0.071052 0.895957 0.000053 0.032828
2 0 0.001376 0.009356 0.986709 0.000094 0.002465
2 0 0.002642 0.012587 0.976709 0.007016 0.001045
1 1 0.064419 0.587489 0.254705 0.001859 0.091528
1 0 0.009280 0.642236 0.308403 0.000136 0.039945
2 1 0.000281 0.073388 0.895686 0.000223 0.030422
2 0 0.000308 0.078006 0.901182 0.000245 0.020260
2 1 0.000018 0.015735 0.980505 0.000100 0.003642
2 0 0.001910 0.167776 0.753521 0.000294 0.076500
2 1 0.005215 0.310153 0.504730 0.000407 0.179495
2 1 0.002150 0.352373 0.614943 0.000136 0.030398
2 1 0.000829 0.174923 0.815729 0.000228 0.008290
2 1 0.001694 0.279577 0.691758 0.000181 0.026790
2 1 0.000270 0.079555 0.908316 0.000209 0.011650
2 1 0.001323 0.148914 0.809474 0.000521 0.039769
2 1 0.001009 0.101607 0.876480 0.000911 0.019992
2 1 0.000153 0.034093 0.951657 0.000489 0.013608
2 1 0.000046 0.018926 0.952480 0.000214 0.028334
2 1 0.000210 0.034702 0.940537 0.000704 0.023847
2 0 0.000138 0.029731 0.938700 0.000474 0.030956
4 0 0.014253 0.108737 0.214377 0.000022 0.662610
0 0 0.451516 0.102970 0.105407 0.000382 0.339726
0 0 0.818730 0.089103 0.051141 0.000408 0.040618
0 0 0.963036 0.015686 0.006099 0.000187 0.014993
0 0 0.618613 0.188035 0.103997 0.004042 0.085313
2 0 0.006577 0.126127 0.855337 0.002581 0.009377
2 0 0.000544 0.034100 0.959601 0.004147 0.001608
2 0 0.002216 0.035783 0.950262 0.004328 0.007411
0 0 0.910569 0.033463 0.018011 0.000660 0.037297
0 0 0.879934 0.047212 0.038840 0.001881 0.032133
0 0 0.967308 0.012560 0.010178 0.000122 0.009832
0 0 0.964581 0.015016 0.005754 0.000171 0.014478
0 0 0.850681 0.049648 0.068837 0.002191 0.028643
0 0 0.904099 0.040669 0.021915 0.001340 0.031977
1 0 0.258696 0.491011 0.142910 0.000491 0.106893
1 0 0.022632 0.410021 0.205582 0.000002 0.361763
1 0 0.030042 0.451794 0.217997 0.000320 0.299846
2 0 0.090820 0.383653 0.450780 0.005586 0.069161
4 0 0.112719 0.028099 0.031128 0.000996 0.827059
0 0 0.801513 0.020349 0.011022 0.000702 0.166414
0 0 0.890328 0.040858 0.040780 0.001404 0.026630
0 0 0.988337 0.004711 0.001234 0.000016 0.005702
0 0 0.938896 0.026063 0.012027 0.000529 0.022485
0 0 0.813589 0.021540 0.009280 0.000029 0.155561
0 0 0.490346 0.053887 0.013104 0.000071 0.442592
4 0 0.113589 0.009061 0.001541 0.000367 0.875442
0 0 0.775694 0.004924 0.002139 0.001355 0.215889
0 0 0.780281 0.045473 0.030627 0.005325 0.138294
