0 0 0.967618 0.005217 0.026600 0.000195 0.000370
0 0 0.984094 0.002998 0.012659 0.000038 0.000212
0 0 0.973489 0.005391 0.020699 0.000092 0.000330
0 0 0.989651 0.001466 0.008811 0.000019 0.000053
0 0 0.971474 0.010365 0.017739 0.000032 0.000389
0 0 0.920641 0.052345 0.023934 0.000029 0.003051
0 0 0.921819 0.014757 0.061682 0.000883 0.000859
0 0 0.975692 0.010698 0.013372 0.000012 0.000227
0 0 0.943184 0.004996 0.050873 0.000818 0.000129
0 0 0.987444 0.005037 0.007373 0.000005 0.000142
0 0 0.827432 0.057907 0.105804 0.002073 0.006783
0 0 0.768211 0.133438 0.085749 0.000645 0.011957
0 1 0.511007 0.384631 0.070994 0.000274 0.033094
0 1 0.530467 0.121594 0.017806 0.000050 0.330083
0 1 0.818313 0.061495 0.020721 0.000086 0.099385
0 1 0.744997 0.064645 0.027595 0.000174 0.162589
0 1 0.912443 0.026228 0.025295 0.000170 0.035864
0 1 0.644487 0.157649 0.033485 0.000132 0.164247
4 1 0.161015 0.247992 0.039857 0.000169 0.550967
2 1 0.032729 0.221717 0.634832 0.003640 0.107082
0 2 0.762266 0.010911 0.180403 0.044000 0.002420
0 0 0.977999 0.001900 0.019448 0.000249 0.000403
0 0 0.974795 0.007383 0.017509 0.000039 0.000274
0 0 0.897626 0.061215 0.039789 0.000072 0.001298
0 0 0.651363 0.280014 0.060951 0.000118 0.007554
0 0 0.773037 0.081232 0.135652 0.003059 0.007020
0 0 0.970597 0.011573 0.017433 0.000027 0.000370
0 0 0.991050 0.003080 0.005584 0.000005 0.000281
0 1 0.750759 0.141929 0.023239 0.000038 0.084035
1 1 0.019731 0.469559 0.443454 0.000418 0.066838
2 1 0.034708 0.187652 0.625610 0.024350 0.127681
2 1 0.169182 0.076338 0.699962 0.023339 0.031179
2 2 0.166165 0.195623 0.531520 0.027563 0.079128
2 2 0.103252 0.161058 0.599520 0.093058 0.043112
2 2 0.160404 0.065203 0.708390 0.057677 0.008325
2 2 0.013421 0.019936 0.912239 0.052889 0.001515
2 2 0.002961 0.002388 0.974443 0.020172 0.000036
2 2 0.058368 0.005463 0.882484 0.053481 0.000203
2 2 0.170898 0.007890 0.774894 0.046023 0.000296
2 2 0.186177 0.012002 0.766920 0.034607 0.000294
2 2 0.125446 0.006235 0.659416 0.208662 0.000241
0 3 0.850766 0.003158 0.130921 0.015081 0.000073
0 3 0.413612 0.001376 0.229679 0.355246 0.000087
3 3 0.261052 0.002425 0.252451 0.483877 0.000196
3 3 0.295388 0.004052 0.281980 0.418299 0.000281
2 3 0.087470 0.001301 0.617541 0.293664 0.000025
0 3 0.506566 0.004260 0.309033 0.180023 0.000118
0 3 0.399781 0.002201 0.271211 0.326735 0.000072
3 3 0.065661 0.000435 0.103238 0.830630 0.000036
3 3 0.250652 0.001112 0.216211 0.531978 0.000047
3 3 0.014077 0.000065 0.086771 0.899085 0.000003
0 3 0.482297 0.002132 0.317217 0.198317 0.000037
0 3 0.460231 0.001157 0.249064 0.289526 0.000022
0 3 0.389344 0.005039 0.289629 0.315563 0.000425
0 3 0.430766 0.004022 0.259650 0.305217 0.000345
3 3 0.310144 0.005404 0.294044 0.389957 0.000451
3 3 0.065118 0.000519 0.108839 0.825470 0.000054
3 3 0.060667 0.000674 0.107751 0.830829 0.000079
3 3 0.037687 0.000380 0.071574 0.890322 0.000037
3 3 0.082744 0.000798 0.125579 0.790808 0.000070
3 3 0.002181 0.000051 0.011595 0.986153 0.000021
3 3 0.006162 0.000156 0.025285 0.968342 0.000055
3 3 0.034865 0.001052 0.081765 0.882125 0.000193
0 3 0.398425 0.003622 0.276851 0.320977 0.000124
0 3 0.464393 0.006374 0.311371 0.217577 0.000284
3 3 0.033909 0.000483 0.074954 0.890579 0.000075
3 3 0.091783 0.001294 0.144710 0.762071 0.000142
3 3 0.089563 0.000720 0.126771 0.782893 0.000053
3 3 0.084065 0.000770 0.121932 0.793174 0.000058
3 3 0.006980 0.000070 0.022264 0.970675 0.000012
3 3 0.041664 0.001010 0.088291 0.868885 0.000151
3 3 0.021105 0.000131 0.048944 0.929803 0.000017
3 3 0.017674 0.000194 0.044637 0.937467 0.000029
3 3 0.003601 0.000062 0.015106 0.981214 0.000016
3 3 0.003565 0.000041 0.013408 0.982978 0.000007
3 3 0.000458 0.000014 0.003772 0.995748 0.000008
3 3 0.006301 0.000231 0.024193 0.969213 0.000062
3 3 0.017322 0.000519 0.050097 0.931924 0.000137
3 3 0.015374 0.000277 0.042366 0.941934 0.000048
3 3 0.020788 0.000590 0.054580 0.923880 0.000162
3 3 0.030907 0.000810 0.072222 0.895928 0.000133
3 3 0.336174 0.001829 0.257496 0.404431 0.000069
3 3 0.043440 0.000510 0.094538 0.861469 0.000043
3 3 0.032959 0.000333 0.065213 0.901461 0.000034
3 3 0.009972 0.000229 0.032050 0.957701 0.000048
3 3 0.008854 0.000239 0.029561 0.961295 0.000052
3 3 0.013331 0.000067 0.031276 0.955320 0.000006
3 3 0.002976 0.000039 0.013442 0.983532 0.000012
3 3 0.003113 0.000025 0.012130 0.984727 0.000005
3 3 0.161478 0.008010 0.211819 0.616235 0.002458
3 3 0.004395 0.000092 0.017665 0.977825 0.000023
3 3 0.020863 0.000504 0.049027 0.929492 0.000115
3 3 0.283987 0.008521 0.252120 0.453109 0.002263
3 3 0.352547 0.005533 0.284755 0.356485 0.000680
3 3 0.174178 0.004648 0.205304 0.615118 0.000752
0 3 0.488491 0.004043 0.265871 0.241375 0.000219
0 3 0.511697 0.008284 0.276918 0.202373 0.000729
3 3 0.195558 0.004221 0.252060 0.547662 0.000500
3 3 0.052868 0.003335 0.257650 0.685320 0.000826
3 3 0.024524 0.000444 0.154103 0.820867 0.000063
0 3 0.687924 0.013134 0.234438 0.062680 0.001824
0 3 0.625085 0.025738 0.299275 0.046142 0.003759
0 3 0.527374 0.017193 0.364431 0.089440 0.001562
0 3 0.659991 0.013152 0.261651 0.064430 0.000776
2 3 0.393265 0.031138 0.452805 0.120510 0.002282
0 3 0.647466 0.065030 0.253109 0.024093 0.010302
2 3 0.082896 0.025347 0.819267 0.071186 0.001304
2 3 0.093545 0.021261 0.823494 0.060652 0.001048
2 3 0.123267 0.025922 0.827759 0.021902 0.001151
0 3 0.698735 0.039753 0.257449 0.002352 0.001711
2 3 0.029285 0.002491 0.883730 0.084455 0.000038
0 3 0.574020 0.006814 0.383086 0.035839 0.000240
2 3 0.404641 0.028158 0.538998 0.026619 0.001585
2 3 0.402149 0.021309 0.551103 0.024851 0.000587
2 3 0.140751 0.018324 0.572353 0.266368 0.002204
0 3 0.497289 0.011501 0.320748 0.169684 0.000779
0 3 0.472416 0.008033 0.294670 0.223918 0.000963
2 3 0.195067 0.005826 0.506202 0.292513 0.000392
3 3 0.030980 0.001650 0.199617 0.767469 0.000283
2 3 0.270646 0.019367 0.384208 0.313486 0.012294
0 3 0.482297 0.030970 0.356778 0.127850 0.002106
0 3 0.431018 0.067853 0.423668 0.069775 0.007686
2 3 0.334507 0.176245 0.467622 0.005877 0.015749
0 3 0.457825 0.065727 0.422515 0.042193 0.011740
2 3 0.152264 0.020537 0.733864 0.092067 0.001269
0 3 0.616968 0.148273 0.208573 0.000970 0.025215
0 2 0.823091 0.079470 0.094087 0.000771 0.002581
0 2 0.845895 0.030360 0.114349 0.004417 0.004979
0 2 0.480394 0.190916 0.268315 0.002924 0.057451
0 2 0.577490 0.194866 0.129874 0.003659 0.094111
1 2 0.092289 0.503173 0.237110 0.001167 0.166261
2 2 0.155386 0.257581 0.450961 0.006602 0.129470
2 2 0.297262 0.182884 0.430770 0.027764 0.061319
2 2 0.326931 0.266952 0.346919 0.003942 0.055256
2 2 0.091413 0.191678 0.669406 0.015068 0.032435
1 2 0.335129 0.420880 0.139876 0.000604 0.103511
1 2 0.416156 0.446483 0.041900 0.000102 0.095359
0 2 0.704416 0.224509 0.019108 0.000012 0.051955
0 2 0.728482 0.150838 0.028828 0.000067 0.091786
0 2 0.923656 0.042310 0.024568 0.000058 0.009408
0 2 0.895426 0.061439 0.010383 0.000007 0.032745
0 2 0.849422 0.087205 0.006831 0.000002 0.056540
0 2 0.613230 0.251446 0.019880 0.000018 0.115427
0 2 0.399243 0.328348 0.031965 0.000109 0.240336
4 2 0.314464 0.253683 0.035179 0.000262 0.396411
4 2 0.141632 0.296224 0.073691 0.000601 0.487853
4 2 0.259328 0.265887 0.124609 0.003377 0.346799
0 2 0.831422 0.089127 0.059932 0.000413 0.019105
0 2 0.693719 0.099489 0.015170 0.000025 0.191597
0 2 0.605862 0.124973 0.013544 0.000019 0.255602
0 2 0.808683 0.109833 0.038845 0.000142 0.042497
0 1 0.658419 0.258504 0.033328 0.000049 0.049700
0 1 0.565784 0.264817 0.029410 0.000058 0.139932
1 1 0.287395 0.589334 0.056713 0.000024 0.066534
1 1 0.183558 0.565496 0.099127 0.000057 0.151761
1 1 0.294517 0.463167 0.080712 0.000474 0.161129
0 1 0.631220 0.228715 0.072345 0.000522 0.067198
0 1 0.662821 0.147271 0.017958 0.000026 0.171924
0 1 0.529918 0.178887 0.069783 0.001118 0.220295
0 1 0.586351 0.253683 0.039177 0.000120 0.120670
0 1 0.419347 0.279351 0.053669 0.000601 0.247032
0 1 0.627344 0.163096 0.107705 0.002511 0.099344
0 1 0.868551 0.080260 0.020145 0.000028 0.031016
0 1 0.894835 0.055217 0.026922 0.000080 0.022947
0 1 0.884162 0.040200 0.005205 0.000002 0.070431
0 1 0.920161 0.026953 0.007369 0.000007 0.045511
0 1 0.835175 0.081282 0.012839 0.000012 0.070692
0 1 0.855614 0.081801 0.010427 0.000006 0.052153
0 1 0.827897 0.123358 0.026757 0.000036 0.021952
0 1 0.831087 0.077529 0.023000 0.000058 0.068326
0 1 0.906369 0.034434 0.042872 0.000452 0.015873
0 1 0.952103 0.024140 0.019313 0.000041 0.004403
0 0 0.931211 0.026755 0.031462 0.000188 0.010383
0 0 0.981746 0.011503 0.002267 0.000000 0.004484
0 0 0.971056 0.012867 0.004946 0.000003 0.011128
0 1 0.945183 0.040380 0.008385 0.000003 0.006050
0 1 0.916872 0.044425 0.027328 0.000079 0.011297
0 1 0.910754 0.059839 0.019113 0.000021 0.010273
0 1 0.897969 0.055948 0.018302 0.000041 0.027740
0 1 0.499792 0.128657 0.007569 0.000007 0.363974
0 0 0.982108 0.005639 0.010744 0.000026 0.001484
0 0 0.939023 0.033319 0.007021 0.000003 0.020634
0 0 0.917063 0.039676 0.027545 0.000102 0.015615
0 0 0.974531 0.007292 0.016875 0.000062 0.001240
0 0 0.973738 0.009863 0.011692 0.000028 0.004679
0 0 0.911887 0.050710 0.015540 0.000019 0.021844
0 0 0.862590 0.071852 0.010024 0.000006 0.055527
4 0 0.397655 0.138646 0.004882 0.000002 0.458815
0 0 0.696244 0.062194 0.007563 0.000010 0.233989
0 0 0.909096 0.072401 0.001940 0.000000 0.016562
0 0 0.860288 0.077764 0.028687 0.000104 0.033157
0 0 0.918020 0.047074 0.003390 0.000000 0.031516
0 0 0.948756 0.029620 0.001940 0.000000 0.019684
0 0 0.973444 0.017401 0.003573 0.000001 0.005581
0 0 0.953810 0.027181 0.004537 0.000001 0.014471
0 0 0.971305 0.015154 0.007035 0.000005 0.006502
0 0 0.944460 0.029419 0.012976 0.000017 0.013128
0 1 0.897920 0.054846 0.014204 0.000016 0.033013
0 1 0.602671 0.167500 0.005107 0.000001 0.224720
0 1 0.527533 0.098404 0.004048 0.000001 0.370013
4 1 0.372243 0.076214 0.011727 0.000114 0.539702
4 1 0.151226 0.068609 0.002880 0.000006 0.777279
4 1 0.137035 0.086053 0.009746 0.000100 0.767066
4 1 0.159913 0.075557 0.017975 0.000782 0.745772
4 1 0.155295 0.111306 0.014560 0.000219 0.718620
4 1 0.275702 0.144830 0.029044 0.000501 0.549923
0 1 0.821961 0.114345 0.022734 0.000031 0.040929
0 1 0.386516 0.230287 0.016155 0.000034 0.367009
0 1 0.654450 0.144237 0.030035 0.000146 0.171132
0 1 0.925471 0.034106 0.028244 0.000115 0.012064
0 1 0.636171 0.010334 0.007630 0.000175 0.345690
0 1 0.937681 0.005872 0.007044 0.000076 0.049326
0 1 0.875120 0.015057 0.009036 0.000049 0.100738
0 1 0.637844 0.135103 0.039493 0.000445 0.187115
4 1 0.296491 0.315562 0.028260 0.000168 0.359518
0 1 0.705916 0.186766 0.028470 0.000054 0.078794
0 1 0.929944 0.051020 0.007234 0.000002 0.011800
0 1 0.700912 0.182286 0.004192 0.000000 0.112610
0 0 0.943391 0.031338 0.013217 0.000016 0.012037
0 0 0.984391 0.009490 0.004153 0.000001 0.001965
0 0 0.988774 0.004955 0.005624 0.000004 0.000644
0 0 0.983811 0.011693 0.003180 0.000000 0.001315
0 0 0.932977 0.028597 0.028685 0.000132 0.009608
0 0 0.905509 0.022571 0.011216 0.000058 0.060646
0 0 0.942881 0.013654 0.014843 0.000129 0.028492
0 0 0.987219 0.007773 0.003709 0.000001 0.001298
0 0 0.995275 0.002684 0.001502 0.000000 0.000539
0 0 0.996523 0.000493 0.002832 0.000004 0.000148
0 0 0.977258 0.002960 0.018787 0.000183 0.000813
0 1 0.988327 0.006139 0.005076 0.000002 0.000456
0 1 0.942618 0.022892 0.014827 0.000047 0.019615
0 1 0.995039 0.001282 0.000505 0.000000 0.003173
0 1 0.979997 0.008942 0.003421 0.000001 0.007638
0 1 0.975315 0.011679 0.010945 0.000014 0.002047
0 1 0.940527 0.035642 0.013975 0.000015 0.009841
0 1 0.867922 0.048562 0.007887 0.000008 0.075621
0 1 0.899761 0.025456 0.013173 0.000049 0.061562
0 1 0.967773 0.010068 0.018581 0.000083 0.003495
0 1 0.911843 0.063469 0.011570 0.000006 0.013112
0 1 0.842536 0.099618 0.025642 0.000045 0.032159
0 1 0.876501 0.080803 0.030014 0.000059 0.012622
0 1 0.911902 0.029903 0.056684 0.000374 0.001137
0 1 0.909385 0.029918 0.058401 0.000480 0.001816
0 4 0.978472 0.005998 0.013638 0.000053 0.001840
0 4 0.995438 0.000704 0.003691 0.000006 0.000160
0 4 0.968433 0.018441 0.010830 0.000009 0.002287
0 4 0.833881 0.136507 0.024817 0.000015 0.004780
0 4 0.753948 0.168253 0.066993 0.000254 0.010552
0 4 0.883834 0.044416 0.066068 0.000653 0.005029
0 4 0.955103 0.013921 0.028829 0.000159 0.001987
0 4 0.932789 0.036429 0.013602 0.000020 0.017161
0 4 0.750377 0.174974 0.007050 0.000001 0.067598
0 4 0.786313 0.093737 0.002200 0.000000 0.117751
0 4 0.962747 0.026907 0.002782 0.000000 0.007563
0 0 0.691653 0.129844 0.007242 0.000003 0.171258
0 0 0.949574 0.035438 0.006077 0.000002 0.008910
0 0 0.988778 0.005201 0.005326 0.000003 0.000691
0 0 0.992799 0.004717 0.001748 0.000000 0.000735
0 0 0.987550 0.006302 0.005308 0.000003 0.000837
0 0 0.960849 0.025493 0.002161 0.000000 0.011498
0 0 0.985787 0.003621 0.009692 0.000026 0.000874
0 0 0.995976 0.000954 0.002600 0.000002 0.000468
0 0 0.958581 0.011331 0.006889 0.000012 0.023187
0 0 0.993887 0.001642 0.001720 0.000001 0.002749
0 0 0.993805 0.001426 0.002911 0.000005 0.001853
0 0 0.995755 0.000402 0.003759 0.000011 0.000073
0 0 0.984438 0.004436 0.005066 0.000011 0.006050
0 0 0.884290 0.065810 0.003686 0.000000 0.046214
0 0 0.980485 0.009877 0.008285 0.000007 0.001346
0 0 0.996048 0.001340 0.001355 0.000000 0.001257
0 0 0.988119 0.002505 0.001238 0.000001 0.008138
0 0 0.998404 0.000396 0.000592 0.000000 0.000608
0 0 0.970466 0.001924 0.002156 0.000004 0.025450
0 0 0.827585 0.009588 0.001786 0.000002 0.161039
4 0 0.237670 0.004891 0.001916 0.000083 0.755440
0 0 0.944726 0.003166 0.005523 0.000125 0.046459
4 0 0.454210 0.024628 0.006177 0.000084 0.514900
0 0 0.852089 0.022157 0.015156 0.000166 0.110431
4 1 0.349465 0.130243 0.013495 0.000060 0.506737
4 1 0.131572 0.132655 0.016539 0.000524 0.718710
0 1 0.931100 0.016679 0.047795 0.000859 0.003567
0 0 0.983211 0.004768 0.009617 0.000027 0.002377
0 0 0.986222 0.002606 0.008605 0.000079 0.002488
0 0 0.989905 0.001745 0.004169 0.000010 0.004171
0 0 0.921379 0.019189 0.013293 0.000080 0.046059
0 0 0.968715 0.007916 0.000370 0.000000 0.022998
0 0 0.988531 0.006896 0.002254 0.000000 0.002318
0 0 0.873379 0.027847 0.003899 0.000002 0.094872
0 0 0.985311 0.006418 0.005341 0.000004 0.002926
0 0 0.475832 0.076336 0.003262 0.000002 0.444568
0 0 0.893790 0.060857 0.031877 0.000124 0.013351
0 1 0.916419 0.032721 0.032303 0.000203 0.018354
0 0 0.899226 0.032781 0.061633 0.000762 0.005598
0 0 0.892737 0.057498 0.008947 0.000005 0.040814
0 0 0.932867 0.048733 0.001323 0.000000 0.017077
0 0 0.950576 0.034147 0.003146 0.000000 0.012130
0 0 0.903943 0.056535 0.007112 0.000002 0.032407
0 0 0.810794 0.108384 0.010671 0.000005 0.070146
0 0 0.882892 0.078405 0.009781 0.000004 0.028918
0 0 0.885865 0.066606 0.007910 0.000003 0.039616
0 0 0.926147 0.024074 0.011493 0.000039 0.038248
0 0 0.948873 0.013545 0.001527 0.000000 0.036054
0 0 0.838042 0.050768 0.005552 0.000002 0.105636
0 0 0.911754 0.013082 0.001906 0.000001 0.073258
4 0 0.176015 0.007004 0.002320 0.000122 0.814539
4 0 0.376167 0.014847 0.002691 0.000022 0.606273
4 0 0.405276 0.018584 0.004026 0.000037 0.572077
0 0 0.489474 0.047125 0.013772 0.000413 0.449215
0 0 0.621251 0.023123 0.005802 0.000033 0.349791
0 0 0.646742 0.043086 0.004198 0.000004 0.305971
4 0 0.280801 0.188629 0.020663 0.000124 0.509784
0 0 0.915565 0.047103 0.017342 0.000027 0.019964
0 0 0.966465 0.022602 0.009939 0.000004 0.000989
0 1 0.926734 0.048127 0.019488 0.000023 0.005629
0 1 0.959389 0.017634 0.020143 0.000053 0.002781
0 1 0.975752 0.009222 0.013907 0.000027 0.001092
0 1 0.935753 0.024300 0.032933 0.000201 0.006814
0 0 0.985453 0.009286 0.002007 0.000000 0.003254
0 0 0.987048 0.005148 0.003274 0.000002 0.004528
0 0 0.971740 0.012186 0.009614 0.000014 0.006446
0 0 0.990891 0.002520 0.005803 0.000011 0.000775
0 0 0.983184 0.005272 0.005017 0.000009 0.006518
0 0 0.995649 0.001832 0.002180 0.000001 0.000339
0 0 0.994324 0.003262 0.001566 0.000000 0.000848
0 0 0.994235 0.004331 0.001172 0.000000 0.000262
0 0 0.997461 0.000957 0.001085 0.000000 0.000496
0 0 0.985986 0.004419 0.008015 0.000015 0.001566
0 0 0.992683 0.001988 0.004922 0.000006 0.000401
0 0 0.990336 0.003903 0.005567 0.000003 0.000191
0 0 0.953741 0.012999 0.030169 0.000221 0.002870
0 0 0.994929 0.001849 0.002548 0.000001 0.000673
0 0 0.997810 0.000580 0.001527 0.000001 0.000082
0 0 0.994788 0.001173 0.003634 0.000005 0.000399
0 0 0.981714 0.005989 0.010493 0.000024 0.001780
0 0 0.966065 0.015669 0.016640 0.000029 0.001596
0 0 0.984497 0.006031 0.008794 0.000010 0.000668
0 0 0.946844 0.041433 0.004346 0.000001 0.007376
0 0 0.833547 0.125833 0.034356 0.000043 0.006220
0 0 0.923220 0.061906 0.011846 0.000004 0.003024
0 0 0.958475 0.020572 0.017391 0.000035 0.003528
0 0 0.775198 0.176085 0.019765 0.000013 0.028939
0 0 0.800205 0.176436 0.010986 0.000002 0.012371
0 0 0.462155 0.439421 0.029260 0.000032 0.069132
0 1 0.737085 0.222694 0.012077 0.000003 0.028141
0 1 0.804077 0.135845 0.022772 0.000026 0.037280
0 1 0.785186 0.124967 0.019400 0.000024 0.070423
0 1 0.693660 0.222720 0.044866 0.000111 0.038643
0 1 0.745786 0.209003 0.022553 0.000011 0.022646
0 0 0.972427 0.012042 0.013376 0.000024 0.002132
0 0 0.986671 0.006977 0.004615 0.000002 0.001735
0 0 0.965942 0.007428 0.021026 0.000306 0.005298
0 0 0.976470 0.004440 0.005633 0.000029 0.013427
0 0 0.994387 0.000984 0.003304 0.000006 0.001319
0 0 0.997426 0.000753 0.001595 0.000001 0.000225
0 0 0.964152 0.027522 0.001965 0.000000 0.006361
0 0 0.950724 0.025511 0.003494 0.000001 0.020269
0 0 0.975752 0.012028 0.007001 0.000006 0.005213
0 0 0.992663 0.002821 0.003437 0.000002 0.001077
0 0 0.992341 0.004391 0.002422 0.000000 0.000845
0 0 0.998162 0.000786 0.000842 0.000000 0.000210
0 0 0.977151 0.003900 0.009859 0.000096 0.008994
0 0 0.993437 0.002281 0.003003 0.000002 0.001278
0 0 0.997879 0.000594 0.001124 0.000000 0.000403
0 0 0.969597 0.004731 0.022663 0.000287 0.002722
0 0 0.977342 0.005445 0.016622 0.000060 0.000532
0 0 0.984881 0.005250 0.009028 0.000014 0.000827
0 0 0.967175 0.026887 0.004468 0.000000 0.001469
0 0 0.933081 0.048669 0.011279 0.000006 0.006966
0 0 0.975036 0.009862 0.013999 0.000026 0.001077
0 0 0.975659 0.009410 0.010683 0.000022 0.004227
0 0 0.981080 0.006891 0.011153 0.000020 0.000855
0 0 0.989104 0.002592 0.008263 0.000007 0.000034
0 0 0.993622 0.002982 0.003096 0.000001 0.000299
0 0 0.937402 0.031852 0.010549 0.000017 0.020180
0 0 0.982622 0.009189 0.002313 0.000000 0.005876
0 0 0.980612 0.013716 0.002825 0.000000 0.002846
0 0 0.989050 0.005244 0.002588 0.000001 0.003117
0 0 0.983290 0.007470 0.006068 0.000007 0.003165
0 0 0.994155 0.003329 0.001240 0.000000 0.001276
0 1 0.887807 0.081494 0.003443 0.000000 0.027255
0 1 0.970321 0.013564 0.013669 0.000025 0.002420
0 1 0.979596 0.011789 0.008157 0.000004 0.000455
0 1 0.959691 0.017381 0.017955 0.000049 0.004925
0 1 0.898671 0.064680 0.023986 0.000040 0.012622
0 1 0.875722 0.044328 0.037122 0.000302 0.042525
0 1 0.924080 0.045375 0.010753 0.000008 0.019784
0 1 0.939774 0.024055 0.007027 0.000005 0.029138
0 0 0.935697 0.027423 0.010530 0.000013 0.026337
0 0 0.962984 0.017727 0.006695 0.000005 0.012590
0 0 0.978888 0.007568 0.005386 0.000005 0.008152
0 0 0.936980 0.012220 0.048275 0.000717 0.001808
0 0 0.952018 0.007107 0.039246 0.000589 0.001041
0 0 0.976096 0.011229 0.009551 0.000012 0.003112
0 0 0.993714 0.004504 0.001445 0.000000 0.000337
0 0 0.984430 0.008670 0.005932 0.000003 0.000966
0 0 0.931956 0.031859 0.009810 0.000010 0.026366
0 0 0.930428 0.030790 0.003884 0.000001 0.034897
0 0 0.850941 0.068775 0.013215 0.000014 0.067053
0 0 0.957039 0.014953 0.009991 0.000019 0.017998
0 0 0.955014 0.016516 0.015104 0.000046 0.013320
0 0 0.886289 0.047608 0.018538 0.000077 0.047488
0 0 0.990611 0.002117 0.004424 0.000012 0.002835
0 0 0.989120 0.002826 0.007374 0.000014 0.000666
0 0 0.979281 0.011578 0.004878 0.000002 0.004261
0 0 0.931239 0.041954 0.005051 0.000001 0.021755
0 0 0.933975 0.031604 0.007869 0.000005 0.026547
0 0 0.823168 0.091128 0.073173 0.000589 0.011943
0 0 0.601993 0.180585 0.170900 0.005881 0.040641
0 0 0.859998 0.116810 0.012530 0.000004 0.010659
0 0 0.841823 0.084140 0.014481 0.000014 0.059541
0 0 0.741359 0.147517 0.079841 0.000695 0.030588
0 0 0.788959 0.151807 0.018654 0.000014 0.040566
0 0 0.820263 0.092795 0.004699 0.000001 0.082241
0 1 0.826646 0.147134 0.003926 0.000000 0.022294
0 1 0.641086 0.205591 0.004600 0.000000 0.148722
0 1 0.601908 0.172056 0.022480 0.000048 0.203509
0 1 0.568398 0.345596 0.012609 0.000004 0.073393
0 1 0.765827 0.191941 0.017674 0.000008 0.024550
0 1 0.942521 0.045265 0.009858 0.000003 0.002353
0 1 0.757576 0.199896 0.016739 0.000007 0.025783
0 1 0.758484 0.106058 0.067568 0.001335 0.066556
0 1 0.953826 0.032311 0.011377 0.000006 0.002480
0 1 0.725473 0.233859 0.012136 0.000003 0.028529
0 1 0.623349 0.282222 0.023642 0.000022 0.070766
0 1 0.577595 0.298055 0.051358 0.000117 0.072873
0 1 0.488712 0.267233 0.214951 0.001535 0.027570
0 1 0.608313 0.212903 0.160331 0.002921 0.015532
0 2 0.602469 0.130821 0.255352 0.005107 0.006252
2 2 0.311690 0.115098 0.536721 0.026745 0.009746
0 2 0.824155 0.066025 0.105204 0.000737 0.003879
0 2 0.834854 0.019241 0.137782 0.006999 0.001124
0 2 0.589637 0.084509 0.296333 0.022817 0.006702
2 2 0.151492 0.061155 0.766886 0.018251 0.002215
0 2 0.671319 0.033492 0.281481 0.012260 0.001449
0 2 0.692425 0.051584 0.249233 0.005760 0.000998
0 2 0.729309 0.176126 0.083190 0.000453 0.010922
0 2 0.734910 0.122782 0.138050 0.001550 0.002707
0 2 0.474247 0.081594 0.436447 0.006283 0.001429
0 2 0.658747 0.013899 0.290790 0.035852 0.000712
2 3 0.308301 0.014189 0.546717 0.129673 0.001120
2 3 0.445075 0.023592 0.477797 0.052842 0.000694
2 3 0.232935 0.008494 0.683710 0.074719 0.000142
2 3 0.052957 0.007674 0.917191 0.022102 0.000077
2 3 0.088054 0.022610 0.880294 0.008719 0.000323
0 3 0.525881 0.052977 0.403881 0.012812 0.004449
2 3 0.348856 0.020335 0.592363 0.038000 0.000446
2 3 0.107371 0.013616 0.839331 0.039435 0.000247
2 3 0.457973 0.009691 0.497693 0.034542 0.000101
2 3 0.443504 0.021766 0.467884 0.065532 0.001314
2 3 0.378807 0.008977 0.518263 0.093747 0.000205
2 3 0.062107 0.004732 0.777774 0.155244 0.000144
2 3 0.133011 0.002893 0.768294 0.095772 0.000030
2 3 0.074405 0.001944 0.806435 0.117194 0.000022
0 3 0.413104 0.001309 0.252423 0.333132 0.000031
2 3 0.191078 0.002879 0.539622 0.266349 0.000073
2 3 0.395031 0.001644 0.443757 0.159551 0.000016
2 3 0.172814 0.002524 0.608833 0.215783 0.000046
2 3 0.240499 0.000706 0.441707 0.317081 0.000008
3 3 0.124456 0.000959 0.390371 0.484186 0.000027
0 3 0.434119 0.003076 0.284836 0.277862 0.000107
3 3 0.034206 0.001766 0.297933 0.665949 0.000147
3 3 0.142108 0.001664 0.182805 0.673288 0.000136
2 3 0.030671 0.001858 0.730575 0.236840 0.000056
3 3 0.163378 0.001755 0.416675 0.418136 0.000055
2 3 0.062738 0.001736 0.540814 0.394646 0.000067
3 3 0.131043 0.001531 0.344103 0.523250 0.000073
3 3 0.249846 0.000723 0.201606 0.547802 0.000022
3 3 0.043636 0.000533 0.083065 0.872707 0.000059
3 3 0.146250 0.003352 0.329806 0.520353 0.000239
3 3 0.158118 0.002054 0.188529 0.651118 0.000182
3 3 0.200611 0.003289 0.382916 0.413016 0.000168
0 3 0.424390 0.003882 0.285393 0.286122 0.000213
3 3 0.183842 0.002784 0.222389 0.590744 0.000240
3 3 0.048713 0.000694 0.094016 0.856488 0.000089
3 3 0.118081 0.001667 0.158213 0.721912 0.000126
3 3 0.300550 0.002288 0.239619 0.457421 0.000121
3 3 0.255185 0.001329 0.218312 0.525125 0.000050
0 3 0.385267 0.006372 0.312719 0.295256 0.000386
3 3 0.021933 0.000290 0.204967 0.772795 0.000015
3 3 0.025973 0.000544 0.099165 0.874237 0.000082
3 3 0.007416 0.000042 0.021120 0.971417 0.000005
3 3 0.010641 0.000012 0.021267 0.968080 0.000001
3 3 0.032300 0.000205 0.091516 0.875965 0.000014
3 3 0.004104 0.000031 0.014391 0.981469 0.000005
3 3 0.019666 0.000269 0.053748 0.926274 0.000043
3 3 0.103740 0.000846 0.147741 0.747598 0.000075
3 3 0.041069 0.000549 0.083831 0.874476 0.000075
3 3 0.065935 0.000839 0.108785 0.824352 0.000089
3 3 0.116207 0.002228 0.176587 0.704712 0.000266
3 3 0.012547 0.000182 0.037136 0.950098 0.000036
3 3 0.010576 0.001129 0.042453 0.945347 0.000495
3 3 0.011226 0.000499 0.039464 0.948658 0.000153
3 3 0.032241 0.000971 0.077623 0.888982 0.000184
3 3 0.007891 0.000404 0.033591 0.957926 0.000188
3 3 0.013028 0.000190 0.037146 0.949603 0.000033
3 3 0.009106 0.000105 0.028877 0.961891 0.000021
3 3 0.050715 0.000365 0.121919 0.826975 0.000027
3 3 0.003388 0.000067 0.017305 0.979218 0.000022
3 3 0.017066 0.000159 0.045066 0.937681 0.000028
3 3 0.046161 0.000342 0.077305 0.876142 0.000050
3 3 0.246252 0.006639 0.262529 0.484085 0.000496
3 3 0.098882 0.002357 0.155367 0.743133 0.000261
3 3 0.068094 0.000883 0.133701 0.797240 0.000082
3 3 0.062839 0.003304 0.184430 0.748956 0.000471
3 3 0.015973 0.001997 0.058150 0.923032 0.000847
3 3 0.027571 0.000685 0.067866 0.903753 0.000125
3 3 0.054628 0.000847 0.098450 0.845984 0.000092
3 3 0.036363 0.001141 0.086100 0.876171 0.000225
3 3 0.201991 0.005590 0.244471 0.547429 0.000519
3 3 0.013225 0.000389 0.052825 0.933454 0.000107
3 3 0.031098 0.000913 0.069272 0.898593 0.000123
3 3 0.069374 0.000363 0.094621 0.835623 0.000019
3 3 0.032062 0.000824 0.076080 0.890886 0.000149
3 3 0.049816 0.000796 0.093099 0.856199 0.000091
3 3 0.022841 0.000630 0.059920 0.916487 0.000123
3 3 0.005443 0.000073 0.021156 0.973307 0.000020
3 3 0.002684 0.000225 0.016202 0.980737 0.000152
3 3 0.014851 0.001044 0.052798 0.930783 0.000524
3 3 0.003011 0.000039 0.012369 0.984573 0.000008
3 3 0.011599 0.000200 0.035184 0.952977 0.000040
3 3 0.009433 0.000626 0.035114 0.954631 0.000196
3 3 0.001359 0.000098 0.009553 0.988923 0.000068
3 3 0.000800 0.000020 0.005275 0.993898 0.000008
3 3 0.031505 0.000920 0.075839 0.891566 0.000171
3 3 0.033473 0.002508 0.089423 0.873931 0.000664
3 3 0.007277 0.000406 0.030327 0.961831 0.000160
3 3 0.007104 0.000165 0.026513 0.966171 0.000046
3 3 0.014694 0.002436 0.055786 0.925990 0.001094
3 3 0.014219 0.001123 0.051079 0.933150 0.000430
3 3 0.004828 0.000106 0.020350 0.974682 0.000034
3 3 0.001968 0.000028 0.009617 0.988380 0.000008
3 3 0.015290 0.000397 0.044256 0.939978 0.000080
3 3 0.000594 0.000028 0.004781 0.994580 0.000017
3 3 0.014785 0.000307 0.041679 0.943173 0.000056
3 3 0.028877 0.000349 0.061800 0.908932 0.000042
3 3 0.243345 0.017242 0.293374 0.444079 0.001960
3 3 0.011493 0.000745 0.042996 0.944484 0.000283
3 3 0.107493 0.007273 0.187308 0.696729 0.001198
3 3 0.116259 0.002650 0.175555 0.705233 0.000302
3 3 0.030563 0.000479 0.066910 0.901984 0.000064
3 3 0.004776 0.000326 0.023915 0.970805 0.000178
3 3 0.010758 0.000652 0.041401 0.946917 0.000272
3 3 0.004630 0.000430 0.020264 0.974194 0.000482
3 3 0.242282 0.007126 0.268953 0.480760 0.000879
3 3 0.330903 0.004558 0.293155 0.371097 0.000288
3 3 0.234059 0.005199 0.275397 0.484789 0.000555
2 3 0.200623 0.032450 0.713634 0.051479 0.001815
2 3 0.432464 0.020977 0.482048 0.063038 0.001474
2 3 0.100341 0.057194 0.815439 0.020305 0.006720
0 3 0.590713 0.021326 0.351147 0.035352 0.001462
0 3 0.645532 0.040303 0.303013 0.009445 0.001707
2 3 0.332389 0.013948 0.582090 0.071249 0.000324
0 3 0.750431 0.014951 0.208852 0.024032 0.001734
0 3 0.517680 0.045108 0.332359 0.088620 0.016233
2 3 0.071050 0.149942 0.759070 0.010881 0.009056
2 3 0.092162 0.348802 0.535555 0.000938 0.022543
0 3 0.449598 0.277795 0.259042 0.001695 0.011870
0 3 0.654189 0.167458 0.171671 0.001397 0.005286
2 3 0.367952 0.214452 0.395451 0.007521 0.014624
2 3 0.119278 0.154308 0.717912 0.003568 0.004934
2 2 0.206988 0.050437 0.690034 0.049969 0.002572
0 2 0.432916 0.191574 0.366615 0.003572 0.005323
2 2 0.156779 0.073000 0.746224 0.021164 0.002833
2 2 0.061629 0.011324 0.893480 0.033328 0.000238
2 2 0.039478 0.008095 0.869755 0.082409 0.000263
2 2 0.022518 0.006087 0.932226 0.039055 0.000115
2 2 0.281647 0.011345 0.681525 0.025383 0.000100
2 2 0.336511 0.023297 0.615231 0.024487 0.000474
2 2 0.427362 0.013817 0.553311 0.005421 0.000089
0 2 0.666552 0.031401 0.298964 0.002493 0.000591
0 2 0.722770 0.074840 0.184899 0.008822 0.008670
0 2 0.867704 0.038550 0.087203 0.001613 0.004930
0 2 0.825835 0.036577 0.130821 0.004203 0.002564
0 2 0.481224 0.060069 0.444473 0.011137 0.003097
0 2 0.613405 0.137399 0.241824 0.001068 0.006304
0 2 0.647024 0.049302 0.274025 0.027334 0.002315
2 2 0.180444 0.079454 0.720372 0.016314 0.003416
0 2 0.615255 0.232728 0.123508 0.000421 0.028088
0 2 0.601284 0.046860 0.322929 0.023788 0.005138
0 2 0.656054 0.227475 0.082600 0.000333 0.033539
0 2 0.759835 0.120860 0.107129 0.001273 0.010904
0 2 0.825878 0.128003 0.040766 0.000064 0.005290
0 2 0.439021 0.403749 0.090730 0.000443 0.066057
0 2 0.616153 0.210053 0.111507 0.001724 0.060564
0 2 0.340928 0.298559 0.250841 0.013278 0.096394
2 2 0.173875 0.202479 0.516019 0.036748 0.070879
2 2 0.147251 0.134711 0.667327 0.025295 0.025415
2 2 0.095845 0.096342 0.787874 0.012828 0.007111
2 2 0.295234 0.070265 0.610532 0.011267 0.012702
0 2 0.482479 0.101269 0.409585 0.004529 0.002139
0 2 0.468227 0.129577 0.313627 0.059000 0.029569
2 2 0.332567 0.069911 0.516395 0.056891 0.024236
2 2 0.168726 0.084200 0.725079 0.009287 0.012709
2 2 0.132585 0.131794 0.703863 0.006100 0.025657
0 2 0.427232 0.227676 0.287858 0.004068 0.053166
0 2 0.485004 0.085471 0.420885 0.005409 0.003231
2 2 0.392087 0.038979 0.550132 0.017134 0.001668
2 2 0.143793 0.074800 0.757055 0.020511 0.003842
2 2 0.346508 0.057650 0.577772 0.014420 0.003651
2 2 0.005195 0.004249 0.912413 0.077822 0.000321
0 2 0.746928 0.011825 0.210545 0.030212 0.000490
0 2 0.719111 0.045763 0.230086 0.004139 0.000901
2 2 0.095121 0.033735 0.856407 0.013860 0.000876
2 2 0.065861 0.006699 0.888268 0.038927 0.000245
2 2 0.338146 0.037405 0.598212 0.025332 0.000906
2 2 0.424638 0.026836 0.503653 0.044129 0.000744
0 2 0.946265 0.014098 0.038744 0.000236 0.000657
0 0 0.936578 0.034995 0.022379 0.000046 0.006002
0 2 0.927054 0.021876 0.044074 0.000487 0.006509
0 2 0.808328 0.124785 0.041401 0.000122 0.025364
1 2 0.329061 0.338332 0.128774 0.007311 0.196523
0 2 0.585405 0.203045 0.110794 0.001527 0.099229
0 2 0.671600 0.196209 0.086616 0.000414 0.045160
0 2 0.432160 0.262037 0.287711 0.002372 0.015720
0 2 0.564545 0.123250 0.265045 0.012606 0.034554
2 2 0.192643 0.158240 0.489967 0.042937 0.116214
0 2 0.372765 0.199782 0.325139 0.017492 0.084822
2 2 0.355973 0.080681 0.537191 0.014350 0.011804
2 2 0.180237 0.035077 0.759130 0.023593 0.001964
2 2 0.386655 0.056818 0.528286 0.016258 0.011983
0 2 0.574576 0.045959 0.339410 0.031018 0.009037
0 2 0.594983 0.028796 0.351670 0.022202 0.002349
0 2 0.559219 0.111005 0.299141 0.012552 0.018083
0 2 0.772374 0.135119 0.044989 0.000184 0.047334
0 2 0.906265 0.040144 0.045755 0.000306 0.007531
0 2 0.730831 0.141701 0.095577 0.001193 0.030698
0 2 0.662493 0.213361 0.099530 0.000868 0.023748
0 2 0.722759 0.177312 0.051049 0.000209 0.048671
0 2 0.848848 0.102774 0.040719 0.000089 0.007571
0 2 0.841950 0.127224 0.015814 0.000007 0.015004
0 2 0.816993 0.114980 0.053102 0.000195 0.014731
0 2 0.940914 0.024940 0.026842 0.000114 0.007190
0 0 0.956934 0.025852 0.007711 0.000004 0.009498
0 0 0.955165 0.027681 0.002825 0.000000 0.014328
0 0 0.960424 0.032820 0.004225 0.000000 0.002530
0 0 0.929835 0.040209 0.024861 0.000050 0.005045
0 0 0.878351 0.077039 0.040732 0.000091 0.003787
0 0 0.717384 0.228980 0.049184 0.000061 0.004391
0 0 0.784446 0.158934 0.028185 0.000036 0.028398
0 1 0.498204 0.138938 0.018594 0.000052 0.344211
0 1 0.723781 0.130603 0.009751 0.000005 0.135860
0 1 0.877483 0.086734 0.013362 0.000008 0.022414
0 1 0.677444 0.192179 0.032416 0.000078 0.097883
0 0 0.857192 0.057280 0.073848 0.000911 0.010769
0 0 0.902579 0.067487 0.020903 0.000023 0.009008
0 0 0.891903 0.092230 0.005754 0.000001 0.010112
0 0 0.936641 0.021270 0.009114 0.000014 0.032961
0 4 0.894960 0.019742 0.013297 0.000053 0.071948
0 4 0.890087 0.054450 0.030293 0.000115 0.025056
0 4 0.906590 0.052449 0.015087 0.000018 0.025855
0 4 0.804665 0.041661 0.019288 0.000274 0.134113
0 4 0.969013 0.014919 0.002669 0.000001 0.013398
0 4 0.935172 0.032185 0.006177 0.000003 0.026462
0 4 0.869358 0.060166 0.007206 0.000004 0.063266
0 4 0.791941 0.049275 0.010923 0.000018 0.147841
0 4 0.938939 0.035188 0.010540 0.000009 0.015324
1 4 0.388871 0.426587 0.072266 0.000286 0.111990
0 4 0.410146 0.342036 0.189600 0.001712 0.056506
1 4 0.327546 0.350885 0.203986 0.001723 0.115859
0 4 0.505223 0.252213 0.081171 0.000551 0.160842
0 4 0.527180 0.332419 0.016738 0.000010 0.123653
0 4 0.852485 0.126670 0.012335 0.000003 0.008507
0 4 0.812295 0.141516 0.022721 0.000021 0.023447
0 4 0.898262 0.064001 0.028058 0.000055 0.009623
0 4 0.626297 0.193971 0.009335 0.000004 0.170393
0 4 0.350806 0.276298 0.022604 0.000075 0.350217
0 4 0.494529 0.197569 0.039269 0.000235 0.268398
0 4 0.484735 0.285806 0.038599 0.000144 0.190716
0 4 0.463273 0.238692 0.035638 0.000165 0.262232
0 4 0.619444 0.159903 0.010872 0.000007 0.209774
0 4 0.976328 0.011226 0.001734 0.000000 0.010712
0 4 0.978942 0.013483 0.000893 0.000000 0.006682
0 4 0.625810 0.161800 0.003321 0.000000 0.209069
0 4 0.437563 0.177575 0.019015 0.000050 0.365796
0 4 0.632957 0.146458 0.023795 0.000062 0.196728
0 4 0.452661 0.393623 0.031089 0.000053 0.122575
0 4 0.630602 0.297805 0.017769 0.000008 0.053814
0 4 0.608617 0.285097 0.034497 0.000057 0.071732
0 4 0.724687 0.170294 0.020884 0.000024 0.084110
0 4 0.794009 0.049970 0.011476 0.000020 0.144525
0 1 0.973582 0.008679 0.010137 0.000025 0.007577
0 1 0.987213 0.002678 0.006479 0.000020 0.003610
0 4 0.948375 0.021820 0.016097 0.000056 0.013651
0 4 0.839999 0.117456 0.009886 0.000003 0.032656
0 4 0.913685 0.049584 0.033883 0.000076 0.002771
1 4 0.258979 0.562513 0.111588 0.000312 0.066607
0 4 0.716920 0.117615 0.141952 0.003658 0.019855
0 4 0.568864 0.348326 0.051047 0.000111 0.031651
0 4 0.787804 0.124822 0.076707 0.000473 0.010193
0 4 0.957814 0.017713 0.022561 0.000062 0.001850
0 4 0.968231 0.007716 0.017808 0.000193 0.006052
0 0 0.990195 0.003463 0.005013 0.000005 0.001323
0 0 0.944976 0.041519 0.009252 0.000003 0.004250
0 1 0.788986 0.172074 0.021582 0.000014 0.017344
0 1 0.423332 0.345896 0.032736 0.000088 0.197948
1 1 0.251780 0.376591 0.164673 0.000651 0.206304
0 1 0.801126 0.145593 0.020293 0.000017 0.032971
0 1 0.933044 0.051911 0.008339 0.000002 0.006703
0 1 0.907569 0.044458 0.046107 0.000164 0.001702
0 1 0.908612 0.043638 0.033616 0.000152 0.013981
4 1 0.128945 0.189375 0.030476 0.001231 0.649973
0 1 0.409620 0.180366 0.024089 0.000162 0.385763
0 1 0.414770 0.222821 0.012566 0.000015 0.349828
0 1 0.534344 0.194786 0.007223 0.000002 0.263644
0 1 0.842813 0.093240 0.008058 0.000003 0.055886
0 1 0.743267 0.190659 0.007755 0.000001 0.058318
0 1 0.968582 0.023107 0.006150 0.000002 0.002160
0 1 0.646623 0.167506 0.003186 0.000000 0.182684
0 1 0.577167 0.252166 0.008910 0.000003 0.161754
0 1 0.525902 0.283685 0.014015 0.000009 0.176390
0 1 0.497418 0.206723 0.190342 0.014577 0.090940
0 1 0.553637 0.311877 0.030238 0.000048 0.104200
0 1 0.495762 0.237667 0.017207 0.000022 0.249342
0 0 0.761745 0.144178 0.040467 0.000137 0.053473
0 0 0.978252 0.012980 0.007507 0.000004 0.001257
0 0 0.951827 0.022252 0.013008 0.000023 0.012890
0 0 0.879027 0.070320 0.019335 0.000029 0.031290
0 0 0.592631 0.141802 0.019217 0.000047 0.246303
4 0 0.224559 0.144966 0.010452 0.000042 0.619980
0 0 0.913690 0.048210 0.005340 0.000001 0.032759
0 0 0.385978 0.218532 0.059859 0.001053 0.334578
0 1 0.708361 0.165750 0.032094 0.000083 0.093711
0 1 0.741481 0.174282 0.032944 0.000065 0.051228
0 1 0.608651 0.179030 0.079691 0.001156 0.131472
0 1 0.491505 0.218489 0.042709 0.000272 0.247025
0 1 0.507900 0.131102 0.017954 0.000057 0.342987
4 1 0.293302 0.198689 0.018411 0.000057 0.489541
0 1 0.489693 0.353729 0.022510 0.000024 0.134046
0 1 0.664388 0.226300 0.075246 0.000435 0.033631
0 1 0.618449 0.134757 0.214140 0.002770 0.029884
0 0 0.935218 0.007981 0.053423 0.001860 0.001519
0 0 0.945009 0.029427 0.018987 0.000037 0.006541
0 0 0.975862 0.018089 0.003981 0.000001 0.002067
0 0 0.978570 0.014695 0.005795 0.000002 0.000939
0 0 0.939701 0.041556 0.014117 0.000010 0.004616
0 0 0.765841 0.173506 0.023911 0.000024 0.036719
0 1 0.596818 0.237471 0.035579 0.000152 0.129980
0 0 0.825185 0.098678 0.007649 0.000002 0.068486
0 0 0.864605 0.059136 0.015418 0.000024 0.060817
0 0 0.975748 0.015055 0.007335 0.000004 0.001859
0 0 0.981561 0.008490 0.008123 0.000008 0.001818
0 0 0.991852 0.002707 0.004943 0.000005 0.000493
0 0 0.959521 0.019331 0.007443 0.000006 0.013699
0 0 0.788059 0.161267 0.016776 0.000009 0.033889
0 0 0.828345 0.069425 0.011208 0.000011 0.091011
0 0 0.752189 0.116074 0.023078 0.000050 0.108608
0 0 0.489245 0.193555 0.011374 0.000010 0.305816
0 0 0.636315 0.179985 0.006871 0.000002 0.176827
0 0 0.963179 0.017379 0.007221 0.000006 0.012215
0 0 0.891072 0.059476 0.012504 0.000011 0.036937
0 1 0.470006 0.365916 0.074243 0.000880 0.088954
0 1 0.627389 0.185337 0.171625 0.001139 0.014510
0 1 0.891746 0.061335 0.037635 0.000126 0.009158
0 0 0.847443 0.112107 0.022434 0.000022 0.017995
0 0 0.972279 0.019831 0.006896 0.000002 0.000993
0 0 0.987213 0.005572 0.006316 0.000005 0.000893
0 1 0.974821 0.009592 0.013776 0.000031 0.001780
0 1 0.814554 0.146198 0.015106 0.000007 0.024135
1 1 0.469864 0.475131 0.026843 0.000017 0.028145
1 1 0.456049 0.481011 0.041431 0.000049 0.021460
0 1 0.732498 0.181079 0.054506 0.000219 0.031697
0 1 0.492990 0.465847 0.017947 0.000005 0.023211
0 1 0.541968 0.413870 0.013480 0.000003 0.030680
0 1 0.607784 0.351102 0.018908 0.000006 0.022200
0 1 0.756305 0.163404 0.076481 0.000252 0.003557
0 1 0.903275 0.069117 0.026761 0.000019 0.000828
0 1 0.896346 0.052719 0.047793 0.000186 0.002955
0 1 0.849380 0.046689 0.100778 0.000385 0.002767
0 1 0.842911 0.068271 0.038961 0.000240 0.049616
0 4 0.942327 0.039998 0.008786 0.000004 0.008885
0 4 0.828663 0.050399 0.045838 0.000641 0.074459
0 4 0.795328 0.102154 0.010618 0.000006 0.091893
0 4 0.656363 0.168365 0.004186 0.000000 0.171086
0 4 0.724876 0.101871 0.007209 0.000003 0.166041
0 4 0.619138 0.279180 0.007693 0.000001 0.093988
0 4 0.499688 0.170546 0.006028 0.000002 0.323736
0 4 0.538172 0.190087 0.006782 0.000002 0.264957
0 4 0.877495 0.058162 0.013817 0.000019 0.050508
0 4 0.703987 0.168330 0.006960 0.000001 0.120721
0 4 0.681881 0.158276 0.066845 0.000251 0.092746
0 4 0.728238 0.086628 0.008724 0.000011 0.176399
0 4 0.895495 0.074480 0.017224 0.000014 0.012787
0 1 0.910081 0.057766 0.010019 0.000005 0.022129
0 1 0.877823 0.042377 0.064391 0.000941 0.014468
0 1 0.913220 0.057382 0.017058 0.000018 0.012322
0 1 0.904313 0.066074 0.018019 0.000017 0.011577
1 1 0.268824 0.374908 0.044061 0.000082 0.312125
1 1 0.140361 0.398252 0.192554 0.002514 0.266318
2 1 0.194478 0.137516 0.535960 0.084902 0.047145
0 1 0.410229 0.111087 0.405394 0.020088 0.053202
2 1 0.027402 0.029934 0.863977 0.075901 0.002786
2 1 0.035337 0.013113 0.903382 0.047740 0.000427
2 1 0.190156 0.024963 0.772694 0.011936 0.000250
2 1 0.326718 0.027856 0.637209 0.008005 0.000212
0 1 0.672791 0.030594 0.281265 0.013545 0.001805
0 1 0.571256 0.046350 0.377687 0.004054 0.000653
0 2 0.539083 0.042002 0.413830 0.004302 0.000783
0 2 0.789067 0.018427 0.191383 0.001004 0.000119
2 2 0.173399 0.020759 0.798532 0.007182 0.000128
0 2 0.581442 0.023501 0.392740 0.001848 0.000469
0 2 0.570263 0.025743 0.386069 0.017227 0.000698
2 2 0.403753 0.005017 0.512309 0.078859 0.000063
0 2 0.567712 0.014056 0.388721 0.029138 0.000373
0 2 0.886376 0.004579 0.104110 0.004877 0.000058
2 2 0.368343 0.025401 0.595389 0.010558 0.000310
2 2 0.160526 0.013404 0.763245 0.062525 0.000301
2 2 0.091359 0.006341 0.859324 0.042904 0.000072
2 2 0.096022 0.003509 0.688894 0.211478 0.000098
2 2 0.041486 0.003341 0.862653 0.092460 0.000059
2 2 0.306932 0.009588 0.565912 0.116721 0.000847
0 2 0.491012 0.026194 0.397492 0.082430 0.002873
2 2 0.239895 0.034580 0.717997 0.007230 0.000298
2 2 0.281735 0.028646 0.685103 0.004371 0.000145
2 2 0.228031 0.010692 0.742923 0.018282 0.000073
2 3 0.210604 0.015158 0.754787 0.019308 0.000143
2 3 0.234338 0.060291 0.691928 0.012205 0.001237
2 3 0.345458 0.024120 0.619095 0.011119 0.000208
2 3 0.412527 0.011566 0.534701 0.041053 0.000154
2 3 0.431742 0.013103 0.476784 0.078039 0.000331
2 3 0.211223 0.007857 0.665439 0.115299 0.000182
2 3 0.134662 0.004599 0.461668 0.398765 0.000307
3 3 0.039459 0.000242 0.094139 0.866134 0.000026
2 3 0.042296 0.001671 0.504864 0.451079 0.000091
2 3 0.024343 0.000468 0.733528 0.241655 0.000006
2 3 0.035006 0.000867 0.856467 0.107654 0.000007
2 3 0.012187 0.001540 0.953466 0.032794 0.000012
2 3 0.173618 0.004153 0.600136 0.221978 0.000115
2 3 0.072941 0.004838 0.855977 0.066175 0.000068
2 3 0.104475 0.003420 0.448036 0.443859 0.000210
3 3 0.129685 0.001060 0.255904 0.613294 0.000057
0 3 0.385770 0.008370 0.385365 0.220084 0.000411
2 3 0.121588 0.005815 0.473880 0.398270 0.000448
2 3 0.159184 0.005160 0.740890 0.094688 0.000078
2 3 0.062632 0.001037 0.786970 0.149351 0.000010
2 3 0.175217 0.003238 0.579335 0.242129 0.000081
2 3 0.173153 0.005928 0.658613 0.162148 0.000157
2 3 0.282222 0.005589 0.558655 0.153408 0.000126
2 3 0.038017 0.001960 0.783888 0.176093 0.000042
2 3 0.140387 0.002298 0.475906 0.381325 0.000083
0 3 0.510458 0.006876 0.308222 0.174176 0.000267
2 3 0.055283 0.005659 0.623845 0.314880 0.000332
2 3 0.050486 0.007423 0.828700 0.113127 0.000263
2 3 0.017373 0.006513 0.848117 0.127621 0.000376
2 3 0.051686 0.007767 0.832645 0.107631 0.000271
3 3 0.111147 0.001689 0.386548 0.500536 0.000081
3 3 0.189798 0.001288 0.321827 0.487042 0.000045
2 3 0.284301 0.005613 0.537923 0.172020 0.000143
0 3 0.558845 0.003910 0.320854 0.116323 0.000068
0 3 0.535141 0.003434 0.305692 0.155661 0.000072
3 3 0.093830 0.001075 0.138315 0.766686 0.000095
3 3 0.057137 0.001869 0.462434 0.478488 0.000072
3 3 0.102920 0.004290 0.263552 0.628751 0.000487
3 3 0.045593 0.001726 0.176515 0.775900 0.000265
3 3 0.023638 0.000343 0.078040 0.897937 0.000042
3 3 0.052300 0.002195 0.199875 0.745331 0.000298
3 3 0.127538 0.001372 0.168668 0.702310 0.000111
3 3 0.129210 0.001468 0.154859 0.714315 0.000147
3 3 0.018261 0.000246 0.047460 0.933992 0.000041
3 3 0.063433 0.000411 0.098414 0.837711 0.000032
3 3 0.129892 0.001245 0.155525 0.713267 0.000070
3 3 0.095270 0.006416 0.182029 0.714951 0.001334
3 3 0.031251 0.002463 0.088693 0.876822 0.000771
3 3 0.193787 0.005400 0.367748 0.432664 0.000401
3 3 0.107375 0.000747 0.147366 0.744452 0.000061
3 3 0.026836 0.002325 0.241631 0.728876 0.000332
3 3 0.014946 0.000840 0.050868 0.933062 0.000284
3 3 0.233692 0.001139 0.209993 0.555130 0.000046
3 3 0.011963 0.000114 0.034500 0.953403 0.000020
3 3 0.059546 0.000959 0.252683 0.686760 0.000052
2 3 0.153813 0.004633 0.532902 0.308442 0.000211
3 3 0.019812 0.000387 0.051362 0.928372 0.000066
3 3 0.233254 0.002726 0.247881 0.515938 0.000201
3 3 0.026494 0.000365 0.060610 0.912479 0.000052
3 3 0.001725 0.000052 0.009126 0.989080 0.000016
3 3 0.003899 0.000047 0.015527 0.980516 0.000011
3 3 0.003599 0.000061 0.015198 0.981126 0.000016
3 3 0.016413 0.000386 0.046319 0.936806 0.000076
3 3 0.052247 0.000319 0.085811 0.861597 0.000026
3 3 0.068574 0.000846 0.113252 0.817245 0.000084
3 3 0.106760 0.002118 0.171298 0.719540 0.000284
3 3 0.005243 0.000120 0.019902 0.974707 0.000028
3 3 0.006784 0.000071 0.021272 0.971863 0.000011
3 3 0.221943 0.003130 0.246287 0.528390 0.000251
3 3 0.235908 0.004948 0.356098 0.402701 0.000345
3 3 0.011285 0.000674 0.151387 0.836554 0.000100
3 3 0.028115 0.000854 0.145826 0.825121 0.000085
3 3 0.208945 0.001112 0.191578 0.598324 0.000041
3 3 0.259889 0.002548 0.267734 0.469702 0.000127
3 3 0.189111 0.003594 0.227314 0.579674 0.000307
3 3 0.056352 0.000700 0.102683 0.840181 0.000084
3 3 0.195112 0.007184 0.247566 0.549388 0.000749
3 3 0.248265 0.005853 0.260254 0.485211 0.000418
3 3 0.080630 0.002022 0.144264 0.772866 0.000218
3 3 0.078088 0.000992 0.159491 0.761364 0.000065
3 3 0.068205 0.000898 0.165515 0.765310 0.000072
3 3 0.222767 0.003608 0.235796 0.537594 0.000235
3 3 0.021159 0.000224 0.050885 0.927700 0.000032
3 3 0.025207 0.000507 0.229649 0.744613 0.000025
3 3 0.049050 0.001983 0.369390 0.579420 0.000158
3 3 0.174973 0.003494 0.231372 0.589735 0.000426
2 3 0.131395 0.012178 0.697197 0.158584 0.000646
2 3 0.096251 0.004688 0.786093 0.112878 0.000090
2 3 0.105939 0.036810 0.833654 0.022630 0.000967
2 3 0.183582 0.014001 0.715195 0.086812 0.000409
2 3 0.175946 0.003492 0.502674 0.317759 0.000130
2 3 0.399120 0.018844 0.500578 0.080820 0.000638
2 3 0.226971 0.013859 0.647304 0.111388 0.000478
2 3 0.271298 0.027698 0.631194 0.068734 0.001076
0 3 0.628464 0.010182 0.274343 0.086501 0.000510
0 3 0.606084 0.013045 0.318109 0.062395 0.000366
0 3 0.531042 0.142349 0.284218 0.026817 0.015574
0 3 0.492666 0.079502 0.358876 0.060754 0.008203
2 3 0.377175 0.069218 0.486320 0.060579 0.006708
2 3 0.103626 0.061058 0.702220 0.123216 0.009880
2 3 0.016798 0.007859 0.829287 0.145459 0.000596
2 3 0.216690 0.036460 0.556585 0.185937 0.004327
2 3 0.085104 0.038645 0.756950 0.114944 0.004356
2 3 0.120426 0.073983 0.754463 0.035325 0.015803
2 3 0.125622 0.083881 0.749710 0.027211 0.013576
2 3 0.120289 0.045547 0.735501 0.088659 0.010003
2 3 0.351270 0.145220 0.485400 0.011702 0.006407
0 3 0.809179 0.087238 0.095096 0.001067 0.007419
0 3 0.902076 0.034083 0.058064 0.000604 0.005173
0 3 0.849188 0.092822 0.044989 0.000156 0.012845
0 3 0.498457 0.251980 0.159850 0.005414 0.084299
4 3 0.077968 0.135943 0.043575 0.007149 0.735365
4 3 0.120650 0.289528 0.117186 0.005453 0.467183
0 3 0.752847 0.136463 0.088650 0.000863 0.021177
0 3 0.423300 0.359292 0.164673 0.003897 0.048837
2 3 0.359411 0.242020 0.386455 0.003137 0.008977
2 3 0.159902 0.382866 0.412385 0.006193 0.038654
0 3 0.512648 0.216804 0.238933 0.010954 0.020661
1 3 0.136077 0.540371 0.220291 0.003412 0.099849
2 3 0.363936 0.221814 0.385123 0.012079 0.017047
2 3 0.286405 0.148368 0.543313 0.014315 0.007598
1 3 0.199124 0.407428 0.364216 0.003019 0.026213
2 3 0.326829 0.254494 0.406173 0.003512 0.008993
2 3 0.092939 0.247405 0.648056 0.002895 0.008706
2 3 0.307918 0.167637 0.510499 0.007723 0.006223
2 3 0.196655 0.266220 0.520546 0.004644 0.011934
1 3 0.208836 0.391568 0.336309 0.008629 0.054658
1 3 0.131922 0.372835 0.201524 0.004363 0.289356
0 3 0.460858 0.178128 0.212762 0.022802 0.125451
1 3 0.265962 0.314099 0.305762 0.028756 0.085422
2 3 0.244398 0.342295 0.363126 0.009755 0.040426
1 3 0.217437 0.481463 0.191873 0.003784 0.105443
2 3 0.172477 0.328237 0.409773 0.007975 0.081537
2 2 0.343921 0.261856 0.355412 0.006701 0.032110
2 2 0.088281 0.320212 0.536450 0.010525 0.044533
2 2 0.038263 0.279329 0.597460 0.004401 0.080548
0 2 0.547067 0.157916 0.268632 0.010827 0.015559
2 2 0.373584 0.122302 0.470986 0.024846 0.008283
0 2 0.592847 0.205412 0.150196 0.004532 0.047014
4 2 0.191649 0.209677 0.084141 0.009565 0.504968
4 2 0.193844 0.121149 0.030345 0.001313 0.653349
0 2 0.726299 0.084439 0.132554 0.001525 0.055183
0 2 0.547207 0.075652 0.219160 0.027324 0.130657
0 2 0.446312 0.166468 0.036843 0.000503 0.349875
4 1 0.050995 0.065743 0.010754 0.000768 0.871740
4 1 0.083516 0.057289 0.005456 0.000060 0.853679
4 1 0.124854 0.048709 0.016557 0.002022 0.807858
4 1 0.017216 0.021203 0.003041 0.000607 0.957934
4 1 0.036787 0.033440 0.003275 0.000104 0.926394
4 4 0.051660 0.055677 0.007991 0.000394 0.884278
4 4 0.014690 0.015963 0.001088 0.000048 0.968211
4 4 0.010863 0.014822 0.001063 0.000077 0.973174
4 4 0.042216 0.043995 0.005378 0.000239 0.908171
4 4 0.032088 0.023501 0.004611 0.000822 0.938978
4 4 0.152616 0.085887 0.009197 0.000092 0.752208
4 4 0.115107 0.043920 0.007927 0.000210 0.832836
4 4 0.224642 0.078209 0.024281 0.001893 0.670975
4 4 0.269285 0.036734 0.011844 0.000476 0.681661
4 4 0.053932 0.042543 0.012858 0.003160 0.887507
4 4 0.031739 0.063944 0.012496 0.002498 0.889323
4 4 0.073750 0.079506 0.014412 0.000742 0.831591
4 4 0.031307 0.040996 0.006646 0.000900 0.920150
4 4 0.026881 0.021161 0.001657 0.000046 0.950254
4 4 0.031869 0.040179 0.003094 0.000117 0.924742
4 4 0.196097 0.072109 0.013266 0.000338 0.718190
4 4 0.039180 0.028215 0.001945 0.000031 0.930628
4 4 0.205129 0.041134 0.013112 0.000671 0.739953
4 4 0.149103 0.024965 0.004124 0.000059 0.821749
0 4 0.503836 0.048156 0.010535 0.000043 0.437429
1 4 0.135787 0.334409 0.236091 0.005186 0.288527
4 4 0.036162 0.043332 0.005592 0.000192 0.914721
4 4 0.041290 0.041335 0.006158 0.000440 0.910777
4 4 0.398438 0.072795 0.048013 0.002908 0.477846
4 4 0.042854 0.032083 0.002762 0.000054 0.922247
4 4 0.084562 0.044262 0.003297 0.000023 0.867856
4 4 0.252086 0.106147 0.009984 0.000032 0.631750
4 4 0.016769 0.031871 0.004004 0.000654 0.946701
4 4 0.024684 0.014289 0.001614 0.000110 0.959304
4 4 0.036019 0.016503 0.002818 0.000301 0.944358
4 4 0.108396 0.044796 0.001007 0.000001 0.845800
4 4 0.114031 0.082846 0.010846 0.000178 0.792099
4 4 0.032132 0.025732 0.002048 0.000047 0.940041
0 4 0.697130 0.056889 0.026083 0.000517 0.219381
0 4 0.625397 0.053796 0.018033 0.000141 0.302633
0 4 0.780388 0.085290 0.030538 0.000139 0.103646
0 4 0.910873 0.061994 0.006604 0.000002 0.020527
4 4 0.129353 0.133143 0.027161 0.001008 0.709334
4 4 0.134424 0.272129 0.091057 0.001301 0.501090
4 4 0.140611 0.166103 0.066525 0.001251 0.625511
4 4 0.050611 0.120189 0.051217 0.004264 0.773720
4 4 0.093549 0.103117 0.022619 0.001266 0.779449
4 4 0.062610 0.068662 0.017159 0.002332 0.849236
4 4 0.137905 0.079847 0.015638 0.000384 0.766226
4 4 0.211247 0.131733 0.026219 0.000467 0.630335
0 4 0.592400 0.200557 0.038713 0.000166 0.168165
4 4 0.312309 0.173418 0.018330 0.000072 0.495870
4 4 0.185192 0.151174 0.147164 0.022332 0.494138
4 2 0.085257 0.133660 0.151278 0.013468 0.616337
4 2 0.085422 0.192012 0.093175 0.005410 0.623982
4 2 0.121483 0.129085 0.037775 0.003508 0.708149
4 2 0.173800 0.213854 0.061654 0.003917 0.546775
4 2 0.070622 0.122040 0.036590 0.003385 0.767363
4 2 0.052699 0.083037 0.017934 0.002192 0.844138
4 2 0.080343 0.108238 0.026649 0.001438 0.783331
4 2 0.128235 0.182971 0.034765 0.000461 0.653569
0 2 0.474148 0.297020 0.107804 0.000409 0.120618
0 2 0.518899 0.381807 0.058069 0.000172 0.041053
1 2 0.301608 0.541873 0.074297 0.000200 0.082023
0 2 0.534064 0.328881 0.125710 0.000397 0.010947
0 2 0.681616 0.228068 0.061998 0.000235 0.028083
0 2 0.504682 0.279131 0.084427 0.001014 0.130747
0 2 0.334039 0.189688 0.182679 0.022223 0.271370
0 2 0.515472 0.131404 0.193394 0.007838 0.151892
4 2 0.258053 0.280281 0.162276 0.004248 0.295142
4 2 0.204439 0.229696 0.149361 0.019955 0.396549
4 2 0.197447 0.128589 0.094383 0.002791 0.576790
4 2 0.236513 0.308940 0.056147 0.001214 0.397185
0 2 0.636952 0.196125 0.140228 0.002491 0.024204
0 2 0.614330 0.104623 0.261447 0.013403 0.006195
0 2 0.560222 0.275550 0.148640 0.001884 0.013705
0 2 0.606924 0.101909 0.266474 0.018192 0.006500
2 2 0.245813 0.272674 0.457481 0.005625 0.018406
0 2 0.429891 0.174245 0.353622 0.024607 0.017636
0 2 0.566153 0.209392 0.204699 0.005898 0.013858
0 2 0.445232 0.216289 0.284126 0.017303 0.037050
0 2 0.374446 0.300421 0.219492 0.002562 0.103079
4 2 0.134184 0.220676 0.197849 0.035935 0.411356
0 2 0.503749 0.110257 0.358423 0.011483 0.016088
2 2 0.282495 0.102475 0.510920 0.088556 0.015555
2 2 0.342038 0.255787 0.387876 0.004039 0.010260
2 2 0.160396 0.381164 0.425615 0.004285 0.028540
2 2 0.282467 0.184043 0.484390 0.026184 0.022916
0 2 0.839177 0.027604 0.129178 0.003355 0.000687
0 2 0.836987 0.100426 0.057703 0.000198 0.004687
0 2 0.788233 0.123849 0.072000 0.000388 0.015531
0 2 0.759862 0.141110 0.078166 0.000580 0.020282
2 2 0.302509 0.163975 0.467090 0.018385 0.048041
2 2 0.014289 0.080207 0.870551 0.020458 0.014494
2 2 0.051750 0.221739 0.697762 0.003366 0.025383
2 2 0.052666 0.161452 0.738816 0.021322 0.025744
2 2 0.222782 0.079400 0.665365 0.025061 0.007393
2 2 0.252352 0.090819 0.609110 0.024703 0.023016
2 2 0.352280 0.088704 0.505631 0.022828 0.030558
2 2 0.140892 0.077092 0.735899 0.027972 0.018144
2 2 0.196588 0.120693 0.544911 0.035876 0.101932
2 2 0.076217 0.114704 0.717966 0.010625 0.080487
2 2 0.041275 0.053477 0.861709 0.039292 0.004247
2 2 0.026113 0.079931 0.876565 0.012667 0.004724
2 2 0.021940 0.052884 0.855059 0.062184 0.007932
2 2 0.011749 0.018030 0.882875 0.085378 0.001969
2 2 0.320328 0.110534 0.499045 0.020877 0.049216
2 2 0.164140 0.053146 0.719159 0.057861 0.005694
2 2 0.263022 0.117659 0.572644 0.036853 0.009821
0 2 0.454504 0.219671 0.297723 0.005318 0.022784
0 2 0.937912 0.032092 0.018334 0.000038 0.011625
0 2 0.987655 0.004551 0.007248 0.000008 0.000538
0 2 0.738686 0.154893 0.077258 0.000756 0.028407
0 2 0.724609 0.094818 0.163779 0.005454 0.011341
0 2 0.857063 0.051055 0.079906 0.001269 0.010708
0 2 0.761102 0.066458 0.150284 0.006704 0.015453
4 2 0.317103 0.284903 0.045234 0.000420 0.352340
1 2 0.246214 0.537700 0.094284 0.000247 0.121554
0 2 0.922048 0.054774 0.016242 0.000013 0.006923
0 2 0.889952 0.067319 0.037246 0.000092 0.005391
0 2 0.865298 0.017846 0.108826 0.005323 0.002708
0 2 0.680226 0.102726 0.185841 0.009074 0.022132
0 2 0.437035 0.280177 0.051019 0.000417 0.231351
0 2 0.441229 0.287992 0.046801 0.000279 0.223699
0 2 0.653487 0.099800 0.157882 0.011005 0.077825
0 2 0.400787 0.265039 0.205899 0.013996 0.114279
2 2 0.181703 0.153305 0.589893 0.011371 0.063728
0 2 0.515006 0.117566 0.138822 0.004279 0.224327
0 2 0.943164 0.022574 0.024765 0.000112 0.009384
0 2 0.906501 0.018590 0.069129 0.001674 0.004105
0 2 0.952724 0.018011 0.019130 0.000072 0.010063
0 2 0.833443 0.096054 0.019149 0.000025 0.051329
0 2 0.888108 0.072161 0.029478 0.000058 0.010195
0 2 0.939228 0.030695 0.027243 0.000068 0.002765
0 2 0.816366 0.108526 0.050744 0.000238 0.024126
0 2 0.386147 0.323586 0.028699 0.000091 0.261477
0 2 0.384456 0.363667 0.140201 0.003653 0.108024
2 2 0.381159 0.118755 0.426736 0.023783 0.049567
0 2 0.496450 0.076363 0.282754 0.076495 0.067938
2 2 0.333505 0.119465 0.345576 0.149671 0.051783
0 2 0.410130 0.310771 0.200571 0.004432 0.074095
1 2 0.106307 0.422405 0.391334 0.000942 0.079013
0 2 0.803990 0.039678 0.145742 0.005707 0.004884
0 2 0.661012 0.109622 0.222166 0.004215 0.002986
0 2 0.572068 0.220751 0.189468 0.004421 0.013292
2 2 0.444678 0.081919 0.464022 0.007756 0.001625
2 2 0.164024 0.123025 0.684405 0.021023 0.007523
2 2 0.180975 0.076396 0.735754 0.005732 0.001142
2 2 0.121572 0.038501 0.826602 0.012673 0.000653
2 2 0.130386 0.053497 0.798580 0.016154 0.001384
0 2 0.661561 0.053075 0.273195 0.010836 0.001333
2 2 0.199895 0.086031 0.706071 0.006480 0.001524
2 2 0.102369 0.017173 0.786653 0.093142 0.000663
2 2 0.095366 0.026953 0.860399 0.016821 0.000462
2 2 0.020607 0.004431 0.955839 0.019083 0.000040
2 2 0.021256 0.015885 0.916445 0.045687 0.000727
2 2 0.024346 0.014414 0.888370 0.072052 0.000819
2 2 0.012372 0.003337 0.940998 0.043236 0.000057
2 2 0.075446 0.007549 0.821406 0.095400 0.000199
2 2 0.057726 0.007327 0.828105 0.106610 0.000231
2 2 0.439463 0.025527 0.497703 0.036712 0.000594
2 2 0.041869 0.009877 0.923557 0.024553 0.000144
