2 0 0.233415 0.155417 0.298169 0.165416 0.147584
0 0 0.545465 0.164335 0.172601 0.032019 0.085580
0 0 0.742431 0.116770 0.115787 0.009769 0.015243
0 0 0.693426 0.145178 0.134411 0.009697 0.017288
0 0 0.654184 0.158950 0.155107 0.012150 0.019609
0 0 0.438502 0.208876 0.301019 0.024069 0.027534
0 0 0.448177 0.211303 0.289482 0.021906 0.029131
0 0 0.515168 0.181394 0.237558 0.033223 0.032656
0 0 0.437391 0.215707 0.290700 0.025257 0.030945
0 0 0.491122 0.179641 0.265675 0.034011 0.029551
0 0 0.428011 0.206390 0.307643 0.031350 0.026606
0 0 0.450491 0.206242 0.277661 0.030753 0.034853
0 0 0.436794 0.214125 0.291193 0.028401 0.029487
0 0 0.395727 0.201777 0.332879 0.042954 0.026663
0 0 0.517265 0.162772 0.247695 0.037799 0.034469
2 0 0.246918 0.219291 0.374178 0.030257 0.129356
4 0 0.086177 0.146254 0.161320 0.008790 0.597459
4 0 0.068732 0.137779 0.212352 0.015734 0.565403
4 0 0.130158 0.165899 0.137693 0.007964 0.558286
4 0 0.056029 0.127166 0.201632 0.012016 0.603157
4 0 0.007623 0.052801 0.408797 0.072493 0.458285
4 0 0.009183 0.057788 0.402491 0.067701 0.462838
4 0 0.009928 0.060003 0.399723 0.065762 0.464584
4 0 0.010383 0.060872 0.401963 0.069991 0.456791
4 0 0.007887 0.054260 0.401888 0.063666 0.472299
4 0 0.023671 0.090010 0.198492 0.007344 0.680483
4 0 0.026071 0.093675 0.198827 0.007721 0.673708
4 0 0.021139 0.076427 0.100877 0.001713 0.799844
4 0 0.024202 0.090928 0.200429 0.007610 0.676831
4 0 0.025221 0.088651 0.142323 0.003300 0.740504
4 0 0.029078 0.099019 0.224688 0.011247 0.635969
4 0 0.037647 0.108862 0.201807 0.009644 0.642040
4 0 0.048122 0.113885 0.135189 0.004257 0.698547
4 0 0.078904 0.142741 0.242108 0.030599 0.505648
4 0 0.049086 0.122445 0.279149 0.028110 0.521210
4 0 0.130790 0.166568 0.269076 0.062074 0.371492
4 1 0.269702 0.197860 0.178375 0.025944 0.328119
4 1 0.109701 0.156882 0.270278 0.059243 0.403896
4 2 0.145593 0.174018 0.230168 0.041489 0.408733
4 2 0.118710 0.162129 0.268878 0.057166 0.393117
4 2 0.134318 0.169139 0.154325 0.011280 0.530938
4 2 0.052186 0.125244 0.279277 0.029295 0.513997
4 2 0.102129 0.155227 0.171906 0.012206 0.558532
4 2 0.079257 0.143132 0.176599 0.010517 0.590494
4 2 0.066561 0.136618 0.226754 0.018519 0.551547
4 2 0.049256 0.112561 0.112662 0.002610 0.722912
4 2 0.047671 0.111727 0.144128 0.006493 0.689980
4 2 0.037122 0.107897 0.194901 0.008739 0.651341
4 2 0.047776 0.113282 0.127681 0.003465 0.707796
4 2 0.038303 0.108926 0.189075 0.008209 0.655488
4 2 0.043699 0.113353 0.168289 0.006531 0.668127
4 2 0.073212 0.130938 0.112566 0.003392 0.679892
4 2 0.045310 0.116282 0.186535 0.008669 0.643204
4 2 0.034405 0.103702 0.178881 0.006741 0.676270
4 2 0.040113 0.108432 0.154898 0.005076 0.691480
4 2 0.097572 0.148625 0.127855 0.005164 0.620784
4 2 0.038273 0.109522 0.200616 0.009578 0.642011
4 2 0.033047 0.099850 0.150364 0.004283 0.712456
4 2 0.056539 0.120395 0.122617 0.003440 0.697009
4 2 0.024641 0.089149 0.159093 0.004285 0.722832
4 2 0.073445 0.141433 0.221225 0.018459 0.545438
4 1 0.140027 0.169385 0.134079 0.007912 0.548597
4 2 0.088745 0.150922 0.212191 0.018797 0.529345
4 2 0.101506 0.158140 0.232286 0.027297 0.480771
4 2 0.087830 0.150303 0.209742 0.018048 0.534077
4 2 0.013964 0.069228 0.397844 0.072402 0.446563
4 2 0.019801 0.082806 0.339626 0.042641 0.515127
4 2 0.016966 0.074916 0.396636 0.077542 0.433941
4 2 0.029720 0.097177 0.363764 0.060596 0.448744
4 2 0.012967 0.066646 0.401740 0.076356 0.442291
2 2 0.008867 0.052207 0.426461 0.137875 0.374590
2 2 0.009764 0.053721 0.425320 0.150689 0.360506
2 2 0.009305 0.052044 0.426214 0.159646 0.352791
2 2 0.008801 0.051131 0.427243 0.153161 0.359665
2 3 0.010414 0.056206 0.423382 0.136384 0.373614
4 3 0.013628 0.068743 0.396501 0.069588 0.451539
4 3 0.014336 0.070313 0.395362 0.069443 0.450547
4 3 0.028774 0.097668 0.265409 0.021734 0.586415
4 3 0.027461 0.094994 0.251819 0.019698 0.606028
4 3 0.013605 0.068974 0.394400 0.066549 0.456472
2 3 0.007879 0.047196 0.428059 0.180105 0.336760
2 3 0.009326 0.049328 0.421489 0.208408 0.311448
2 3 0.007783 0.046171 0.426677 0.194782 0.324586
2 3 0.008318 0.047626 0.425657 0.193845 0.324553
2 3 0.006573 0.042666 0.429105 0.197125 0.324531
4 3 0.072671 0.140678 0.214302 0.016755 0.555594
4 3 0.076471 0.142445 0.194963 0.013370 0.572750
4 3 0.134866 0.169742 0.208009 0.027305 0.460079
4 3 0.120219 0.160521 0.130250 0.006492 0.582517
4 3 0.058646 0.128842 0.191512 0.010765 0.610234
4 3 0.011184 0.064837 0.381614 0.048711 0.493655
4 3 0.009157 0.059195 0.386145 0.049715 0.495788
4 3 0.008952 0.058814 0.383591 0.047240 0.501403
4 3 0.010145 0.062294 0.366308 0.042423 0.518830
4 3 0.007613 0.053575 0.400458 0.061272 0.477081
4 3 0.010103 0.060829 0.396050 0.061526 0.471492
4 3 0.009400 0.058772 0.398498 0.062998 0.470332
4 3 0.008843 0.056968 0.401660 0.065729 0.466800
4 3 0.006762 0.050512 0.405370 0.065119 0.472237
4 3 0.007947 0.053312 0.412307 0.079484 0.446950
4 3 0.008383 0.055532 0.403353 0.066822 0.465911
4 3 0.013454 0.070736 0.336122 0.034817 0.544871
4 3 0.008201 0.055304 0.400424 0.062621 0.473449
4 3 0.008575 0.056617 0.397618 0.060148 0.477042
4 3 0.008197 0.054687 0.406463 0.070706 0.459947
4 3 0.007514 0.053967 0.391772 0.052018 0.494729
4 3 0.006888 0.051500 0.398270 0.057172 0.486170
4 3 0.008341 0.055853 0.398773 0.060972 0.476061
4 3 0.045459 0.118004 0.248899 0.020514 0.567123
4 3 0.013758 0.069478 0.392892 0.064827 0.459045
2 2 0.006614 0.046473 0.429714 0.124051 0.393148
2 2 0.009002 0.054156 0.422394 0.112312 0.402136
2 2 0.009385 0.053769 0.425144 0.134405 0.377297
2 2 0.008831 0.054491 0.419344 0.100014 0.417320
2 2 0.011670 0.060743 0.417786 0.113425 0.396375
2 2 0.009534 0.055191 0.422569 0.118066 0.394640
2 2 0.009265 0.055116 0.420942 0.108419 0.406258
2 2 0.009149 0.054297 0.422954 0.116253 0.397346
2 2 0.011112 0.059276 0.419215 0.115638 0.394759
2 2 0.009279 0.055206 0.420706 0.107612 0.407197
4 2 0.021690 0.087765 0.222416 0.009498 0.658630
4 2 0.044825 0.112529 0.146289 0.004668 0.691690
4 2 0.019739 0.083798 0.205861 0.007423 0.683179
4 2 0.017923 0.081331 0.230137 0.009528 0.661081
4 2 0.019208 0.083763 0.232254 0.010078 0.654697
4 2 0.041374 0.111183 0.171911 0.006698 0.668835
4 2 0.022398 0.088568 0.212343 0.008531 0.668160
4 2 0.016713 0.078321 0.209653 0.007224 0.688089
4 2 0.020330 0.084620 0.200894 0.007063 0.687093
4 2 0.019357 0.083243 0.208949 0.007648 0.680804
4 2 0.007459 0.051361 0.416757 0.086296 0.438128
4 2 0.007271 0.051086 0.414746 0.081414 0.445483
4 2 0.007296 0.050691 0.418236 0.088806 0.434971
4 2 0.006297 0.047482 0.419989 0.087715 0.438518
4 2 0.005575 0.044837 0.422430 0.089278 0.437880
4 2 0.018966 0.080995 0.238155 0.014902 0.646982
4 2 0.011238 0.064346 0.388625 0.055388 0.480403
4 2 0.009193 0.058591 0.394607 0.058053 0.479555
4 2 0.008545 0.057212 0.389499 0.051741 0.493003
4 2 0.011647 0.065442 0.387331 0.054729 0.480852
4 2 0.016902 0.075458 0.149045 0.003094 0.755502
4 2 0.036649 0.104020 0.149019 0.004408 0.705904
4 2 0.016785 0.077715 0.191770 0.005757 0.707974
4 2 0.015770 0.075572 0.188882 0.005392 0.714384
4 2 0.021436 0.084959 0.171700 0.004859 0.717046
4 2 0.014974 0.075734 0.241147 0.009965 0.658181
4 2 0.017686 0.081056 0.236447 0.010183 0.654627
4 2 0.017435 0.080574 0.236394 0.010111 0.655486
4 2 0.042657 0.113251 0.181975 0.007871 0.654246
4 2 0.013688 0.072390 0.220897 0.007588 0.685437
4 2 0.007449 0.052043 0.411072 0.075555 0.453881
4 2 0.006989 0.050230 0.414945 0.080641 0.447195
4 2 0.007968 0.053124 0.414204 0.083195 0.441509
4 2 0.006853 0.049562 0.417053 0.084171 0.442360
4 2 0.008107 0.053465 0.414464 0.084290 0.439673
4 2 0.011014 0.063580 0.390975 0.057487 0.476944
4 2 0.011674 0.065266 0.376634 0.053341 0.493084
4 2 0.008245 0.056266 0.390477 0.052130 0.492882
4 2 0.008785 0.057115 0.398567 0.061718 0.473814
4 2 0.009124 0.058461 0.393963 0.057223 0.481229
4 2 0.007907 0.053098 0.413132 0.080870 0.444992
4 2 0.007011 0.050233 0.415475 0.081739 0.445542
4 2 0.008390 0.054784 0.410226 0.077350 0.449249
4 2 0.006456 0.047825 0.421069 0.091066 0.433584
4 2 0.006895 0.049625 0.417540 0.085371 0.440569
4 2 0.007889 0.052923 0.414091 0.082650 0.442447
4 2 0.008083 0.053451 0.414107 0.083467 0.440892
4 3 0.007136 0.051409 0.408242 0.070140 0.463073
4 3 0.007449 0.051998 0.411461 0.076204 0.452889
4 3 0.010296 0.059890 0.407914 0.079540 0.442359
4 3 0.008576 0.054539 0.415525 0.088616 0.432744
4 3 0.007545 0.051060 0.420273 0.095165 0.425957
4 3 0.006712 0.048449 0.421971 0.094824 0.428044
4 3 0.005884 0.046487 0.417216 0.080160 0.450253
4 3 0.006687 0.049520 0.413107 0.076208 0.454478
2 3 0.007045 0.047329 0.429878 0.132973 0.382775
2 3 0.006459 0.045851 0.430423 0.126379 0.390888
2 3 0.006055 0.044128 0.432326 0.134093 0.383398
2 3 0.007446 0.048303 0.429364 0.137024 0.377863
2 3 0.006937 0.047696 0.428347 0.120291 0.396729
4 3 0.007819 0.052542 0.415478 0.085178 0.438983
4 3 0.007238 0.050844 0.415915 0.083567 0.442436
4 3 0.008152 0.054835 0.403830 0.066861 0.466322
4 3 0.013101 0.068917 0.325755 0.036699 0.555527
4 3 0.009342 0.056716 0.413823 0.088084 0.432035
2 3 0.007166 0.048504 0.427508 0.118523 0.398299
2 3 0.006084 0.044693 0.431125 0.124993 0.393105
2 3 0.006565 0.045806 0.431047 0.133572 0.383010
4 3 0.006934 0.049054 0.422172 0.096730 0.425110
2 3 0.007191 0.048971 0.426015 0.111725 0.406099
2 3 0.006892 0.047791 0.427650 0.116123 0.401544
2 3 0.007706 0.050077 0.426479 0.119319 0.396419
2 3 0.007072 0.047938 0.428568 0.123420 0.393003
2 3 0.007121 0.048658 0.426556 0.113413 0.404252
2 3 0.006701 0.048188 0.423358 0.098617 0.423136
2 3 0.006019 0.042645 0.433374 0.161781 0.356180
2 3 0.006812 0.045240 0.431517 0.159225 0.357205
2 3 0.008312 0.049630 0.428251 0.156781 0.357026
2 3 0.006660 0.045240 0.431835 0.150131 0.366134
2 3 0.006709 0.045981 0.431173 0.138833 0.377305
2 3 0.007376 0.049901 0.424032 0.105608 0.413083
2 3 0.006979 0.047699 0.428642 0.122577 0.394104
2 3 0.006869 0.046812 0.430232 0.132521 0.383567
2 3 0.007838 0.050419 0.426328 0.120029 0.395387
2 3 0.007067 0.047893 0.428662 0.123950 0.392427
2 3 0.005679 0.044105 0.429081 0.109689 0.411447
2 3 0.007819 0.051578 0.421416 0.100098 0.419090
2 3 0.007562 0.049650 0.426793 0.119345 0.396650
2 3 0.007600 0.050712 0.422928 0.103459 0.415301
2 3 0.007128 0.047627 0.429599 0.132105 0.383542
2 3 0.005977 0.043273 0.433353 0.146089 0.371308
2 3 0.006977 0.045907 0.431163 0.155850 0.360104
2 3 0.006947 0.045661 0.431212 0.158864 0.357316
2 3 0.007205 0.046385 0.430616 0.159548 0.356246
2 3 0.006245 0.043565 0.432882 0.157692 0.359616
2 3 0.007337 0.048740 0.427984 0.123448 0.392491
2 3 0.006563 0.045028 0.432017 0.148427 0.367965
2 3 0.007443 0.047764 0.429950 0.146662 0.368181
2 3 0.008921 0.051613 0.426958 0.150266 0.362243
2 3 0.008949 0.054900 0.418705 0.098778 0.418668
4 3 0.007961 0.052854 0.415998 0.086917 0.436270
4 3 0.008750 0.055853 0.409352 0.077045 0.448999
4 3 0.008653 0.055200 0.412372 0.082258 0.441517
4 3 0.012735 0.068338 0.323163 0.034319 0.561445
4 3 0.010162 0.059530 0.408212 0.079651 0.442446
2 3 0.007059 0.045751 0.430856 0.163515 0.352818
2 3 0.006512 0.044361 0.432232 0.158496 0.358398
2 3 0.007420 0.047606 0.430058 0.148311 0.366605
2 3 0.007328 0.048063 0.429453 0.135081 0.380075
2 3 0.006348 0.043059 0.431965 0.174697 0.343931
2 3 0.007430 0.049763 0.425240 0.110672 0.406895
2 3 0.008653 0.050527 0.427548 0.156944 0.356328
2 3 0.007117 0.048466 0.427232 0.116553 0.400632
2 3 0.007168 0.048610 0.427164 0.116780 0.400278
2 3 0.007337 0.047666 0.430003 0.142755 0.372239
2 3 0.009633 0.054041 0.425130 0.140198 0.370997
2 3 0.007535 0.049750 0.426255 0.116251 0.400210
2 3 0.008953 0.050208 0.426147 0.176175 0.338518
2 3 0.009800 0.054775 0.424419 0.135160 0.375845
2 3 0.007049 0.047408 0.429735 0.131720 0.384089
2 3 0.008037 0.051309 0.424886 0.114792 0.400975
2 3 0.007443 0.049061 0.427741 0.123377 0.392378
2 3 0.006792 0.047770 0.426716 0.110914 0.407808
2 3 0.007047 0.047602 0.429296 0.128061 0.387994
2 3 0.006669 0.047486 0.426513 0.108969 0.410363
2 3 0.006790 0.047294 0.428492 0.119246 0.398178
2 3 0.006661 0.047274 0.427336 0.112262 0.406467
2 3 0.005742 0.044260 0.429230 0.110927 0.409841
4 3 0.005347 0.043580 0.426040 0.096902 0.428131
2 3 0.005640 0.043819 0.429861 0.112505 0.408174
4 3 0.102582 0.158493 0.245511 0.032720 0.460694
4 3 0.099398 0.156996 0.241851 0.030355 0.471401
2 3 0.207729 0.237799 0.360607 0.046125 0.147740
2 3 0.185685 0.194420 0.509806 0.029333 0.080756
2 3 0.317151 0.197619 0.341738 0.042365 0.101127
0 3 0.360548 0.231710 0.325619 0.014416 0.067707
0 2 0.394155 0.215753 0.275228 0.015075 0.099789
0 2 0.444715 0.192078 0.184321 0.023164 0.155723
0 2 0.350418 0.198140 0.168329 0.022540 0.260573
0 1 0.489795 0.178729 0.161471 0.019844 0.150161
0 0 0.498542 0.185401 0.117808 0.010807 0.187442
0 0 0.352773 0.198118 0.143448 0.011581 0.294079
4 1 0.275762 0.196754 0.158371 0.013160 0.355953
0 0 0.490187 0.183932 0.138398 0.015191 0.172292
0 0 0.279408 0.188100 0.246622 0.040765 0.245104
4 1 0.089444 0.143601 0.123776 0.004634 0.638546
4 1 0.112845 0.164970 0.146751 0.006696 0.568738
4 2 0.043303 0.113095 0.170256 0.006694 0.666652
4 2 0.075373 0.139958 0.169503 0.009142 0.606023
4 2 0.045964 0.118253 0.211571 0.012191 0.612020
4 2 0.017591 0.080793 0.233439 0.009815 0.658362
4 2 0.018040 0.081536 0.229648 0.009502 0.661274
4 2 0.019840 0.083793 0.201516 0.007041 0.687809
4 2 0.018447 0.081241 0.200375 0.006715 0.693222
4 2 0.059563 0.130209 0.202694 0.012647 0.594886
4 2 0.008271 0.054351 0.411122 0.078517 0.447740
4 2 0.009167 0.057026 0.408627 0.077153 0.448028
4 2 0.009710 0.058378 0.408670 0.079006 0.444236
4 2 0.006257 0.048052 0.414037 0.076131 0.455523
4 2 0.006540 0.049726 0.406163 0.065513 0.472057
4 2 0.007286 0.053308 0.391011 0.050908 0.497487
4 2 0.007233 0.053446 0.386467 0.046947 0.505906
4 2 0.007639 0.055498 0.358966 0.034827 0.543071
4 2 0.008738 0.058700 0.365955 0.038742 0.527865
4 2 0.007928 0.056477 0.363207 0.035770 0.536618
4 2 0.007675 0.054174 0.395509 0.055975 0.486667
4 2 0.008272 0.056169 0.392740 0.054351 0.488468
4 2 0.006431 0.050238 0.394867 0.052805 0.495658
4 2 0.006712 0.051474 0.390552 0.049461 0.501802
4 2 0.007380 0.053033 0.398487 0.058504 0.482596
4 2 0.006847 0.052086 0.388047 0.047593 0.505427
4 2 0.007349 0.053726 0.386560 0.047906 0.504458
4 2 0.007813 0.054825 0.392517 0.053275 0.491570
4 2 0.007477 0.054008 0.389591 0.049985 0.498940
4 2 0.007541 0.054784 0.376579 0.041988 0.519108
4 4 0.007678 0.054321 0.391839 0.053682 0.492480
4 4 0.008091 0.055561 0.393700 0.054962 0.487686
4 4 0.007284 0.053405 0.389519 0.049586 0.500207
4 4 0.008168 0.056273 0.387319 0.049169 0.499070
4 4 0.008893 0.058893 0.369041 0.041410 0.521763
4 2 0.008648 0.059060 0.333634 0.027179 0.571480
4 2 0.009368 0.060803 0.342312 0.031569 0.555947
4 4 0.011514 0.066940 0.331007 0.028383 0.562157
4 4 0.008638 0.058869 0.351963 0.032348 0.548183
4 4 0.013642 0.072256 0.274908 0.016323 0.622871
4 4 0.007763 0.055475 0.377207 0.042484 0.517071
4 4 0.007989 0.056051 0.378091 0.043915 0.513954
4 4 0.007168 0.053605 0.380499 0.042338 0.516391
4 4 0.010019 0.062840 0.349682 0.032757 0.544703
4 4 0.008412 0.057249 0.375641 0.044327 0.514372
4 4 0.010087 0.062292 0.369654 0.042300 0.515667
4 2 0.008043 0.056646 0.367569 0.038208 0.529534
4 2 0.009544 0.060990 0.363627 0.038993 0.526847
4 2 0.009893 0.062126 0.360207 0.037368 0.530406
4 2 0.007746 0.055438 0.367771 0.039845 0.529200
4 2 0.006127 0.049224 0.394351 0.051705 0.498592
4 2 0.007911 0.055283 0.390354 0.051428 0.495024
4 2 0.008706 0.057418 0.392640 0.055060 0.486175
4 2 0.008322 0.056811 0.384937 0.048087 0.501843
4 2 0.007566 0.053931 0.394392 0.054629 0.489482
4 2 0.010234 0.063601 0.340589 0.029821 0.555754
4 2 0.009090 0.060450 0.334537 0.027302 0.568621
4 2 0.008911 0.059571 0.356370 0.034245 0.540904
4 2 0.009166 0.060724 0.343110 0.029097 0.557903
4 2 0.011436 0.066254 0.273922 0.017128 0.631260
4 2 0.058416 0.129442 0.206688 0.013175 0.592279
4 2 0.052950 0.124257 0.198080 0.011082 0.613631
4 1 0.119559 0.165293 0.180183 0.015100 0.519866
4 2 0.142118 0.188095 0.226824 0.014318 0.428645
4 2 0.066343 0.136187 0.217632 0.016459 0.563379
4 2 0.030404 0.101667 0.313595 0.030395 0.523939
4 2 0.032825 0.104928 0.297071 0.026755 0.538422
4 2 0.035918 0.108630 0.298439 0.028595 0.528417
4 2 0.035043 0.107689 0.283222 0.023983 0.550063
4 2 0.066350 0.136255 0.219535 0.016866 0.560994
4 2 0.030263 0.101675 0.290727 0.023925 0.553409
4 2 0.033491 0.105637 0.307185 0.030080 0.523607
4 2 0.061460 0.133032 0.267676 0.028677 0.509156
4 2 0.026736 0.096760 0.305086 0.025943 0.545475
4 2 0.021692 0.088961 0.315057 0.025685 0.548606
4 2 0.027514 0.097012 0.230549 0.011730 0.633195
4 2 0.036179 0.107964 0.221024 0.012039 0.622794
4 2 0.060248 0.129979 0.188390 0.010477 0.610906
4 2 0.033591 0.102749 0.179608 0.006730 0.677323
4 2 0.046533 0.116536 0.172467 0.007189 0.657274
4 1 0.112317 0.177600 0.304389 0.029487 0.376208
4 1 0.088503 0.143985 0.130061 0.005198 0.632253
4 2 0.046575 0.119114 0.217789 0.013287 0.603236
4 2 0.090354 0.149168 0.165697 0.009736 0.585045
4 2 0.048147 0.121097 0.231365 0.016007 0.583383
4 2 0.034223 0.105667 0.330227 0.039893 0.489990
4 2 0.044370 0.112492 0.343579 0.069121 0.430437
4 2 0.027792 0.096407 0.357458 0.047952 0.470390
4 2 0.063265 0.131890 0.266270 0.034973 0.503602
4 2 0.040701 0.113741 0.242748 0.016633 0.586177
4 2 0.080441 0.141213 0.147644 0.006700 0.624002
4 2 0.028455 0.094059 0.152205 0.004109 0.721172
4 2 0.068007 0.131769 0.140562 0.005338 0.654324
4 2 0.053192 0.121404 0.156071 0.006012 0.663321
4 2 0.062876 0.128131 0.142867 0.005306 0.660819
4 2 0.009228 0.060220 0.366056 0.038592 0.525904
4 2 0.026664 0.094437 0.239830 0.015450 0.623620
4 2 0.008376 0.057236 0.382358 0.045436 0.506593
4 2 0.009820 0.062298 0.348011 0.032153 0.547719
4 2 0.022841 0.088177 0.316169 0.035912 0.536901
4 2 0.008898 0.059013 0.374810 0.042269 0.515010
4 2 0.010214 0.062612 0.372562 0.043346 0.511266
4 2 0.009452 0.060905 0.359732 0.036843 0.533069
4 2 0.009234 0.059902 0.373150 0.042666 0.515046
4 2 0.027228 0.095404 0.259335 0.019889 0.598144
4 2 0.007400 0.052314 0.407155 0.069371 0.463761
4 2 0.007663 0.052902 0.408938 0.072838 0.457660
4 2 0.008736 0.055816 0.409352 0.076998 0.449097
4 2 0.006928 0.049829 0.416721 0.083833 0.442689
4 2 0.008279 0.055117 0.404562 0.068204 0.463839
4 2 0.008768 0.058094 0.386281 0.049228 0.497629
4 2 0.007968 0.055652 0.387664 0.049141 0.499576
4 2 0.008601 0.057445 0.387498 0.050683 0.495773
4 2 0.007794 0.055298 0.385119 0.046747 0.505042
4 2 0.026446 0.089927 0.360950 0.074548 0.448129
4 2 0.006350 0.047263 0.422680 0.094491 0.429216
4 2 0.007539 0.051393 0.418088 0.089663 0.433317
4 2 0.007124 0.050766 0.413834 0.079138 0.449138
4 2 0.008323 0.053159 0.419826 0.098431 0.420262
2 2 0.009739 0.055398 0.423039 0.123029 0.388795
4 2 0.008961 0.057060 0.403788 0.068944 0.461247
2 2 0.011234 0.059156 0.420075 0.121467 0.388069
4 2 0.007443 0.052084 0.410533 0.074648 0.455292
4 2 0.008349 0.055496 0.402753 0.065933 0.467469
4 2 0.007258 0.052128 0.404612 0.065503 0.470498
4 2 0.007484 0.053468 0.397087 0.057225 0.484736
4 2 0.007348 0.053153 0.395723 0.055524 0.488253
4 2 0.006983 0.051255 0.404874 0.065092 0.471796
4 2 0.008293 0.056052 0.394892 0.056578 0.484185
4 2 0.008794 0.057520 0.394335 0.056978 0.482373
4 2 0.016929 0.077198 0.214602 0.009848 0.681422
4 3 0.009699 0.061621 0.358438 0.036570 0.533673
4 3 0.009208 0.059765 0.378883 0.044623 0.507521
4 3 0.011104 0.065537 0.348315 0.034136 0.540908
4 3 0.009048 0.059619 0.370147 0.040038 0.521148
4 3 0.008757 0.056652 0.402473 0.066597 0.465521
4 3 0.007952 0.054163 0.404833 0.067689 0.465363
4 3 0.007316 0.052009 0.407676 0.069869 0.463130
4 3 0.007566 0.052474 0.410273 0.074644 0.455042
4 3 0.007970 0.054191 0.405060 0.068051 0.464728
4 3 0.007790 0.054321 0.397959 0.058830 0.481100
4 3 0.007441 0.053355 0.396844 0.056876 0.485483
4 3 0.013536 0.071000 0.288573 0.022101 0.604790
4 3 0.007167 0.053066 0.389003 0.048939 0.501825
4 3 0.008612 0.057255 0.391391 0.053653 0.489089
4 3 0.068340 0.137050 0.202104 0.013684 0.578822
4 3 0.064327 0.134131 0.204830 0.013651 0.583061
4 3 0.109014 0.160556 0.183662 0.014747 0.532020
0 3 0.319102 0.197465 0.171553 0.016501 0.295380
4 3 0.091182 0.151831 0.272308 0.041342 0.443336
2 2 0.182945 0.197016 0.407821 0.026587 0.185630
2 2 0.112757 0.172779 0.401514 0.043488 0.269463
2 2 0.122692 0.174908 0.457260 0.076070 0.169070
2 2 0.223336 0.224362 0.324348 0.029809 0.198146
2 1 0.289000 0.211987 0.293558 0.043150 0.162306
4 2 0.020266 0.082842 0.169269 0.004573 0.723051
4 2 0.039253 0.106122 0.140695 0.003964 0.709966
4 2 0.019184 0.080534 0.162495 0.004035 0.733753
4 2 0.019228 0.081819 0.182946 0.005426 0.710581
4 2 0.036349 0.103462 0.146767 0.004229 0.709192
4 2 0.031237 0.102720 0.314613 0.031195 0.520235
4 2 0.035105 0.107209 0.323677 0.036728 0.497281
4 2 0.034517 0.108196 0.338225 0.038983 0.480080
4 2 0.078860 0.143998 0.194767 0.013649 0.568725
4 2 0.038488 0.111436 0.304850 0.031895 0.513331
4 2 0.042009 0.115480 0.269781 0.023016 0.549714
4 2 0.111768 0.161881 0.183478 0.015007 0.527865
4 2 0.042888 0.116343 0.286764 0.028077 0.525928
4 2 0.043856 0.117394 0.270412 0.023782 0.544556
4 2 0.044776 0.118322 0.274657 0.025245 0.537001
4 2 0.017961 0.076970 0.394404 0.075928 0.434737
4 2 0.017677 0.076265 0.395739 0.077645 0.432674
4 2 0.016578 0.073840 0.398939 0.080891 0.429751
2 2 0.023782 0.079849 0.404299 0.145851 0.346218
4 2 0.068721 0.137509 0.215694 0.016937 0.561139
4 2 0.085124 0.144636 0.151706 0.007448 0.611086
4 2 0.104512 0.155000 0.146117 0.007814 0.586556
4 2 0.086428 0.146028 0.157380 0.008265 0.601900
4 2 0.102992 0.151128 0.123789 0.005102 0.616989
4 2 0.112204 0.160899 0.166551 0.011594 0.548752
4 2 0.118356 0.164741 0.179999 0.014930 0.521974
4 2 0.102435 0.158606 0.231121 0.027094 0.480745
4 2 0.155855 0.177956 0.209306 0.032878 0.424005
4 2 0.130060 0.170971 0.229839 0.033067 0.436062
4 2 0.088236 0.150444 0.268358 0.038238 0.454724
2 2 0.010130 0.050632 0.431139 0.328241 0.179859
2 2 0.009544 0.046573 0.409577 0.393904 0.140403
2 2 0.009762 0.049143 0.422587 0.263538 0.254970
2 2 0.010658 0.054854 0.445221 0.245201 0.244066
2 2 0.008907 0.048741 0.431115 0.230326 0.280911
4 2 0.044800 0.118087 0.254650 0.020459 0.562004
4 2 0.027339 0.097658 0.283742 0.021055 0.570206
4 2 0.032905 0.105073 0.287130 0.024129 0.550763
4 2 0.080096 0.144833 0.194647 0.013740 0.566685
4 2 0.121839 0.163718 0.288690 0.020609 0.405144
2 2 0.220000 0.181947 0.288487 0.048592 0.260973
2 2 0.094745 0.162671 0.436985 0.090865 0.214735
2 2 0.060458 0.146798 0.462427 0.077492 0.252825
4 2 0.136383 0.164413 0.309033 0.071462 0.318709
2 2 0.175774 0.173674 0.362191 0.073231 0.215131
2 2 0.063167 0.130267 0.483290 0.204484 0.118793
2 2 0.046034 0.106181 0.509199 0.204345 0.134240
2 2 0.034893 0.114239 0.602323 0.153152 0.095393
2 2 0.034343 0.093990 0.552001 0.239569 0.080097
2 2 0.020281 0.082139 0.470583 0.220054 0.206942
2 2 0.044434 0.104664 0.380134 0.136169 0.334599
2 2 0.028164 0.086487 0.398801 0.138975 0.347573
4 2 0.048461 0.116257 0.302424 0.054794 0.478063
2 2 0.050282 0.112295 0.363171 0.114906 0.359346
4 2 0.061223 0.121558 0.335970 0.105194 0.376054
2 2 0.063879 0.121452 0.359783 0.129358 0.325528
2 2 0.054341 0.114895 0.363992 0.122594 0.344179
4 2 0.109166 0.153172 0.281930 0.077954 0.377778
2 2 0.049466 0.116653 0.406963 0.167674 0.259244
2 2 0.049263 0.122915 0.407434 0.129317 0.291071
0 2 0.277300 0.205591 0.274103 0.058378 0.184629
0 1 0.314061 0.209393 0.242944 0.030286 0.203316
0 2 0.394973 0.193623 0.237753 0.036954 0.136697
2 2 0.278049 0.196083 0.285550 0.035647 0.204672
0 2 0.325807 0.189759 0.232318 0.036112 0.216003
2 2 0.251063 0.221561 0.295164 0.045412 0.186801
2 2 0.122550 0.185369 0.399138 0.026969 0.265974
4 2 0.212388 0.188733 0.253729 0.025353 0.319796
2 2 0.109319 0.176642 0.453899 0.039445 0.220695
4 2 0.059716 0.131465 0.281381 0.032896 0.494543
4 2 0.114432 0.163979 0.240549 0.033930 0.447110
0 2 0.342794 0.198862 0.157256 0.016676 0.284412
2 2 0.113574 0.209984 0.427272 0.038773 0.210398
4 2 0.082067 0.155294 0.272084 0.032589 0.457966
4 2 0.112118 0.160018 0.228241 0.016188 0.483435
2 2 0.017174 0.086064 0.502877 0.147997 0.245888
2 2 0.014120 0.072555 0.491633 0.202268 0.219425
2 2 0.012182 0.064141 0.479012 0.238073 0.206592
2 2 0.016101 0.083456 0.521093 0.181236 0.198114
2 2 0.014014 0.074780 0.508035 0.216734 0.186438
2 2 0.019697 0.077233 0.436816 0.165044 0.301209
2 2 0.019267 0.085189 0.474978 0.150218 0.270349
2 2 0.075299 0.111807 0.338410 0.300710 0.173774
2 2 0.021518 0.093090 0.485695 0.144719 0.254978
4 2 0.050907 0.118561 0.335632 0.069620 0.425280
4 2 0.080391 0.139202 0.131862 0.005053 0.643493
4 2 0.039509 0.110289 0.189152 0.008352 0.652698
4 2 0.044294 0.115721 0.194569 0.009558 0.635858
4 2 0.043857 0.115678 0.202328 0.010539 0.627597
4 2 0.086173 0.142883 0.142086 0.007048 0.621809
4 1 0.107720 0.171759 0.232806 0.020110 0.467604
2 1 0.087387 0.173374 0.404612 0.038522 0.296105
4 2 0.061612 0.134582 0.312774 0.032192 0.458840
4 2 0.064071 0.136314 0.268485 0.026010 0.505120
2 2 0.065346 0.148371 0.430009 0.046492 0.309782
2 2 0.012232 0.066840 0.541499 0.309402 0.070027
3 2 0.015584 0.050766 0.414300 0.481185 0.038166
2 2 0.012069 0.054957 0.499182 0.386433 0.047359
3 2 0.018447 0.060666 0.413065 0.431534 0.076287
3 2 0.014726 0.051601 0.367886 0.504450 0.061337
3 2 0.017713 0.053178 0.339666 0.495622 0.093821
3 2 0.010324 0.047636 0.399397 0.427689 0.114955
3 2 0.010481 0.044402 0.379503 0.392381 0.173232
2 2 0.010190 0.046841 0.402828 0.361105 0.179037
3 2 0.010675 0.045882 0.383007 0.431085 0.129351
2 2 0.015470 0.058678 0.407284 0.350817 0.167751
2 2 0.018644 0.071037 0.438782 0.270677 0.200861
2 2 0.022761 0.082544 0.454459 0.257729 0.182507
2 2 0.014571 0.061507 0.434312 0.321036 0.168575
2 2 0.015653 0.062549 0.427106 0.333122 0.161570
4 2 0.108676 0.163371 0.284415 0.052656 0.390883
2 2 0.150948 0.233986 0.342297 0.038064 0.234705
2 2 0.119762 0.170558 0.368015 0.057569 0.284095
4 2 0.081210 0.146696 0.258121 0.031482 0.482490
4 2 0.214949 0.201591 0.247716 0.026213 0.309532
4 2 0.057058 0.128270 0.273027 0.022249 0.519396
4 2 0.052528 0.125328 0.237036 0.018059 0.567048
4 2 0.055075 0.127759 0.247641 0.021102 0.548424
4 2 0.117183 0.165076 0.198425 0.019436 0.499880
4 2 0.045832 0.119264 0.253355 0.020141 0.561408
4 2 0.074061 0.142121 0.261556 0.030552 0.491710
4 2 0.061768 0.133312 0.252519 0.024099 0.528302
4 2 0.127384 0.169651 0.216873 0.027243 0.458850
2 0 0.284247 0.219267 0.303914 0.029416 0.163157
2 0 0.187787 0.208102 0.301926 0.030827 0.271359
0 0 0.550479 0.113895 0.224425 0.075516 0.035686
0 0 0.632140 0.135096 0.147293 0.026581 0.058891
4 0 0.272421 0.195844 0.202024 0.035573 0.294138
4 0 0.259836 0.195610 0.201896 0.038608 0.304051
0 0 0.282797 0.195175 0.206230 0.045416 0.270381
4 0 0.113224 0.157785 0.140574 0.006703 0.581716
4 0 0.087293 0.145439 0.146966 0.006989 0.613312
4 0 0.129609 0.156599 0.134043 0.007025 0.572724
4 0 0.060670 0.130312 0.188192 0.010492 0.610335
4 0 0.090622 0.147060 0.143835 0.006789 0.611694
4 0 0.032109 0.096757 0.130715 0.003008 0.737411
4 0 0.033297 0.097219 0.122117 0.002601 0.744766
4 0 0.044348 0.105063 0.095236 0.001667 0.753685
4 0 0.035366 0.100849 0.132389 0.003249 0.728147
4 0 0.054988 0.125852 0.194077 0.010732 0.614350
4 0 0.049412 0.114870 0.128125 0.003556 0.704037
4 0 0.033907 0.099764 0.138439 0.003546 0.724345
4 0 0.036846 0.103587 0.142206 0.003942 0.713419
4 0 0.029026 0.095833 0.165027 0.005065 0.705049
4 0 0.058986 0.115311 0.083789 0.001436 0.740478
4 0 0.045483 0.106958 0.099814 0.001884 0.745861
4 1 0.019178 0.080020 0.155079 0.003598 0.742125
4 1 0.034114 0.088524 0.067506 0.000701 0.809155
4 1 0.024079 0.080931 0.090479 0.001115 0.803397
4 1 0.017190 0.075760 0.145810 0.002955 0.758286
4 1 0.020105 0.080190 0.136942 0.002719 0.760044
4 2 0.014331 0.072206 0.180842 0.004639 0.727982
4 2 0.040823 0.097709 0.075812 0.000947 0.784709
4 2 0.015604 0.074775 0.179405 0.004716 0.725500
4 2 0.014664 0.072057 0.164946 0.003729 0.744604
4 2 0.008520 0.056812 0.393591 0.055675 0.485403
4 2 0.010266 0.062591 0.373149 0.044621 0.509372
4 2 0.008770 0.057704 0.390875 0.053758 0.488893
4 2 0.008989 0.059121 0.372294 0.042729 0.516867
4 2 0.009623 0.060275 0.388479 0.052590 0.489033
4 2 0.015618 0.077030 0.299146 0.020883 0.587322
4 2 0.013143 0.071283 0.253928 0.012024 0.649623
4 2 0.012181 0.069098 0.299614 0.019879 0.599229
4 2 0.011027 0.065912 0.328413 0.026547 0.568102
4 2 0.017559 0.079363 0.234381 0.011993 0.656705
4 2 0.008104 0.054212 0.408425 0.073428 0.455831
4 2 0.007654 0.052926 0.408451 0.072058 0.458910
4 2 0.007469 0.052055 0.411470 0.076290 0.452715
4 2 0.008405 0.054894 0.409653 0.076413 0.450635
4 2 0.007906 0.053356 0.411027 0.077067 0.450644
4 2 0.042453 0.110404 0.149321 0.004773 0.693049
4 2 0.014251 0.074118 0.238486 0.009463 0.663682
4 2 0.014468 0.074381 0.230551 0.008702 0.671899
4 2 0.014928 0.075192 0.224594 0.008231 0.677054
4 2 0.017291 0.079977 0.225227 0.008851 0.668653
4 2 0.008712 0.057150 0.395953 0.058564 0.479621
4 2 0.008192 0.055398 0.399092 0.061010 0.476309
4 2 0.011300 0.064764 0.352452 0.042688 0.528796
4 2 0.007847 0.054142 0.401889 0.063567 0.472555
4 2 0.008703 0.057032 0.396990 0.059704 0.477571
4 2 0.009084 0.059350 0.376463 0.044273 0.510830
4 2 0.014986 0.074184 0.291757 0.023531 0.595544
4 2 0.009303 0.058696 0.396651 0.060576 0.474774
4 2 0.008626 0.057143 0.393226 0.055504 0.485501
4 2 0.008749 0.057327 0.395118 0.057727 0.481079
4 2 0.008812 0.056040 0.409167 0.076929 0.449052
4 2 0.009155 0.056558 0.411834 0.083093 0.439360
4 2 0.008882 0.055380 0.415096 0.088999 0.431644
4 2 0.007211 0.050710 0.416323 0.084274 0.441483
4 2 0.007873 0.052859 0.414230 0.082858 0.442181
4 2 0.009709 0.061177 0.376636 0.044432 0.508047
4 2 0.009513 0.060630 0.377782 0.044572 0.507503
4 2 0.010106 0.061835 0.384992 0.050138 0.492929
4 2 0.012589 0.069196 0.348149 0.035169 0.534897
4 2 0.019928 0.082096 0.193775 0.007799 0.696403
4 2 0.007559 0.051245 0.419385 0.092925 0.428886
4 2 0.008153 0.053934 0.411885 0.079474 0.446554
4 2 0.007996 0.053347 0.413098 0.081146 0.444413
4 2 0.006076 0.046643 0.421083 0.089003 0.437195
4 2 0.007970 0.053319 0.412759 0.080407 0.445546
4 2 0.008359 0.056508 0.391620 0.053417 0.490096
4 2 0.009274 0.059645 0.384450 0.048454 0.498178
4 2 0.024480 0.091424 0.256177 0.018045 0.609874
4 2 0.009521 0.060528 0.378033 0.045522 0.506397
4 2 0.007243 0.053147 0.391329 0.051114 0.497167
4 2 0.007197 0.050422 0.418150 0.088130 0.436101
4 3 0.007589 0.051875 0.415685 0.084616 0.440235
4 3 0.007556 0.052003 0.413980 0.081103 0.445359
4 3 0.007401 0.051688 0.412916 0.078548 0.449447
4 3 0.008552 0.055131 0.410913 0.079133 0.446272
4 3 0.007318 0.051824 0.409549 0.072677 0.458632
4 3 0.007126 0.051039 0.411497 0.075129 0.455209
4 3 0.007369 0.052134 0.408013 0.070521 0.461962
4 3 0.007737 0.052573 0.413535 0.080973 0.445182
4 3 0.007221 0.051474 0.410086 0.073190 0.458030
4 3 0.007704 0.053179 0.407445 0.070701 0.460972
4 3 0.007300 0.051918 0.408101 0.070437 0.462245
4 3 0.007230 0.051580 0.409335 0.072060 0.459796
4 3 0.008455 0.055300 0.407356 0.072831 0.456057
4 3 0.008909 0.056958 0.403450 0.068329 0.462355
4 3 0.008177 0.053809 0.413333 0.082303 0.442378
4 3 0.005959 0.046773 0.416882 0.079879 0.450507
4 3 0.007083 0.050558 0.414558 0.080301 0.447500
4 3 0.006811 0.049773 0.414267 0.078690 0.450460
4 3 0.007054 0.050630 0.413214 0.077769 0.451334
4 3 0.007830 0.053643 0.406483 0.069669 0.462375
4 3 0.008389 0.055391 0.404888 0.068966 0.462365
4 3 0.008246 0.054435 0.409877 0.076265 0.451177
4 3 0.007611 0.052254 0.413245 0.079944 0.446946
4 3 0.006816 0.049014 0.420260 0.091089 0.432820
4 3 0.012243 0.068276 0.351689 0.036332 0.531459
4 3 0.011120 0.065657 0.339981 0.031627 0.551615
4 3 0.010680 0.064492 0.338777 0.031113 0.554938
4 3 0.025306 0.091176 0.238006 0.017041 0.628471
4 3 0.010780 0.064277 0.362085 0.039882 0.522976
2 3 0.006374 0.046531 0.427146 0.108750 0.411200
4 3 0.008155 0.053282 0.416580 0.089114 0.432869
4 3 0.007858 0.052598 0.415826 0.086084 0.437635
4 3 0.006936 0.049237 0.421075 0.093793 0.428959
4 3 0.006767 0.049294 0.417142 0.083966 0.442831
4 3 0.007427 0.052634 0.404674 0.066043 0.469221
4 3 0.008432 0.055362 0.406255 0.071081 0.458870
4 3 0.009766 0.058585 0.408163 0.078273 0.445214
4 3 0.007505 0.053289 0.400011 0.060500 0.478695
4 3 0.015913 0.075914 0.327032 0.034289 0.546852
4 3 0.008155 0.054184 0.409887 0.075978 0.451796
4 3 0.008094 0.053915 0.410719 0.077188 0.450084
4 3 0.007707 0.052942 0.409711 0.074201 0.455441
4 3 0.008688 0.055646 0.409706 0.077454 0.448506
4 3 0.006420 0.048727 0.412618 0.074422 0.457812
4 3 0.007295 0.050869 0.416956 0.085978 0.438902
4 3 0.008399 0.054206 0.414705 0.086023 0.436666
4 3 0.007215 0.050925 0.414746 0.081188 0.445926
4 3 0.007541 0.052973 0.404717 0.066411 0.468358
4 3 0.007974 0.053182 0.413903 0.082623 0.442317
4 3 0.007653 0.052133 0.415101 0.083695 0.441419
4 3 0.007755 0.052666 0.413190 0.080394 0.445995
4 3 0.005919 0.046203 0.420599 0.087083 0.440196
4 3 0.009948 0.060700 0.378362 0.053531 0.497459
4 3 0.008294 0.053732 0.416037 0.088510 0.433426
4 3 0.019135 0.084176 0.255478 0.013052 0.628159
4 3 0.017255 0.080760 0.280923 0.016809 0.604253
4 3 0.017044 0.080300 0.261224 0.013238 0.628195
4 3 0.119860 0.161508 0.215932 0.011406 0.491294
4 3 0.079349 0.143396 0.245560 0.017367 0.514328
2 3 0.271289 0.218552 0.271484 0.015678 0.222997
2 2 0.115881 0.180149 0.448714 0.028268 0.226987
2 2 0.092284 0.158469 0.378350 0.021696 0.349200
4 2 0.087436 0.149413 0.350316 0.026268 0.386567
4 2 0.041781 0.113623 0.205118 0.010644 0.628834
4 2 0.009935 0.062472 0.354827 0.034704 0.538062
4 2 0.009030 0.060281 0.284867 0.016682 0.629141
4 2 0.008032 0.057072 0.342316 0.029237 0.563342
4 2 0.010692 0.065022 0.316566 0.023717 0.584003
4 2 0.007818 0.056196 0.356224 0.033546 0.546216
4 2 0.013928 0.071574 0.185768 0.004903 0.723827
4 2 0.029391 0.097366 0.180506 0.006383 0.686354
4 2 0.013072 0.070720 0.212249 0.006704 0.697255
4 2 0.013979 0.072279 0.199576 0.005888 0.708278
4 2 0.012399 0.069577 0.233233 0.008660 0.676131
4 4 0.008622 0.058919 0.338335 0.028557 0.565567
4 4 0.008327 0.057936 0.350715 0.031749 0.551272
4 4 0.009346 0.061429 0.293894 0.017870 0.617460
4 4 0.009224 0.060964 0.324993 0.024691 0.580127
4 4 0.008458 0.058083 0.363211 0.036410 0.533838
4 4 0.017665 0.072550 0.102652 0.001306 0.805827
4 4 0.013400 0.070893 0.196931 0.005590 0.713186
4 4 0.012797 0.070006 0.209830 0.006450 0.700918
4 4 0.013894 0.070322 0.163078 0.003545 0.749161
4 4 0.015310 0.075736 0.216609 0.007568 0.684778
4 4 0.008850 0.059773 0.333135 0.026694 0.571549
4 4 0.017236 0.079739 0.230621 0.009800 0.662604
4 4 0.010424 0.064632 0.302177 0.019402 0.603365
4 4 0.008595 0.059243 0.320985 0.022851 0.588326
4 4 0.010437 0.064553 0.309042 0.021184 0.594785
4 4 0.024374 0.075810 0.061058 0.000461 0.838297
4 4 0.022118 0.077005 0.083471 0.000894 0.816512
4 4 0.023078 0.078180 0.082170 0.000878 0.815693
4 4 0.045560 0.105889 0.093469 0.001618 0.753465
4 4 0.043548 0.107362 0.114286 0.002534 0.732269
4 4 0.007393 0.054499 0.363158 0.036966 0.537985
4 4 0.008413 0.058077 0.351882 0.032769 0.548859
4 4 0.008642 0.058523 0.355103 0.035181 0.542550
4 4 0.008248 0.057466 0.356561 0.034419 0.543306
4 4 0.009013 0.059786 0.354032 0.034220 0.542949
4 4 0.008743 0.059684 0.306790 0.020022 0.604762
4 4 0.010317 0.064212 0.294101 0.018156 0.613213
4 4 0.010634 0.065197 0.286376 0.016448 0.621345
4 4 0.025861 0.091737 0.170216 0.005182 0.707003
4 4 0.010244 0.064176 0.277388 0.014587 0.633605
4 4 0.012458 0.069661 0.239299 0.009593 0.668988
4 4 0.024667 0.090978 0.187194 0.006442 0.690718
4 4 0.012133 0.068981 0.245267 0.010202 0.663417
4 4 0.009677 0.062515 0.255062 0.010960 0.661787
4 4 0.013531 0.072251 0.242001 0.010150 0.662067
4 4 0.019086 0.081279 0.177671 0.005025 0.716940
4 4 0.016148 0.074760 0.160173 0.003615 0.745304
4 1 0.068157 0.133509 0.162909 0.008226 0.627199
4 1 0.018612 0.080024 0.170632 0.004493 0.726240
4 2 0.015982 0.074947 0.168672 0.004087 0.736311
4 2 0.016547 0.072730 0.123699 0.001964 0.785060
4 4 0.020163 0.061851 0.036685 0.000183 0.881117
4 4 0.016138 0.071742 0.121310 0.001856 0.788954
4 4 0.018867 0.076431 0.119173 0.001902 0.783628
4 4 0.016544 0.071628 0.112454 0.001571 0.797804
4 4 0.010167 0.062822 0.303637 0.023498 0.599876
4 4 0.008202 0.057941 0.327583 0.024413 0.581861
4 4 0.009274 0.061114 0.324701 0.024630 0.580280
4 4 0.009617 0.061922 0.336540 0.028305 0.563616
4 4 0.009457 0.061050 0.351091 0.033885 0.544517
4 4 0.010490 0.064544 0.302054 0.020269 0.602644
4 4 0.013044 0.070923 0.264736 0.014097 0.637199
4 4 0.009368 0.061556 0.309141 0.020711 0.599224
4 4 0.009683 0.062298 0.325992 0.025097 0.576930
4 4 0.009225 0.061181 0.298641 0.018412 0.612540
4 4 0.007584 0.055212 0.367634 0.037680 0.531889
4 4 0.007943 0.056861 0.339504 0.028167 0.567524
4 4 0.007780 0.055823 0.364450 0.037135 0.534811
4 4 0.008710 0.058741 0.351876 0.034315 0.546358
4 4 0.008241 0.057435 0.360508 0.035462 0.538353
4 2 0.015195 0.072074 0.148163 0.002915 0.761654
4 2 0.016886 0.074299 0.134426 0.002413 0.771977
4 2 0.055095 0.121728 0.147262 0.005539 0.670376
4 2 0.016419 0.074292 0.145615 0.002889 0.760785
4 2 0.017834 0.073417 0.107633 0.001464 0.799652
4 2 0.033969 0.091321 0.079372 0.000964 0.794373
4 2 0.012632 0.068339 0.178551 0.004262 0.736216
4 2 0.022901 0.084210 0.131825 0.002628 0.758436
4 2 0.013700 0.070122 0.166934 0.003733 0.745511
4 2 0.013065 0.068100 0.156127 0.003107 0.759601
4 2 0.009777 0.062675 0.301452 0.019502 0.606594
4 2 0.009650 0.062332 0.310335 0.021213 0.596469
4 2 0.008641 0.059142 0.295462 0.018502 0.618253
4 2 0.010884 0.065479 0.313241 0.023265 0.587131
4 2 0.009989 0.063381 0.297194 0.018396 0.611041
4 2 0.012769 0.069535 0.227327 0.009220 0.681149
4 2 0.010804 0.065529 0.299119 0.019344 0.605204
4 2 0.010877 0.065746 0.300304 0.019543 0.603530
4 2 0.009720 0.062600 0.301126 0.019137 0.607416
4 2 0.011248 0.066659 0.252788 0.011254 0.658050
4 2 0.009388 0.061423 0.325440 0.024950 0.578800
4 2 0.009478 0.061727 0.322625 0.024195 0.581976
4 2 0.013449 0.070013 0.195216 0.006329 0.714992
4 2 0.009700 0.062233 0.324007 0.025136 0.578923
4 2 0.008485 0.058802 0.318707 0.022724 0.591282
4 2 0.138058 0.171556 0.194759 0.015908 0.479720
4 2 0.239156 0.193314 0.169707 0.014279 0.383544
4 2 0.100661 0.156407 0.185634 0.014263 0.543036
4 2 0.118556 0.164991 0.216858 0.021152 0.478444
4 2 0.103402 0.158612 0.202117 0.018446 0.517422
4 2 0.012904 0.065681 0.406816 0.086038 0.428561
4 2 0.010839 0.060484 0.411891 0.089856 0.426931
4 2 0.012669 0.064851 0.408774 0.089678 0.424028
4 2 0.012345 0.063484 0.412279 0.097566 0.414326
2 2 0.012264 0.062947 0.413880 0.102141 0.408768
2 2 0.012451 0.061726 0.418432 0.124219 0.383172
2 2 0.012855 0.061208 0.419620 0.143768 0.362549
2 2 0.011811 0.059563 0.420762 0.134757 0.373107
2 2 0.012833 0.061727 0.419131 0.135744 0.370565
2 2 0.010717 0.057483 0.421951 0.128020 0.381830
4 2 0.010751 0.060645 0.409819 0.084866 0.433920
4 2 0.010285 0.058492 0.415949 0.097996 0.417278
4 2 0.026690 0.093831 0.315739 0.038619 0.525121
2 2 0.010558 0.058831 0.417009 0.102844 0.410759
2 2 0.017499 0.073015 0.407879 0.109056 0.392550
2 2 0.008259 0.049455 0.428358 0.157357 0.356571
2 2 0.010211 0.055102 0.424343 0.146008 0.364336
2 2 0.008821 0.051601 0.427030 0.146047 0.366502
2 2 0.010831 0.056952 0.422906 0.140157 0.369155
2 2 0.009903 0.054251 0.424978 0.147638 0.363229
2 2 0.009991 0.055026 0.424348 0.138702 0.371933
2 2 0.012129 0.057637 0.420422 0.174010 0.335802
2 2 0.010772 0.057079 0.422707 0.136099 0.373342
2 2 0.010845 0.055499 0.423222 0.163384 0.347050
2 2 0.009930 0.052563 0.424199 0.176683 0.336625
4 2 0.023515 0.089675 0.357677 0.047127 0.482006
4 2 0.025590 0.092911 0.358031 0.048249 0.475218
4 2 0.022863 0.087917 0.370011 0.054256 0.464953
4 2 0.022122 0.085786 0.380341 0.062568 0.449182
4 2 0.073804 0.140395 0.191113 0.012373 0.582315
2 2 0.008690 0.049440 0.426541 0.177967 0.337362
2 2 0.008371 0.049938 0.428129 0.154116 0.359446
2 2 0.013963 0.064312 0.417016 0.132577 0.372132
2 2 0.008729 0.051127 0.427338 0.149994 0.362812
2 2 0.009625 0.053840 0.425318 0.143111 0.368105
2 2 0.007045 0.045158 0.430353 0.174342 0.343102
2 2 0.010183 0.052884 0.423335 0.181298 0.332301
2 2 0.008311 0.047680 0.425848 0.192455 0.325708
2 2 0.008315 0.048203 0.426883 0.182891 0.333708
2 2 0.010077 0.053830 0.424697 0.161365 0.350031
2 2 0.009979 0.057129 0.419035 0.106279 0.407578
2 2 0.009738 0.053998 0.425198 0.145141 0.365924
2 2 0.009502 0.054182 0.424738 0.132608 0.378969
2 2 0.010553 0.058377 0.418734 0.109122 0.403214
2 2 0.010223 0.055656 0.423843 0.137736 0.372542
4 2 0.112235 0.162605 0.252351 0.038929 0.433880
4 2 0.115546 0.164130 0.249013 0.038335 0.432976
2 2 0.245168 0.211878 0.282306 0.022224 0.238424
2 1 0.292287 0.224908 0.314403 0.034792 0.133610
2 2 0.283971 0.224307 0.356157 0.024647 0.110918
2 2 0.136385 0.178175 0.574418 0.039780 0.071243
2 2 0.105224 0.165024 0.587645 0.047245 0.094862
2 2 0.164199 0.197347 0.507459 0.037584 0.093412
2 2 0.120687 0.174690 0.578963 0.040442 0.085217
2 2 0.097427 0.163547 0.568418 0.050038 0.120570
2 2 0.030230 0.099233 0.475923 0.072395 0.322218
4 2 0.017519 0.077940 0.382690 0.058638 0.463213
4 2 0.023973 0.090710 0.366159 0.049594 0.469564
4 2 0.022371 0.086483 0.378165 0.060211 0.452769
4 2 0.020409 0.084538 0.369060 0.048471 0.477522
4 2 0.016296 0.075399 0.412570 0.082833 0.412901
2 2 0.018052 0.085602 0.487634 0.102489 0.306223
2 2 0.016228 0.079855 0.439167 0.085027 0.379722
2 2 0.020233 0.088766 0.543086 0.104764 0.243151
2 2 0.020169 0.084605 0.423637 0.090748 0.380841
4 2 0.014060 0.071366 0.381602 0.052610 0.480361
4 2 0.009422 0.060842 0.359409 0.036607 0.533720
4 2 0.008202 0.056799 0.375812 0.042846 0.516341
4 2 0.007290 0.053931 0.375368 0.041698 0.521713
4 2 0.008318 0.056865 0.385248 0.047657 0.501913
4 2 0.027122 0.095935 0.215660 0.009737 0.651546
4 2 0.025250 0.092882 0.208419 0.008597 0.664853
4 2 0.070831 0.136933 0.171653 0.009077 0.611506
4 2 0.069202 0.134914 0.247612 0.012169 0.536104
4 2 0.088365 0.146658 0.287200 0.015593 0.462184
2 2 0.165894 0.179207 0.410271 0.048395 0.196233
2 2 0.178807 0.197044 0.457938 0.047293 0.118918
2 2 0.098572 0.170438 0.568965 0.047517 0.114508
2 2 0.099013 0.178956 0.539909 0.054878 0.127244
2 2 0.097550 0.164807 0.584240 0.052962 0.100442
2 2 0.117206 0.188636 0.506890 0.043088 0.144181
2 2 0.072093 0.156978 0.610891 0.067651 0.092387
2 2 0.063678 0.140288 0.627034 0.078720 0.090281
2 2 0.051942 0.141091 0.613756 0.070455 0.122755
2 2 0.073404 0.149652 0.592874 0.067283 0.116786
2 2 0.019610 0.082134 0.433611 0.110973 0.353672
2 2 0.018415 0.088875 0.472618 0.097987 0.322105
2 2 0.018506 0.084355 0.474006 0.139040 0.284094
2 2 0.016671 0.081627 0.475197 0.126098 0.300407
2 2 0.017005 0.074182 0.445875 0.154187 0.308751
2 2 0.020094 0.076950 0.413081 0.127247 0.362628
2 2 0.013356 0.065967 0.452814 0.166816 0.301047
2 2 0.013295 0.061825 0.419057 0.148023 0.357800
2 2 0.010389 0.054896 0.424187 0.156080 0.354448
2 2 0.012167 0.058719 0.421002 0.158792 0.349320
2 2 0.012424 0.059397 0.420589 0.156826 0.350764
2 2 0.009041 0.051718 0.426767 0.153748 0.358726
2 2 0.009615 0.052695 0.425572 0.161623 0.350496
2 2 0.008890 0.050392 0.426665 0.170089 0.343964
2 2 0.011820 0.058774 0.421486 0.146660 0.361261
2 2 0.013149 0.064802 0.412906 0.103695 0.405448
2 2 0.012086 0.061777 0.416847 0.112351 0.396939
2 2 0.014307 0.066930 0.412225 0.107855 0.398683
2 2 0.015486 0.069495 0.406281 0.104358 0.404379
2 2 0.008999 0.052578 0.426168 0.137498 0.374757
2 2 0.006273 0.042040 0.430567 0.191329 0.329791
2 2 0.008127 0.044885 0.418198 0.237557 0.291233
2 2 0.007009 0.044188 0.428779 0.191745 0.328278
2 2 0.007563 0.046487 0.428994 0.177090 0.339867
2 2 0.009071 0.053065 0.425574 0.132569 0.379722
4 2 0.017807 0.080493 0.351338 0.038373 0.511989
4 2 0.022112 0.087606 0.342498 0.040841 0.506942
4 2 0.017683 0.079645 0.364905 0.045119 0.492647
4 2 0.042885 0.115437 0.220390 0.013100 0.608189
4 2 0.031485 0.101358 0.280168 0.026578 0.560410
4 2 0.024974 0.090317 0.366283 0.059392 0.459034
4 2 0.029311 0.099395 0.292328 0.026540 0.552425
4 2 0.018815 0.080841 0.377599 0.054852 0.467893
4 2 0.021071 0.086025 0.350393 0.041769 0.500742
4 2 0.018886 0.081120 0.376303 0.053611 0.470079
0 2 0.287563 0.206636 0.236036 0.041311 0.228454
2 1 0.291285 0.201152 0.388738 0.034270 0.084555
2 2 0.249302 0.207716 0.464355 0.021992 0.056635
2 2 0.264413 0.211049 0.415476 0.020147 0.088916
0 2 0.325508 0.209309 0.306963 0.035966 0.122253
2 2 0.103736 0.177602 0.524755 0.044631 0.149276
2 2 0.100899 0.172891 0.531252 0.044950 0.150008
2 2 0.095126 0.174306 0.452713 0.050444 0.227411
2 2 0.169041 0.183066 0.326809 0.040649 0.280434
2 0 0.302139 0.209804 0.312744 0.039218 0.136094
