0 0 0.659531 0.148889 0.033676 0.002881 0.155024
0 0 0.605314 0.170241 0.049898 0.005740 0.168807
0 0 0.509319 0.201062 0.079979 0.011471 0.198169
0 1 0.460676 0.214197 0.096325 0.014444 0.214358
0 1 0.466491 0.212766 0.098194 0.016205 0.206344
0 1 0.468989 0.211353 0.106814 0.022562 0.190283
0 1 0.296889 0.241953 0.292173 0.042705 0.126280
2 1 0.146589 0.190186 0.530801 0.067631 0.064793
2 1 0.142360 0.180534 0.527744 0.081666 0.067696
2 1 0.121240 0.134765 0.549085 0.144017 0.050893
2 2 0.127801 0.116581 0.520213 0.190959 0.044446
2 2 0.142101 0.095555 0.497105 0.229124 0.036115
2 2 0.165459 0.100527 0.460987 0.232659 0.040369
2 2 0.198714 0.122672 0.403981 0.218238 0.056395
2 2 0.219554 0.138673 0.363656 0.207786 0.070330
2 2 0.168296 0.112057 0.334009 0.309855 0.075783
3 2 0.193651 0.114231 0.280739 0.322847 0.088533
3 3 0.181930 0.098225 0.230969 0.390246 0.098630
3 3 0.154323 0.084860 0.219108 0.444916 0.096792
3 3 0.102750 0.056152 0.191608 0.572531 0.076959
3 3 0.094231 0.051523 0.190488 0.594643 0.069115
3 3 0.125303 0.063429 0.211656 0.528498 0.071114
3 3 0.223140 0.117641 0.259113 0.305637 0.094469
0 3 0.292379 0.143701 0.284860 0.196062 0.082997
0 3 0.319122 0.171777 0.299333 0.123724 0.086043
0 2 0.372675 0.204277 0.238780 0.077618 0.106650
0 2 0.401281 0.228089 0.177817 0.039097 0.153716
0 2 0.298060 0.253930 0.245378 0.029264 0.173368
2 2 0.239494 0.258828 0.305997 0.028995 0.166686
2 2 0.180530 0.236390 0.425229 0.044907 0.112944
2 2 0.155159 0.208120 0.506533 0.056543 0.073645
2 2 0.175418 0.205333 0.475506 0.067238 0.076505
2 2 0.163031 0.146074 0.504430 0.133219 0.053246
2 3 0.184534 0.114609 0.432246 0.219324 0.049287
2 3 0.227324 0.125981 0.348582 0.232753 0.065360
3 3 0.245127 0.121830 0.245466 0.293125 0.094452
3 3 0.198667 0.110594 0.235860 0.348601 0.106278
3 3 0.115101 0.058331 0.196689 0.555533 0.074346
3 3 0.074920 0.035021 0.156094 0.678707 0.055258
3 3 0.096002 0.043440 0.163289 0.628187 0.069081
3 3 0.126027 0.056514 0.173527 0.545495 0.098438
3 3 0.167851 0.073071 0.182002 0.447014 0.130061
3 3 0.192360 0.077550 0.178641 0.414791 0.136657
3 3 0.218385 0.091192 0.178713 0.345826 0.165885
3 3 0.212327 0.086443 0.170759 0.367134 0.163337
3 3 0.233391 0.092433 0.166633 0.336153 0.171390
3 3 0.243509 0.097359 0.164849 0.300732 0.193551
3 3 0.246063 0.088754 0.159660 0.327738 0.177785
3 3 0.192986 0.067721 0.151779 0.444835 0.142679
3 3 0.225717 0.066603 0.143238 0.436839 0.127602
3 3 0.298598 0.083815 0.145883 0.325779 0.145926
3 3 0.276021 0.077802 0.153885 0.377001 0.115291
3 3 0.221660 0.072166 0.165784 0.435108 0.105282
3 3 0.224203 0.068738 0.162006 0.443855 0.101198
3 3 0.261489 0.090324 0.171258 0.342585 0.134344
0 3 0.308579 0.106725 0.172564 0.260067 0.152064
0 3 0.314686 0.119855 0.171614 0.216321 0.177525
0 3 0.298151 0.130092 0.175542 0.199445 0.196771
0 3 0.288212 0.117546 0.167599 0.232974 0.193670
0 3 0.278760 0.120096 0.173748 0.235900 0.191496
3 3 0.158898 0.058371 0.146986 0.489895 0.145849
3 3 0.176833 0.063349 0.149126 0.457991 0.152700
3 3 0.217547 0.077385 0.151724 0.360322 0.193023
3 3 0.260595 0.087216 0.149118 0.292816 0.210256
0 3 0.270389 0.095377 0.149224 0.245000 0.240010
0 3 0.289502 0.106225 0.148391 0.204757 0.251125
0 3 0.266406 0.097036 0.153915 0.261933 0.220711
3 3 0.204802 0.078493 0.156349 0.375694 0.184663
3 3 0.152465 0.057988 0.143059 0.495666 0.150822
3 3 0.159661 0.062477 0.150117 0.475658 0.152087
3 3 0.148930 0.056861 0.152761 0.515538 0.125911
3 3 0.191987 0.072389 0.165961 0.430599 0.139062
3 3 0.189673 0.073939 0.168583 0.425081 0.142724
3 3 0.229306 0.084233 0.166079 0.359802 0.160580
0 3 0.283193 0.096117 0.154652 0.275202 0.190836
0 3 0.326538 0.101201 0.138354 0.207558 0.226349
0 3 0.336500 0.099738 0.131451 0.197364 0.234948
0 3 0.349430 0.107515 0.132264 0.162589 0.248203
0 3 0.357314 0.112549 0.134329 0.148757 0.247051
0 3 0.393107 0.119198 0.115906 0.101351 0.270439
0 3 0.344505 0.109988 0.118101 0.128681 0.298725
0 3 0.364862 0.108935 0.114571 0.123405 0.288227
0 3 0.351307 0.102020 0.126714 0.177219 0.242740
0 3 0.378423 0.110519 0.118394 0.134214 0.258450
0 3 0.358545 0.109074 0.112992 0.129258 0.290132
0 3 0.383034 0.105920 0.107415 0.121241 0.282391
0 3 0.353114 0.106620 0.119754 0.137183 0.283329
0 3 0.343213 0.105724 0.130853 0.173031 0.247179
0 3 0.314924 0.118560 0.141443 0.166973 0.258100
0 3 0.330401 0.124735 0.140999 0.155369 0.248496
0 3 0.309713 0.111432 0.152050 0.213634 0.213171
3 3 0.266008 0.097798 0.161888 0.283550 0.190756
3 3 0.221861 0.073269 0.156571 0.405256 0.143043
3 3 0.218130 0.070300 0.153127 0.421204 0.137239
3 3 0.246689 0.077677 0.154092 0.375056 0.146486
0 3 0.316489 0.109276 0.152332 0.217570 0.204333
0 3 0.334751 0.110899 0.143407 0.195638 0.215304
0 3 0.315255 0.110821 0.146592 0.198615 0.228717
0 3 0.294811 0.091941 0.146040 0.268915 0.198293
0 3 0.332045 0.103191 0.134122 0.186596 0.244046
0 3 0.354895 0.106333 0.128305 0.159451 0.251016
0 3 0.392045 0.106168 0.116845 0.131620 0.253321
0 3 0.380414 0.098278 0.115652 0.153952 0.251703
0 3 0.368533 0.106942 0.115173 0.136078 0.273274
0 3 0.385293 0.130021 0.109088 0.087173 0.288426
0 3 0.385952 0.163979 0.113719 0.056400 0.279950
0 3 0.390363 0.185418 0.126547 0.053909 0.243762
0 3 0.397679 0.177572 0.155691 0.089711 0.179348
0 3 0.376173 0.162235 0.186621 0.146803 0.128168
0 3 0.344365 0.168935 0.220931 0.154127 0.111642
0 1 0.286007 0.226549 0.280602 0.080669 0.126172
2 1 0.253909 0.245235 0.299342 0.049927 0.151587
2 1 0.194655 0.253368 0.342349 0.038665 0.170962
2 1 0.186231 0.259506 0.335492 0.030114 0.188656
2 1 0.182078 0.266361 0.319033 0.021635 0.210893
1 1 0.205973 0.271802 0.248015 0.013815 0.260395
4 1 0.204048 0.269850 0.219130 0.011724 0.295248
4 1 0.271144 0.259676 0.164041 0.010875 0.294264
0 1 0.328878 0.240577 0.114878 0.009326 0.306341
0 1 0.341331 0.236925 0.106547 0.008396 0.306801
0 1 0.732898 0.124923 0.027189 0.003317 0.111673
0 1 0.804066 0.097065 0.017917 0.002517 0.078435
0 1 0.853123 0.077595 0.014947 0.003682 0.050653
0 0 0.859014 0.074887 0.013935 0.003369 0.048795
0 0 0.872778 0.068450 0.011683 0.002696 0.044394
0 0 0.865918 0.071678 0.012785 0.003021 0.046598
0 0 0.833558 0.086532 0.018624 0.004800 0.056487
0 0 0.816965 0.096844 0.024708 0.005160 0.056323
0 0 0.781414 0.113509 0.035234 0.007059 0.062783
0 0 0.711121 0.140300 0.050523 0.010666 0.087390
0 0 0.610717 0.179625 0.082409 0.012470 0.114778
0 0 0.472041 0.225696 0.151751 0.015734 0.134779
0 0 0.454638 0.230251 0.162189 0.016338 0.136585
0 0 0.464712 0.226554 0.137895 0.014829 0.156009
0 0 0.395615 0.243161 0.144540 0.012172 0.204512
0 0 0.290858 0.267427 0.211635 0.012192 0.217888
1 0 0.252333 0.272119 0.250408 0.013246 0.211894
0 0 0.269717 0.268679 0.243707 0.014941 0.202956
1 0 0.257130 0.268951 0.235066 0.015025 0.223828
1 0 0.224440 0.270918 0.240946 0.014383 0.249314
4 0 0.223555 0.266684 0.205723 0.013166 0.290872
4 0 0.213197 0.268186 0.210812 0.012280 0.295526
4 0 0.226731 0.268973 0.204960 0.011253 0.288084
4 0 0.223034 0.264673 0.193740 0.012488 0.306065
4 0 0.283680 0.247022 0.131874 0.011096 0.326327
4 0 0.281767 0.247113 0.131409 0.010825 0.328887
4 0 0.307379 0.243784 0.124229 0.010809 0.313798
0 0 0.327816 0.239714 0.112774 0.009151 0.310545
0 0 0.330211 0.238654 0.108793 0.008313 0.314029
4 0 0.296523 0.242279 0.111543 0.007175 0.342479
4 0 0.252353 0.247249 0.123883 0.007358 0.369156
4 0 0.237582 0.250938 0.138794 0.009067 0.363619
4 0 0.236564 0.256673 0.158413 0.010802 0.337548
4 0 0.264507 0.250648 0.138512 0.010253 0.336079
4 0 0.253469 0.258612 0.161099 0.010695 0.316126
4 0 0.240348 0.262327 0.171032 0.010009 0.316283
4 0 0.259035 0.265195 0.177332 0.009686 0.288752
0 0 0.275038 0.265534 0.188680 0.011388 0.259360
0 0 0.304015 0.259638 0.175410 0.012724 0.248213
0 0 0.311915 0.253935 0.157280 0.013096 0.263774
0 0 0.325226 0.250581 0.150731 0.013639 0.259824
0 0 0.287537 0.260298 0.184861 0.014909 0.252395
1 0 0.244933 0.267826 0.217402 0.014463 0.255375
1 0 0.200122 0.272701 0.262529 0.013992 0.250656
4 0 0.225790 0.267806 0.201122 0.011479 0.293804
4 0 0.297887 0.246895 0.132765 0.011587 0.310866
0 0 0.382456 0.231334 0.108480 0.011842 0.265888
0 0 0.449283 0.216401 0.091677 0.011186 0.231453
0 0 0.522537 0.195204 0.065831 0.006822 0.209606
0 0 0.600997 0.169954 0.046359 0.004416 0.178275
0 0 0.669871 0.146925 0.034957 0.003555 0.144692
0 0 0.656247 0.152850 0.039753 0.004589 0.146561
0 1 0.574189 0.180240 0.056454 0.006429 0.182688
0 1 0.406107 0.224040 0.089743 0.007653 0.272456
0 1 0.328752 0.239389 0.111614 0.008915 0.311330
4 1 0.271242 0.247858 0.131451 0.010069 0.339381
4 1 0.249414 0.250073 0.138948 0.010304 0.351261
4 1 0.229440 0.251021 0.142158 0.009612 0.367770
4 1 0.230729 0.249861 0.135334 0.008320 0.375757
4 1 0.237789 0.247818 0.125533 0.006940 0.381920
4 1 0.201174 0.250519 0.142179 0.007851 0.398276
4 1 0.209430 0.250488 0.140318 0.008001 0.391763
4 1 0.256968 0.246287 0.120188 0.006923 0.369635
4 1 0.294364 0.241274 0.107115 0.006258 0.350989
4 1 0.299826 0.240709 0.106340 0.006345 0.346780
4 1 0.258193 0.238733 0.110301 0.006437 0.386337
4 1 0.218169 0.232370 0.114824 0.007245 0.427392
4 1 0.246240 0.220157 0.089379 0.004941 0.439283
4 1 0.225600 0.211723 0.091097 0.006393 0.465187
4 4 0.193411 0.193225 0.082785 0.006772 0.523807
4 4 0.211538 0.196262 0.085180 0.008015 0.499006
4 4 0.172598 0.185965 0.082707 0.007334 0.551396
4 4 0.121223 0.165432 0.073489 0.005248 0.634608
4 4 0.150354 0.191032 0.091466 0.006780 0.560368
4 4 0.183456 0.180359 0.064722 0.003653 0.567809
4 4 0.125872 0.159715 0.070906 0.006506 0.637001
4 4 0.159793 0.160546 0.060758 0.005354 0.613549
4 4 0.120004 0.126677 0.040286 0.003022 0.710010
4 4 0.134617 0.112833 0.027315 0.001708 0.723527
4 4 0.152569 0.122391 0.028661 0.001468 0.694911
4 4 0.127151 0.118787 0.028503 0.001199 0.724361
4 4 0.238925 0.166391 0.043119 0.001967 0.549598
4 4 0.201089 0.207874 0.088475 0.005297 0.497265
4 4 0.194605 0.228371 0.109329 0.005541 0.462154
4 4 0.250060 0.243109 0.108317 0.004855 0.393660
4 4 0.243536 0.246120 0.118672 0.006092 0.385580
4 0 0.223793 0.248890 0.130715 0.007127 0.389475
4 0 0.240623 0.245974 0.118094 0.005888 0.389422
4 0 0.251118 0.248168 0.128108 0.008087 0.364519
4 0 0.314309 0.239673 0.106595 0.007025 0.332399
4 0 0.330234 0.234612 0.093892 0.005322 0.335939
0 0 0.326038 0.240276 0.114774 0.009555 0.309356
0 0 0.332308 0.247161 0.164684 0.021393 0.234454
0 0 0.276987 0.256127 0.246601 0.030025 0.190260
2 0 0.264168 0.256882 0.270898 0.030747 0.177304
2 0 0.237715 0.253573 0.325231 0.034211 0.149270
0 0 0.289264 0.255202 0.255103 0.028992 0.171439
2 0 0.242060 0.243875 0.337886 0.046032 0.130147
0 0 0.286313 0.247902 0.257258 0.041681 0.166847
0 0 0.327430 0.247440 0.182621 0.026787 0.215723
0 0 0.322949 0.242949 0.137788 0.017014 0.279299
0 0 0.332401 0.239200 0.112818 0.009453 0.306128
4 0 0.306843 0.244176 0.126739 0.011485 0.310757
0 0 0.357947 0.236496 0.119322 0.013578 0.272658
0 0 0.365913 0.233514 0.105585 0.009653 0.285335
0 0 0.385763 0.229200 0.098498 0.008893 0.277645
0 0 0.396512 0.225019 0.087906 0.006728 0.283834
4 0 0.322978 0.237469 0.101160 0.006345 0.332048
0 0 0.349976 0.230333 0.086828 0.004790 0.328073
4 0 0.311591 0.223903 0.080305 0.003874 0.380326
4 0 0.291663 0.205446 0.065308 0.003019 0.434564
4 0 0.297132 0.207543 0.067275 0.003242 0.424808
4 1 0.347853 0.201941 0.058686 0.002793 0.388727
0 1 0.365529 0.208478 0.063824 0.003228 0.358940
0 1 0.404474 0.198342 0.049095 0.001731 0.346356
0 1 0.466624 0.194105 0.045363 0.001578 0.292330
0 1 0.429740 0.210141 0.062360 0.003044 0.294714
0 1 0.442468 0.209777 0.065189 0.003754 0.278812
0 1 0.447848 0.209970 0.067436 0.004294 0.270451
0 1 0.445785 0.209176 0.064972 0.003800 0.276267
4 1 0.143220 0.252084 0.191717 0.012124 0.400855
4 1 0.129304 0.259664 0.258107 0.015603 0.337322
4 1 0.158828 0.263546 0.223638 0.012617 0.341372
4 1 0.173126 0.266513 0.223362 0.012201 0.324799
1 2 0.245915 0.269384 0.231957 0.014749 0.237995
0 2 0.345433 0.255616 0.170188 0.012074 0.216689
0 2 0.454524 0.220603 0.095958 0.009041 0.219874
0 2 0.498312 0.203392 0.077582 0.009495 0.211220
0 2 0.535935 0.192782 0.068899 0.008774 0.193610
0 2 0.533534 0.193360 0.068827 0.008573 0.195706
0 2 0.489827 0.204754 0.074998 0.007981 0.222441
0 2 0.421830 0.219336 0.081776 0.006408 0.270650
4 2 0.326210 0.233652 0.090205 0.004612 0.345320
4 2 0.299319 0.241708 0.110023 0.007009 0.341941
4 2 0.285546 0.243518 0.113745 0.007082 0.350110
4 2 0.258133 0.247634 0.126536 0.008167 0.359530
4 2 0.244648 0.246876 0.121715 0.006622 0.380139
0 2 0.328255 0.237600 0.103457 0.007030 0.323658
0 2 0.378978 0.228696 0.092236 0.006928 0.293162
0 2 0.418289 0.220951 0.085415 0.007145 0.268200
0 2 0.412831 0.222014 0.086081 0.007048 0.272025
0 2 0.388969 0.226471 0.089207 0.006689 0.288664
0 2 0.327857 0.238828 0.108444 0.008102 0.316769
4 2 0.256589 0.257607 0.154799 0.009836 0.321169
4 2 0.175645 0.268924 0.224926 0.010851 0.319654
4 2 0.143425 0.269483 0.263792 0.010812 0.312488
4 2 0.190623 0.271309 0.237375 0.012120 0.288573
4 2 0.217184 0.265865 0.193088 0.011071 0.312791
4 2 0.248231 0.261613 0.172430 0.011103 0.306623
4 2 0.261030 0.264691 0.187205 0.011998 0.275077
0 2 0.307451 0.258654 0.168990 0.012038 0.252866
0 2 0.385429 0.240923 0.127416 0.010557 0.235674
0 2 0.336717 0.254167 0.160063 0.012064 0.236988
1 2 0.255115 0.269587 0.223436 0.013402 0.238461
2 2 0.207583 0.271932 0.293189 0.015910 0.211386
2 2 0.161128 0.265334 0.371633 0.018150 0.183756
2 2 0.171553 0.266850 0.368322 0.016917 0.176359
2 2 0.114796 0.247421 0.475698 0.017807 0.144278
2 2 0.090885 0.226599 0.540903 0.022361 0.119252
2 2 0.112414 0.234323 0.498538 0.028199 0.126526
2 2 0.143449 0.235650 0.467916 0.036062 0.116923
2 2 0.202788 0.246861 0.366534 0.042925 0.140891
2 2 0.241096 0.244450 0.317627 0.051003 0.145825
0 2 0.288244 0.239091 0.274572 0.055430 0.142663
2 2 0.198761 0.238409 0.394167 0.049153 0.119509
2 2 0.220330 0.237056 0.373242 0.052934 0.116438
2 2 0.190387 0.235838 0.407787 0.050575 0.115413
2 2 0.216281 0.250448 0.354085 0.037319 0.141867
2 2 0.203233 0.252605 0.377558 0.030317 0.136286
2 2 0.192954 0.258008 0.378037 0.024357 0.146645
2 2 0.176340 0.242218 0.435459 0.032324 0.113659
2 2 0.186644 0.241995 0.423196 0.034870 0.113295
2 3 0.140389 0.213744 0.510426 0.051954 0.083487
2 3 0.119392 0.208134 0.528389 0.057317 0.086767
2 3 0.129719 0.218498 0.494430 0.055610 0.101743
2 3 0.149198 0.232348 0.446303 0.050099 0.122052
2 3 0.167032 0.237340 0.427067 0.045867 0.122694
2 3 0.184745 0.241865 0.413052 0.039591 0.120747
2 2 0.231427 0.250653 0.352266 0.033649 0.132004
0 2 0.305968 0.252942 0.274339 0.026101 0.140650
2 2 0.151284 0.266012 0.326842 0.019287 0.236574
2 2 0.127221 0.260882 0.389569 0.018302 0.204025
2 2 0.115320 0.257686 0.415347 0.017029 0.194619
2 2 0.130438 0.259429 0.398996 0.019447 0.191690
2 2 0.142503 0.259436 0.394398 0.021322 0.182341
2 2 0.181376 0.268560 0.317441 0.019010 0.213613
2 2 0.141826 0.249688 0.430496 0.027241 0.150749
2 2 0.164678 0.245892 0.427407 0.032018 0.130005
2 2 0.192852 0.254348 0.388342 0.026819 0.137638
2 2 0.196348 0.256187 0.387499 0.023935 0.136030
2 2 0.169855 0.234142 0.463014 0.034462 0.098528
2 2 0.192058 0.236624 0.438607 0.034783 0.097928
2 2 0.194561 0.247257 0.406770 0.030985 0.120427
2 2 0.230792 0.268648 0.285267 0.018542 0.196751
1 2 0.253770 0.268681 0.224373 0.014382 0.238795
0 2 0.325121 0.257453 0.172392 0.012669 0.232365
0 2 0.353304 0.253169 0.166503 0.012757 0.214268
0 2 0.334703 0.257496 0.169718 0.011372 0.226712
0 2 0.335463 0.252755 0.145321 0.009765 0.256695
0 2 0.350433 0.247325 0.131065 0.009142 0.262035
0 2 0.342193 0.252997 0.150888 0.010530 0.243392
0 2 0.323796 0.259074 0.173328 0.011557 0.232245
0 2 0.397473 0.242181 0.141576 0.012114 0.206656
0 2 0.530062 0.198619 0.076902 0.008954 0.185463
0 2 0.575016 0.180307 0.057410 0.006824 0.180443
0 2 0.573010 0.180946 0.057889 0.006886 0.181269
0 2 0.496968 0.204716 0.078310 0.008944 0.211063
0 2 0.431014 0.230212 0.113914 0.010467 0.214393
0 2 0.323852 0.259908 0.178791 0.011795 0.225653
1 2 0.232969 0.274148 0.244759 0.011864 0.236259
2 2 0.139263 0.268647 0.365162 0.013745 0.213183
2 2 0.143650 0.263153 0.390775 0.017506 0.184916
2 2 0.184658 0.263381 0.364542 0.020892 0.166527
2 2 0.266295 0.262578 0.288685 0.021038 0.161403
0 2 0.341318 0.255481 0.196361 0.016485 0.190355
0 2 0.329333 0.257345 0.178891 0.013605 0.220826
0 2 0.320624 0.258832 0.178773 0.012985 0.228787
0 2 0.311633 0.260366 0.176777 0.011924 0.239299
4 2 0.278801 0.261203 0.167704 0.010537 0.281754
2 2 0.143989 0.269620 0.326877 0.014404 0.245110
2 2 0.089920 0.254730 0.394787 0.014403 0.246160
2 2 0.067385 0.226074 0.525774 0.020573 0.160194
2 2 0.078929 0.228262 0.524565 0.022739 0.145505
2 2 0.089842 0.235348 0.502901 0.022247 0.149662
2 2 0.133299 0.260813 0.377208 0.020511 0.208169
2 2 0.201246 0.265658 0.314040 0.022693 0.196362
0 2 0.357141 0.240708 0.124978 0.012020 0.265152
0 2 0.380859 0.231310 0.106232 0.010935 0.270665
0 2 0.400889 0.226590 0.097668 0.009625 0.265228
0 2 0.433959 0.218437 0.086194 0.008201 0.253209
0 2 0.462156 0.211008 0.077507 0.007209 0.242120
0 2 0.398781 0.225935 0.092801 0.008074 0.274409
0 2 0.346967 0.234588 0.099412 0.007042 0.311992
0 2 0.378231 0.230739 0.100468 0.008984 0.281578
0 2 0.457364 0.212070 0.078066 0.007121 0.245378
0 2 0.478900 0.205015 0.068449 0.005558 0.242077
0 1 0.484901 0.202324 0.064289 0.004806 0.243681
0 1 0.472272 0.207116 0.070947 0.005910 0.243755
0 1 0.443849 0.213763 0.075672 0.005889 0.260826
0 1 0.374242 0.229223 0.091871 0.006633 0.298032
0 2 0.351488 0.240360 0.113009 0.008203 0.286940
0 2 0.363154 0.232734 0.098569 0.007446 0.298097
0 2 0.363416 0.232162 0.097660 0.007438 0.299324
0 2 0.406317 0.225117 0.094745 0.009082 0.264739
0 2 0.459181 0.212424 0.080838 0.008044 0.239514
0 2 0.515333 0.195814 0.062872 0.005606 0.220374
0 2 0.518456 0.192081 0.055385 0.003929 0.230149
0 2 0.539324 0.187062 0.053581 0.004156 0.215878
0 2 0.531124 0.187993 0.052103 0.003602 0.225178
0 0 0.646589 0.152342 0.034088 0.002650 0.164331
0 0 0.584364 0.143184 0.025047 0.001488 0.245916
0 0 0.548106 0.133167 0.019545 0.000950 0.298232
0 0 0.585477 0.124332 0.016627 0.000792 0.272773
0 0 0.770303 0.101794 0.012995 0.000627 0.114281
0 0 0.776234 0.095520 0.010670 0.000438 0.117137
0 0 0.801840 0.082632 0.007743 0.000292 0.107494
0 0 0.818222 0.082280 0.008483 0.000372 0.090643
0 0 0.873555 0.064718 0.007565 0.000741 0.053421
0 0 0.795448 0.099002 0.016739 0.001797 0.087014
0 0 0.659855 0.146982 0.030931 0.002256 0.159975
0 0 0.653212 0.148198 0.030447 0.002031 0.166113
0 0 0.671656 0.142457 0.028687 0.002028 0.155173
0 0 0.629591 0.159279 0.038796 0.003328 0.169005
0 0 0.629822 0.157871 0.036498 0.002788 0.173020
0 0 0.635925 0.154103 0.033014 0.002200 0.174759
0 0 0.666297 0.142800 0.027538 0.001717 0.161648
0 0 0.655772 0.141301 0.023612 0.001020 0.178295
0 0 0.661507 0.140587 0.024075 0.001130 0.172700
0 0 0.671391 0.138621 0.024269 0.001261 0.164457
0 0 0.660267 0.144721 0.028158 0.001732 0.165122
0 0 0.643817 0.146915 0.026591 0.001279 0.181397
0 0 0.686638 0.133217 0.022358 0.001155 0.156632
0 0 0.682652 0.130313 0.020677 0.001024 0.165334
0 0 0.792337 0.098348 0.015001 0.001250 0.093064
0 0 0.688828 0.135594 0.025387 0.001686 0.148505
0 0 0.678142 0.136012 0.023194 0.001182 0.161470
0 0 0.549592 0.162625 0.029270 0.001034 0.257479
0 0 0.547352 0.173897 0.035837 0.001403 0.241512
0 0 0.569527 0.170517 0.036487 0.001726 0.221742
0 0 0.524497 0.185506 0.045776 0.002368 0.241854
0 0 0.529739 0.183940 0.044821 0.002314 0.239185
0 0 0.511480 0.187975 0.046133 0.002214 0.252199
0 0 0.524507 0.183613 0.043071 0.001996 0.246813
0 0 0.496420 0.191518 0.047731 0.002202 0.262128
0 0 0.456820 0.199915 0.051483 0.002106 0.289677
0 0 0.444106 0.203143 0.053780 0.002196 0.296776
0 0 0.444664 0.206189 0.058892 0.002845 0.287409
0 0 0.439416 0.208670 0.062089 0.003198 0.286626
0 0 0.446078 0.206035 0.058971 0.002882 0.286034
0 0 0.470901 0.201031 0.056630 0.003018 0.268420
0 0 0.502491 0.194016 0.053437 0.003162 0.246894
0 0 0.554011 0.181444 0.048367 0.003435 0.212742
0 0 0.596441 0.169261 0.042792 0.003350 0.188156
0 0 0.603427 0.167508 0.042510 0.003481 0.183074
0 0 0.590663 0.169861 0.041603 0.002945 0.194928
0 0 0.593750 0.169309 0.041813 0.003064 0.192064
0 0 0.596572 0.167397 0.039690 0.002694 0.193647
0 0 0.599900 0.168057 0.042033 0.003271 0.186738
0 0 0.554224 0.181910 0.049344 0.003648 0.210874
0 0 0.484894 0.199023 0.057128 0.003399 0.255556
0 0 0.604661 0.162481 0.035096 0.002022 0.195740
0 0 0.615300 0.158500 0.032857 0.001828 0.191515
0 0 0.685663 0.137464 0.026700 0.001887 0.148286
0 0 0.660454 0.146573 0.030566 0.002193 0.160215
0 0 0.644171 0.147246 0.027009 0.001340 0.180235
0 0 0.716789 0.122816 0.019261 0.001025 0.140108
0 0 0.783636 0.101559 0.015699 0.001262 0.097844
0 0 0.804101 0.095703 0.016003 0.001796 0.082396
0 0 0.844475 0.078732 0.011517 0.001368 0.063908
0 0 0.872779 0.066945 0.009356 0.001356 0.049563
0 0 0.827453 0.086026 0.013387 0.001559 0.071574
0 0 0.788991 0.098189 0.013988 0.000978 0.097855
0 0 0.706233 0.129232 0.023044 0.001522 0.139969
0 0 0.597336 0.164024 0.035138 0.001915 0.201587
0 0 0.551217 0.174033 0.036751 0.001545 0.236455
0 0 0.517870 0.181450 0.039534 0.001539 0.259608
0 0 0.507436 0.185842 0.042355 0.001698 0.262669
0 0 0.459849 0.199338 0.051245 0.002119 0.287450
0 0 0.532348 0.182636 0.043600 0.002180 0.239236
0 1 0.498676 0.195584 0.055099 0.003365 0.247277
0 1 0.513036 0.192074 0.053346 0.003388 0.238157
0 1 0.501578 0.195303 0.055548 0.003515 0.244056
0 1 0.490356 0.199900 0.060925 0.004259 0.244561
0 1 0.489415 0.200692 0.062350 0.004530 0.243014
0 1 0.462673 0.206181 0.064257 0.004117 0.262771
0 1 0.452192 0.208745 0.066205 0.004188 0.268670
0 1 0.437092 0.213179 0.071096 0.004670 0.273963
0 1 0.436077 0.213502 0.071508 0.004718 0.274196
0 1 0.451898 0.212306 0.075487 0.006181 0.254127
0 1 0.404651 0.223397 0.086472 0.006760 0.278719
4 1 0.328838 0.236330 0.099020 0.006181 0.329631
4 2 0.302103 0.242605 0.114829 0.008139 0.332323
4 2 0.301813 0.243807 0.120951 0.009553 0.323875
4 2 0.255649 0.252837 0.142330 0.009620 0.339564
4 2 0.244763 0.257156 0.157427 0.010516 0.330138
4 2 0.262126 0.261034 0.170288 0.011283 0.295269
4 2 0.277935 0.261276 0.161555 0.009141 0.290093
1 2 0.260376 0.271855 0.219120 0.010921 0.237728
1 2 0.243659 0.273316 0.260983 0.012997 0.209045
0 2 0.288990 0.268712 0.216949 0.011731 0.213618
2 2 0.229938 0.272934 0.298662 0.013769 0.184697
2 2 0.220637 0.268396 0.339158 0.015442 0.156367
0 2 0.277194 0.269377 0.259125 0.013694 0.180610
0 2 0.288591 0.268347 0.239616 0.013272 0.190174
2 2 0.246573 0.270622 0.302467 0.014060 0.166278
2 2 0.197130 0.266127 0.377892 0.014514 0.144337
2 2 0.212493 0.268174 0.347058 0.015548 0.156727
2 2 0.219498 0.271179 0.301725 0.016027 0.191571
2 2 0.191585 0.272340 0.277623 0.014880 0.243572
2 2 0.117579 0.258212 0.405894 0.017949 0.200367
2 2 0.118590 0.259874 0.390962 0.017697 0.212877
2 2 0.164049 0.269979 0.308420 0.016303 0.241248
1 2 0.191033 0.271482 0.255444 0.014019 0.268022
2 2 0.168364 0.269079 0.329442 0.017461 0.215654
2 0 0.227884 0.270267 0.288435 0.016898 0.196516
0 0 0.292884 0.260124 0.263936 0.021006 0.162051
0 0 0.347889 0.250979 0.225957 0.021689 0.153487
0 0 0.310859 0.246583 0.274631 0.033929 0.133998
2 2 0.254581 0.227624 0.356446 0.062862 0.098486
2 2 0.195996 0.213292 0.422276 0.082853 0.085583
2 2 0.130565 0.095842 0.499573 0.235084 0.038936
2 3 0.128715 0.087824 0.431804 0.306753 0.044904
2 3 0.176746 0.107171 0.377223 0.278769 0.060091
3 3 0.111495 0.060720 0.265027 0.507827 0.054931
3 3 0.057345 0.028264 0.171791 0.706709 0.035891
3 3 0.057893 0.026598 0.154773 0.724821 0.035915
3 3 0.059149 0.027706 0.157541 0.718350 0.037254
3 3 0.076650 0.037045 0.183280 0.659422 0.043602
3 3 0.082852 0.042007 0.186465 0.636706 0.051970
3 3 0.088331 0.046872 0.191779 0.614294 0.058724
3 3 0.102083 0.056510 0.198482 0.566520 0.076406
3 3 0.121315 0.065324 0.206066 0.511208 0.096087
3 3 0.117568 0.063291 0.203193 0.513798 0.102150
3 3 0.092208 0.047996 0.178651 0.597615 0.083530
3 3 0.085519 0.038906 0.153891 0.650363 0.071321
3 3 0.118924 0.056253 0.177479 0.554282 0.093062
3 3 0.138237 0.071732 0.191868 0.480311 0.117852
3 3 0.193879 0.103970 0.201458 0.335421 0.165272
3 3 0.225555 0.105515 0.192855 0.317351 0.158724
3 3 0.243775 0.095965 0.181467 0.325515 0.153279
3 3 0.262445 0.097670 0.178962 0.291055 0.169869
0 3 0.303911 0.121073 0.170279 0.184408 0.220330
0 3 0.357041 0.145150 0.145847 0.098879 0.253083
0 3 0.343387 0.129830 0.157739 0.148238 0.220806
0 3 0.290187 0.117415 0.169404 0.201730 0.221264
3 3 0.179722 0.070353 0.166448 0.437231 0.146245
3 3 0.160772 0.064048 0.161407 0.475100 0.138673
3 3 0.187221 0.077509 0.172944 0.400372 0.161954
3 3 0.217280 0.091001 0.172970 0.327835 0.190915
3 3 0.217635 0.097101 0.174102 0.303522 0.207640
3 3 0.212977 0.087037 0.167972 0.357128 0.174886
3 3 0.202807 0.073592 0.155382 0.420710 0.147510
3 3 0.217606 0.069576 0.143468 0.416222 0.153127
0 3 0.285754 0.092565 0.143022 0.267365 0.211294
0 3 0.321548 0.110121 0.137433 0.180400 0.250499
0 3 0.343174 0.108031 0.128605 0.175893 0.244297
0 3 0.310278 0.100088 0.129884 0.214022 0.245728
3 3 0.254217 0.081548 0.138905 0.329991 0.195339
3 3 0.259280 0.091781 0.148086 0.286619 0.214234
0 3 0.274574 0.101243 0.158141 0.260429 0.205614
0 3 0.307268 0.120111 0.159080 0.177558 0.235983
0 3 0.360858 0.124762 0.141222 0.128198 0.244959
0 3 0.347401 0.117798 0.153100 0.151406 0.230296
0 3 0.315708 0.105759 0.161155 0.204593 0.212785
0 3 0.306569 0.112536 0.162381 0.181238 0.237276
0 3 0.315867 0.117136 0.157300 0.158076 0.251622
0 3 0.294514 0.106581 0.160173 0.199758 0.238974
0 3 0.286367 0.098948 0.153970 0.219542 0.241173
3 3 0.235553 0.090938 0.157212 0.275143 0.241154
0 3 0.260616 0.100749 0.161020 0.240949 0.236666
0 3 0.306093 0.106587 0.153881 0.216041 0.217398
0 3 0.313748 0.090533 0.139156 0.259380 0.197184
3 3 0.286859 0.085851 0.143183 0.291235 0.192871
0 3 0.287229 0.093047 0.148903 0.263183 0.207638
0 3 0.285887 0.096780 0.152769 0.257557 0.207007
0 3 0.292530 0.103853 0.141526 0.206657 0.255434
3 3 0.257871 0.082395 0.137777 0.299643 0.222313
0 3 0.271895 0.092970 0.137788 0.245650 0.251697
0 3 0.278619 0.097135 0.141270 0.234976 0.248000
0 3 0.303710 0.100938 0.138761 0.218144 0.238446
0 3 0.313667 0.137135 0.142823 0.136585 0.269790
0 3 0.300868 0.156914 0.155937 0.116817 0.269462
0 3 0.320981 0.147873 0.182250 0.167628 0.181268
0 3 0.326556 0.122831 0.194923 0.243074 0.112617
0 3 0.349404 0.114199 0.205420 0.245020 0.085957
0 3 0.372991 0.147786 0.216161 0.167923 0.095140
2 3 0.273454 0.151476 0.311724 0.181247 0.082099
2 2 0.207034 0.132714 0.317213 0.254486 0.088552
2 2 0.162395 0.144712 0.318917 0.246043 0.127932
2 2 0.133703 0.156623 0.341132 0.216054 0.152488
2 2 0.111594 0.171330 0.423508 0.163963 0.129605
2 2 0.086397 0.176256 0.484336 0.126454 0.126556
2 2 0.067722 0.137032 0.555543 0.159362 0.080341
2 2 0.072920 0.195966 0.568281 0.057967 0.104866
2 2 0.094305 0.230432 0.506801 0.029245 0.139217
2 2 0.102086 0.250371 0.419218 0.022095 0.206230
2 2 0.108920 0.255533 0.392317 0.020260 0.222970
4 2 0.159385 0.264899 0.229705 0.012626 0.333385
4 2 0.232958 0.249818 0.135150 0.008415 0.373660
4 2 0.260222 0.247183 0.124688 0.007916 0.359991
4 2 0.271926 0.242686 0.108304 0.005592 0.371492
4 1 0.204258 0.219170 0.102376 0.006523 0.467673
4 1 0.159196 0.193064 0.087639 0.005835 0.554266
4 1 0.115162 0.181674 0.099791 0.008262 0.595110
4 1 0.121114 0.189675 0.099718 0.006478 0.583015
4 1 0.144765 0.207312 0.115219 0.008518 0.524186
4 1 0.184409 0.219699 0.110413 0.007215 0.478264
4 0 0.150680 0.184904 0.086131 0.006869 0.571416
4 0 0.118788 0.142018 0.056033 0.005185 0.677976
4 0 0.104254 0.124758 0.046262 0.004595 0.720131
4 0 0.081793 0.103317 0.032990 0.002511 0.779389
4 0 0.086797 0.085994 0.019803 0.001214 0.806193
4 0 0.098498 0.079980 0.015511 0.000955 0.805056
4 0 0.069288 0.071516 0.015592 0.001009 0.842596
4 0 0.132183 0.092443 0.016877 0.000890 0.757607
4 0 0.210656 0.115596 0.020939 0.001121 0.651688
4 0 0.232488 0.127958 0.024620 0.001262 0.613672
4 0 0.176154 0.106929 0.019300 0.000984 0.696634
4 0 0.285408 0.122918 0.019723 0.000940 0.571011
4 0 0.225138 0.138182 0.030337 0.001640 0.604703
4 0 0.311924 0.162324 0.036182 0.001757 0.487812
4 0 0.214027 0.157861 0.043596 0.002571 0.581944
4 2 0.210270 0.175583 0.057518 0.003571 0.553059
4 4 0.131175 0.144640 0.047434 0.002652 0.674100
4 4 0.192502 0.161138 0.047045 0.002459 0.596856
4 4 0.138333 0.141020 0.042649 0.002275 0.675722
4 4 0.104315 0.097247 0.022664 0.001315 0.774459
4 4 0.093935 0.076677 0.015358 0.001140 0.812890
4 4 0.090495 0.072482 0.014004 0.001065 0.821955
4 4 0.088725 0.075947 0.015435 0.001096 0.818797
4 4 0.121360 0.092536 0.018754 0.001175 0.766176
4 4 0.120177 0.105438 0.024628 0.001407 0.748350
4 4 0.132887 0.122211 0.029541 0.001243 0.714118
4 4 0.265666 0.195060 0.058965 0.002565 0.477744
4 4 0.286779 0.227373 0.082460 0.003384 0.400005
4 4 0.287633 0.235289 0.093910 0.004383 0.378785
4 4 0.289940 0.224116 0.082502 0.003904 0.399538
4 4 0.244618 0.205629 0.073775 0.003807 0.472171
4 4 0.208626 0.194291 0.070898 0.003820 0.522364
4 4 0.211341 0.186807 0.062280 0.003068 0.536505
0 4 0.389875 0.222471 0.077845 0.004481 0.305329
0 4 0.348147 0.228955 0.082831 0.004127 0.335939
4 1 0.322249 0.234694 0.092250 0.004803 0.346004
4 1 0.328019 0.236866 0.100635 0.006455 0.328026
0 1 0.342836 0.232626 0.091386 0.005323 0.327828
0 1 0.367642 0.227246 0.083457 0.004770 0.316885
0 1 0.370691 0.226700 0.082908 0.004770 0.314931
0 1 0.351301 0.232430 0.093475 0.006013 0.316781
0 0 0.338199 0.236705 0.103997 0.007628 0.313470
0 0 0.348739 0.235709 0.105028 0.008441 0.302083
4 0 0.306705 0.239562 0.103948 0.006196 0.343589
4 0 0.250444 0.242861 0.107546 0.004766 0.394383
4 0 0.260490 0.245113 0.115832 0.006340 0.372225
4 0 0.234595 0.248982 0.130873 0.007709 0.377842
4 0 0.254625 0.250683 0.128322 0.006842 0.359528
4 0 0.286204 0.254842 0.140566 0.008270 0.310117
0 0 0.407625 0.228649 0.101100 0.009073 0.253553
0 0 0.402116 0.225482 0.093153 0.008361 0.270888
0 0 0.347080 0.236079 0.105812 0.008542 0.302487
4 0 0.272585 0.247314 0.128580 0.009479 0.342041
4 0 0.190777 0.253061 0.162665 0.011087 0.382410
4 0 0.117739 0.247737 0.211308 0.013945 0.409272
4 0 0.097677 0.242183 0.210759 0.011237 0.438143
4 0 0.094039 0.240446 0.204516 0.009801 0.451197
4 0 0.095107 0.240980 0.206358 0.010206 0.447350
4 0 0.097993 0.242323 0.211297 0.011370 0.437018
4 0 0.096903 0.241833 0.209438 0.010918 0.440908
4 1 0.140130 0.247477 0.162592 0.007392 0.442408
4 1 0.223150 0.244182 0.112922 0.004595 0.415151
4 1 0.268626 0.242917 0.108727 0.005537 0.374193
4 1 0.327562 0.236534 0.099321 0.006186 0.330397
4 1 0.282984 0.243826 0.114414 0.007088 0.351688
4 1 0.238702 0.245324 0.115751 0.005478 0.394745
4 1 0.221153 0.246446 0.120901 0.005539 0.405961
4 1 0.218204 0.247779 0.126419 0.006200 0.401398
4 1 0.247695 0.245969 0.118213 0.006191 0.381933
4 1 0.267781 0.243945 0.112255 0.006055 0.369964
4 1 0.293382 0.241626 0.108186 0.006407 0.350399
0 1 0.335362 0.234573 0.095201 0.005731 0.329134
4 1 0.325100 0.236282 0.097750 0.005805 0.335063
4 1 0.295714 0.240278 0.103921 0.005767 0.354319
4 1 0.264522 0.243679 0.110953 0.005725 0.375121
4 1 0.263961 0.246668 0.122916 0.007770 0.358685
4 1 0.232327 0.248142 0.126972 0.006921 0.385638
4 1 0.210513 0.249682 0.135995 0.007326 0.396484
4 1 0.170933 0.251187 0.158971 0.008841 0.410069
4 1 0.149629 0.250449 0.172505 0.009623 0.417795
4 1 0.143426 0.249707 0.174222 0.009422 0.423223
4 1 0.103407 0.247113 0.226997 0.012859 0.409624
4 2 0.095446 0.243228 0.217193 0.010914 0.433219
4 2 0.085771 0.249348 0.268270 0.010641 0.385970
4 2 0.088268 0.250559 0.280700 0.012309 0.368164
4 2 0.119607 0.258245 0.245800 0.012117 0.364231
4 2 0.149762 0.267638 0.256218 0.012521 0.313861
4 2 0.177115 0.272156 0.263249 0.013011 0.274469
1 2 0.194083 0.273892 0.247483 0.011406 0.273135
4 2 0.195593 0.274415 0.242522 0.010620 0.276850
1 2 0.192701 0.273788 0.254920 0.012081 0.266510
2 2 0.144420 0.268947 0.339190 0.015039 0.232404
2 2 0.127150 0.266534 0.334785 0.014432 0.257099
2 2 0.155801 0.266272 0.307332 0.019353 0.251242
2 2 0.117664 0.251321 0.432830 0.022536 0.175648
2 2 0.094912 0.237447 0.506351 0.019649 0.141641
2 2 0.089466 0.237177 0.511908 0.017520 0.143928
2 2 0.095862 0.244454 0.483936 0.016823 0.158925
2 2 0.093544 0.248666 0.466565 0.014891 0.176334
2 2 0.077253 0.237812 0.508431 0.014389 0.162115
2 2 0.077396 0.225022 0.559101 0.016209 0.122272
2 2 0.073059 0.208858 0.605374 0.018618 0.094090
2 2 0.088972 0.208592 0.602723 0.020134 0.079580
2 2 0.089621 0.195990 0.625429 0.024733 0.064226
2 2 0.089720 0.182929 0.639963 0.034218 0.053171
2 2 0.089075 0.180304 0.636027 0.041233 0.053361
2 2 0.067705 0.165736 0.668567 0.047257 0.050736
2 2 0.106587 0.212457 0.550577 0.039468 0.090911
2 2 0.118732 0.232413 0.495022 0.032456 0.121377
2 2 0.129124 0.253573 0.425929 0.022344 0.169030
2 2 0.102008 0.250255 0.440873 0.019218 0.187647
2 2 0.066903 0.227876 0.517254 0.019917 0.168050
2 2 0.070597 0.241673 0.440704 0.016403 0.230624
2 2 0.075334 0.247813 0.392899 0.014724 0.269231
2 2 0.071151 0.242049 0.441304 0.016249 0.229248
2 2 0.089443 0.254039 0.383879 0.015228 0.257410
2 2 0.116941 0.264071 0.305870 0.013076 0.300041
2 2 0.108747 0.261630 0.346661 0.014634 0.268328
2 2 0.137212 0.268414 0.325253 0.014448 0.254673
2 2 0.122998 0.264952 0.341040 0.015106 0.255904
4 2 0.167575 0.265465 0.241178 0.015354 0.310428
4 2 0.161748 0.264077 0.249356 0.017152 0.307667
2 2 0.138594 0.261953 0.324933 0.021992 0.252528
2 2 0.121845 0.253699 0.390047 0.026572 0.207837
2 2 0.092948 0.234162 0.475457 0.032501 0.164932
2 2 0.060357 0.220332 0.539706 0.020969 0.158637
2 2 0.039929 0.175521 0.677845 0.021900 0.084805
2 2 0.024016 0.118408 0.795604 0.028335 0.033637
2 2 0.030924 0.122261 0.781952 0.033823 0.031040
2 2 0.063377 0.167814 0.683027 0.034337 0.051444
2 2 0.094045 0.182162 0.619349 0.048525 0.055919
2 2 0.199276 0.243967 0.402294 0.036415 0.118048
2 1 0.263595 0.253777 0.284261 0.034678 0.163689
0 1 0.300591 0.254126 0.195807 0.023687 0.225789
4 1 0.234059 0.260703 0.195612 0.017350 0.292275
4 1 0.191247 0.265025 0.229094 0.016843 0.297790
4 1 0.147108 0.264043 0.265981 0.016694 0.306174
2 2 0.117652 0.261895 0.328809 0.016611 0.275032
2 2 0.092058 0.256064 0.370551 0.014418 0.266909
2 2 0.068804 0.239579 0.460267 0.015893 0.215458
2 2 0.075896 0.247963 0.421064 0.013882 0.241195
2 2 0.076864 0.245680 0.446262 0.014791 0.216403
2 2 0.107642 0.259458 0.395827 0.015220 0.221853
2 2 0.110164 0.261189 0.376722 0.015109 0.236816
2 2 0.123144 0.266235 0.320965 0.013482 0.276174
4 2 0.136765 0.264115 0.257016 0.013097 0.329006
4 2 0.199039 0.253966 0.162039 0.011115 0.373842
4 2 0.237147 0.251489 0.146594 0.011202 0.353568
4 1 0.271649 0.244816 0.116192 0.006890 0.360453
4 0 0.301102 0.241109 0.108165 0.006735 0.342890
0 0 0.373756 0.224373 0.077934 0.004060 0.319878
0 0 0.445954 0.208068 0.062751 0.003440 0.279787
0 0 0.548388 0.182064 0.047430 0.003112 0.219007
4 0 0.256008 0.247979 0.127914 0.008323 0.359776
4 1 0.213065 0.251975 0.148922 0.009889 0.376149
4 1 0.187688 0.253658 0.170189 0.012533 0.375932
4 1 0.151247 0.252424 0.193106 0.014077 0.389146
4 1 0.116771 0.247423 0.209173 0.013349 0.413284
4 1 0.119485 0.248975 0.210077 0.013052 0.408411
4 1 0.141710 0.249731 0.176805 0.009727 0.422026
4 1 0.157819 0.251487 0.172165 0.010235 0.408295
4 1 0.160496 0.251599 0.170431 0.010130 0.407344
4 1 0.169412 0.251538 0.162495 0.009358 0.407197
4 1 0.174079 0.250496 0.152680 0.007992 0.414752
4 1 0.195091 0.249616 0.139206 0.007044 0.409043
4 1 0.196547 0.246782 0.126643 0.005363 0.424665
4 1 0.182768 0.247820 0.135273 0.005910 0.428229
4 1 0.221673 0.228333 0.099515 0.004753 0.445726
4 1 0.186583 0.205074 0.092909 0.006315 0.509118
4 1 0.119945 0.177086 0.089866 0.007098 0.606006
4 1 0.064993 0.136948 0.081246 0.008606 0.708206
4 1 0.096781 0.160851 0.088315 0.008779 0.645274
4 4 0.097235 0.155659 0.077518 0.006537 0.663051
4 4 0.079837 0.143516 0.073018 0.006056 0.697573
4 4 0.120617 0.179832 0.099150 0.009696 0.590705
4 4 0.166073 0.186283 0.088818 0.009079 0.549746
4 4 0.164804 0.152411 0.053459 0.004947 0.624379
4 4 0.139183 0.139940 0.046713 0.003709 0.670456
4 4 0.098209 0.125603 0.047374 0.004203 0.724611
4 4 0.078403 0.103496 0.036330 0.003469 0.778301
4 4 0.068913 0.088792 0.028596 0.002886 0.810813
4 4 0.080018 0.083739 0.021439 0.001774 0.813030
4 4 0.106791 0.097007 0.024572 0.002059 0.769571
4 4 0.119600 0.104462 0.026954 0.002271 0.746713
4 4 0.119017 0.109336 0.029427 0.002324 0.739895
4 4 0.194390 0.105317 0.017012 0.000771 0.682510
4 4 0.259327 0.120968 0.019959 0.000945 0.598801
4 4 0.201223 0.125396 0.027230 0.001753 0.644398
4 4 0.190529 0.132391 0.033697 0.002653 0.640730
4 4 0.155198 0.111681 0.025530 0.001887 0.705705
4 4 0.137408 0.128150 0.037827 0.002829 0.693787
4 4 0.074300 0.095522 0.027844 0.001712 0.800623
4 4 0.078977 0.102236 0.033761 0.002788 0.782239
4 4 0.062956 0.095084 0.035558 0.003613 0.802787
4 4 0.060379 0.087805 0.029491 0.002617 0.819708
4 4 0.056404 0.076881 0.023163 0.002104 0.841448
4 4 0.057526 0.069510 0.018973 0.001970 0.852021
4 4 0.046520 0.061237 0.016836 0.001824 0.873582
4 4 0.066104 0.068721 0.016040 0.001406 0.847729
4 4 0.070548 0.068290 0.015091 0.001311 0.844760
4 4 0.069703 0.066827 0.014004 0.001070 0.848396
4 4 0.111924 0.076814 0.013518 0.000951 0.796793
4 4 0.137757 0.080715 0.012982 0.000866 0.767681
4 4 0.125606 0.098233 0.021603 0.001512 0.753046
4 4 0.133206 0.109724 0.025047 0.001403 0.730620
4 4 0.152000 0.105885 0.020177 0.000938 0.721000
4 4 0.192040 0.138364 0.034879 0.002202 0.632516
4 4 0.134031 0.140208 0.045519 0.002980 0.677262
4 4 0.131812 0.145179 0.052190 0.004004 0.666814
4 4 0.094576 0.147494 0.073085 0.007305 0.677539
4 4 0.057345 0.134235 0.091519 0.012537 0.704364
4 4 0.061567 0.137534 0.088537 0.010626 0.701736
4 4 0.047454 0.137762 0.113976 0.016541 0.684268
4 4 0.249474 0.246449 0.120208 0.006588 0.377281
4 4 0.188262 0.250645 0.146879 0.007894 0.406320
4 4 0.228242 0.249473 0.133322 0.007808 0.381155
4 4 0.206339 0.250345 0.140116 0.007791 0.395408
4 4 0.196557 0.251317 0.147978 0.008588 0.395560
4 4 0.180814 0.252129 0.159755 0.009694 0.397609
4 4 0.154072 0.250603 0.168795 0.009322 0.417208
4 1 0.135859 0.257886 0.226112 0.013277 0.366866
4 1 0.129533 0.258442 0.242139 0.014150 0.355736
4 1 0.143369 0.259174 0.236613 0.016077 0.344768
2 1 0.129004 0.261352 0.314345 0.019888 0.275411
2 1 0.140478 0.264110 0.315890 0.019454 0.260068
2 1 0.135139 0.261226 0.310011 0.021489 0.272135
4 1 0.177717 0.257045 0.195586 0.015471 0.354180
4 2 0.182573 0.252265 0.159861 0.009847 0.395455
4 2 0.165436 0.252976 0.179418 0.012452 0.389718
4 2 0.176103 0.253226 0.172513 0.011948 0.386210
4 2 0.168009 0.251747 0.165131 0.009736 0.405378
4 2 0.213543 0.251151 0.143502 0.008834 0.382970
4 2 0.240166 0.247858 0.125761 0.007092 0.379123
4 2 0.218498 0.250018 0.136657 0.007867 0.386960
4 2 0.191450 0.251759 0.152446 0.009072 0.395274
4 2 0.162260 0.250770 0.162483 0.008839 0.415648
4 2 0.141612 0.249778 0.177357 0.009815 0.421438
4 2 0.118819 0.246805 0.193142 0.010488 0.430746
4 2 0.124775 0.249165 0.196642 0.011151 0.418268
4 2 0.132060 0.253093 0.204639 0.011781 0.398427
4 2 0.142835 0.259979 0.208178 0.009631 0.379377
4 2 0.122906 0.268309 0.290742 0.010098 0.307946
2 2 0.147582 0.271012 0.337009 0.013524 0.230872
2 1 0.195058 0.271705 0.287794 0.016018 0.229426
2 1 0.182834 0.267946 0.322372 0.019591 0.207258
2 1 0.113751 0.245676 0.444039 0.027499 0.169036
2 1 0.075505 0.215789 0.549306 0.032173 0.127227
2 1 0.070742 0.217758 0.547354 0.027918 0.136228
2 1 0.073182 0.237743 0.469112 0.019395 0.200568
2 2 0.073085 0.239654 0.449903 0.019396 0.217963
2 2 0.071926 0.238906 0.454789 0.019096 0.215283
2 2 0.101612 0.257227 0.349322 0.016799 0.275040
2 2 0.128796 0.263041 0.308607 0.017509 0.282047
2 2 0.122566 0.261292 0.321919 0.018471 0.275752
2 2 0.088096 0.252414 0.350612 0.016172 0.292707
2 2 0.077290 0.248077 0.389632 0.015562 0.269439
2 2 0.068481 0.242162 0.438801 0.014796 0.235761
2 2 0.065403 0.242907 0.434514 0.012587 0.244589
2 2 0.051376 0.217822 0.556738 0.014502 0.159562
2 2 0.046478 0.205652 0.598811 0.015251 0.133809
2 2 0.043736 0.198061 0.622314 0.015723 0.120166
2 2 0.051554 0.215224 0.565214 0.015723 0.152285
2 2 0.044313 0.195022 0.629308 0.017629 0.113729
2 2 0.046027 0.203468 0.605399 0.015721 0.129384
2 2 0.050972 0.213217 0.572079 0.016088 0.147644
2 2 0.046633 0.205105 0.600217 0.015614 0.132430
2 2 0.043456 0.198627 0.621119 0.015221 0.121576
2 2 0.036373 0.173498 0.687870 0.017910 0.084350
2 2 0.036251 0.160101 0.711427 0.025282 0.066939
2 2 0.046569 0.180945 0.658444 0.026854 0.087187
2 2 0.043444 0.160843 0.693045 0.038536 0.064132
2 3 0.051112 0.126780 0.679960 0.090877 0.051270
2 3 0.053737 0.117560 0.641531 0.130808 0.056364
2 3 0.053300 0.072814 0.527915 0.307650 0.038321
3 3 0.068628 0.077189 0.385897 0.406445 0.061841
3 3 0.071141 0.071557 0.284680 0.485142 0.087480
3 3 0.077071 0.062753 0.210613 0.552734 0.096829
3 3 0.079997 0.070288 0.222024 0.513040 0.114652
3 3 0.081384 0.071683 0.226046 0.502927 0.117960
3 3 0.088703 0.080983 0.238923 0.463960 0.127432
3 3 0.104569 0.088599 0.239782 0.429052 0.137998
3 3 0.106918 0.087847 0.238077 0.434686 0.132472
3 3 0.098905 0.073159 0.222637 0.495399 0.109899
3 3 0.065668 0.044759 0.177854 0.639603 0.072115
3 3 0.045787 0.028362 0.142516 0.731082 0.052254
3 3 0.038557 0.024382 0.128303 0.757997 0.050761
3 3 0.038226 0.024180 0.127601 0.759366 0.050627
3 3 0.040126 0.024930 0.126592 0.754534 0.053817
3 3 0.046665 0.029400 0.132029 0.726945 0.064961
3 3 0.053281 0.033694 0.138386 0.697034 0.077605
3 3 0.071326 0.045656 0.158838 0.617370 0.106809
3 3 0.086023 0.055455 0.173172 0.559117 0.126233
3 3 0.099664 0.069823 0.190467 0.473037 0.167008
3 3 0.114681 0.075808 0.198700 0.435681 0.175130
3 3 0.172571 0.107710 0.205977 0.279609 0.234133
4 3 0.189517 0.124067 0.208622 0.220592 0.257202
3 3 0.161081 0.105180 0.210213 0.304829 0.218697
3 3 0.131862 0.087209 0.192035 0.372337 0.216557
3 3 0.126809 0.074750 0.175742 0.425427 0.197271
3 3 0.153971 0.087880 0.174439 0.338849 0.244862
3 3 0.164350 0.092640 0.177287 0.315364 0.250358
3 3 0.157735 0.094258 0.185177 0.311579 0.251252
3 3 0.149358 0.088421 0.189855 0.346446 0.225921
3 3 0.149351 0.079321 0.178099 0.385209 0.208020
3 3 0.115791 0.064321 0.171001 0.470063 0.178824
3 3 0.119355 0.069035 0.169755 0.452085 0.189770
3 3 0.132230 0.077987 0.175102 0.406481 0.208201
3 3 0.169951 0.100310 0.181000 0.304617 0.244122
4 3 0.211504 0.111928 0.166686 0.250720 0.259161
3 3 0.232827 0.103369 0.158458 0.286515 0.218831
3 3 0.206706 0.104174 0.171524 0.302043 0.215553
3 3 0.230807 0.114913 0.164481 0.248755 0.241044
4 3 0.232106 0.114081 0.163842 0.236630 0.253341
3 3 0.227426 0.096724 0.157432 0.289134 0.229283
3 3 0.204968 0.084637 0.159132 0.356742 0.194522
3 3 0.186133 0.082379 0.163328 0.381854 0.186307
3 3 0.169672 0.088829 0.174494 0.362869 0.204136
3 3 0.204134 0.105989 0.172587 0.280068 0.237222
0 3 0.255484 0.128361 0.173279 0.199815 0.243060
0 3 0.296321 0.140454 0.169796 0.172724 0.220705
0 3 0.298757 0.145549 0.182958 0.185069 0.187667
0 3 0.319606 0.153178 0.188184 0.175328 0.163705
0 2 0.371770 0.164600 0.194386 0.146928 0.122317
0 2 0.417966 0.174382 0.174350 0.113584 0.119718
0 2 0.306218 0.184960 0.286253 0.123192 0.099376
2 2 0.238875 0.198251 0.361398 0.109027 0.092448
2 1 0.137395 0.166712 0.539488 0.099750 0.056656
2 1 0.118640 0.173065 0.593779 0.065697 0.048819
2 1 0.156904 0.183897 0.552304 0.056074 0.050821
2 1 0.172247 0.173978 0.540653 0.063841 0.049280
2 1 0.174393 0.180253 0.532114 0.061555 0.051684
2 1 0.234239 0.219819 0.413176 0.056249 0.076517
2 1 0.174763 0.222493 0.457743 0.054683 0.090317
4 1 0.191953 0.246484 0.133864 0.006506 0.421192
4 2 0.152100 0.225835 0.122310 0.005941 0.493813
4 2 0.124912 0.202001 0.111518 0.006668 0.554902
4 2 0.109604 0.192695 0.113591 0.007935 0.576176
4 2 0.088602 0.172836 0.105941 0.008761 0.623861
4 2 0.115267 0.177764 0.094782 0.007920 0.604267
4 2 0.093588 0.151301 0.076395 0.007051 0.671664
4 4 0.114355 0.157638 0.072046 0.006232 0.649728
4 4 0.102827 0.150964 0.074280 0.007914 0.664016
4 4 0.124508 0.160535 0.075594 0.008072 0.631292
4 4 0.085179 0.139574 0.070505 0.007584 0.697159
4 4 0.087264 0.133849 0.055845 0.003976 0.719067
4 4 0.092391 0.153582 0.075109 0.005619 0.673300
4 4 0.157009 0.188008 0.078961 0.004475 0.571547
4 4 0.164005 0.194214 0.087298 0.005817 0.548666
4 4 0.208267 0.205817 0.085370 0.005282 0.495263
4 4 0.173733 0.201084 0.090921 0.005862 0.528401
4 4 0.154704 0.170153 0.062890 0.003608 0.608645
4 4 0.125352 0.151700 0.056995 0.003705 0.662249
4 4 0.105639 0.133902 0.046696 0.002789 0.710973
4 4 0.162690 0.152680 0.045474 0.002287 0.636870
4 4 0.143334 0.161285 0.056799 0.002997 0.635585
4 4 0.125772 0.167445 0.068030 0.003670 0.635084
4 4 0.107778 0.160640 0.065382 0.003019 0.663181
4 4 0.159452 0.205287 0.092906 0.004523 0.537832
4 4 0.157722 0.225048 0.117940 0.005665 0.493625
4 4 0.215187 0.239985 0.106584 0.003928 0.434316
4 1 0.236197 0.243766 0.110621 0.004716 0.404700
4 1 0.262896 0.241188 0.102867 0.004536 0.388513
4 1 0.291204 0.233475 0.085067 0.003139 0.387115
4 1 0.311937 0.230823 0.081219 0.003124 0.372897
4 1 0.331662 0.229845 0.081765 0.003591 0.353137
4 1 0.295815 0.238993 0.099814 0.005121 0.360256
4 1 0.288503 0.239499 0.100235 0.004950 0.366814
4 1 0.227043 0.245435 0.116724 0.005195 0.405603
4 1 0.200257 0.246207 0.123581 0.005121 0.424834
4 1 0.211443 0.247893 0.127839 0.006118 0.406707
4 1 0.216127 0.248870 0.131367 0.006860 0.396777
4 1 0.236684 0.248827 0.130165 0.007692 0.376632
4 1 0.275352 0.241955 0.106258 0.005403 0.371032
0 1 0.365340 0.223594 0.074301 0.003359 0.333407
0 1 0.415574 0.213327 0.064904 0.003120 0.303075
0 1 0.418756 0.213487 0.066010 0.003341 0.298407
0 1 0.380080 0.224994 0.081271 0.004776 0.308878
0 2 0.348148 0.235174 0.102321 0.007754 0.306603
4 2 0.334206 0.231686 0.086682 0.004317 0.343109
4 2 0.224847 0.194605 0.066411 0.003266 0.510872
4 2 0.200200 0.169980 0.055462 0.003595 0.570763
4 2 0.097470 0.125935 0.048380 0.004443 0.723771
4 -1 0.099255 0.117966 0.042187 0.004229 0.736363
4 -1 0.119576 0.122568 0.038466 0.003172 0.716218
4 2 0.169007 0.137733 0.034951 0.001748 0.656561
4 2 0.267875 0.174069 0.045584 0.002146 0.510327
4 2 0.321688 0.213655 0.067410 0.002851 0.394396
4 2 0.334834 0.225842 0.073854 0.002744 0.362727
4 2 0.319013 0.231315 0.083184 0.003491 0.362997
4 2 0.232002 0.246017 0.118474 0.005612 0.397895
4 2 0.198836 0.246904 0.126625 0.005452 0.422183
4 2 0.171379 0.245493 0.141184 0.006735 0.435209
4 2 0.130304 0.227005 0.136167 0.006400 0.500123
4 2 0.254088 0.240174 0.102317 0.004363 0.399058
4 2 0.226912 0.225756 0.091151 0.003756 0.452425
4 2 0.233530 0.210704 0.077521 0.003535 0.474711
4 2 0.191562 0.178301 0.062027 0.003639 0.564470
4 2 0.105397 0.132196 0.047868 0.003444 0.711095
4 2 0.082408 0.119089 0.044969 0.003342 0.750191
4 2 0.083526 0.126784 0.053343 0.004512 0.731835
4 2 0.098534 0.125591 0.045266 0.003450 0.727159
4 2 0.069621 0.101057 0.034749 0.002560 0.792012
4 2 0.120459 0.119684 0.032136 0.001722 0.725999
4 2 0.184856 0.147522 0.037729 0.001716 0.628177
4 2 0.161639 0.178340 0.066305 0.003409 0.590308
4 2 0.102183 0.166724 0.075879 0.003815 0.651399
4 2 0.134384 0.185671 0.081728 0.004099 0.594119
4 2 0.111656 0.188377 0.101416 0.006131 0.592419
4 2 0.078183 0.158630 0.088999 0.006126 0.668061
4 2 0.067414 0.142336 0.080626 0.006665 0.702960
4 2 0.073453 0.138887 0.072110 0.006104 0.709446
4 2 0.101148 0.161734 0.079658 0.005922 0.651538
4 2 0.133588 0.176943 0.077642 0.004802 0.607025
4 2 0.175531 0.202067 0.089406 0.005346 0.527650
4 2 0.162071 0.201260 0.086870 0.004126 0.545673
4 2 0.185419 0.226769 0.108412 0.005166 0.474233
4 2 0.156332 0.236297 0.138469 0.007171 0.461731
4 2 0.147499 0.244382 0.160828 0.008752 0.438539
4 2 0.163852 0.237243 0.132117 0.006286 0.460502
4 2 0.168915 0.231091 0.123552 0.006329 0.470112
4 2 0.164207 0.221029 0.110689 0.005483 0.498592
4 2 0.137046 0.207669 0.109776 0.006076 0.539432
4 2 0.152757 0.212032 0.105387 0.005420 0.524404
4 2 0.164301 0.223605 0.113611 0.005559 0.492925
4 2 0.165496 0.231799 0.120144 0.005264 0.477297
4 2 0.210689 0.246746 0.123464 0.005488 0.413613
4 2 0.178720 0.247841 0.137019 0.005961 0.430459
4 2 0.244732 0.242331 0.105955 0.004398 0.402584
4 2 0.309155 0.235869 0.093016 0.004532 0.357428
0 2 0.381945 0.221964 0.074477 0.003748 0.317866
0 2 0.365747 0.218839 0.071669 0.003482 0.340263
0 2 0.391192 0.219177 0.073356 0.003994 0.312281
0 2 0.363111 0.228267 0.085616 0.005048 0.317958
4 2 0.255113 0.237578 0.113224 0.007334 0.386751
4 2 0.232514 0.237621 0.119879 0.007969 0.402017
4 2 0.179187 0.241593 0.145549 0.009505 0.424165
4 2 0.221112 0.249517 0.135164 0.007815 0.386391
4 2 0.237299 0.248715 0.129639 0.007629 0.376718
4 2 0.248187 0.246376 0.119839 0.006471 0.379127
4 2 0.251288 0.247245 0.123754 0.007282 0.370431
4 2 0.235139 0.247727 0.125130 0.006750 0.385255
4 2 0.231386 0.249434 0.133100 0.007940 0.378139
4 2 0.244714 0.248338 0.128250 0.007767 0.370930
4 2 0.251281 0.247084 0.123039 0.007155 0.371441
4 2 0.239266 0.248334 0.127899 0.007420 0.377081
4 2 0.312814 0.238364 0.101370 0.005979 0.341472
0 2 0.437327 0.214427 0.074469 0.005367 0.268409
0 0 0.597260 0.170570 0.045745 0.004110 0.182315
0 0 0.705724 0.134617 0.030430 0.003407 0.125822
0 0 0.742117 0.120649 0.024530 0.002722 0.109982
0 0 0.817862 0.089983 0.014381 0.001634 0.076140
0 0 0.804708 0.093798 0.014105 0.001255 0.086135
0 0 0.765436 0.110601 0.019954 0.001983 0.102026
