0 0 0.565144 0.186967 0.146596 0.037583 0.063710
0 0 0.571701 0.189062 0.153597 0.029702 0.055937
0 0 0.587555 0.179431 0.163884 0.023922 0.045208
0 0 0.613712 0.173402 0.147038 0.021277 0.044571
0 0 0.624215 0.165547 0.149948 0.019986 0.040305
0 0 0.531072 0.181478 0.197522 0.039665 0.050263
0 0 0.585748 0.167038 0.140804 0.044537 0.061872
0 0 0.552361 0.165453 0.159104 0.059410 0.063672
0 0 0.581344 0.172091 0.137953 0.043886 0.064726
0 0 0.618543 0.180667 0.108324 0.026818 0.065647
0 0 0.622500 0.179342 0.107348 0.026111 0.064699
0 0 0.500886 0.208816 0.123949 0.025557 0.140792
4 1 0.150653 0.183570 0.119449 0.012129 0.534199
4 1 0.083254 0.124580 0.073384 0.007228 0.711555
4 1 0.048747 0.097204 0.058612 0.005863 0.789575
4 1 0.038080 0.113815 0.087561 0.007135 0.753409
4 1 0.060332 0.187311 0.182541 0.016671 0.553144
4 1 0.056408 0.185182 0.184130 0.016327 0.557953
4 1 0.076903 0.201064 0.189903 0.016557 0.515572
4 1 0.139864 0.246910 0.251806 0.025545 0.335874
2 2 0.213466 0.248479 0.399368 0.047364 0.091322
2 0 0.342945 0.220025 0.343556 0.040776 0.052697
0 0 0.448778 0.194850 0.282733 0.033907 0.039732
0 0 0.551037 0.181502 0.202869 0.024876 0.039716
0 0 0.474727 0.201168 0.220698 0.046851 0.056555
0 0 0.440944 0.197552 0.218315 0.074298 0.068890
0 0 0.368871 0.192109 0.242258 0.120272 0.076490
0 0 0.433924 0.212465 0.200327 0.073391 0.079893
2 1 0.267388 0.257555 0.273188 0.081229 0.120640
2 1 0.179429 0.273415 0.273850 0.080925 0.192381
2 1 0.072455 0.245806 0.386110 0.050235 0.245394
2 1 0.051607 0.235425 0.471625 0.033765 0.207578
2 2 0.028823 0.150255 0.700580 0.049597 0.070745
2 2 0.020833 0.113332 0.768967 0.055188 0.041680
2 2 0.017911 0.085131 0.809822 0.064089 0.023047
2 2 0.019940 0.077817 0.796677 0.086660 0.018906
2 2 0.017988 0.053778 0.756497 0.159593 0.012144
2 2 0.011154 0.026526 0.642715 0.313537 0.006068
2 2 0.010820 0.020614 0.509678 0.453695 0.005193
3 2 0.014277 0.024090 0.436642 0.517751 0.007240
3 2 0.017507 0.024832 0.343589 0.605343 0.008729
3 3 0.016608 0.021470 0.260081 0.692310 0.009530
3 3 0.015183 0.018291 0.204032 0.752793 0.009701
3 3 0.015080 0.017304 0.174462 0.782792 0.010363
3 3 0.015345 0.016940 0.154831 0.801719 0.011166
3 3 0.012961 0.013635 0.124714 0.838523 0.010167
3 3 0.009276 0.009575 0.103984 0.869627 0.007537
3 3 0.006969 0.007164 0.092451 0.887687 0.005729
3 3 0.006426 0.006598 0.089388 0.892287 0.005301
3 3 0.007011 0.007208 0.092682 0.887336 0.005763
3 3 0.006695 0.006879 0.090928 0.889985 0.005514
3 3 0.007308 0.007518 0.094287 0.884891 0.005996
3 3 0.008723 0.008996 0.101404 0.873773 0.007105
3 3 0.011493 0.011901 0.113385 0.853967 0.009255
3 3 0.015678 0.016308 0.128160 0.827395 0.012459
3 3 0.017345 0.018070 0.133256 0.817606 0.013724
3 3 0.016812 0.017506 0.131667 0.820695 0.013320
3 3 0.017322 0.018045 0.133188 0.817739 0.013706
3 3 0.015720 0.016353 0.128294 0.827142 0.012491
3 3 0.012874 0.013353 0.118628 0.844828 0.010317
3 3 0.009364 0.009667 0.104382 0.868983 0.007605
3 3 0.009243 0.009540 0.103831 0.869875 0.007511
3 3 0.009970 0.010302 0.107073 0.864580 0.008076
3 3 0.012201 0.012645 0.116124 0.849230 0.009800
3 3 0.010865 0.011241 0.110853 0.858272 0.008769
3 3 0.010468 0.010824 0.109205 0.861041 0.008462
3 3 0.008382 0.008639 0.099762 0.876378 0.006839
3 3 0.008966 0.009251 0.102552 0.871936 0.007295
3 3 0.008566 0.008832 0.100657 0.874961 0.006983
3 3 0.009238 0.009535 0.103807 0.869914 0.007507
3 3 0.008215 0.008465 0.098944 0.877668 0.006708
3 3 0.007210 0.007415 0.093763 0.885692 0.005919
3 3 0.007853 0.008086 0.097126 0.880511 0.006424
3 3 0.009945 0.010118 0.107054 0.864983 0.007899
3 3 0.013489 0.012779 0.121466 0.842660 0.009606
3 3 0.015152 0.013882 0.127411 0.833290 0.010266
3 3 0.014398 0.013352 0.124791 0.837521 0.009939
3 3 0.016320 0.015018 0.131132 0.826461 0.011069
3 3 0.014404 0.013800 0.124579 0.836853 0.010363
3 3 0.013206 0.013039 0.120170 0.843660 0.009925
3 3 0.011834 0.011947 0.114881 0.852129 0.009210
3 3 0.014443 0.013934 0.124661 0.836481 0.010482
3 3 0.027825 0.024011 0.160964 0.770385 0.016814
3 3 0.046224 0.036630 0.192759 0.700156 0.024232
3 3 0.061423 0.045720 0.211373 0.652335 0.029150
3 3 0.052894 0.040185 0.201811 0.679072 0.026038
3 3 0.053929 0.041570 0.202741 0.674756 0.027004
3 3 0.044642 0.036655 0.190044 0.704119 0.024541
3 3 0.039214 0.033553 0.181513 0.722804 0.022917
3 3 0.033641 0.029363 0.172020 0.744605 0.020371
3 3 0.033990 0.029457 0.172729 0.743441 0.020383
3 3 0.026781 0.024032 0.158320 0.773816 0.017051
3 3 0.016248 0.016081 0.130342 0.825235 0.012094
3 3 0.013448 0.013957 0.120692 0.841145 0.010757
3 3 0.025097 0.023195 0.154302 0.780748 0.016658
3 3 0.035661 0.031411 0.175383 0.735783 0.021761
3 3 0.041093 0.034904 0.184460 0.715825 0.023718
3 3 0.042252 0.036983 0.185678 0.709800 0.025287
3 3 0.037470 0.035345 0.177348 0.724975 0.024862
3 3 0.030631 0.031790 0.164289 0.750033 0.023257
3 3 0.028228 0.029628 0.159506 0.760779 0.021859
3 3 0.021871 0.023642 0.162149 0.776038 0.016300
3 3 0.024372 0.026794 0.177061 0.754105 0.017669
3 3 0.024158 0.026436 0.173987 0.757779 0.017639
3 3 0.021606 0.023490 0.164554 0.774380 0.015970
3 3 0.021995 0.024622 0.181735 0.756090 0.015557
3 3 0.013324 0.016085 0.196977 0.765103 0.008511
3 3 0.011012 0.015630 0.302561 0.665254 0.005542
3 3 0.009352 0.015529 0.409103 0.561769 0.004246
2 3 0.009357 0.019868 0.586224 0.380266 0.004286
2 3 0.008743 0.018907 0.601461 0.367025 0.003863
2 3 0.011011 0.023485 0.609503 0.351046 0.004956
3 3 0.011395 0.018225 0.420444 0.545148 0.004787
3 3 0.012783 0.018596 0.338183 0.624258 0.006180
3 3 0.011715 0.015422 0.247048 0.719223 0.006593
3 3 0.012899 0.016461 0.231646 0.731406 0.007588
3 3 0.013188 0.016230 0.208549 0.753846 0.008187
3 3 0.016160 0.019365 0.204635 0.749445 0.010395
3 3 0.015797 0.018381 0.185175 0.770026 0.010622
3 3 0.014652 0.017088 0.182078 0.776350 0.009833
3 3 0.028871 0.039128 0.315222 0.599151 0.017628
3 3 0.032099 0.056720 0.441231 0.445479 0.024472
2 3 0.041700 0.083970 0.508145 0.330208 0.035977
2 3 0.044368 0.089476 0.482720 0.339892 0.043545
2 3 0.053540 0.134645 0.511435 0.203014 0.097366
2 3 0.059308 0.190072 0.394335 0.073010 0.283274
2 2 0.045488 0.212375 0.387921 0.031754 0.322462
2 2 0.038109 0.210435 0.408657 0.024754 0.318045
2 2 0.033373 0.197390 0.518219 0.031862 0.219157
2 2 0.028431 0.172589 0.600875 0.038219 0.159888
2 2 0.027992 0.180349 0.613014 0.031591 0.147053
2 2 0.033230 0.208364 0.512998 0.025150 0.220258
2 2 0.040352 0.228813 0.415193 0.022891 0.292751
4 2 0.050616 0.237662 0.343914 0.023466 0.344342
4 2 0.057805 0.203703 0.221284 0.020011 0.497197
4 2 0.100521 0.175671 0.127998 0.014255 0.581555
4 2 0.110054 0.140906 0.080542 0.011076 0.657423
4 2 0.075653 0.112079 0.061444 0.009383 0.741441
4 2 0.057385 0.083271 0.040335 0.006777 0.812232
4 2 0.069692 0.087555 0.040528 0.007235 0.794990
4 2 0.076521 0.070177 0.026750 0.003856 0.822696
4 2 0.110433 0.091560 0.036724 0.005704 0.755579
4 2 0.168535 0.132396 0.059709 0.012032 0.627328
4 2 0.123855 0.156932 0.092828 0.015672 0.610713
4 2 0.075917 0.165581 0.127716 0.015676 0.615110
4 2 0.056084 0.170340 0.156375 0.014119 0.603082
4 2 0.054565 0.184371 0.187435 0.013580 0.560049
4 2 0.049638 0.165961 0.158541 0.011935 0.613924
4 2 0.045697 0.160325 0.153730 0.011694 0.628554
4 2 0.048505 0.176321 0.180168 0.013796 0.581210
4 2 0.041794 0.132233 0.110822 0.008909 0.706241
4 1 0.056670 0.169261 0.153603 0.014110 0.606356
4 1 0.068399 0.183226 0.165498 0.014849 0.568029
4 1 0.056832 0.191572 0.196089 0.018115 0.537391
4 1 0.071853 0.225227 0.246848 0.026442 0.429631
4 1 0.062019 0.224766 0.265539 0.024451 0.423225
4 1 0.056261 0.198490 0.213837 0.016883 0.514530
4 1 0.064306 0.189443 0.182561 0.015134 0.548555
4 1 0.052173 0.169981 0.161693 0.013221 0.602931
4 1 0.044630 0.169397 0.173833 0.012048 0.600092
4 1 0.043093 0.149526 0.138301 0.010250 0.658830
4 1 0.046108 0.150594 0.135247 0.011134 0.656917
4 1 0.061885 0.107212 0.060990 0.011248 0.758664
4 1 0.065609 0.094539 0.047507 0.008832 0.783513
4 1 0.071039 0.079789 0.033831 0.007001 0.808340
4 1 0.075205 0.073587 0.029072 0.004725 0.817411
4 1 0.086176 0.078601 0.030964 0.004826 0.799433
4 1 0.101205 0.075207 0.027340 0.003161 0.793087
4 1 0.085632 0.068955 0.025051 0.003009 0.817353
4 1 0.156786 0.100381 0.038345 0.004648 0.699840
4 1 0.186881 0.128519 0.055082 0.009171 0.620346
4 1 0.238109 0.152742 0.069381 0.012867 0.526901
4 0 0.218356 0.153860 0.072021 0.014460 0.541304
4 0 0.084825 0.113901 0.060737 0.008324 0.732214
4 0 0.044227 0.101056 0.065305 0.006826 0.782587
4 1 0.041790 0.104558 0.071100 0.007471 0.775080
4 1 0.046774 0.100999 0.062834 0.008313 0.781080
4 1 0.060542 0.089582 0.044336 0.009250 0.796289
4 1 0.044169 0.050240 0.018687 0.002823 0.884081
4 1 0.054088 0.052658 0.018830 0.002391 0.872033
0 0 0.528635 0.154021 0.064127 0.006491 0.246725
0 0 0.473348 0.121487 0.041585 0.002447 0.361133
4 0 0.326522 0.132869 0.050791 0.004924 0.484895
4 0 0.259847 0.113110 0.040675 0.003511 0.582857
4 0 0.249397 0.125039 0.048646 0.005462 0.571456
4 0 0.301620 0.142507 0.058217 0.007152 0.490503
4 0 0.202760 0.146631 0.068373 0.010920 0.571316
4 0 0.155916 0.132875 0.063112 0.008942 0.639156
4 0 0.151550 0.143846 0.074010 0.009953 0.620640
4 0 0.162994 0.171455 0.100008 0.013694 0.551849
4 0 0.166708 0.167005 0.093645 0.014646 0.557996
4 0 0.130119 0.116497 0.052772 0.008732 0.691880
4 0 0.085961 0.105327 0.052305 0.007609 0.748799
4 0 0.083410 0.099905 0.047853 0.007817 0.761015
4 0 0.056508 0.077341 0.035442 0.006522 0.824187
4 0 0.087209 0.097290 0.044373 0.008631 0.762498
4 0 0.099511 0.079190 0.029912 0.003930 0.787457
4 1 0.114644 0.079958 0.029043 0.003247 0.773108
4 1 0.147870 0.094829 0.035523 0.004108 0.717670
4 1 0.107076 0.077547 0.028230 0.003234 0.783912
4 1 0.093367 0.075580 0.028290 0.003666 0.799096
4 1 0.091215 0.077805 0.029891 0.004237 0.796852
4 1 0.076727 0.079702 0.032915 0.006143 0.804513
4 1 0.061885 0.079134 0.034959 0.008532 0.815491
4 1 0.058923 0.079304 0.035670 0.009332 0.816771
4 1 0.065929 0.090397 0.042852 0.011574 0.789249
4 1 0.068696 0.087544 0.039864 0.010461 0.793435
4 1 0.115456 0.107053 0.046926 0.009578 0.720987
4 1 0.109320 0.096151 0.039958 0.006932 0.747639
4 1 0.089046 0.084865 0.034866 0.005746 0.785477
4 1 0.090595 0.079614 0.031108 0.004665 0.794018
4 1 0.118845 0.089952 0.034843 0.004749 0.751610
4 1 0.107023 0.069872 0.023816 0.002205 0.797083
4 1 0.087365 0.053354 0.016409 0.001143 0.841729
4 1 0.031710 0.026171 0.007318 0.000469 0.934332
4 1 0.059463 0.044059 0.013674 0.001072 0.881733
4 1 0.089198 0.066148 0.023101 0.002419 0.819134
4 1 0.188063 0.113080 0.044326 0.005548 0.648984
4 0 0.315417 0.149274 0.062542 0.008181 0.464586
0 0 0.420136 0.172090 0.077883 0.011454 0.318437
0 0 0.480178 0.192803 0.098835 0.019527 0.208656
0 0 0.498735 0.190365 0.097150 0.018513 0.195236
0 0 0.521441 0.187119 0.095072 0.017380 0.178988
0 0 0.544145 0.176769 0.085357 0.013112 0.180617
0 0 0.621933 0.156553 0.071216 0.008327 0.141971
0 0 0.488145 0.179923 0.085694 0.013552 0.232686
0 0 0.468666 0.178891 0.084208 0.013166 0.255069
0 0 0.511998 0.185898 0.092993 0.016461 0.192650
0 0 0.568110 0.187013 0.101008 0.020547 0.123322
0 1 0.629602 0.175009 0.098635 0.020475 0.076279
0 1 0.654914 0.160825 0.081554 0.012289 0.090417
0 1 0.695861 0.142891 0.066771 0.007535 0.086942
0 1 0.532435 0.136305 0.051206 0.003779 0.276275
0 1 0.496412 0.128315 0.045741 0.002983 0.326549
4 1 0.341809 0.108613 0.035776 0.002130 0.511671
4 1 0.300067 0.094198 0.028991 0.001453 0.575291
4 1 0.295069 0.100352 0.032325 0.001885 0.570370
4 1 0.370661 0.106698 0.034226 0.001818 0.486597
4 1 0.281372 0.113650 0.040229 0.003219 0.561531
4 1 0.299091 0.113226 0.039430 0.002935 0.545318
0 1 0.563475 0.182426 0.093813 0.016784 0.143502
0 1 0.605229 0.180010 0.098868 0.019925 0.095968
0 1 0.584754 0.187393 0.106245 0.024017 0.097592
0 4 0.582187 0.188286 0.107160 0.024564 0.097803
0 4 0.552417 0.191946 0.105548 0.023046 0.127043
0 4 0.570713 0.192509 0.111968 0.027639 0.097171
0 4 0.567464 0.188267 0.102855 0.021602 0.119813
0 4 0.563478 0.165781 0.075631 0.009623 0.185487
0 4 0.510355 0.154082 0.063816 0.006491 0.265256
0 4 0.422291 0.138784 0.052784 0.004545 0.381595
4 4 0.324402 0.135243 0.052424 0.005322 0.482608
4 4 0.256408 0.118980 0.044427 0.004341 0.575844
4 4 0.265051 0.116225 0.042367 0.003794 0.572563
4 4 0.297039 0.119461 0.043220 0.003640 0.536640
4 0 0.373546 0.140148 0.054447 0.005274 0.426585
4 0 0.333221 0.135014 0.052008 0.005126 0.474631
0 0 0.429851 0.148955 0.059750 0.006018 0.355426
0 0 0.396755 0.148351 0.059714 0.006299 0.388881
4 0 0.379715 0.154116 0.064217 0.007679 0.394274
4 0 0.265204 0.147655 0.063705 0.009707 0.513729
4 0 0.250197 0.144675 0.062364 0.009662 0.533102
4 0 0.247230 0.169489 0.082989 0.017372 0.482920
4 0 0.326961 0.189678 0.095972 0.022049 0.365339
0 0 0.365539 0.201740 0.106988 0.026904 0.298829
0 0 0.367401 0.185686 0.090775 0.017901 0.338237
0 0 0.393429 0.173549 0.079413 0.012448 0.341160
0 0 0.462552 0.170657 0.076732 0.010543 0.279515
0 0 0.466861 0.176398 0.081873 0.012304 0.262564
0 0 0.395670 0.155792 0.065173 0.007751 0.375615
4 0 0.309180 0.156330 0.068091 0.010123 0.456277
4 0 0.258474 0.133797 0.054099 0.006782 0.546848
4 0 0.231096 0.118069 0.045033 0.004862 0.600941
4 0 0.247640 0.115802 0.042821 0.004101 0.589636
4 0 0.236846 0.105203 0.036894 0.003025 0.618033
4 0 0.142063 0.069421 0.021567 0.001378 0.765570
4 0 0.080127 0.048505 0.014469 0.000931 0.855969
4 0 0.051103 0.037659 0.011171 0.000782 0.899285
4 0 0.035549 0.032105 0.009772 0.000806 0.921769
4 1 0.060628 0.054285 0.019038 0.002212 0.863838
4 1 0.079030 0.065058 0.023393 0.002771 0.829747
4 1 0.106973 0.091455 0.037030 0.005977 0.758565
4 0 0.197069 0.148324 0.070225 0.012127 0.572255
4 0 0.187397 0.197433 0.124459 0.019115 0.471596
0 0 0.345653 0.207085 0.113485 0.032212 0.301564
0 0 0.364041 0.207164 0.113107 0.031011 0.284677
0 0 0.440447 0.203995 0.110143 0.026527 0.218887
0 0 0.400384 0.196196 0.100671 0.022011 0.280738
4 0 0.311026 0.169701 0.078746 0.014197 0.426329
4 0 0.219937 0.130268 0.053871 0.007630 0.588294
4 0 0.137832 0.081367 0.028214 0.002592 0.749995
4 0 0.187102 0.096138 0.033894 0.003026 0.679840
4 1 0.121345 0.070450 0.023197 0.001862 0.783146
4 0 0.143610 0.082505 0.028503 0.002560 0.742821
4 0 0.118724 0.069614 0.022907 0.001845 0.786911
4 0 0.110027 0.076472 0.027355 0.002941 0.783206
4 0 0.158695 0.113928 0.047173 0.007374 0.672829
4 0 0.122125 0.134046 0.070212 0.010449 0.663168
4 0 0.156583 0.141190 0.069232 0.013279 0.619717
4 0 0.172092 0.124600 0.053535 0.009201 0.640572
4 0 0.165797 0.112372 0.045502 0.006545 0.669784
4 0 0.075772 0.051593 0.016283 0.001275 0.855077
4 0 0.064162 0.043763 0.013188 0.000923 0.877964
4 0 0.036365 0.028248 0.007895 0.000490 0.927003
4 0 0.019165 0.014693 0.003450 0.000139 0.962553
4 0 0.019954 0.015014 0.003522 0.000140 0.961370
4 0 0.017461 0.014992 0.003679 0.000175 0.963693
4 0 0.027065 0.024728 0.007053 0.000499 0.940654
4 0 0.025017 0.025899 0.007804 0.000672 0.940608
4 0 0.073231 0.057691 0.019734 0.002024 0.847320
4 0 0.146498 0.087090 0.030961 0.003034 0.732418
4 0 0.265647 0.133850 0.053780 0.006550 0.540173
4 0 0.387791 0.152818 0.063102 0.007272 0.389017
0 0 0.565767 0.143271 0.056812 0.004760 0.229390
0 1 0.579874 0.140681 0.055293 0.004437 0.219715
0 1 0.566753 0.134808 0.050749 0.003629 0.244061
0 1 0.527967 0.148676 0.059992 0.005530 0.257835
0 1 0.511852 0.149845 0.060608 0.005728 0.271967
0 0 0.429533 0.164320 0.071410 0.009191 0.325545
4 0 0.330999 0.128680 0.047956 0.004271 0.488094
0 0 0.417398 0.142145 0.055106 0.005061 0.380290
0 0 0.490656 0.117697 0.039340 0.002111 0.350196
4 0 0.409484 0.114136 0.037801 0.002137 0.436442
0 0 0.437729 0.100169 0.030091 0.001215 0.430796
4 0 0.348956 0.101971 0.032064 0.001634 0.515375
4 0 0.411198 0.104794 0.032701 0.001528 0.449779
0 0 0.408167 0.132151 0.048621 0.003831 0.407230
0 0 0.426814 0.149103 0.059881 0.006073 0.358129
0 0 0.474709 0.160576 0.068485 0.007919 0.288311
0 0 0.486063 0.136185 0.050797 0.003852 0.323103
0 0 0.636990 0.122156 0.044036 0.002544 0.194274
0 0 0.504500 0.105110 0.032387 0.001328 0.356675
0 0 0.496557 0.116462 0.038628 0.002012 0.346341
4 0 0.385771 0.105654 0.033452 0.001679 0.473443
4 0 0.356138 0.108201 0.035282 0.002004 0.498376
4 0 0.391457 0.110402 0.035946 0.001961 0.460234
0 0 0.452609 0.127885 0.045543 0.003097 0.370866
0 0 0.461480 0.124925 0.043687 0.002781 0.367126
0 0 0.471625 0.128735 0.046003 0.003100 0.350536
0 0 0.468091 0.116258 0.038562 0.002066 0.375022
0 0 0.517313 0.120051 0.040763 0.002236 0.319637
0 0 0.538222 0.122752 0.042515 0.002428 0.294084
0 0 0.475141 0.133032 0.048727 0.003533 0.339568
4 0 0.377309 0.144649 0.057460 0.005941 0.414642
4 1 0.324437 0.148233 0.061452 0.007697 0.458181
4 1 0.296524 0.168182 0.078205 0.014448 0.442642
4 1 0.289064 0.189937 0.099303 0.021049 0.400648
4 1 0.290064 0.200999 0.111861 0.021645 0.375431
4 1 0.226576 0.205018 0.127010 0.017191 0.424206
4 0 0.195623 0.191587 0.116681 0.014911 0.481198
4 0 0.215014 0.174088 0.093696 0.012257 0.504945
4 0 0.202616 0.186374 0.108996 0.014437 0.487577
4 0 0.223132 0.197661 0.117964 0.017429 0.443814
4 0 0.222161 0.191048 0.109070 0.020195 0.457526
4 0 0.269505 0.172934 0.083944 0.018318 0.455299
4 0 0.298501 0.177064 0.085752 0.017895 0.420787
0 0 0.374091 0.171175 0.077780 0.012205 0.364748
0 0 0.531443 0.133597 0.049373 0.003468 0.282118
0 0 0.577806 0.104412 0.032315 0.001248 0.284219
0 0 0.568850 0.080659 0.020769 0.000453 0.329269
0 0 0.523059 0.086819 0.023431 0.000620 0.366071
0 0 0.485950 0.142311 0.054955 0.004638 0.312146
0 0 0.522570 0.149353 0.060405 0.005641 0.262031
0 0 0.496554 0.175342 0.081592 0.011932 0.234580
0 0 0.546000 0.177825 0.086626 0.013613 0.175936
0 0 0.535752 0.183183 0.091734 0.015802 0.173530
0 0 0.603009 0.152311 0.065718 0.006762 0.172200
0 0 0.526627 0.153411 0.063603 0.006371 0.249988
0 0 0.550738 0.132808 0.049098 0.003381 0.263975
0 0 0.540954 0.128474 0.046128 0.002935 0.281508
0 0 0.514731 0.123709 0.042953 0.002533 0.316074
0 0 0.449518 0.128747 0.046095 0.003197 0.372442
4 0 0.320853 0.122388 0.044302 0.003639 0.508818
4 0 0.287550 0.122783 0.045598 0.004218 0.539851
4 0 0.217633 0.124450 0.050000 0.006484 0.601433
4 0 0.166424 0.102142 0.038771 0.004531 0.688133
4 0 0.201655 0.119783 0.047869 0.006244 0.624448
4 0 0.163977 0.100784 0.038087 0.004406 0.692746
4 0 0.129551 0.095286 0.037294 0.005141 0.732728
4 0 0.078993 0.075450 0.029797 0.004781 0.810979
4 1 0.080927 0.085250 0.036123 0.007229 0.790470
4 1 0.057740 0.096561 0.051821 0.010323 0.783555
4 1 0.056639 0.109219 0.065827 0.010970 0.757345
4 1 0.059713 0.131517 0.090914 0.013382 0.704474
4 1 0.050549 0.117084 0.079571 0.010095 0.742701
4 1 0.041451 0.110497 0.079191 0.007696 0.761163
4 1 0.046201 0.106603 0.070448 0.007580 0.769168
4 1 0.074410 0.121297 0.071653 0.010218 0.722422
4 0 0.135584 0.123754 0.057407 0.011173 0.672083
4 0 0.161261 0.124527 0.054525 0.010134 0.649554
4 0 0.197411 0.140220 0.063039 0.011556 0.587774
4 0 0.146879 0.099870 0.038780 0.005042 0.709430
4 0 0.239240 0.148821 0.066230 0.011504 0.534205
4 0 0.231648 0.147269 0.065577 0.011531 0.543974
4 0 0.145725 0.115991 0.050145 0.008283 0.679856
4 0 0.166261 0.121615 0.051944 0.008746 0.651435
4 0 0.187710 0.135311 0.060051 0.011148 0.605781
4 0 0.262254 0.156539 0.070734 0.012495 0.497978
4 0 0.278651 0.154640 0.068276 0.010991 0.487443
4 0 0.220253 0.136028 0.057969 0.009023 0.576726
4 0 0.241559 0.128171 0.051139 0.006282 0.572849
4 0 0.283165 0.181615 0.092351 0.015691 0.427178
4 0 0.342444 0.174884 0.081846 0.014580 0.386246
4 0 0.222612 0.127066 0.051477 0.006807 0.592038
4 0 0.190662 0.102573 0.037531 0.003755 0.665479
4 0 0.254059 0.131652 0.052850 0.006513 0.554926
4 0 0.282454 0.139702 0.057059 0.007168 0.513617
4 0 0.298160 0.163588 0.074336 0.012767 0.451149
4 0 0.244015 0.145256 0.063190 0.010157 0.537381
4 0 0.284674 0.147897 0.062863 0.008922 0.495644
0 0 0.465328 0.183043 0.088102 0.014766 0.248760
0 0 0.539534 0.188233 0.098232 0.018908 0.155092
0 0 0.393831 0.202299 0.108300 0.020935 0.274635
4 0 0.280299 0.165221 0.077183 0.012764 0.464533
4 1 0.254386 0.151732 0.067465 0.011452 0.514965
4 1 0.271406 0.162394 0.074876 0.013914 0.477410
4 1 0.212320 0.144834 0.065205 0.012198 0.565442
4 1 0.145645 0.114794 0.049036 0.008666 0.681859
4 1 0.092209 0.074875 0.027973 0.003614 0.801329
4 1 0.092127 0.079605 0.030932 0.004538 0.792797
4 1 0.111207 0.091226 0.036421 0.005564 0.755582
4 1 0.245143 0.186415 0.099436 0.024077 0.444929
4 1 0.167860 0.218465 0.158094 0.028184 0.427397
4 1 0.116181 0.241495 0.230715 0.031869 0.379740
2 1 0.084698 0.256197 0.312760 0.036327 0.310017
2 1 0.080805 0.262129 0.343788 0.040294 0.272983
2 1 0.061322 0.263231 0.424581 0.042357 0.208509
2 1 0.061451 0.260947 0.406273 0.039508 0.231821
2 2 0.061447 0.261728 0.411773 0.040361 0.224691
2 2 0.064668 0.260259 0.419474 0.044085 0.211515
2 2 0.054204 0.244654 0.496589 0.040342 0.164212
2 2 0.067083 0.252085 0.473699 0.043639 0.163494
2 2 0.075112 0.259035 0.451547 0.038383 0.175922
2 2 0.091154 0.270867 0.413655 0.036208 0.188116
2 2 0.066731 0.244540 0.526278 0.043276 0.119174
2 2 0.048428 0.215402 0.599455 0.043528 0.093188
2 2 0.057036 0.226640 0.566953 0.047853 0.101517
2 2 0.051868 0.213542 0.598012 0.048328 0.088251
2 2 0.046660 0.186849 0.652233 0.051696 0.062562
2 2 0.044746 0.173368 0.677394 0.052944 0.051548
2 3 0.038881 0.144969 0.715542 0.061629 0.038979
2 3 0.032862 0.132789 0.745802 0.054785 0.033762
2 3 0.024090 0.101103 0.790164 0.060591 0.024052
2 3 0.022504 0.094533 0.798720 0.062277 0.021965
2 3 0.022597 0.093028 0.795987 0.066463 0.021924
2 3 0.023887 0.094708 0.788133 0.070754 0.022517
2 3 0.021467 0.074660 0.787729 0.099485 0.016659
2 3 0.018589 0.058589 0.789333 0.121919 0.011569
2 3 0.019029 0.048933 0.749251 0.173837 0.008951
2 3 0.017632 0.038396 0.692683 0.244434 0.006854
2 3 0.014130 0.025771 0.585859 0.369406 0.004834
2 3 0.011038 0.019844 0.544230 0.421003 0.003885
2 3 0.010275 0.017895 0.501228 0.466800 0.003802
3 3 0.010882 0.018537 0.483111 0.483310 0.004159
3 3 0.010898 0.017135 0.398212 0.569052 0.004703
3 3 0.010984 0.015827 0.315477 0.652306 0.005406
3 3 0.014779 0.020336 0.301509 0.655633 0.007742
3 3 0.017804 0.023924 0.296920 0.651725 0.009626
3 3 0.019624 0.025732 0.284418 0.659244 0.010982
3 3 0.017369 0.021595 0.234444 0.716036 0.010556
3 3 0.013768 0.016511 0.194941 0.765903 0.008876
3 3 0.013360 0.016208 0.200248 0.761713 0.008470
3 3 0.013428 0.016352 0.202936 0.758818 0.008466
3 3 0.012800 0.015198 0.184461 0.779152 0.008388
3 3 0.012183 0.014008 0.163656 0.801768 0.008385
3 3 0.016224 0.018685 0.180751 0.773270 0.011071
3 3 0.018614 0.021383 0.187310 0.759980 0.012713
3 3 0.023344 0.026274 0.188297 0.745730 0.016356
3 3 0.019810 0.021316 0.154822 0.789157 0.014895
3 3 0.017208 0.017924 0.132850 0.818398 0.013620
3 3 0.015719 0.016352 0.128292 0.827146 0.012490
3 3 0.017602 0.018341 0.134009 0.816129 0.013918
3 3 0.021827 0.022582 0.145430 0.793287 0.016873
3 3 0.026688 0.025804 0.157295 0.771527 0.018686
3 3 0.023669 0.023045 0.150480 0.785956 0.016850
3 3 0.029218 0.027009 0.163012 0.761552 0.019209
3 3 0.026590 0.024369 0.157680 0.773964 0.017397
3 3 0.022178 0.020455 0.147416 0.795151 0.014799
3 3 0.017752 0.016940 0.135181 0.817583 0.012544
3 3 0.015399 0.015373 0.127581 0.830020 0.011627
3 3 0.011229 0.011623 0.112332 0.855766 0.009051
3 3 0.014254 0.014806 0.123487 0.836078 0.011374
3 3 0.014071 0.014614 0.122863 0.837218 0.011234
3 3 0.015177 0.015779 0.126552 0.830415 0.012077
3 3 0.015937 0.016582 0.128978 0.825847 0.012656
3 3 0.017598 0.018303 0.134014 0.816204 0.013882
3 3 0.016751 0.017441 0.131483 0.821052 0.013274
3 3 0.016079 0.016732 0.129421 0.825004 0.012764
3 3 0.015193 0.015797 0.126606 0.830313 0.012090
3 3 0.015591 0.016217 0.127885 0.827914 0.012393
3 3 0.015757 0.016392 0.128413 0.826918 0.012519
3 3 0.015049 0.015644 0.126136 0.831191 0.011980
3 3 0.014794 0.015106 0.125428 0.833148 0.011523
3 3 0.012544 0.013005 0.117410 0.846977 0.010064
3 3 0.012421 0.012876 0.116951 0.847783 0.009969
3 3 0.012800 0.013275 0.118356 0.845310 0.010260
3 3 0.013162 0.013656 0.119671 0.842972 0.010538
3 3 0.011783 0.012205 0.114520 0.852013 0.009478
3 3 0.012222 0.012667 0.116203 0.849091 0.009816
3 3 0.011052 0.011437 0.111617 0.856980 0.008914
3 3 0.012303 0.012752 0.116508 0.848560 0.009878
3 3 0.013947 0.014150 0.122600 0.838489 0.010815
3 3 0.019028 0.018398 0.138711 0.810250 0.013613
3 3 0.023826 0.022325 0.151239 0.786463 0.016148
3 3 0.023081 0.022241 0.149191 0.789244 0.016243
3 3 0.016672 0.017359 0.131246 0.821509 0.013214
3 3 0.014294 0.014848 0.123621 0.835834 0.011404
3 3 0.012462 0.012919 0.117106 0.847512 0.010001
3 3 0.010410 0.010764 0.108962 0.861447 0.008418
3 3 0.009681 0.010000 0.105806 0.866661 0.007852
3 3 0.010120 0.010459 0.107723 0.863506 0.008192
3 3 0.011337 0.011737 0.112765 0.855027 0.009134
3 3 0.014711 0.015288 0.125022 0.833257 0.011722
3 3 0.015488 0.016108 0.127557 0.828533 0.012315
3 3 0.011717 0.012136 0.114263 0.852457 0.009427
3 3 0.011180 0.011571 0.112134 0.856102 0.009013
3 3 0.009829 0.010154 0.106458 0.865593 0.007967
3 3 0.010377 0.010729 0.108822 0.861679 0.008392
3 3 0.009052 0.009340 0.102950 0.871296 0.007362
3 3 0.008202 0.008451 0.098878 0.877771 0.006698
3 3 0.007314 0.007524 0.094317 0.884844 0.006001
3 3 0.007280 0.007488 0.094138 0.885119 0.005974
3 3 0.007027 0.007225 0.092771 0.887201 0.005775
3 3 0.006866 0.007057 0.091884 0.888545 0.005648
3 3 0.007344 0.007555 0.094478 0.884598 0.006025
3 3 0.007279 0.007487 0.094131 0.885129 0.005973
3 3 0.007821 0.008053 0.096964 0.880762 0.006399
3 3 0.008779 0.009054 0.101670 0.873349 0.007149
3 3 0.009549 0.009861 0.105218 0.867622 0.007749
3 3 0.010605 0.010968 0.109778 0.860080 0.008568
3 3 0.010990 0.011372 0.111366 0.857405 0.008866
3 3 0.010311 0.010660 0.108542 0.862146 0.008341
3 3 0.010439 0.010794 0.109082 0.861246 0.008440
3 3 0.009266 0.009564 0.103935 0.869707 0.007529
3 3 0.009687 0.010005 0.105829 0.866624 0.007856
3 3 0.009000 0.009286 0.102709 0.871684 0.007321
3 3 0.010061 0.010398 0.107469 0.863926 0.008147
3 3 0.010995 0.011377 0.111386 0.857372 0.008870
3 3 0.012479 0.012937 0.117168 0.847403 0.010014
3 3 0.013660 0.014101 0.121475 0.839922 0.010842
3 3 0.014913 0.015007 0.125933 0.832749 0.011397
3 3 0.006009 0.006164 0.086922 0.895934 0.004970
3 3 0.007814 0.008046 0.096927 0.880820 0.006394
3 3 0.012615 0.014601 0.169152 0.795042 0.008590
3 3 0.013384 0.018403 0.292389 0.668789 0.007035
3 3 0.013808 0.021376 0.406498 0.552251 0.006066
3 3 0.014931 0.024440 0.464000 0.490371 0.006258
2 3 0.015994 0.033364 0.602248 0.340405 0.007988
2 3 0.018839 0.044351 0.673933 0.252654 0.010224
2 3 0.023293 0.051501 0.656146 0.256970 0.012090
2 3 0.031500 0.065274 0.628439 0.258366 0.016422
2 3 0.038192 0.080889 0.635460 0.224738 0.020721
2 3 0.045735 0.113818 0.658626 0.150495 0.031327
2 3 0.051999 0.127299 0.635379 0.148092 0.037230
2 3 0.059623 0.177015 0.615441 0.089419 0.058502
2 3 0.053552 0.184257 0.628585 0.070064 0.063541
2 3 0.043174 0.182645 0.655615 0.052316 0.066250
2 3 0.025827 0.126658 0.754034 0.052468 0.041013
2 3 0.026365 0.136794 0.745156 0.045719 0.045966
2 3 0.030702 0.158788 0.710593 0.042573 0.057344
2 3 0.028001 0.145998 0.732445 0.043428 0.050128
2 2 0.022734 0.117842 0.775796 0.047581 0.036046
2 2 0.019970 0.095806 0.801577 0.056883 0.025765
2 2 0.020306 0.102287 0.803428 0.047376 0.026602
2 2 0.018235 0.095512 0.815666 0.046032 0.024555
2 2 0.014199 0.078909 0.839508 0.047341 0.020043
2 2 0.010860 0.058679 0.857503 0.058771 0.014187
2 2 0.014986 0.072218 0.825332 0.068498 0.018966
2 2 0.019502 0.085556 0.796345 0.075057 0.023540
2 2 0.033306 0.143880 0.715450 0.059688 0.047676
2 2 0.034218 0.152758 0.700932 0.057391 0.054701
2 2 0.037506 0.165449 0.670598 0.060189 0.066258
2 2 0.028869 0.144879 0.710775 0.056338 0.059138
2 2 0.035841 0.194271 0.623211 0.041526 0.105152
2 2 0.031976 0.199983 0.624453 0.030897 0.112692
2 2 0.034545 0.222635 0.573988 0.024866 0.143965
2 2 0.027495 0.171298 0.683935 0.036245 0.081027
2 2 0.036127 0.207920 0.608642 0.033658 0.113654
2 2 0.039651 0.206090 0.618278 0.035767 0.100214
2 2 0.048818 0.230728 0.513539 0.033033 0.173882
2 2 0.097083 0.254245 0.420752 0.030550 0.197369
4 2 0.113628 0.247593 0.259088 0.022552 0.357139
4 2 0.151299 0.240585 0.208652 0.021243 0.378221
4 2 0.134243 0.226578 0.190802 0.020625 0.427752
4 2 0.106567 0.243612 0.246842 0.027852 0.375127
4 2 0.058142 0.238426 0.318073 0.026839 0.358519
2 2 0.043046 0.243148 0.412059 0.022548 0.279200
2 2 0.039254 0.216752 0.474147 0.033397 0.236451
2 2 0.032201 0.163861 0.640811 0.059565 0.103562
2 2 0.029326 0.135173 0.693896 0.076731 0.064874
2 2 0.029515 0.129095 0.694151 0.082018 0.065222
2 2 0.028790 0.150671 0.668002 0.051810 0.100727
2 2 0.026475 0.152292 0.668420 0.044373 0.108440
2 2 0.026420 0.154243 0.652088 0.045056 0.122193
2 2 0.025582 0.156545 0.645557 0.044548 0.127769
2 2 0.031220 0.197024 0.512376 0.030873 0.228506
2 2 0.026935 0.197963 0.535696 0.023702 0.215705
2 2 0.025788 0.192376 0.593961 0.025271 0.162603
2 2 0.022872 0.164526 0.669245 0.032912 0.110444
2 2 0.022638 0.148494 0.712011 0.041416 0.075441
2 2 0.021145 0.131066 0.743894 0.046028 0.057868
2 2 0.017518 0.111443 0.800976 0.035043 0.035020
2 2 0.030037 0.169905 0.707477 0.032607 0.059973
2 2 0.041103 0.178153 0.671876 0.048255 0.060613
2 2 0.090232 0.229451 0.556324 0.042708 0.081285
4 2 0.134167 0.263665 0.285817 0.027755 0.288595
4 2 0.159851 0.235275 0.194440 0.019654 0.390780
4 2 0.123564 0.224788 0.194757 0.019435 0.437457
4 0 0.098411 0.222171 0.207686 0.023034 0.448699
4 2 0.072248 0.228162 0.252025 0.030565 0.417000
4 2 0.056989 0.209475 0.237036 0.020527 0.475973
4 2 0.047882 0.220094 0.293277 0.018671 0.420076
2 2 0.043603 0.229024 0.355839 0.020098 0.351436
2 2 0.041704 0.230193 0.403948 0.023263 0.300892
2 2 0.038422 0.225998 0.451046 0.025735 0.258799
2 2 0.032824 0.195180 0.567851 0.036562 0.167583
2 2 0.025076 0.171670 0.644590 0.033181 0.125483
2 2 0.027527 0.187806 0.608054 0.029299 0.147313
2 2 0.029109 0.204334 0.566451 0.023900 0.176206
2 2 0.030464 0.202664 0.582815 0.027507 0.156550
2 2 0.040744 0.245627 0.448195 0.023310 0.242124
2 2 0.052831 0.246327 0.370400 0.027208 0.303236
2 2 0.069776 0.251880 0.330639 0.037248 0.310457
4 2 0.112387 0.242688 0.236994 0.032033 0.375898
4 2 0.137429 0.234848 0.204368 0.022365 0.400991
4 2 0.126639 0.212773 0.173251 0.014826 0.472511
4 2 0.161818 0.211472 0.155042 0.014285 0.457384
4 2 0.146927 0.228611 0.188510 0.018988 0.416965
4 2 0.219543 0.248245 0.195462 0.024811 0.311939
4 2 0.170007 0.236889 0.191550 0.022390 0.379165
4 2 0.139223 0.216251 0.169676 0.019770 0.455080
4 2 0.103908 0.201328 0.165856 0.017238 0.511669
4 2 0.098251 0.176424 0.130079 0.014873 0.580374
4 0 0.126885 0.190400 0.135300 0.017300 0.530115
4 0 0.237804 0.196625 0.113117 0.020955 0.431499
4 0 0.239842 0.204604 0.122252 0.022973 0.410329
4 0 0.198624 0.176561 0.097087 0.017685 0.510042
4 0 0.185531 0.226568 0.166467 0.024477 0.396956
4 0 0.139815 0.246016 0.224594 0.027284 0.362292
4 0 0.114660 0.256595 0.270352 0.034896 0.323496
4 1 0.151087 0.247251 0.218772 0.031456 0.351435
4 1 0.203334 0.229799 0.166680 0.023973 0.376214
4 1 0.179318 0.225831 0.167425 0.024162 0.403264
4 1 0.167297 0.244519 0.203970 0.033396 0.350819
2 0 0.164671 0.260301 0.274019 0.040441 0.260569
2 0 0.148251 0.252104 0.300443 0.035812 0.263388
2 0 0.143702 0.251052 0.310795 0.033443 0.261007
4 0 0.119064 0.240545 0.257074 0.032786 0.350531
4 4 0.140010 0.231117 0.204207 0.037348 0.387319
4 4 0.073133 0.159236 0.120967 0.013768 0.632896
4 4 0.089899 0.119859 0.065212 0.008539 0.716490
4 4 0.076778 0.071864 0.027777 0.004185 0.819395
4 4 0.089840 0.069219 0.024816 0.002823 0.813302
4 4 0.111318 0.076272 0.027137 0.002859 0.782415
4 4 0.071636 0.050591 0.016070 0.001302 0.860402
4 4 0.080278 0.055850 0.018165 0.001548 0.844159
4 4 0.067866 0.048296 0.015177 0.001202 0.867460
4 4 0.052919 0.047178 0.015879 0.001664 0.882360
4 4 0.080261 0.074396 0.028967 0.004422 0.811954
4 4 0.095647 0.094914 0.040863 0.008111 0.760466
4 4 0.072620 0.127624 0.079210 0.011788 0.708758
4 4 0.112668 0.163500 0.104206 0.017325 0.602300
4 4 0.114132 0.163349 0.103480 0.017234 0.601806
4 4 0.095737 0.141136 0.084094 0.015313 0.663719
4 4 0.106560 0.104847 0.046508 0.010065 0.732020
4 4 0.095749 0.116293 0.058864 0.011354 0.717740
4 4 0.073709 0.100784 0.051071 0.008511 0.765924
4 4 0.054205 0.079691 0.038455 0.005820 0.821830
4 4 0.049162 0.062899 0.026241 0.004501 0.857197
4 4 0.058129 0.063845 0.025129 0.004286 0.848611
4 4 0.052223 0.060931 0.024146 0.004315 0.858385
4 4 0.106637 0.094234 0.038946 0.006720 0.753462
4 4 0.079580 0.072314 0.027731 0.004039 0.816336
4 4 0.101259 0.080990 0.030860 0.004153 0.782739
4 4 0.111287 0.095451 0.039241 0.006585 0.747435
4 4 0.150729 0.121293 0.053232 0.010156 0.664591
4 4 0.202771 0.151840 0.071676 0.015773 0.557940
4 4 0.206743 0.164798 0.083142 0.018075 0.527242
4 4 0.164375 0.168738 0.096414 0.013945 0.556528
4 4 0.155736 0.169698 0.099971 0.013116 0.561480
4 4 0.131422 0.180258 0.119772 0.015664 0.552885
4 1 0.184488 0.159687 0.081629 0.017141 0.557056
4 1 0.164060 0.129759 0.058164 0.011586 0.636430
4 4 0.138296 0.114570 0.049662 0.009325 0.688147
4 4 0.103175 0.109784 0.050757 0.012639 0.723645
4 4 0.076222 0.150735 0.104138 0.019946 0.648959
4 4 0.078636 0.210471 0.201117 0.029564 0.480213
4 4 0.075697 0.246665 0.298782 0.034426 0.344429
2 4 0.110572 0.265581 0.304489 0.033376 0.285982
2 4 0.154743 0.262052 0.296949 0.024881 0.261375
4 4 0.166105 0.244243 0.237601 0.019562 0.332489
4 4 0.215310 0.215211 0.143468 0.017457 0.408555
4 0 0.228831 0.197613 0.116312 0.019162 0.438081
4 0 0.290707 0.168687 0.078949 0.014987 0.446670
4 1 0.246799 0.149332 0.066107 0.011181 0.526582
4 1 0.225674 0.124576 0.049602 0.006183 0.593965
4 1 0.274298 0.165462 0.077228 0.014846 0.468166
4 1 0.254412 0.188211 0.101100 0.020641 0.435637
4 1 0.199859 0.178283 0.099359 0.016043 0.506456
4 1 0.135441 0.151289 0.084997 0.010996 0.617278
4 1 0.178536 0.128935 0.056120 0.009943 0.626466
4 1 0.195182 0.129820 0.055344 0.008946 0.610708
4 1 0.253335 0.143108 0.061015 0.009096 0.533445
4 1 0.151358 0.100339 0.038727 0.004899 0.704677
4 1 0.078188 0.061962 0.021687 0.002359 0.835804
4 1 0.105524 0.087080 0.034306 0.005088 0.768003
4 1 0.126758 0.114331 0.050856 0.010612 0.697443
4 1 0.123254 0.120039 0.056453 0.010685 0.689568
4 1 0.181380 0.134696 0.060177 0.011524 0.612222
4 1 0.217306 0.149215 0.068229 0.013302 0.551948
4 1 0.262463 0.169231 0.081222 0.017281 0.469803
4 1 0.301217 0.189956 0.098063 0.022058 0.388706
4 1 0.215888 0.189869 0.108787 0.019955 0.465502
4 1 0.173450 0.189330 0.116576 0.021524 0.499121
4 0 0.123027 0.213362 0.171541 0.024172 0.467898
4 0 0.138462 0.228806 0.190779 0.024569 0.417384
4 0 0.139741 0.199457 0.144084 0.015880 0.500839
4 0 0.153520 0.157132 0.087311 0.010595 0.591442
4 0 0.110835 0.115974 0.056422 0.007560 0.709210
4 0 0.105465 0.113609 0.055267 0.007833 0.717826
4 0 0.088426 0.115631 0.060740 0.009930 0.725273
4 0 0.060203 0.088250 0.043109 0.009611 0.798828
4 1 0.054979 0.090164 0.046816 0.009320 0.798721
4 1 0.057048 0.086187 0.042266 0.009459 0.805040
4 1 0.056507 0.107082 0.063518 0.010791 0.762103
4 1 0.062973 0.136787 0.095325 0.014690 0.690224
4 1 0.070289 0.169925 0.137303 0.020237 0.602247
4 1 0.109360 0.186921 0.136345 0.023268 0.544107
4 1 0.148174 0.204915 0.146259 0.022080 0.478571
4 1 0.229481 0.197277 0.116063 0.018348 0.438830
4 1 0.303442 0.204183 0.115352 0.018908 0.358115
0 0 0.402636 0.179566 0.084558 0.014297 0.318942
4 0 0.358421 0.165494 0.073523 0.010967 0.391596
4 0 0.280795 0.158167 0.070920 0.011944 0.478174
4 0 0.210537 0.146088 0.066336 0.012781 0.564258
4 0 0.334154 0.185289 0.091490 0.019360 0.369706
0 0 0.344455 0.212007 0.121752 0.022020 0.299766
0 1 0.361272 0.226410 0.143980 0.023411 0.244926
0 0 0.334084 0.223897 0.142487 0.024726 0.274807
0 0 0.377798 0.234165 0.153451 0.049742 0.184844
0 0 0.354017 0.214420 0.175785 0.091735 0.164043
0 0 0.328352 0.196993 0.209549 0.150994 0.114113
0 0 0.274654 0.207654 0.182970 0.112561 0.222160
4 0 0.224647 0.228554 0.199016 0.080992 0.266792
4 0 0.142836 0.205021 0.147062 0.026843 0.478238
4 0 0.133598 0.201818 0.147037 0.023890 0.493657
4 0 0.130058 0.185139 0.125503 0.019447 0.539853
4 0 0.071057 0.093036 0.044613 0.008493 0.782800
4 0 0.074249 0.084668 0.036757 0.008111 0.796216
4 0 0.067910 0.070886 0.028292 0.004868 0.828044
4 0 0.049194 0.077433 0.037669 0.006821 0.828883
4 1 0.090652 0.119182 0.063209 0.011223 0.715734
4 1 0.079748 0.139491 0.091136 0.010303 0.679322
4 1 0.142320 0.147379 0.079610 0.009933 0.620758
4 0 0.123210 0.200911 0.154789 0.014884 0.506206
4 0 0.138033 0.224216 0.184552 0.019880 0.433319
4 0 0.131651 0.213300 0.167740 0.021379 0.465930
4 1 0.204882 0.226445 0.161243 0.022564 0.384866
4 1 0.196221 0.211838 0.142212 0.019486 0.430243
4 1 0.193576 0.210181 0.139328 0.022670 0.434246
4 1 0.159057 0.240574 0.199646 0.034483 0.366241
4 1 0.154907 0.248943 0.219089 0.035916 0.341145
4 1 0.142631 0.259871 0.253948 0.034897 0.308652
4 1 0.197564 0.257534 0.219530 0.033146 0.292226
4 1 0.271480 0.241304 0.170554 0.030855 0.285806
0 1 0.333575 0.223986 0.137255 0.030724 0.274460
0 1 0.297879 0.237457 0.160118 0.036505 0.268041
0 1 0.266344 0.253000 0.192295 0.040966 0.247395
4 1 0.238207 0.242205 0.177399 0.032359 0.309829
4 1 0.258869 0.225421 0.148303 0.023297 0.344109
4 4 0.257649 0.229308 0.155531 0.020522 0.336990
4 4 0.267587 0.220145 0.140944 0.018445 0.352880
4 4 0.184383 0.181394 0.106779 0.014215 0.513228
4 4 0.108705 0.105033 0.047148 0.007418 0.731696
4 4 0.075674 0.084043 0.036488 0.006380 0.797414
4 4 0.062269 0.076322 0.032982 0.006997 0.821431
4 4 0.044788 0.073872 0.036084 0.006473 0.838783
4 4 0.034809 0.048848 0.019366 0.003798 0.893179
4 4 0.032974 0.040569 0.014613 0.002122 0.909722
4 4 0.062837 0.057218 0.020487 0.002525 0.856933
4 4 0.122235 0.092139 0.035931 0.004969 0.744725
4 4 0.141012 0.196870 0.136475 0.023810 0.501834
4 4 0.103147 0.202726 0.166341 0.026381 0.501404
4 1 0.079063 0.214446 0.273448 0.051046 0.381997
4 1 0.054901 0.193529 0.204125 0.017661 0.529784
4 1 0.052716 0.208687 0.245598 0.018786 0.474213
4 1 0.051762 0.218955 0.276716 0.019980 0.432587
2 1 0.042944 0.246670 0.435129 0.024241 0.251017
2 1 0.041277 0.251030 0.503350 0.029439 0.174904
2 1 0.033034 0.224121 0.589736 0.025797 0.127312
2 1 0.027115 0.202197 0.647313 0.022285 0.101091
2 1 0.021106 0.175316 0.707671 0.018995 0.076911
2 1 0.019605 0.166574 0.725079 0.018496 0.070246
2 1 0.018206 0.150907 0.752148 0.019885 0.058854
2 1 0.017960 0.141018 0.769021 0.021546 0.050454
2 1 0.019951 0.140639 0.766731 0.025054 0.047625
2 1 0.022409 0.139629 0.764301 0.029584 0.044078
2 2 0.024891 0.151128 0.750999 0.027295 0.045687
2 2 0.021697 0.123031 0.791931 0.031697 0.031645
2 2 0.017437 0.095170 0.828577 0.037133 0.021683
2 2 0.015195 0.074845 0.846932 0.047822 0.015206
2 2 0.016713 0.076705 0.839073 0.052262 0.015248
2 2 0.013822 0.059903 0.853290 0.062205 0.010781
2 2 0.012267 0.051916 0.859782 0.067215 0.008820
2 2 0.010123 0.041159 0.863978 0.078200 0.006540
2 2 0.012744 0.049583 0.850938 0.078521 0.008215
2 2 0.014910 0.057691 0.839384 0.077722 0.010294
2 2 0.020036 0.063971 0.797085 0.106895 0.012014
2 2 0.021183 0.056324 0.765609 0.146930 0.009954
2 2 0.026638 0.058938 0.710197 0.193468 0.010760
2 2 0.029825 0.063744 0.688206 0.205752 0.012472
2 2 0.027624 0.052184 0.622432 0.286637 0.011123
2 2 0.020217 0.034285 0.541447 0.396391 0.007660
2 2 0.015880 0.027736 0.531603 0.418527 0.006254
2 2 0.012790 0.025401 0.587261 0.369142 0.005407
2 3 0.013709 0.029321 0.648412 0.302841 0.005716
2 3 0.015244 0.031999 0.656081 0.290647 0.006029
2 3 0.017286 0.037342 0.697255 0.241733 0.006384
2 3 0.017581 0.037321 0.680197 0.258171 0.006730
2 3 0.018336 0.033846 0.603964 0.337226 0.006629
2 3 0.017401 0.029350 0.521287 0.425288 0.006674
3 3 0.017125 0.027633 0.471778 0.476434 0.007029
2 3 0.019357 0.030922 0.473069 0.468608 0.008043
3 3 0.020249 0.030917 0.429858 0.509974 0.009002
3 3 0.019145 0.027620 0.367768 0.576181 0.009286
3 3 0.020303 0.028326 0.341442 0.599587 0.010342
3 3 0.021444 0.028950 0.316403 0.621739 0.011464
3 3 0.020538 0.028147 0.326147 0.614423 0.010745
3 3 0.018866 0.025232 0.297735 0.647909 0.010258
3 3 0.016076 0.021225 0.274122 0.679632 0.008945
3 3 0.017066 0.022567 0.280148 0.670758 0.009461
3 3 0.018030 0.023917 0.287170 0.660948 0.009936
3 3 0.017465 0.023244 0.287306 0.662402 0.009584
3 3 0.018850 0.025838 0.318993 0.626441 0.009878
3 3 0.019139 0.026176 0.318300 0.626324 0.010061
3 3 0.022712 0.031719 0.352101 0.581946 0.011522
3 3 0.022060 0.030430 0.338178 0.597923 0.011409
3 3 0.023097 0.031342 0.327158 0.606171 0.012231
3 3 0.023555 0.030972 0.301215 0.631185 0.013073
3 3 0.026254 0.032541 0.279916 0.646377 0.014912
3 3 0.023221 0.028610 0.251157 0.682942 0.014070
3 3 0.020713 0.024506 0.212314 0.728961 0.013505
3 3 0.018537 0.020644 0.169405 0.778153 0.013261
3 3 0.016372 0.017545 0.143523 0.810124 0.012435
3 3 0.018320 0.019665 0.149745 0.798421 0.013848
3 3 0.023127 0.024619 0.168426 0.767218 0.016610
3 3 0.020744 0.022447 0.160030 0.781327 0.015451
3 3 0.019354 0.020661 0.149715 0.795536 0.014734
3 3 0.019298 0.020570 0.148851 0.796556 0.014724
3 3 0.025861 0.027334 0.178618 0.750194 0.017993
3 3 0.027764 0.030140 0.197413 0.726063 0.018620
3 3 0.026949 0.029983 0.201377 0.723517 0.018174
3 3 0.024320 0.027395 0.191117 0.740162 0.017005
3 3 0.021664 0.023834 0.171129 0.767643 0.015729
3 3 0.018214 0.019953 0.159715 0.788759 0.013359
3 3 0.015608 0.017116 0.152340 0.803469 0.011467
3 3 0.016445 0.017826 0.149241 0.804209 0.012278
3 3 0.014800 0.015382 0.125316 0.832712 0.011790
3 3 0.012763 0.013236 0.118221 0.845548 0.010232
3 3 0.011331 0.011730 0.112739 0.855070 0.009129
3 3 0.014377 0.014936 0.123904 0.835315 0.011468
3 3 0.013881 0.014413 0.122208 0.838409 0.011089
3 3 0.016381 0.017051 0.130356 0.823219 0.012993
3 3 0.018257 0.019034 0.135890 0.812406 0.014413
3 3 0.022801 0.024329 0.157546 0.778017 0.017307
3 3 0.023492 0.025471 0.167457 0.766179 0.017401
3 3 0.018985 0.020679 0.158872 0.787432 0.014032
3 3 0.015984 0.017481 0.152208 0.802543 0.011784
3 3 0.014255 0.015919 0.156845 0.802768 0.010213
3 3 0.018575 0.021389 0.188576 0.758817 0.012643
3 3 0.019863 0.022973 0.195272 0.748481 0.013411
3 3 0.020401 0.023048 0.182799 0.759495 0.014257
3 3 0.018688 0.020084 0.151303 0.795830 0.014095
3 3 0.017483 0.018216 0.133662 0.816811 0.013828
3 3 0.015163 0.015765 0.126508 0.830497 0.012067
3 3 0.012415 0.012870 0.116930 0.847821 0.009965
3 3 0.008896 0.009177 0.102222 0.872465 0.007240
3 3 0.008067 0.008310 0.098208 0.878822 0.006592
3 3 0.010019 0.010353 0.107286 0.864228 0.008114
3 3 0.012081 0.012518 0.115664 0.850030 0.009707
3 3 0.014304 0.014858 0.123655 0.835771 0.011412
3 3 0.014304 0.014859 0.123657 0.835767 0.011412
3 3 0.014690 0.015266 0.124953 0.833383 0.011707
3 3 0.013111 0.013602 0.119487 0.843301 0.010499
3 3 0.010784 0.011156 0.110520 0.858834 0.008707
3 3 0.009118 0.009410 0.103258 0.870800 0.007414
3 3 0.009479 0.009790 0.104984 0.868055 0.007692
3 3 0.013027 0.013922 0.131635 0.831433 0.009983
3 3 0.015865 0.017110 0.145021 0.810059 0.011945
3 3 0.019249 0.019992 0.144419 0.801761 0.014580
3 3 0.016638 0.017322 0.131141 0.821711 0.013188
3 3 0.021967 0.021937 0.146124 0.793745 0.016227
3 3 0.019497 0.020102 0.139428 0.805861 0.015113
3 3 0.020833 0.021764 0.142828 0.798222 0.016353
3 3 0.017128 0.017840 0.132615 0.818857 0.013560
3 3 0.016691 0.017520 0.134900 0.817820 0.013069
3 3 0.017590 0.018647 0.141824 0.808381 0.013558
3 3 0.013368 0.014030 0.125060 0.837026 0.010517
3 3 0.012915 0.013593 0.124718 0.838647 0.010127
3 3 0.010626 0.011342 0.122161 0.847680 0.008192
3 3 0.011772 0.012691 0.130886 0.835728 0.008923
3 3 0.021075 0.028273 0.309481 0.629792 0.011378
3 3 0.022150 0.029773 0.315287 0.620881 0.011910
3 3 0.026438 0.036418 0.352127 0.571373 0.013644
3 3 0.026487 0.037069 0.367228 0.555872 0.013345
3 3 0.027302 0.039731 0.407945 0.512064 0.012958
3 3 0.026833 0.040832 0.451933 0.468495 0.011906
2 3 0.031435 0.049700 0.504557 0.401205 0.013103
2 3 0.025958 0.046414 0.562106 0.354079 0.011442
2 3 0.026699 0.062461 0.674663 0.221011 0.015165
2 3 0.027713 0.063664 0.659158 0.233207 0.016258
2 3 0.031959 0.080166 0.670253 0.195102 0.022519
2 3 0.038809 0.098421 0.641373 0.189294 0.032103
2 3 0.043648 0.117446 0.625894 0.169517 0.043494
2 3 0.040974 0.124473 0.638461 0.145980 0.050113
2 3 0.036212 0.125476 0.661550 0.123922 0.052839
2 3 0.034281 0.129655 0.670423 0.108813 0.056828
2 3 0.025388 0.111711 0.723660 0.092615 0.046626
2 3 0.026371 0.128260 0.708470 0.072670 0.064228
2 3 0.026293 0.119748 0.727752 0.078457 0.047750
2 3 0.040337 0.154302 0.679380 0.072225 0.053756
2 3 0.055337 0.197480 0.621920 0.057129 0.068134
2 3 0.074068 0.236484 0.511888 0.045491 0.132069
2 3 0.069047 0.248358 0.388277 0.028977 0.265341
4 3 0.062936 0.242594 0.318776 0.027728 0.347965
2 3 0.071463 0.256496 0.346248 0.034421 0.291372
2 3 0.070687 0.258326 0.354412 0.041344 0.275232
2 3 0.063664 0.258271 0.380004 0.038034 0.260027
2 3 0.064665 0.256807 0.437762 0.045823 0.194943
2 3 0.055357 0.230142 0.553759 0.050861 0.109880
2 3 0.056385 0.219665 0.574590 0.055316 0.094043
2 3 0.050741 0.210358 0.602619 0.050586 0.085696
2 3 0.048907 0.210907 0.604560 0.047977 0.087649
2 3 0.049022 0.215730 0.594549 0.046829 0.093869
2 3 0.048360 0.211569 0.604105 0.047073 0.088894
2 3 0.047128 0.204286 0.620401 0.047378 0.080806
2 3 0.048165 0.195656 0.634367 0.051271 0.070542
2 3 0.051458 0.202513 0.616067 0.053895 0.076068
2 3 0.048355 0.205406 0.616200 0.048746 0.081294
2 3 0.043203 0.202493 0.626798 0.043661 0.083845
2 3 0.039366 0.201818 0.622486 0.041985 0.094344
2 3 0.045493 0.240379 0.537410 0.036889 0.139830
2 3 0.049102 0.255598 0.451078 0.032015 0.212208
2 3 0.051694 0.256469 0.436156 0.032979 0.222702
2 3 0.053758 0.259323 0.444859 0.036500 0.205560
2 3 0.052940 0.258803 0.446896 0.035833 0.205528
2 3 0.050867 0.255603 0.435689 0.032038 0.225802
2 3 0.054538 0.257279 0.421768 0.034189 0.232225
2 2 0.054649 0.258861 0.433342 0.035866 0.217282
2 2 0.051101 0.258224 0.458858 0.035384 0.196432
2 2 0.046544 0.254809 0.471151 0.031651 0.195846
2 2 0.042601 0.242792 0.499021 0.033439 0.182148
2 2 0.045549 0.243472 0.465257 0.032909 0.212813
2 2 0.042120 0.241469 0.458076 0.027402 0.230932
2 2 0.042761 0.241384 0.404234 0.021770 0.289851
4 2 0.036810 0.215549 0.327622 0.013980 0.406039
4 2 0.042401 0.191963 0.231716 0.013237 0.520683
4 2 0.045863 0.160411 0.153593 0.011747 0.628386
4 2 0.064848 0.117500 0.072273 0.008810 0.736568
4 1 0.064686 0.094498 0.048635 0.006595 0.785586
4 1 0.076382 0.075473 0.030146 0.005057 0.812943
4 1 0.031747 0.042909 0.016207 0.002770 0.906367
4 1 0.039951 0.043081 0.015080 0.001912 0.899976
4 1 0.048301 0.045340 0.015357 0.001677 0.889325
4 4 0.038374 0.040067 0.013600 0.001574 0.906384
4 4 0.022965 0.029314 0.009806 0.001210 0.936705
4 4 0.018192 0.026371 0.008965 0.001226 0.945246
4 4 0.016089 0.023892 0.007983 0.001059 0.950977
4 4 0.014525 0.021727 0.007102 0.000896 0.955750
4 4 0.020316 0.028804 0.009944 0.001397 0.939539
4 4 0.026863 0.037171 0.013615 0.002184 0.920167
4 4 0.030810 0.036921 0.012849 0.001693 0.917728
4 4 0.026996 0.032837 0.011132 0.001386 0.927649
4 4 0.031450 0.037348 0.012997 0.001705 0.916500
4 4 0.018979 0.027852 0.009645 0.001389 0.942134
4 4 0.023863 0.031631 0.010936 0.001491 0.932080
4 4 0.018483 0.024430 0.007886 0.000908 0.948293
4 4 0.014608 0.018389 0.005425 0.000489 0.961089
4 4 0.013279 0.015280 0.004169 0.000297 0.966975
4 4 0.023101 0.022746 0.006513 0.000483 0.947157
4 4 0.035860 0.030852 0.009139 0.000688 0.923461
4 4 0.048877 0.039020 0.012007 0.000956 0.899140
4 4 0.034100 0.033263 0.010492 0.000981 0.921163
4 4 0.040729 0.039364 0.012953 0.001337 0.905617
4 4 0.040656 0.045468 0.016355 0.002258 0.895263
4 4 0.051093 0.062812 0.025560 0.005003 0.855532
4 4 0.073867 0.092194 0.042383 0.011267 0.780288
4 4 0.049558 0.067654 0.029153 0.006916 0.846719
4 4 0.046819 0.066927 0.029437 0.006428 0.850389
4 4 0.038638 0.053789 0.021847 0.004527 0.881199
4 4 0.038353 0.052567 0.021100 0.004215 0.883764
4 4 0.049427 0.061372 0.024891 0.004856 0.859455
4 4 0.084674 0.087781 0.037345 0.007488 0.782712
4 4 0.068430 0.078871 0.033612 0.007134 0.811954
4 4 0.038620 0.048048 0.018197 0.003005 0.892131
4 4 0.041243 0.046265 0.016739 0.002347 0.893405
4 4 0.047032 0.049892 0.018088 0.002479 0.882509
4 4 0.075331 0.079030 0.032659 0.006135 0.806845
4 4 0.090521 0.105688 0.050764 0.009580 0.743447
4 4 0.076991 0.123696 0.073587 0.009604 0.716121
4 4 0.058154 0.112490 0.070460 0.007520 0.751376
4 4 0.050407 0.148684 0.127222 0.010167 0.663520
4 4 0.045119 0.198837 0.241297 0.014843 0.499904
4 4 0.039592 0.220175 0.329799 0.015634 0.394800
4 4 0.035292 0.210415 0.317264 0.012801 0.424227
4 4 0.039705 0.152132 0.149533 0.009504 0.649125
4 4 0.037797 0.126615 0.107603 0.007675 0.720311
4 4 0.042075 0.106224 0.072972 0.007614 0.771114
4 4 0.043813 0.113574 0.080990 0.008368 0.753255
4 4 0.049117 0.104396 0.065597 0.008058 0.772831
4 4 0.078974 0.122976 0.071884 0.009765 0.716402
4 4 0.077009 0.129709 0.080021 0.010935 0.702326
4 2 0.069560 0.191648 0.179654 0.016192 0.542946
4 2 0.045477 0.194963 0.230233 0.014557 0.514769
4 2 0.043590 0.187159 0.216197 0.013183 0.539871
4 2 0.035151 0.186080 0.241297 0.010438 0.527035
4 2 0.032119 0.185334 0.252035 0.009465 0.521048
4 2 0.031618 0.180407 0.240088 0.008977 0.538909
4 2 0.032201 0.174645 0.221902 0.008777 0.562475
4 2 0.034647 0.183966 0.237445 0.010126 0.533817
4 2 0.039358 0.195172 0.250604 0.012541 0.502326
4 2 0.072288 0.232403 0.267469 0.023367 0.404473
4 2 0.047355 0.232006 0.336539 0.020763 0.363338
2 2 0.039316 0.234067 0.390656 0.018372 0.317589
2 2 0.036959 0.230903 0.392198 0.016816 0.323123
2 2 0.033292 0.224321 0.388621 0.014252 0.339513
2 2 0.031023 0.217337 0.374140 0.012355 0.365145
2 2 0.032624 0.220793 0.377192 0.013405 0.355986
2 2 0.031416 0.223643 0.401587 0.013567 0.329786
2 2 0.032693 0.231981 0.436970 0.015967 0.282389
2 2 0.035064 0.237723 0.449914 0.018513 0.258786
2 2 0.041058 0.248799 0.473204 0.025831 0.211108
2 2 0.039515 0.249303 0.511192 0.028237 0.171753
2 2 0.035579 0.234384 0.560123 0.026905 0.143009
2 2 0.029735 0.209380 0.628968 0.024304 0.107612
2 2 0.027819 0.198397 0.656005 0.023642 0.094137
2 2 0.031671 0.219554 0.602319 0.024988 0.121468
2 2 0.034126 0.234179 0.560579 0.025391 0.145724
2 2 0.037442 0.246422 0.503453 0.024938 0.187745
2 2 0.037200 0.245986 0.501356 0.024462 0.190997
2 2 0.038091 0.245949 0.484244 0.023804 0.207911
2 2 0.038808 0.246792 0.482981 0.024428 0.206991
2 2 0.041108 0.249258 0.477739 0.026335 0.205561
2 2 0.042009 0.243212 0.515313 0.029782 0.169683
2 2 0.046238 0.238646 0.538936 0.036918 0.139263
2 2 0.045408 0.221811 0.586227 0.040737 0.105818
2 2 0.055731 0.242332 0.504969 0.042980 0.153989
2 2 0.063077 0.252777 0.358721 0.034642 0.290784
2 2 0.056701 0.242225 0.336988 0.027360 0.336726
2 2 0.051923 0.241650 0.354244 0.025178 0.327006
2 2 0.046529 0.236632 0.359016 0.021593 0.336230
2 2 0.046329 0.234823 0.407233 0.028156 0.283459
2 2 0.036891 0.229953 0.388017 0.016568 0.328571
2 2 0.031042 0.208308 0.508143 0.022163 0.230345
2 2 0.025058 0.189743 0.569901 0.022679 0.192619
2 2 0.017718 0.151143 0.703674 0.026856 0.100610
2 2 0.019806 0.195288 0.604367 0.015601 0.164937
2 2 0.020866 0.197196 0.605099 0.016392 0.160448
2 2 0.025714 0.227066 0.503672 0.013693 0.229856
2 2 0.026815 0.209801 0.569106 0.020031 0.174247
2 2 0.026047 0.194569 0.607544 0.024623 0.147218
2 2 0.022603 0.147775 0.712843 0.040476 0.076304
2 2 0.019032 0.117486 0.765577 0.048691 0.049213
2 2 0.016698 0.101942 0.792717 0.050248 0.038394
2 2 0.012885 0.081424 0.828984 0.049534 0.027174
2 2 0.012251 0.076116 0.831773 0.054295 0.025566
2 2 0.015941 0.093055 0.793551 0.061193 0.036260
2 2 0.028975 0.153393 0.692129 0.054644 0.070860
2 2 0.052420 0.203492 0.563653 0.066928 0.113507
2 2 0.085742 0.248158 0.449707 0.055386 0.161007
2 2 0.132564 0.258046 0.409356 0.041243 0.158792
2 2 0.163553 0.264305 0.323952 0.032573 0.215617
4 2 0.176248 0.258211 0.244403 0.033337 0.287802
4 2 0.177849 0.244346 0.199323 0.032227 0.346254
4 2 0.291278 0.224138 0.140901 0.028780 0.314903
4 2 0.206514 0.216881 0.145403 0.024245 0.406958
4 2 0.189666 0.212204 0.142342 0.025838 0.429950
4 2 0.067945 0.234900 0.281014 0.027446 0.388695
4 2 0.109100 0.257209 0.278315 0.035859 0.319516
4 2 0.156763 0.260237 0.245054 0.035547 0.302400
4 2 0.150633 0.248596 0.222850 0.029070 0.348851
