0 0 0.801681 0.000884 0.000718 0.038522 0.158196
0 0 0.882482 0.000572 0.000392 0.022161 0.094394
0 0 0.850909 0.000417 0.000279 0.012183 0.136211
0 0 0.526581 0.000749 0.000713 0.020499 0.451459
4 0 0.419710 0.000639 0.000811 0.057144 0.521696
4 0 0.275890 0.001175 0.001639 0.057315 0.663981
4 0 0.144651 0.002037 0.003451 0.074709 0.775153
4 0 0.106618 0.002835 0.004797 0.053372 0.832378
4 0 0.114785 0.002056 0.003442 0.048656 0.831062
4 0 0.206468 0.001895 0.002527 0.033747 0.755363
0 0 0.715728 0.002167 0.001172 0.003603 0.277329
0 0 0.938521 0.000834 0.000206 0.000180 0.060260
0 0 0.970873 0.000199 0.000050 0.000210 0.028667
0 0 0.979750 0.000133 0.000034 0.000264 0.019818
0 0 0.922160 0.000522 0.000216 0.001874 0.075229
0 0 0.965806 0.000583 0.000204 0.001702 0.031706
0 0 0.988340 0.000527 0.000127 0.000557 0.010449
0 0 0.996289 0.000347 0.000069 0.000487 0.002807
0 0 0.996332 0.000546 0.000100 0.000399 0.002624
0 0 0.997530 0.000420 0.000075 0.000507 0.001467
0 0 0.981042 0.001838 0.000632 0.006490 0.009998
0 0 0.976805 0.001419 0.000552 0.010450 0.010775
0 0 0.982550 0.001132 0.000405 0.007614 0.008300
0 0 0.923408 0.003160 0.001350 0.005304 0.066778
0 0 0.853387 0.002345 0.001230 0.007092 0.135946
0 0 0.654982 0.004537 0.002761 0.007116 0.330604
0 0 0.642611 0.004234 0.002388 0.004338 0.346430
0 0 0.527863 0.005867 0.003571 0.004584 0.458115
4 0 0.235161 0.005091 0.004915 0.011254 0.743580
4 0 0.365685 0.008345 0.007547 0.021377 0.597046
4 0 0.363559 0.014243 0.012265 0.020791 0.589141
4 0 0.323327 0.009150 0.009061 0.029177 0.629285
0 0 0.671587 0.008263 0.006244 0.034306 0.279600
0 0 0.972810 0.001543 0.000631 0.012722 0.012294
0 0 0.992134 0.000840 0.000226 0.002491 0.004308
0 0 0.998301 0.000188 0.000034 0.000514 0.000963
0 0 0.999363 0.000048 0.000007 0.000246 0.000335
0 0 0.999073 0.000033 0.000006 0.000406 0.000482
0 0 0.996076 0.000105 0.000026 0.001019 0.002774
0 0 0.949325 0.000520 0.000264 0.009334 0.040557
4 0 0.146043 0.004847 0.006849 0.040878 0.801384
4 0 0.268619 0.005752 0.006935 0.050244 0.668450
4 0 0.385233 0.005427 0.005999 0.059573 0.543768
4 0 0.328055 0.004775 0.005202 0.037594 0.624374
4 0 0.378831 0.006358 0.006137 0.028868 0.579806
0 0 0.559971 0.004130 0.003446 0.024943 0.407510
0 0 0.839687 0.002367 0.001515 0.019898 0.136533
0 0 0.848730 0.001127 0.000847 0.041333 0.107963
0 0 0.850384 0.001042 0.000812 0.054890 0.092872
0 0 0.934520 0.001877 0.000963 0.014885 0.047754
0 0 0.937265 0.003510 0.001347 0.003789 0.054089
0 0 0.974712 0.002196 0.000737 0.003749 0.018605
0 0 0.988461 0.001177 0.000352 0.003796 0.006214
0 0 0.985675 0.002852 0.000766 0.002482 0.008225
0 0 0.979408 0.005449 0.001445 0.002360 0.011338
0 0 0.973507 0.008078 0.002140 0.002345 0.013929
0 4 0.957744 0.012416 0.003774 0.003964 0.022102
0 4 0.916622 0.030394 0.009768 0.004747 0.038470
0 4 0.742155 0.100151 0.033352 0.002884 0.121459
0 4 0.421573 0.221305 0.078392 0.001351 0.277378
4 4 0.075006 0.300459 0.140055 0.000404 0.484076
4 4 0.065721 0.279220 0.140447 0.000466 0.514145
4 4 0.078983 0.297321 0.142191 0.000496 0.481009
4 4 0.075744 0.281992 0.144223 0.000637 0.497404
4 4 0.085678 0.299098 0.144056 0.000587 0.470581
4 4 0.085002 0.294162 0.144912 0.000645 0.475278
4 4 0.067120 0.350092 0.178683 0.000672 0.403433
4 4 0.050967 0.366572 0.208157 0.000863 0.373440
4 4 0.050451 0.328125 0.197037 0.000999 0.423388
4 4 0.062642 0.251434 0.154346 0.001165 0.530413
4 4 0.063182 0.226969 0.149914 0.001605 0.558330
4 4 0.059562 0.201199 0.143884 0.002043 0.593312
4 4 0.067627 0.195745 0.137547 0.002177 0.596905
4 4 0.071167 0.238656 0.145474 0.001288 0.543415
4 4 0.064579 0.248386 0.143425 0.000862 0.542749
4 4 0.051008 0.228028 0.141256 0.000831 0.578877
4 4 0.041634 0.215230 0.137294 0.000693 0.605149
4 4 0.051584 0.179047 0.128738 0.001550 0.639081
4 4 0.059788 0.204433 0.132234 0.001200 0.602345
4 1 0.084560 0.271065 0.140844 0.000785 0.502746
4 4 0.105958 0.300991 0.148881 0.000950 0.443219
4 4 0.080333 0.301360 0.141807 0.000473 0.476027
4 4 0.104496 0.314740 0.145429 0.000673 0.434663
4 4 0.121967 0.328802 0.145096 0.000704 0.403431
4 4 0.108231 0.312579 0.146671 0.000768 0.431752
4 4 0.125893 0.320595 0.147555 0.000905 0.405052
4 4 0.111582 0.322482 0.144996 0.000661 0.420278
1 1 0.150010 0.419044 0.175428 0.001092 0.254425
1 1 0.242020 0.365470 0.140603 0.001314 0.250593
0 1 0.405836 0.346391 0.104441 0.001124 0.142208
0 1 0.575279 0.257814 0.073825 0.001721 0.091361
0 1 0.712152 0.176001 0.046966 0.001803 0.063078
0 1 0.820546 0.100213 0.026858 0.002104 0.050279
0 0 0.834144 0.086469 0.024621 0.002709 0.052057
0 1 0.868612 0.070588 0.018325 0.001961 0.040513
0 0 0.879859 0.063706 0.016417 0.001928 0.038091
0 1 0.902824 0.047108 0.012624 0.002302 0.035142
0 1 0.888713 0.057988 0.014945 0.001947 0.036406
0 1 0.891108 0.054288 0.014566 0.002285 0.037753
0 1 0.875870 0.067792 0.017028 0.001737 0.037573
0 1 0.646839 0.127170 0.058284 0.011819 0.155887
0 1 0.661820 0.109437 0.059883 0.031749 0.137111
0 2 0.608837 0.116176 0.071934 0.051010 0.152043
0 2 0.627219 0.122688 0.072636 0.048083 0.129374
0 2 0.663892 0.089292 0.054535 0.050737 0.141544
0 4 0.679019 0.059609 0.038947 0.057055 0.165370
0 4 0.626093 0.097028 0.091319 0.054835 0.130725
0 4 0.735350 0.076267 0.048424 0.032615 0.107343
0 2 0.805926 0.055959 0.026450 0.019957 0.091707
0 4 0.790100 0.054311 0.029119 0.037386 0.089083
0 4 0.789843 0.060565 0.031083 0.031670 0.086838
0 4 0.819412 0.061581 0.025399 0.011341 0.082267
0 0 0.742217 0.112671 0.043692 0.007652 0.093768
0 1 0.770370 0.105028 0.037210 0.005900 0.081492
0 1 0.749674 0.132122 0.041368 0.003544 0.073292
0 2 0.634160 0.157392 0.070782 0.013481 0.124186
0 2 0.491226 0.173986 0.110039 0.044326 0.180423
4 2 0.202065 0.152055 0.156248 0.085333 0.404299
4 2 0.179351 0.098941 0.106944 0.062775 0.551989
4 2 0.322934 0.096003 0.093035 0.103203 0.384825
3 2 0.056495 0.049904 0.165337 0.646813 0.081451
3 2 0.103158 0.054302 0.119445 0.612418 0.110678
3 2 0.089503 0.039344 0.084221 0.678306 0.108626
3 2 0.133133 0.049671 0.078674 0.566461 0.172061
3 2 0.122564 0.075501 0.119140 0.390629 0.292166
3 2 0.074818 0.076064 0.157113 0.532869 0.159136
3 2 0.069776 0.091268 0.178283 0.459660 0.201013
3 2 0.038215 0.048437 0.172320 0.679437 0.061592
3 2 0.031113 0.033522 0.143021 0.753968 0.038376
3 2 0.030173 0.029502 0.137866 0.767709 0.034750
3 2 0.023701 0.023164 0.125309 0.802227 0.025599
3 3 0.027862 0.027620 0.131648 0.780978 0.031893
3 3 0.020093 0.031385 0.176655 0.740793 0.031074
3 3 0.015618 0.019632 0.125531 0.820197 0.019022
3 3 0.010837 0.012364 0.081363 0.884316 0.011121
3 3 0.009652 0.010034 0.071591 0.899458 0.009266
3 3 0.007068 0.006867 0.051047 0.928573 0.006445
3 3 0.004559 0.004457 0.032046 0.954795 0.004143
3 3 0.004557 0.004221 0.027539 0.959474 0.004209
3 3 0.004402 0.003860 0.024673 0.963051 0.004013
3 3 0.006870 0.005405 0.022369 0.958170 0.007185
3 3 0.005008 0.003557 0.014821 0.971635 0.004979
3 3 0.005653 0.003670 0.014006 0.971020 0.005651
3 3 0.006885 0.004077 0.014922 0.967297 0.006820
3 3 0.007560 0.004537 0.015289 0.964834 0.007781
3 3 0.007272 0.004622 0.016949 0.963763 0.007394
3 3 0.007422 0.004795 0.017504 0.962673 0.007607
3 3 0.009176 0.004764 0.015207 0.961624 0.009229
3 3 0.007534 0.004014 0.012298 0.968455 0.007700
3 3 0.005816 0.003677 0.012588 0.971921 0.005998
3 3 0.004593 0.002903 0.010116 0.977725 0.004663
3 3 0.004891 0.003452 0.011836 0.974617 0.005203
3 3 0.006291 0.003603 0.010851 0.972667 0.006587
3 3 0.007421 0.004654 0.014624 0.965352 0.007949
3 3 0.006894 0.004216 0.013515 0.968129 0.007246
3 3 0.007385 0.004688 0.014398 0.965521 0.008008
3 3 0.005985 0.003974 0.013256 0.970439 0.006345
3 3 0.004944 0.004115 0.015674 0.969903 0.005363
3 3 0.004139 0.003693 0.017485 0.970460 0.004222
3 3 0.003251 0.002783 0.013316 0.977424 0.003225
3 3 0.008590 0.005125 0.017617 0.959863 0.008805
3 3 0.005378 0.003516 0.014324 0.971529 0.005253
3 3 0.004824 0.003600 0.015350 0.971394 0.004831
3 3 0.003914 0.002911 0.012959 0.976392 0.003823
3 3 0.004652 0.003330 0.013450 0.973890 0.004677
3 3 0.004964 0.003246 0.012421 0.974425 0.004944
3 3 0.004956 0.003534 0.014040 0.972452 0.005018
3 3 0.005052 0.003326 0.011872 0.974575 0.005176
3 3 0.005370 0.003433 0.011188 0.974366 0.005642
3 3 0.007508 0.004181 0.012336 0.968076 0.007899
3 3 0.007141 0.004095 0.013283 0.968162 0.007319
3 3 0.007032 0.004040 0.014306 0.967641 0.006982
3 3 0.005605 0.003665 0.014432 0.970746 0.005551
3 3 0.006164 0.004317 0.016293 0.966852 0.006374
3 3 0.006445 0.004306 0.015325 0.967217 0.006708
3 3 0.005592 0.003971 0.016292 0.968530 0.005615
3 3 0.005542 0.004385 0.018402 0.965942 0.005729
3 3 0.004990 0.003784 0.016501 0.969734 0.004991
3 3 0.005597 0.004156 0.016497 0.967971 0.005777
3 3 0.005956 0.003774 0.013410 0.970789 0.006071
3 3 0.007763 0.004787 0.018615 0.961169 0.007666
3 3 0.005618 0.003521 0.013909 0.971475 0.005477
3 3 0.004786 0.003481 0.013871 0.972996 0.004867
3 3 0.003301 0.002630 0.011142 0.979586 0.003340
3 3 0.004218 0.003047 0.010394 0.977837 0.004505
3 3 0.003657 0.002596 0.008624 0.981225 0.003898
3 3 0.003111 0.002093 0.007151 0.984443 0.003202
3 3 0.004070 0.002556 0.008325 0.980844 0.004205
3 3 0.003853 0.002387 0.007951 0.981887 0.003921
3 3 0.005532 0.003311 0.010614 0.974822 0.005721
3 3 0.004531 0.003135 0.012029 0.975722 0.004582
3 3 0.005563 0.003863 0.015213 0.969738 0.005624
3 3 0.005198 0.003804 0.015216 0.970474 0.005307
3 3 0.005794 0.003990 0.014707 0.969516 0.005992
3 3 0.005731 0.003853 0.013396 0.971019 0.006001
3 3 0.005196 0.003271 0.011456 0.974795 0.005283
3 3 0.005758 0.003433 0.010500 0.974249 0.006059
3 3 0.004654 0.002817 0.008998 0.978725 0.004806
3 3 0.005883 0.003410 0.010395 0.974170 0.006142
3 3 0.004852 0.003061 0.009647 0.977324 0.005116
3 3 0.009597 0.006426 0.019449 0.953757 0.010771
3 3 0.008622 0.005774 0.018195 0.957915 0.009495
3 3 0.009811 0.006148 0.018359 0.954861 0.010821
3 3 0.022097 0.012252 0.029052 0.910348 0.026250
3 3 0.043059 0.019567 0.040760 0.845134 0.051479
3 2 0.087812 0.033946 0.060433 0.709096 0.108714
3 2 0.210832 0.078327 0.101955 0.416244 0.192642
0 2 0.297520 0.115273 0.129607 0.257232 0.200368
0 2 0.287637 0.130147 0.148865 0.229749 0.203601
3 2 0.227097 0.109849 0.146601 0.320169 0.196285
3 2 0.219639 0.105951 0.129468 0.329895 0.215047
4 2 0.149665 0.105025 0.142975 0.223030 0.379305
4 2 0.085675 0.138762 0.194356 0.114394 0.466813
4 2 0.046142 0.104515 0.154472 0.045232 0.649639
4 2 0.061297 0.105453 0.159365 0.080397 0.593488
4 2 0.078787 0.085329 0.127260 0.094909 0.613715
4 2 0.097622 0.081702 0.123651 0.146548 0.550476
4 0 0.121906 0.066041 0.096271 0.147078 0.568704
4 1 0.181513 0.050897 0.074493 0.328937 0.364159
0 0 0.351604 0.047692 0.054770 0.316743 0.229191
0 0 0.845852 0.056085 0.021242 0.008375 0.068445
0 0 0.838236 0.065933 0.023352 0.006389 0.066090
0 0 0.827592 0.086030 0.025923 0.003355 0.057100
0 1 0.721449 0.126774 0.048482 0.007693 0.095602
0 1 0.596621 0.198542 0.084706 0.011349 0.108782
0 2 0.452170 0.174614 0.116888 0.047339 0.208988
0 2 0.419243 0.135659 0.110986 0.101836 0.232275
3 2 0.202066 0.081045 0.107341 0.347587 0.261960
3 2 0.172488 0.064746 0.093409 0.437433 0.231923
3 2 0.231822 0.068878 0.089133 0.334549 0.275617
4 2 0.171124 0.061365 0.088902 0.301942 0.376666
3 2 0.183102 0.086304 0.116954 0.330390 0.283251
3 2 0.189444 0.118201 0.148699 0.277009 0.266649
0 2 0.282921 0.142670 0.147376 0.236217 0.190816
0 2 0.412700 0.171893 0.134534 0.107230 0.173643
0 2 0.433103 0.157039 0.123455 0.113190 0.173213
0 2 0.495172 0.155410 0.109065 0.078949 0.161404
0 2 0.546359 0.165475 0.098046 0.040803 0.149317
0 2 0.527557 0.181657 0.107971 0.042863 0.139951
0 2 0.495056 0.206848 0.121837 0.040304 0.135955
0 2 0.702316 0.113555 0.053229 0.018019 0.112881
0 2 0.719510 0.108170 0.051373 0.021276 0.099669
0 2 0.775889 0.096120 0.038317 0.010774 0.078899
0 2 0.735192 0.119438 0.050087 0.013795 0.081489
0 1 0.676478 0.155450 0.066176 0.013985 0.087911
0 1 0.724417 0.122172 0.052242 0.014446 0.086723
0 2 0.763099 0.099205 0.041926 0.014037 0.081733
0 2 0.775636 0.083551 0.038118 0.019689 0.083006
0 2 0.800563 0.079151 0.032875 0.013469 0.073942
0 2 0.864059 0.051348 0.018907 0.008127 0.057558
0 2 0.853954 0.061038 0.022142 0.008191 0.054675
0 2 0.768139 0.108135 0.042529 0.011264 0.069932
0 2 0.761165 0.106583 0.043278 0.012227 0.076747
0 2 0.787502 0.095648 0.036216 0.009005 0.071629
0 2 0.807855 0.083917 0.031458 0.008729 0.068041
0 0 0.869238 0.054943 0.017961 0.004833 0.053025
0 1 0.872694 0.054662 0.017442 0.004413 0.050788
0 1 0.886245 0.048700 0.015128 0.004031 0.045895
0 1 0.875113 0.059772 0.017270 0.003001 0.044845
0 1 0.809991 0.107037 0.032576 0.004314 0.046081
0 1 0.571331 0.185807 0.095191 0.024498 0.123173
0 1 0.524557 0.138178 0.097238 0.084974 0.155054
0 1 0.578125 0.136681 0.086481 0.060340 0.138373
0 2 0.713765 0.099540 0.051803 0.031863 0.103029
0 2 0.733780 0.103939 0.048741 0.021252 0.092288
0 2 0.670483 0.156749 0.069488 0.017326 0.085954
0 2 0.690087 0.153440 0.062756 0.012266 0.081450
0 2 0.718121 0.142355 0.055395 0.010435 0.073694
0 2 0.640253 0.168447 0.079601 0.022676 0.089023
0 2 0.536992 0.230372 0.114301 0.025153 0.093182
0 2 0.522448 0.221081 0.117535 0.029387 0.109549
0 2 0.603097 0.192754 0.089535 0.019257 0.095358
0 2 0.679874 0.142676 0.065304 0.018987 0.093159
0 2 0.700663 0.114891 0.058244 0.030083 0.096119
0 2 0.816537 0.063024 0.027697 0.016618 0.076124
0 2 0.782212 0.075094 0.035090 0.021005 0.086599
0 2 0.824243 0.067434 0.026022 0.009113 0.073188
0 2 0.831442 0.067110 0.024472 0.007110 0.069866
0 2 0.869351 0.051111 0.018214 0.007216 0.054108
0 2 0.877664 0.049481 0.017467 0.007477 0.047912
0 2 0.766533 0.117590 0.041308 0.006633 0.067937
0 2 0.788378 0.103179 0.037438 0.008160 0.062845
0 2 0.820383 0.085104 0.029703 0.006943 0.057867
0 2 0.788985 0.101846 0.039608 0.012366 0.057196
0 2 0.766377 0.101804 0.044295 0.018595 0.068928
0 2 0.726267 0.113502 0.052980 0.022418 0.084833
0 2 0.722982 0.105079 0.051919 0.027242 0.092778
0 2 0.718522 0.105910 0.053976 0.032706 0.088885
0 2 0.754832 0.102344 0.049289 0.022473 0.071062
0 2 0.747310 0.112137 0.048877 0.017974 0.073702
0 2 0.809159 0.086748 0.033658 0.011683 0.058752
0 2 0.839969 0.073277 0.026367 0.008536 0.051850
0 2 0.854395 0.067211 0.023019 0.006873 0.048503
0 0 0.875558 0.051640 0.016916 0.004954 0.050932
0 1 0.888643 0.050822 0.014888 0.003213 0.042434
0 1 0.911267 0.045777 0.011278 0.001670 0.030009
0 1 0.905988 0.054615 0.011887 0.001023 0.026487
0 0 0.839776 0.102216 0.022018 0.000915 0.035075
0 0 0.730769 0.156485 0.044205 0.002311 0.066230
0 0 0.761572 0.125426 0.038901 0.003467 0.070634
0 0 0.858540 0.051264 0.019016 0.007830 0.063350
0 0 0.840308 0.050216 0.020960 0.012149 0.076368
0 0 0.780583 0.091161 0.034614 0.007835 0.085808
0 0 0.714768 0.138797 0.049273 0.005530 0.091633
0 1 0.535584 0.277769 0.095019 0.004187 0.087441
0 1 0.617960 0.218039 0.069816 0.003203 0.090982
0 1 0.639227 0.200393 0.065417 0.003571 0.091392
0 1 0.716525 0.152126 0.048346 0.003595 0.079408
0 1 0.746119 0.144108 0.041386 0.002515 0.065872
0 1 0.831129 0.095481 0.024808 0.001886 0.046695
0 1 0.883706 0.068433 0.015405 0.001140 0.031316
0 1 0.914892 0.048755 0.010551 0.001009 0.024794
0 1 0.928698 0.037334 0.008586 0.001298 0.024083
0 1 0.913571 0.042738 0.010916 0.001928 0.030848
0 0 0.885542 0.052984 0.015436 0.003134 0.042903
0 1 0.868598 0.061562 0.018380 0.003387 0.048072
0 1 0.843173 0.079672 0.022994 0.002885 0.051276
0 1 0.893024 0.058379 0.014152 0.001539 0.032905
0 1 0.845813 0.096553 0.021235 0.000999 0.035400
0 1 0.777983 0.136835 0.035605 0.001966 0.047611
0 1 0.821404 0.086062 0.027103 0.003959 0.061472
0 1 0.874669 0.050874 0.016885 0.005159 0.052413
0 1 0.925146 0.026706 0.008460 0.004524 0.035165
0 0 0.958848 0.015059 0.004032 0.002418 0.019643
0 0 0.972006 0.009204 0.002378 0.002125 0.014287
0 0 0.977831 0.008193 0.001866 0.001304 0.010806
0 0 0.976540 0.008290 0.001968 0.001529 0.011673
0 0 0.968026 0.013047 0.003052 0.001437 0.014438
0 0 0.939254 0.020946 0.006418 0.004026 0.029356
0 0 0.914149 0.039353 0.010755 0.002513 0.033230
0 0 0.891935 0.055624 0.014418 0.001998 0.036025
0 0 0.834118 0.077576 0.024649 0.004160 0.059497
0 0 0.772764 0.119496 0.036598 0.003347 0.067795
0 0 0.727069 0.142644 0.046271 0.003951 0.080065
0 4 0.702606 0.171110 0.050373 0.002614 0.073297
0 4 0.696760 0.166358 0.052442 0.003389 0.081051
0 4 0.680467 0.155274 0.057099 0.006050 0.101110
0 4 0.494183 0.250598 0.086612 0.002331 0.166275
4 4 0.357836 0.184534 0.091560 0.004841 0.361229
4 4 0.263427 0.180533 0.096661 0.003935 0.455444
4 4 0.157775 0.220716 0.111189 0.001414 0.508906
4 4 0.157207 0.260740 0.125081 0.001273 0.455700
4 4 0.161832 0.242809 0.128649 0.002142 0.464569
4 4 0.121995 0.228215 0.138051 0.002664 0.509074
4 4 0.124298 0.230425 0.139154 0.002744 0.503379
4 4 0.125234 0.282144 0.156684 0.002182 0.433757
4 4 0.143885 0.301392 0.154043 0.001867 0.398813
4 4 0.128240 0.310200 0.150342 0.001193 0.410025
4 4 0.121167 0.279858 0.142999 0.001288 0.454689
4 4 0.146389 0.247412 0.123736 0.001349 0.481114
4 4 0.168161 0.247919 0.125223 0.001791 0.456907
4 4 0.145261 0.214550 0.117998 0.001953 0.520239
4 4 0.166080 0.271959 0.129723 0.001417 0.430821
4 4 0.193415 0.166067 0.093549 0.002833 0.544137
4 4 0.260497 0.206100 0.095088 0.001927 0.436387
0 4 0.477409 0.160582 0.064579 0.002605 0.294824
0 4 0.551780 0.126370 0.050164 0.002876 0.268810
0 4 0.611209 0.141343 0.050436 0.002548 0.194464
0 4 0.544357 0.161729 0.059967 0.002461 0.231486
0 4 0.433564 0.276929 0.086432 0.001016 0.202060
4 4 0.101074 0.328011 0.141207 0.000454 0.429254
4 4 0.117875 0.346804 0.140302 0.000441 0.394578
4 4 0.099871 0.331298 0.140703 0.000419 0.427709
4 4 0.106201 0.310061 0.142548 0.000658 0.440532
4 4 0.160551 0.320829 0.134956 0.000819 0.382844
0 4 0.390275 0.253956 0.101152 0.002593 0.252023
0 4 0.501926 0.242197 0.092072 0.004012 0.159793
0 0 0.675477 0.183825 0.056664 0.003012 0.081022
0 0 0.753699 0.137725 0.040009 0.002657 0.065910
0 0 0.735415 0.139965 0.044382 0.003655 0.076583
0 4 0.740820 0.123831 0.043556 0.005522 0.086271
0 4 0.630691 0.172514 0.068004 0.007124 0.121668
0 1 0.593833 0.180211 0.067726 0.004308 0.153922
0 4 0.317624 0.258407 0.109106 0.002266 0.312597
4 4 0.251959 0.276231 0.119078 0.001732 0.351001
1 4 0.191189 0.353923 0.140980 0.000952 0.312955
1 0 0.242759 0.354243 0.136334 0.001253 0.265412
0 0 0.329165 0.322569 0.121411 0.001846 0.225009
0 4 0.429393 0.228175 0.092778 0.003203 0.246450
0 4 0.523843 0.194251 0.077385 0.004145 0.200376
1 1 0.347196 0.364884 0.112468 0.000888 0.174565
0 4 0.673023 0.201056 0.055049 0.001887 0.068984
0 4 0.603888 0.253248 0.068545 0.001622 0.072698
0 1 0.581848 0.277258 0.071205 0.001273 0.068416
0 1 0.611551 0.274474 0.060270 0.000724 0.052981
0 1 0.689118 0.209627 0.048033 0.000962 0.052260
0 1 0.685733 0.194342 0.052156 0.001777 0.065992
0 0 0.793776 0.106026 0.032448 0.003425 0.064324
0 0 0.856365 0.067095 0.020553 0.003696 0.052292
0 0 0.875025 0.052885 0.016990 0.004543 0.050557
0 1 0.858939 0.056109 0.019505 0.006078 0.059369
0 1 0.792629 0.089348 0.032413 0.006652 0.078957
0 1 0.458523 0.275983 0.095106 0.002140 0.168248
0 0 0.432017 0.307292 0.095220 0.001199 0.164272
0 0 0.539959 0.221833 0.078187 0.002897 0.157124
0 1 0.815124 0.084367 0.028217 0.004973 0.067319
0 1 0.907327 0.043127 0.011856 0.002555 0.035134
0 0 0.945425 0.022933 0.006001 0.002184 0.023457
0 0 0.942202 0.026232 0.006552 0.001815 0.023198
0 0 0.956281 0.020827 0.004659 0.001194 0.017038
0 0 0.988002 0.000640 0.000213 0.005738 0.005408
0 0 0.981747 0.000731 0.000280 0.009859 0.007383
0 0 0.988006 0.000548 0.000186 0.006129 0.005131
0 0 0.994837 0.000536 0.000130 0.001662 0.002834
0 0 0.995948 0.000508 0.000111 0.001121 0.002311
0 0 0.994931 0.001028 0.000210 0.000854 0.002977
0 0 0.994874 0.001040 0.000213 0.000863 0.003009
0 0 0.987986 0.002902 0.000696 0.001597 0.006820
0 0 0.975339 0.007271 0.001923 0.002331 0.013137
0 0 0.962308 0.012787 0.003502 0.002648 0.018756
0 0 0.980798 0.005487 0.001381 0.001930 0.010404
0 0 0.987321 0.002964 0.000729 0.001768 0.007218
0 0 0.987277 0.003895 0.000855 0.001132 0.006841
0 0 0.976668 0.008136 0.001943 0.001567 0.011686
0 0 0.978370 0.006997 0.001709 0.001710 0.011215
0 0 0.971729 0.008550 0.002312 0.002538 0.014871
0 0 0.965094 0.013390 0.003339 0.001839 0.016338
0 0 0.967913 0.012513 0.003022 0.001627 0.014925
0 0 0.983739 0.005992 0.001265 0.000972 0.008031
0 0 0.988642 0.003390 0.000732 0.001062 0.006175
0 0 0.965315 0.011655 0.003142 0.002496 0.017392
0 0 0.970890 0.007836 0.002254 0.003225 0.015796
0 0 0.950584 0.020570 0.005287 0.002046 0.021512
0 0 0.873024 0.078584 0.016808 0.000923 0.030660
0 1 0.811800 0.131935 0.024727 0.000514 0.031025
0 1 0.841446 0.108522 0.020546 0.000553 0.028933
0 1 0.862074 0.094421 0.017314 0.000499 0.025692
0 1 0.886819 0.070416 0.014544 0.000817 0.027404
0 1 0.882870 0.076308 0.014754 0.000628 0.025439
0 1 0.863287 0.090528 0.017629 0.000633 0.027922
0 1 0.853068 0.102900 0.018277 0.000436 0.025319
0 1 0.850846 0.104328 0.018641 0.000446 0.025740
0 0 0.790685 0.138926 0.029761 0.000845 0.039783
0 0 0.811712 0.115119 0.027569 0.001340 0.044258
0 1 0.830231 0.099938 0.024644 0.001536 0.043651
0 1 0.871752 0.069697 0.017749 0.001825 0.038976
0 1 0.778638 0.136791 0.033548 0.001413 0.049610
0 1 0.696882 0.183076 0.050490 0.002009 0.067545
0 1 0.653015 0.247763 0.051538 0.000625 0.047059
0 1 0.614356 0.274071 0.059254 0.000685 0.051634
0 1 0.734260 0.141024 0.044605 0.003613 0.076497
0 1 0.694240 0.172393 0.054374 0.003602 0.075391
0 1 0.693394 0.184618 0.054292 0.002860 0.064835
0 1 0.812292 0.109305 0.028051 0.001758 0.048593
0 2 0.841591 0.084091 0.023193 0.002411 0.048713
0 2 0.806385 0.096831 0.030012 0.003654 0.063117
0 2 0.778021 0.111296 0.035691 0.004034 0.070958
0 2 0.804006 0.115497 0.029475 0.001703 0.049319
0 2 0.839921 0.082613 0.023570 0.002748 0.051148
0 2 0.865966 0.060581 0.018770 0.003905 0.050778
0 0 0.878969 0.053829 0.016469 0.003769 0.046963
0 1 0.883159 0.050530 0.015678 0.003999 0.046634
0 1 0.803563 0.114064 0.029724 0.001848 0.050801
0 1 0.707713 0.171409 0.048891 0.002326 0.069661
1 2 0.315494 0.372496 0.133319 0.001695 0.176996
1 2 0.107532 0.379475 0.223894 0.003675 0.285424
4 2 0.042305 0.244573 0.237182 0.008038 0.467902
4 2 0.034228 0.246312 0.271470 0.012375 0.435616
4 2 0.039036 0.144828 0.179736 0.017351 0.619050
4 2 0.032893 0.148990 0.190678 0.016494 0.610945
4 2 0.076789 0.107002 0.116347 0.018170 0.681692
4 2 0.215867 0.179764 0.117655 0.008353 0.478362
4 2 0.289816 0.189445 0.109124 0.007411 0.404204
4 2 0.271932 0.272233 0.140120 0.005331 0.310384
4 2 0.304942 0.233243 0.117215 0.004834 0.339766
4 2 0.226207 0.270397 0.154454 0.006574 0.342369
4 2 0.158210 0.180926 0.127568 0.007491 0.525805
4 2 0.223990 0.170949 0.114606 0.009726 0.480729
0 2 0.500148 0.151764 0.081245 0.013945 0.252898
0 2 0.649395 0.123532 0.060320 0.016947 0.149806
0 2 0.683257 0.144576 0.056400 0.007653 0.108113
0 2 0.699546 0.149788 0.052638 0.005205 0.092823
0 2 0.679143 0.170876 0.061524 0.006484 0.081973
0 2 0.653153 0.167580 0.071961 0.013758 0.093547
0 2 0.744379 0.107794 0.044762 0.011881 0.091185
0 2 0.826959 0.068085 0.025627 0.008249 0.071081
0 2 0.783040 0.088251 0.037361 0.014651 0.076697
0 1 0.782479 0.087211 0.037548 0.009138 0.083625
0 2 0.770122 0.107313 0.040331 0.005672 0.076562
0 2 0.720531 0.149293 0.047516 0.003635 0.079024
0 2 0.386942 0.268757 0.203069 0.034001 0.107231
2 2 0.301453 0.227550 0.335264 0.066577 0.069155
2 2 0.268072 0.225480 0.375305 0.068860 0.062283
2 2 0.258015 0.218006 0.375122 0.078937 0.069920
0 1 0.334768 0.280041 0.242836 0.049462 0.092893
0 2 0.433260 0.246055 0.151095 0.048308 0.121282
0 2 0.437007 0.240577 0.148135 0.047711 0.126571
0 2 0.459029 0.236671 0.135320 0.032947 0.136032
0 2 0.495066 0.227665 0.124047 0.029995 0.123227
0 2 0.346904 0.284008 0.231594 0.044257 0.093237
1 2 0.296857 0.298065 0.277337 0.043881 0.083861
1 2 0.290053 0.292225 0.286265 0.050766 0.080691
1 2 0.283447 0.307228 0.280698 0.045466 0.083160
0 2 0.306508 0.247189 0.265056 0.080733 0.100513
0 2 0.309640 0.258647 0.246362 0.066343 0.119007
2 2 0.262174 0.274173 0.315769 0.058546 0.089339
0 2 0.288925 0.279545 0.277809 0.051275 0.102446
0 2 0.309273 0.262777 0.305900 0.044924 0.077126
0 2 0.342884 0.242377 0.259371 0.056720 0.098647
0 2 0.314836 0.247896 0.255705 0.068866 0.112697
0 2 0.668187 0.140843 0.063660 0.015256 0.112054
0 2 0.655351 0.129652 0.068401 0.031174 0.115422
0 1 0.780310 0.071369 0.032080 0.015148 0.101093
0 1 0.814201 0.078289 0.034070 0.007161 0.066279
0 0 0.837297 0.078407 0.024094 0.003663 0.056540
0 1 0.825969 0.090785 0.026155 0.002809 0.054283
0 1 0.655742 0.187663 0.067025 0.006075 0.083495
0 2 0.531078 0.265400 0.107819 0.009945 0.085757
1 2 0.195661 0.338505 0.238452 0.026123 0.201259
4 2 0.113137 0.271671 0.261700 0.041822 0.311671
4 2 0.045858 0.176975 0.249210 0.054650 0.473307
4 2 0.038132 0.161717 0.247442 0.061380 0.491328
4 2 0.040830 0.154276 0.238639 0.069279 0.496976
4 2 0.037611 0.158802 0.258994 0.087351 0.457242
4 2 0.033264 0.167093 0.345746 0.098956 0.354942
2 2 0.038309 0.153502 0.362911 0.141160 0.304118
2 2 0.054143 0.136348 0.361506 0.249571 0.198431
3 2 0.084482 0.077021 0.193625 0.529060 0.115811
3 2 0.118522 0.098874 0.203567 0.456041 0.122996
3 2 0.148522 0.107535 0.170773 0.424466 0.148703
0 2 0.280733 0.197381 0.256006 0.130095 0.135784
3 2 0.187972 0.103259 0.191278 0.387807 0.129685
3 2 0.104847 0.083577 0.196272 0.521976 0.093328
3 2 0.086648 0.066989 0.181768 0.583575 0.081020
3 2 0.153151 0.114583 0.225705 0.384633 0.121928
3 2 0.125160 0.096527 0.228766 0.459898 0.089649
3 2 0.116553 0.105355 0.276456 0.428460 0.073175
3 2 0.117769 0.099547 0.279850 0.431642 0.071192
2 2 0.143435 0.119550 0.340038 0.327391 0.069585
2 2 0.242825 0.127756 0.296762 0.248428 0.084229
2 2 0.191686 0.114370 0.365974 0.265763 0.062206
2 1 0.305294 0.167362 0.321300 0.131608 0.074435
2 1 0.233126 0.183340 0.358233 0.150284 0.075018
2 2 0.255324 0.225120 0.346488 0.108759 0.064309
2 2 0.200509 0.190822 0.406956 0.150208 0.051506
3 2 0.105039 0.118639 0.361521 0.365972 0.048829
2 2 0.102523 0.120512 0.380363 0.342728 0.053874
3 2 0.092142 0.094766 0.291842 0.460167 0.061084
3 2 0.140499 0.151554 0.310665 0.319650 0.077632
3 2 0.165253 0.150755 0.289238 0.305577 0.089176
2 2 0.188632 0.166070 0.403975 0.182941 0.058382
3 2 0.096658 0.096495 0.371585 0.396974 0.038287
3 2 0.076743 0.081039 0.322307 0.482867 0.037045
3 2 0.041111 0.047147 0.235685 0.648478 0.027579
3 2 0.042807 0.046982 0.230492 0.651083 0.028637
3 2 0.058223 0.048093 0.212463 0.649653 0.031567
3 2 0.050500 0.038497 0.175897 0.702863 0.032243
3 3 0.070647 0.044746 0.173355 0.666214 0.045039
3 2 0.124304 0.059063 0.152055 0.585818 0.078759
3 2 0.123673 0.064079 0.161796 0.577788 0.072663
3 2 0.166911 0.103003 0.219018 0.429786 0.081281
3 2 0.216932 0.136967 0.249313 0.298279 0.098510
2 2 0.245651 0.157897 0.274292 0.231535 0.090626
2 2 0.245935 0.164789 0.298115 0.204552 0.086609
2 2 0.184770 0.147389 0.366870 0.239676 0.061294
2 2 0.245593 0.157502 0.311929 0.211115 0.073861
2 2 0.194801 0.133376 0.337730 0.277348 0.056745
3 2 0.155824 0.119611 0.333792 0.336720 0.054053
3 2 0.138545 0.116982 0.347456 0.348208 0.048809
3 2 0.081859 0.090052 0.325707 0.463980 0.038402
2 2 0.111547 0.137053 0.404654 0.286622 0.060123
3 2 0.055104 0.063535 0.355646 0.497457 0.028258
3 2 0.076046 0.081885 0.349518 0.457815 0.034736
3 2 0.065255 0.066469 0.277866 0.558424 0.031986
3 2 0.064749 0.059874 0.240339 0.601973 0.033065
3 2 0.067927 0.058941 0.213843 0.622029 0.037261
3 2 0.060267 0.047128 0.165820 0.687981 0.038805
3 2 0.058604 0.046638 0.180830 0.679031 0.034897
3 2 0.030518 0.027664 0.139530 0.779241 0.023047
3 2 0.032073 0.030111 0.148829 0.766642 0.022345
3 2 0.018765 0.020672 0.117535 0.826401 0.016627
3 2 0.021137 0.022295 0.110232 0.826337 0.019999
3 3 0.014098 0.016230 0.092599 0.861619 0.015454
3 2 0.014463 0.017481 0.098940 0.852922 0.016194
3 2 0.014194 0.015217 0.095820 0.860118 0.014651
3 2 0.014651 0.015584 0.107548 0.849887 0.012329
3 2 0.021395 0.021750 0.144561 0.797794 0.014499
3 2 0.019199 0.020120 0.142544 0.804972 0.013166
3 2 0.022617 0.022187 0.128176 0.808558 0.018462
3 2 0.019199 0.020688 0.124238 0.818566 0.017310
3 2 0.013662 0.015775 0.110627 0.846032 0.013904
3 2 0.013423 0.015984 0.128442 0.831234 0.010918
3 2 0.013895 0.020018 0.171611 0.784408 0.010068
3 2 0.017600 0.024510 0.181497 0.763120 0.013273
3 3 0.017236 0.020942 0.145738 0.802132 0.013951
3 2 0.013713 0.018112 0.143183 0.812939 0.012052
3 2 0.011118 0.013372 0.105098 0.859904 0.010508
3 2 0.008582 0.011046 0.090510 0.881455 0.008407
3 3 0.018376 0.012965 0.065365 0.887122 0.016172
3 0 0.048595 0.031348 0.129046 0.759726 0.031285
3 2 0.222959 0.102824 0.181091 0.403469 0.089658
2 2 0.270919 0.175754 0.274903 0.182240 0.096184
2 2 0.247224 0.240198 0.283241 0.135102 0.094235
2 2 0.172828 0.305603 0.381392 0.074319 0.065858
2 2 0.101699 0.161631 0.464427 0.208825 0.063417
2 2 0.102717 0.139429 0.493356 0.212092 0.052407
2 2 0.124712 0.128558 0.379722 0.289893 0.077115
3 2 0.102793 0.106497 0.326773 0.386617 0.077320
3 1 0.212785 0.143884 0.230972 0.271469 0.140890
3 2 0.225034 0.140087 0.201567 0.279729 0.153583
0 2 0.460776 0.219463 0.167039 0.040986 0.111736
2 2 0.231609 0.233935 0.357151 0.099000 0.078305
2 2 0.185542 0.223774 0.430378 0.100166 0.060139
2 2 0.165971 0.187473 0.448321 0.143566 0.054669
2 2 0.228233 0.189819 0.369261 0.138402 0.074286
2 2 0.151805 0.161325 0.394448 0.213699 0.078723
2 2 0.207396 0.253155 0.364428 0.085208 0.089813
2 2 0.252346 0.256639 0.283709 0.087129 0.120177
2 2 0.195598 0.238533 0.311296 0.136044 0.118528
2 2 0.100840 0.157981 0.343447 0.302846 0.094887
2 2 0.105501 0.168409 0.384697 0.256761 0.084633
2 2 0.142573 0.166200 0.402104 0.212568 0.076554
2 2 0.141270 0.126544 0.391736 0.278055 0.062395
2 2 0.098981 0.094539 0.387743 0.377438 0.041299
2 2 0.137118 0.129576 0.444606 0.250637 0.038063
2 2 0.131003 0.141630 0.494231 0.200172 0.032964
2 2 0.119384 0.139852 0.526822 0.188176 0.025765
2 2 0.127037 0.128097 0.482641 0.235893 0.026331
2 2 0.185734 0.150768 0.443680 0.182368 0.037449
2 2 0.197505 0.165680 0.395011 0.193216 0.048587
2 2 0.236465 0.189356 0.319172 0.180443 0.074564
2 2 0.228863 0.158749 0.316891 0.228290 0.067207
2 2 0.170316 0.131909 0.336447 0.310510 0.050819
2 2 0.140168 0.119230 0.355095 0.343228 0.042279
3 2 0.098559 0.107312 0.366413 0.392390 0.035326
2 2 0.098598 0.110002 0.392159 0.365065 0.034176
3 2 0.084220 0.096769 0.353989 0.430838 0.034183
3 2 0.047538 0.058539 0.294116 0.576308 0.023499
3 2 0.040406 0.045921 0.243489 0.648720 0.021463
3 2 0.039451 0.045012 0.240372 0.653576 0.021589
3 2 0.047312 0.049439 0.222853 0.653759 0.026637
3 2 0.028318 0.032577 0.178985 0.738477 0.021642
3 2 0.042781 0.038374 0.166580 0.721713 0.030552
3 2 0.057731 0.041529 0.151825 0.707921 0.040994
3 2 0.065609 0.047306 0.161261 0.679097 0.046728
3 2 0.079704 0.054173 0.187455 0.628295 0.050373
3 3 0.050793 0.042768 0.200973 0.674093 0.031373
3 2 0.048904 0.046841 0.229673 0.648351 0.026231
3 2 0.038836 0.038343 0.208807 0.692276 0.021738
3 2 0.028101 0.031706 0.195064 0.727027 0.018103
3 2 0.038461 0.030056 0.151386 0.752895 0.027201
3 2 0.050204 0.034691 0.164163 0.721742 0.029199
3 2 0.185382 0.088926 0.272902 0.372099 0.080691
0 2 0.333372 0.151984 0.259747 0.154270 0.100626
0 0 0.564234 0.170932 0.099018 0.032132 0.133685
0 0 0.633765 0.176930 0.074142 0.011066 0.104097
0 0 0.715793 0.144819 0.048898 0.004552 0.085938
0 1 0.454253 0.312107 0.122700 0.006347 0.104593
0 1 0.491239 0.290692 0.101908 0.003606 0.112556
0 1 0.408768 0.340478 0.120219 0.002792 0.127743
1 1 0.310735 0.374320 0.159592 0.004684 0.150669
1 1 0.364284 0.366575 0.151481 0.006156 0.111505
0 1 0.394732 0.294207 0.151315 0.016403 0.143343
0 2 0.352788 0.327980 0.175232 0.019809 0.124191
0 2 0.401889 0.287597 0.155465 0.022757 0.132292
0 0 0.528267 0.221451 0.134838 0.012730 0.102714
0 0 0.610712 0.180845 0.095533 0.008556 0.104355
0 1 0.711321 0.138232 0.050056 0.005948 0.094443
0 1 0.787878 0.112129 0.033516 0.003101 0.063376
0 1 0.762254 0.143743 0.037119 0.001694 0.055189
1 1 0.175993 0.481742 0.244100 0.008441 0.089725
1 1 0.303932 0.402572 0.190410 0.011625 0.091461
1 1 0.280554 0.394414 0.204218 0.014868 0.105946
1 1 0.256751 0.435750 0.215409 0.013319 0.078770
1 1 0.237277 0.429410 0.228058 0.015716 0.089538
1 2 0.195052 0.428669 0.254290 0.019278 0.102711
1 2 0.259332 0.423372 0.216519 0.014987 0.085789
1 2 0.237712 0.413256 0.256260 0.017378 0.075393
1 2 0.258934 0.419251 0.233315 0.013855 0.074646
1 2 0.282761 0.438981 0.196497 0.009702 0.072059
1 2 0.268765 0.443080 0.205210 0.010838 0.072108
1 2 0.270501 0.437328 0.205515 0.011377 0.075280
1 2 0.244819 0.451347 0.220342 0.012815 0.070676
1 2 0.217107 0.455706 0.245351 0.016088 0.065748
1 2 0.247707 0.374887 0.275676 0.031528 0.070201
1 2 0.302490 0.335852 0.262585 0.026121 0.072952
1 2 0.309159 0.330123 0.251262 0.029999 0.079456
1 2 0.225179 0.348798 0.330915 0.035271 0.059838
2 2 0.145350 0.292909 0.459867 0.054124 0.047750
2 1 0.173193 0.330594 0.409473 0.034604 0.052136
0 0 0.902040 0.043273 0.012613 0.003195 0.038879
0 0 0.925909 0.026796 0.008394 0.004335 0.034565
0 0 0.861054 0.061606 0.019587 0.004297 0.053457
0 0 0.857711 0.073473 0.020332 0.002487 0.045997
0 0 0.831267 0.094981 0.024813 0.001927 0.047012
0 0 0.857873 0.081457 0.019930 0.001537 0.039203
0 0 0.876746 0.068693 0.016812 0.001570 0.036179
0 0 0.765221 0.129012 0.038487 0.003086 0.064194
0 1 0.704535 0.177554 0.049002 0.002036 0.066873
0 4 0.545048 0.256191 0.088404 0.003795 0.106562
1 4 0.287824 0.325345 0.138253 0.002737 0.245842
4 4 0.150132 0.317613 0.150410 0.001402 0.380443
4 4 0.102345 0.264318 0.143642 0.001308 0.488387
4 4 0.092917 0.299286 0.146136 0.000718 0.460944
4 4 0.099528 0.322809 0.142530 0.000500 0.434633
4 4 0.093468 0.336509 0.165571 0.000866 0.403586
4 4 0.094190 0.336817 0.185701 0.001657 0.381635
4 4 0.103738 0.307666 0.197352 0.004008 0.387236
4 4 0.113932 0.265262 0.175860 0.004679 0.440266
4 4 0.138431 0.221618 0.154518 0.006972 0.478462
4 4 0.160318 0.267665 0.147098 0.002888 0.422031
4 4 0.220700 0.175724 0.103893 0.004841 0.494841
4 4 0.329988 0.193208 0.094081 0.003853 0.378869
4 4 0.221286 0.254904 0.120343 0.002041 0.401427
4 4 0.177829 0.324222 0.145032 0.001402 0.351516
4 4 0.119972 0.315781 0.147906 0.000906 0.415435
4 4 0.070009 0.266789 0.163473 0.001440 0.498288
4 4 0.074832 0.281251 0.170510 0.001585 0.471820
4 4 0.089800 0.261398 0.159615 0.002017 0.487169
4 4 0.097719 0.264281 0.155295 0.001881 0.480825
4 4 0.082043 0.249546 0.153614 0.001757 0.513039
4 4 0.086934 0.264216 0.148893 0.001248 0.498710
4 4 0.103777 0.258010 0.131615 0.000917 0.505681
4 4 0.107352 0.248383 0.130863 0.001110 0.512292
4 4 0.112734 0.273859 0.136760 0.000988 0.475658
4 4 0.083253 0.271384 0.149281 0.001053 0.495029
4 4 0.081143 0.265058 0.149903 0.001152 0.502745
4 4 0.061144 0.227293 0.148711 0.001455 0.561396
4 4 0.066019 0.227524 0.151305 0.001781 0.553371
4 4 0.058648 0.216010 0.149575 0.001784 0.573983
4 4 0.098889 0.335894 0.139462 0.000370 0.425385
4 4 0.099436 0.326531 0.141675 0.000460 0.431898
4 4 0.153888 0.339054 0.135723 0.000624 0.370711
4 4 0.151579 0.326948 0.140774 0.000869 0.379829
4 4 0.160766 0.332968 0.146920 0.001132 0.358214
4 4 0.125356 0.246882 0.136077 0.001800 0.489883
4 4 0.125383 0.156554 0.100576 0.002787 0.614700
4 4 0.139169 0.093394 0.066504 0.004022 0.696911
4 4 0.187077 0.100302 0.070292 0.006131 0.636198
4 4 0.231286 0.141169 0.079733 0.003417 0.544395
4 4 0.251349 0.107174 0.064217 0.004468 0.572791
4 4 0.357208 0.162859 0.076269 0.003104 0.400560
4 4 0.273765 0.164329 0.085491 0.003318 0.473096
4 4 0.209889 0.257594 0.120915 0.001820 0.409782
4 4 0.135512 0.229823 0.112345 0.000978 0.521342
4 4 0.132231 0.185356 0.099012 0.001265 0.582136
4 4 0.148198 0.240626 0.114010 0.000993 0.496173
4 4 0.127909 0.333162 0.139203 0.000570 0.399156
1 4 0.163884 0.361226 0.139688 0.000631 0.334571
4 4 0.112490 0.326891 0.144128 0.000611 0.415880
1 4 0.083332 0.373149 0.215006 0.002050 0.326463
4 4 0.098370 0.345311 0.191193 0.001883 0.363243
1 4 0.107509 0.357532 0.189344 0.001780 0.343835
1 4 0.109538 0.364258 0.189144 0.001689 0.335370
1 4 0.074900 0.388806 0.241479 0.002886 0.291928
4 4 0.070107 0.344403 0.225958 0.002897 0.356636
4 4 0.070749 0.313707 0.228389 0.004644 0.382511
4 4 0.059822 0.301528 0.247182 0.006723 0.384745
1 4 0.062772 0.324090 0.291361 0.014112 0.307665
1 4 0.050649 0.326848 0.323499 0.018623 0.280381
4 1 0.074896 0.295599 0.275296 0.019732 0.334477
4 1 0.040659 0.233811 0.277865 0.023342 0.424323
4 1 0.024381 0.190672 0.273352 0.025771 0.485824
4 1 0.019392 0.188136 0.312294 0.023270 0.456908
4 1 0.019261 0.180851 0.258745 0.017052 0.524091
4 1 0.030476 0.232695 0.267559 0.012437 0.456832
4 1 0.034191 0.245980 0.266364 0.011134 0.442331
4 1 0.047320 0.281104 0.268496 0.010381 0.392699
4 1 0.054487 0.292561 0.258286 0.008590 0.386077
4 1 0.052055 0.283747 0.268946 0.011621 0.383630
0 0 0.386610 0.228451 0.115258 0.008324 0.261358
1 1 0.301445 0.362596 0.195462 0.017635 0.122862
1 1 0.172340 0.403276 0.276260 0.019999 0.128126
1 1 0.127512 0.455478 0.316709 0.012016 0.088285
1 1 0.150199 0.415333 0.310811 0.017350 0.106306
1 1 0.157866 0.425831 0.300885 0.017769 0.097649
1 2 0.141452 0.378377 0.320312 0.026783 0.133076
2 2 0.080167 0.323400 0.459228 0.037515 0.099689
2 2 0.070129 0.312693 0.474131 0.040210 0.102836
2 2 0.104675 0.377820 0.420557 0.020518 0.076429
2 2 0.148348 0.345832 0.418348 0.031132 0.056340
2 2 0.118329 0.296350 0.488750 0.050128 0.046443
2 2 0.110802 0.268962 0.522778 0.054408 0.043049
2 2 0.137038 0.342695 0.410492 0.047635 0.062141
2 2 0.105108 0.321746 0.471988 0.054723 0.046434
2 2 0.073414 0.236910 0.535845 0.106207 0.047625
2 2 0.041988 0.128316 0.599793 0.199188 0.030716
2 2 0.085880 0.210873 0.545417 0.106848 0.050982
2 2 0.076751 0.161488 0.573131 0.146212 0.042418
2 2 0.074383 0.156040 0.610731 0.127536 0.031310
2 2 0.058742 0.129054 0.597584 0.180053 0.034567
2 2 0.024903 0.058961 0.494954 0.400951 0.020231
3 2 0.009096 0.038321 0.462414 0.479997 0.010172
3 2 0.008840 0.038774 0.403396 0.536594 0.012396
3 2 0.009732 0.036875 0.358730 0.581364 0.013299
3 2 0.011865 0.040921 0.356916 0.571816 0.018482
3 2 0.009082 0.027507 0.281955 0.670279 0.011176
3 2 0.007270 0.023627 0.277676 0.682784 0.008644
3 2 0.006836 0.024237 0.321286 0.639619 0.008021
3 2 0.007077 0.024601 0.324038 0.635972 0.008312
3 2 0.006970 0.019079 0.244673 0.721743 0.007537
3 2 0.006607 0.015518 0.179605 0.791277 0.006993
3 2 0.007395 0.014072 0.137759 0.833025 0.007749
3 2 0.008666 0.014375 0.119648 0.848075 0.009235
3 3 0.008465 0.012824 0.095855 0.873784 0.009070
3 3 0.009559 0.013889 0.096480 0.869655 0.010417
3 3 0.008018 0.012660 0.092376 0.878174 0.008772
3 3 0.008758 0.012108 0.072009 0.897246 0.009880
3 3 0.010076 0.011412 0.057647 0.909556 0.011309
3 3 0.007835 0.009035 0.048219 0.926327 0.008585
3 3 0.009665 0.011934 0.046104 0.920002 0.012295
3 3 0.007010 0.007531 0.028576 0.948444 0.008438
3 3 0.008890 0.008686 0.030765 0.940942 0.010717
3 3 0.009895 0.010149 0.033207 0.934208 0.012541
3 3 0.008535 0.008393 0.025622 0.946586 0.010864
3 3 0.009419 0.009542 0.028812 0.939525 0.012702
3 3 0.010792 0.010981 0.033357 0.929098 0.015773
3 3 0.018302 0.015422 0.044281 0.896225 0.025769
3 2 0.019897 0.016483 0.064721 0.876332 0.022567
3 2 0.020387 0.019631 0.109876 0.828620 0.021486
3 2 0.062242 0.056662 0.300942 0.549382 0.030772
2 2 0.078695 0.091313 0.467246 0.339129 0.023617
2 2 0.090703 0.112066 0.515675 0.258384 0.023172
2 2 0.081208 0.102636 0.515068 0.278250 0.022838
2 2 0.066667 0.080942 0.440134 0.389969 0.022289
2 2 0.059907 0.070607 0.427371 0.422152 0.019962
3 2 0.039706 0.056783 0.424589 0.462931 0.015990
2 2 0.075303 0.090240 0.487295 0.324132 0.023030
2 2 0.114505 0.121300 0.467530 0.268163 0.028501
2 2 0.124896 0.142560 0.472322 0.231498 0.028724
0 2 0.430581 0.146463 0.244127 0.071604 0.107226
0 2 0.399858 0.145575 0.241535 0.111749 0.101282
0 2 0.358282 0.132038 0.277380 0.141784 0.090517
2 1 0.277006 0.204159 0.301499 0.128314 0.089022
0 2 0.287638 0.258414 0.246093 0.101998 0.105856
2 2 0.141367 0.224774 0.408267 0.166807 0.058785
2 2 0.031583 0.067382 0.488458 0.392097 0.020480
2 2 0.039689 0.071841 0.497370 0.370631 0.020469
2 2 0.042165 0.073541 0.458920 0.401032 0.024341
2 2 0.041780 0.080929 0.518243 0.338658 0.020389
2 2 0.048672 0.094943 0.540407 0.296032 0.019946
2 2 0.053843 0.109654 0.618918 0.200573 0.017012
2 2 0.036675 0.087484 0.570351 0.289562 0.015928
2 2 0.030999 0.082969 0.654159 0.219645 0.012228
2 2 0.036059 0.081620 0.526064 0.335494 0.020763
2 2 0.056685 0.105922 0.500031 0.310384 0.026978
2 2 0.079917 0.106762 0.439554 0.339705 0.034062
2 2 0.067308 0.106371 0.453874 0.339153 0.033294
2 2 0.104928 0.159868 0.457053 0.231471 0.046679
2 2 0.110799 0.160971 0.459103 0.225501 0.043625
2 2 0.100810 0.107695 0.373848 0.369429 0.048217
2 2 0.074369 0.084141 0.426186 0.390026 0.025278
3 2 0.061713 0.075173 0.402976 0.437182 0.022957
3 2 0.059561 0.067065 0.340419 0.509708 0.023246
3 2 0.044098 0.055581 0.304877 0.574893 0.020551
3 2 0.052517 0.064944 0.307532 0.548525 0.026483
3 2 0.056989 0.072148 0.386169 0.459961 0.024733
3 2 0.080094 0.084927 0.359619 0.440647 0.034713
3 2 0.032061 0.048732 0.338585 0.564604 0.016018
3 2 0.055180 0.072232 0.409238 0.441648 0.021701
2 2 0.066879 0.081124 0.421357 0.407176 0.023464
2 2 0.087286 0.102113 0.416582 0.365153 0.028867
3 2 0.050062 0.061582 0.279429 0.583022 0.025905
3 2 0.047748 0.065154 0.287904 0.574325 0.024868
3 2 0.049816 0.055017 0.217452 0.646129 0.031587
3 0 0.072569 0.060544 0.285789 0.549824 0.031274
3 1 0.082701 0.069743 0.296067 0.507378 0.044110
2 2 0.106649 0.130079 0.440908 0.270769 0.051594
2 2 0.225022 0.232063 0.323824 0.117054 0.102037
1 2 0.191691 0.364096 0.295612 0.047649 0.100951
1 2 0.105282 0.354549 0.320660 0.043133 0.176376
1 2 0.163226 0.367243 0.288984 0.053356 0.127191
1 2 0.270964 0.313321 0.217106 0.044719 0.153890
1 2 0.291745 0.340243 0.205817 0.027944 0.134251
1 2 0.272929 0.350024 0.206800 0.021112 0.149135
1 2 0.209567 0.405173 0.239480 0.017351 0.128429
1 2 0.186880 0.411971 0.248108 0.015617 0.137425
1 2 0.155603 0.421975 0.266255 0.015304 0.140862
1 2 0.156401 0.423320 0.274555 0.019313 0.126412
1 2 0.277402 0.395339 0.208479 0.016556 0.102224
0 2 0.358862 0.281978 0.171881 0.032286 0.154994
0 0 0.543940 0.184081 0.088551 0.013185 0.170243
0 0 0.656463 0.133157 0.061197 0.013972 0.135210
0 0 0.669287 0.150958 0.061845 0.009720 0.108190
0 0 0.731601 0.134102 0.046394 0.005297 0.082607
0 1 0.705413 0.162905 0.050420 0.003192 0.078070
0 1 0.718608 0.169229 0.046040 0.001962 0.064161
0 1 0.729220 0.176525 0.041632 0.001138 0.051485
0 1 0.639640 0.250060 0.056074 0.000822 0.053403
0 1 0.616651 0.265089 0.060897 0.000871 0.056491
0 1 0.677655 0.234796 0.045670 0.000498 0.041381
0 1 0.786051 0.144155 0.030172 0.000767 0.038855
0 1 0.830060 0.111962 0.023140 0.000769 0.034069
0 1 0.786136 0.144282 0.030122 0.000759 0.038701
0 1 0.784687 0.143126 0.030782 0.000852 0.040553
0 1 0.755485 0.166843 0.035168 0.000759 0.041746
0 1 0.754811 0.163070 0.036159 0.000924 0.045036
0 1 0.687266 0.200084 0.053647 0.001983 0.057022
0 1 0.698916 0.181033 0.050176 0.002054 0.067821
0 1 0.796147 0.124539 0.030453 0.001427 0.047433
0 1 0.830399 0.113647 0.022761 0.000680 0.032513
0 1 0.836072 0.118110 0.020193 0.000369 0.025256
0 1 0.732282 0.194713 0.036370 0.000459 0.036176
0 1 0.747719 0.173002 0.036371 0.000744 0.042164
0 1 0.736771 0.167578 0.040904 0.001315 0.053432
0 1 0.772440 0.133453 0.035617 0.001953 0.056538
0 1 0.790723 0.119996 0.032835 0.002264 0.054182
0 1 0.799715 0.121069 0.031221 0.001902 0.046092
0 1 0.752392 0.154596 0.042165 0.002478 0.048369
0 1 0.732067 0.167946 0.046280 0.002499 0.051208
0 1 0.639434 0.249117 0.056404 0.000853 0.054191
0 1 0.655929 0.240583 0.052411 0.000752 0.050325
0 1 0.523981 0.355193 0.081122 0.000987 0.038717
0 1 0.539372 0.311915 0.087829 0.002142 0.058741
0 1 0.628075 0.236330 0.065074 0.001891 0.068630
0 1 0.667582 0.205087 0.059467 0.002621 0.065243
0 1 0.634590 0.223395 0.072420 0.004487 0.065109
0 1 0.663863 0.206112 0.062738 0.003391 0.063896
0 1 0.704120 0.179358 0.052379 0.002897 0.061246
0 1 0.697847 0.180870 0.056392 0.004032 0.060860
0 1 0.785338 0.126837 0.036187 0.003058 0.048580
0 1 0.743939 0.139183 0.044614 0.004246 0.068018
0 1 0.753519 0.138386 0.039999 0.002604 0.065492
0 1 0.691537 0.201127 0.049038 0.001231 0.057067
0 1 0.621270 0.272980 0.056765 0.000594 0.048390
0 1 0.547229 0.330501 0.075126 0.000879 0.046265
1 1 0.353355 0.439321 0.149093 0.003825 0.054405
1 1 0.362802 0.440452 0.140733 0.002951 0.053062
0 0 0.535812 0.297364 0.086673 0.002047 0.078104
0 1 0.469072 0.264942 0.184793 0.003235 0.077959
0 1 0.816118 0.117306 0.026114 0.001012 0.039450
0 1 0.846248 0.092802 0.021855 0.001337 0.037758
0 1 0.866485 0.078421 0.018294 0.001287 0.035513
0 1 0.860197 0.085932 0.019106 0.001070 0.033695
0 1 0.817275 0.114743 0.027550 0.001495 0.038937
0 1 0.797909 0.127456 0.030769 0.001460 0.042406
0 1 0.779862 0.137015 0.033943 0.001534 0.047646
0 1 0.747751 0.159079 0.042190 0.002139 0.048842
0 1 0.762841 0.144922 0.039225 0.002293 0.050719
0 1 0.764332 0.131833 0.040641 0.003879 0.059315
0 1 0.787978 0.117167 0.035141 0.003482 0.056232
0 1 0.861914 0.068966 0.019609 0.002778 0.046733
0 1 0.841248 0.081313 0.025196 0.004371 0.047872
0 1 0.845919 0.077801 0.024765 0.005075 0.046439
0 1 0.846555 0.075167 0.024467 0.005469 0.048343
0 1 0.886063 0.054757 0.015848 0.003215 0.040117
0 1 0.878682 0.056710 0.017898 0.004877 0.041832
0 0 0.816936 0.087703 0.030233 0.006494 0.058633
0 1 0.759596 0.116104 0.046044 0.006076 0.072181
0 1 0.741355 0.139249 0.042972 0.003312 0.073112
1 1 0.273506 0.415062 0.174731 0.004189 0.132512
0 1 0.386631 0.374624 0.146277 0.006052 0.086416
1 2 0.307720 0.408572 0.186932 0.010428 0.086348
1 2 0.284411 0.433955 0.196701 0.010116 0.074818
1 2 0.299280 0.417261 0.190647 0.010389 0.082424
1 2 0.304713 0.422495 0.186081 0.009242 0.077470
1 2 0.244904 0.363659 0.291047 0.027571 0.072818
2 2 0.181095 0.293318 0.424623 0.044448 0.056516
2 2 0.193888 0.308171 0.394188 0.041033 0.062719
2 2 0.154496 0.344725 0.393443 0.042637 0.064699
2 2 0.145982 0.341679 0.408557 0.042871 0.060912
2 2 0.154265 0.340803 0.396312 0.044694 0.063926
2 2 0.147699 0.308778 0.447023 0.042308 0.054192
2 2 0.202059 0.322073 0.389154 0.030880 0.055834
2 2 0.214177 0.287776 0.419938 0.031340 0.046769
2 2 0.276335 0.291963 0.343211 0.031589 0.056902
0 2 0.325462 0.292954 0.297642 0.025774 0.058169
0 2 0.373786 0.263516 0.267422 0.030520 0.064755
0 2 0.508683 0.236377 0.157185 0.022796 0.074959
0 2 0.380000 0.234423 0.271425 0.055655 0.058497
2 2 0.213913 0.291507 0.404131 0.036724 0.053725
2 2 0.251585 0.242618 0.377821 0.065691 0.062285
2 2 0.293574 0.250089 0.329839 0.060540 0.065958
0 2 0.488409 0.222350 0.176800 0.027710 0.084731
0 2 0.528084 0.216075 0.141232 0.025605 0.089004
0 2 0.490287 0.236056 0.164732 0.030166 0.078758
0 2 0.373229 0.270060 0.244102 0.045185 0.067424
0 2 0.333865 0.272089 0.276551 0.054715 0.062780
0 2 0.317552 0.241855 0.313903 0.068903 0.057788
2 2 0.263279 0.198183 0.382357 0.108273 0.047909
2 2 0.253452 0.196306 0.397107 0.108181 0.044955
2 2 0.235794 0.199118 0.403340 0.119970 0.041777
2 2 0.250828 0.196165 0.411208 0.098727 0.043073
2 2 0.193840 0.182882 0.515435 0.078786 0.029058
2 2 0.317387 0.220962 0.371245 0.043345 0.047062
0 2 0.353258 0.222189 0.344431 0.037948 0.042175
0 2 0.483124 0.260799 0.159091 0.024590 0.072396
0 2 0.411558 0.283620 0.196513 0.033932 0.074377
0 2 0.414993 0.269852 0.191762 0.032746 0.090647
0 2 0.393077 0.300986 0.198551 0.024114 0.083273
0 1 0.554810 0.192999 0.170275 0.008711 0.073205
0 2 0.735041 0.136812 0.044620 0.004078 0.079449
0 1 0.669157 0.177441 0.059008 0.004016 0.090378
0 0 0.576505 0.256454 0.077610 0.002399 0.087032
0 1 0.496343 0.301805 0.092661 0.001919 0.107272
1 1 0.214048 0.429020 0.173576 0.001940 0.181415
1 1 0.183289 0.486223 0.210551 0.003239 0.116698
1 1 0.275827 0.466541 0.175073 0.003554 0.079004
1 1 0.307107 0.461897 0.161604 0.003251 0.066141
1 1 0.400402 0.402629 0.132069 0.003369 0.061531
1 1 0.388390 0.395489 0.140976 0.004475 0.070669
0 1 0.443524 0.353532 0.120137 0.003702 0.079105
0 1 0.522394 0.292640 0.088403 0.002057 0.094506
0 1 0.423999 0.319500 0.108767 0.002153 0.145580
0 0 0.456026 0.270266 0.108481 0.004910 0.160317
0 1 0.405597 0.263224 0.107946 0.003613 0.219621
0 1 0.386903 0.192009 0.087690 0.003795 0.329603
0 1 0.337720 0.241669 0.099510 0.002062 0.319039
4 1 0.310824 0.241694 0.108990 0.002864 0.335628
0 1 0.385180 0.292224 0.111714 0.002530 0.208351
0 1 0.498372 0.229227 0.083098 0.002667 0.186636
0 0 0.600314 0.196205 0.062210 0.001993 0.139278
0 4 0.616753 0.181834 0.065665 0.004174 0.131574
0 4 0.706151 0.152656 0.048471 0.003194 0.089528
0 4 0.471540 0.193442 0.085169 0.005200 0.244650
0 4 0.437834 0.243033 0.099695 0.003939 0.215499
0 4 0.407538 0.252139 0.106095 0.003940 0.230288
1 4 0.275622 0.331970 0.137466 0.002220 0.252721
1 4 0.283919 0.334532 0.135861 0.002155 0.243533
1 4 0.267687 0.306647 0.141505 0.003368 0.280793
4 4 0.227356 0.312477 0.142052 0.002287 0.315827
4 4 0.152799 0.294654 0.131993 0.000958 0.419597
4 4 0.194251 0.282508 0.122083 0.001120 0.400037
4 4 0.144799 0.235422 0.111693 0.000943 0.507143
4 4 0.184102 0.186984 0.096454 0.001782 0.530678
4 4 0.216344 0.261678 0.103132 0.000744 0.418102
4 4 0.148284 0.210154 0.098452 0.000823 0.542287
4 4 0.216457 0.289709 0.100481 0.000415 0.392938
4 4 0.191888 0.307192 0.117261 0.000612 0.383046
4 4 0.206483 0.288969 0.111752 0.000693 0.392103
4 4 0.262161 0.185963 0.081068 0.001300 0.469509
4 4 0.322949 0.172455 0.079475 0.002440 0.422681
4 4 0.352212 0.167658 0.073939 0.002227 0.403963
4 4 0.324321 0.182990 0.083377 0.002443 0.406870
4 4 0.296402 0.179684 0.080034 0.001780 0.442100
4 4 0.225268 0.141305 0.075335 0.002390 0.555702
4 4 0.258438 0.208992 0.084820 0.000954 0.446796
4 4 0.262305 0.193339 0.084206 0.001340 0.458810
4 4 0.199988 0.283817 0.112871 0.000748 0.402576
4 4 0.204370 0.311378 0.120004 0.000736 0.363511
1 4 0.138525 0.375885 0.135286 0.000337 0.349967
1 4 0.145737 0.382748 0.133914 0.000322 0.337278
4 4 0.123996 0.364621 0.136841 0.000338 0.374203
4 4 0.122132 0.365152 0.136515 0.000324 0.375877
4 4 0.134477 0.321597 0.127802 0.000446 0.415677
4 4 0.135384 0.262377 0.118561 0.000724 0.482954
4 4 0.195686 0.221808 0.104520 0.001405 0.476581
4 4 0.251393 0.152770 0.079361 0.002661 0.513816
4 4 0.142521 0.083297 0.057262 0.003221 0.713699
4 4 0.155681 0.054488 0.043564 0.006554 0.739714
4 4 0.152896 0.220710 0.129592 0.003126 0.493675
4 4 0.133695 0.220006 0.132200 0.002858 0.511241
4 4 0.093912 0.221359 0.162350 0.005047 0.517333
4 4 0.095802 0.212952 0.264033 0.011488 0.415725
4 4 0.082738 0.191958 0.198377 0.008344 0.518583
4 4 0.128981 0.232111 0.157991 0.005716 0.475201
4 4 0.098489 0.209592 0.161001 0.006507 0.524411
4 4 0.275613 0.245267 0.162189 0.010534 0.306397
1 4 0.228952 0.278044 0.257664 0.015902 0.219438
4 4 0.231403 0.287686 0.156217 0.005757 0.318937
4 4 0.192704 0.299104 0.155595 0.003381 0.349216
1 4 0.272840 0.331896 0.138708 0.002288 0.254268
1 4 0.228466 0.352673 0.152351 0.002111 0.264399
1 4 0.309170 0.363435 0.122484 0.001074 0.203837
1 1 0.334545 0.380634 0.111286 0.000654 0.172880
0 1 0.463031 0.346189 0.086795 0.000651 0.103334
0 1 0.565681 0.302977 0.067933 0.000662 0.062747
0 1 0.475566 0.357553 0.087497 0.000738 0.078646
0 1 0.537248 0.332059 0.079463 0.001057 0.050172
0 1 0.513123 0.344063 0.087941 0.001351 0.053522
0 1 0.531283 0.262299 0.065485 0.000535 0.140398
0 0 0.483448 0.279302 0.076053 0.000688 0.160509
0 1 0.554923 0.303378 0.064992 0.000435 0.076272
0 1 0.580826 0.277505 0.071537 0.001290 0.068842
0 1 0.600263 0.275879 0.064381 0.000903 0.058574
0 1 0.585163 0.282076 0.067859 0.000965 0.063937
0 1 0.548120 0.314040 0.068909 0.000538 0.068394
1 1 0.351576 0.438346 0.115904 0.000688 0.093486
0 1 0.423257 0.367893 0.106601 0.001275 0.100974
0 1 0.566938 0.278081 0.076684 0.001640 0.076657
0 1 0.457054 0.331506 0.094353 0.001123 0.115964
0 1 0.355863 0.337274 0.115671 0.001463 0.189729
0 1 0.402561 0.326167 0.102926 0.001213 0.167133
0 1 0.410237 0.333433 0.101979 0.001141 0.153210
0 1 0.566020 0.278103 0.077025 0.001666 0.077186
0 1 0.555422 0.293730 0.079255 0.001551 0.070041
0 1 0.596016 0.318054 0.055423 0.000334 0.030173
0 2 0.626689 0.307307 0.044085 0.000163 0.021757
0 1 0.558426 0.351895 0.061955 0.000358 0.027365
0 1 0.604396 0.275405 0.062872 0.000834 0.056494
0 1 0.607294 0.252908 0.067390 0.001534 0.070874
0 2 0.566704 0.278087 0.076771 0.001647 0.076792
0 2 0.457683 0.359348 0.111868 0.002741 0.068360
1 2 0.402639 0.420673 0.124753 0.002390 0.049546
0 2 0.480479 0.410971 0.081014 0.000561 0.026975
0 2 0.477958 0.408665 0.083685 0.000642 0.029049
0 2 0.542657 0.350893 0.070823 0.000585 0.035042
0 2 0.632350 0.273251 0.052294 0.000441 0.041664
0 2 0.640708 0.269166 0.049885 0.000390 0.039850
0 2 0.650200 0.266886 0.046603 0.000314 0.035998
0 2 0.643263 0.268580 0.048996 0.000368 0.038793
0 2 0.621550 0.288095 0.052423 0.000364 0.037568
0 2 0.453563 0.402411 0.094035 0.000802 0.049190
0 2 0.456458 0.406190 0.097442 0.001110 0.038799
0 2 0.509182 0.343465 0.090022 0.001477 0.055854
0 1 0.577078 0.277707 0.072924 0.001378 0.070913
0 2 0.647103 0.227192 0.058774 0.001454 0.065477
0 2 0.694479 0.192032 0.049795 0.001573 0.062120
0 2 0.708810 0.198960 0.043654 0.000834 0.047742
0 2 0.665799 0.230849 0.051266 0.000823 0.051263
