0 0 0.996794 0.002379 0.000265 0.000000 0.000562
0 0 0.643207 0.203551 0.023131 0.000004 0.130107
2 0 0.015808 0.386132 0.580893 0.000007 0.017160
0 1 0.466271 0.461391 0.056154 0.000000 0.016184
0 1 0.973100 0.017700 0.004774 0.000013 0.004413
0 1 0.804768 0.144657 0.036529 0.000077 0.013970
0 1 0.607455 0.261641 0.116864 0.000058 0.013982
1 1 0.014861 0.560303 0.360675 0.000034 0.064126
2 1 0.059153 0.196534 0.739371 0.000442 0.004500
2 1 0.015227 0.171779 0.779440 0.000587 0.032967
2 2 0.002037 0.076918 0.910698 0.009038 0.001309
2 2 0.000950 0.051199 0.938615 0.008273 0.000962
2 2 0.005752 0.133876 0.856801 0.001664 0.001906
2 2 0.127001 0.109575 0.746829 0.005580 0.011015
2 2 0.004200 0.002705 0.904411 0.088401 0.000284
2 2 0.022485 0.004047 0.767493 0.204105 0.001870
3 2 0.117935 0.036968 0.322826 0.506654 0.015618
3 3 0.028972 0.004817 0.448870 0.516828 0.000514
3 3 0.000213 0.000891 0.204030 0.794716 0.000149
3 3 0.000284 0.000639 0.074576 0.924309 0.000192
3 3 0.017483 0.020796 0.323312 0.637090 0.001319
3 3 0.002628 0.001419 0.211971 0.783525 0.000456
2 3 0.000838 0.002651 0.518255 0.478100 0.000155
3 3 0.001063 0.003507 0.302273 0.689882 0.003275
2 3 0.058730 0.048367 0.713447 0.172829 0.006627
2 2 0.002762 0.042876 0.943406 0.010083 0.000873
2 2 0.005149 0.104387 0.888422 0.000817 0.001225
2 2 0.074181 0.048979 0.874493 0.001530 0.000817
2 2 0.006254 0.040450 0.950868 0.000560 0.001868
0 2 0.621964 0.081320 0.021207 0.000120 0.275389
2 2 0.016733 0.017998 0.910879 0.053450 0.000940
2 2 0.017718 0.050213 0.922219 0.007497 0.002352
2 2 0.017149 0.010454 0.964287 0.007837 0.000273
2 3 0.000513 0.000887 0.966896 0.031640 0.000064
2 3 0.059749 0.027510 0.603983 0.306311 0.002447
3 3 0.071738 0.002270 0.053546 0.870713 0.001733
3 3 0.005985 0.001983 0.208310 0.783629 0.000093
3 3 0.000008 0.000002 0.010097 0.989892 0.000000
3 3 0.000580 0.000021 0.003399 0.995994 0.000005
3 3 0.000840 0.000017 0.004837 0.994297 0.000009
3 3 0.000051 0.000008 0.004519 0.995415 0.000007
3 3 0.000943 0.000029 0.002096 0.996870 0.000063
3 3 0.001430 0.000069 0.002774 0.995671 0.000056
3 3 0.002124 0.000091 0.012565 0.985191 0.000028
3 3 0.008624 0.000552 0.015131 0.974622 0.001072
3 3 0.273620 0.003670 0.025516 0.693155 0.004040
3 3 0.077685 0.000356 0.011332 0.910395 0.000232
3 3 0.028606 0.000181 0.001401 0.968643 0.001170
3 3 0.187794 0.001495 0.007525 0.797843 0.005344
3 3 0.000731 0.000001 0.000080 0.999183 0.000005
3 3 0.001813 0.000018 0.001322 0.996835 0.000012
3 3 0.040143 0.001330 0.005582 0.948801 0.004143
3 3 0.004664 0.000136 0.003488 0.991612 0.000100
3 3 0.009067 0.000722 0.015028 0.974970 0.000214
3 3 0.029121 0.007844 0.029218 0.928402 0.005414
3 3 0.002391 0.000030 0.001377 0.996173 0.000028
3 3 0.003430 0.000039 0.000342 0.995829 0.000359
3 3 0.000011 0.000000 0.000131 0.999857 0.000001
3 3 0.005402 0.000175 0.003273 0.990978 0.000173
3 3 0.026390 0.000184 0.001818 0.970808 0.000800
3 3 0.001890 0.000019 0.000804 0.997259 0.000029
3 3 0.015837 0.000801 0.112436 0.870857 0.000068
3 3 0.003602 0.000081 0.003009 0.993258 0.000050
3 3 0.000072 0.000000 0.000009 0.999919 0.000000
3 3 0.001517 0.000014 0.001547 0.996917 0.000006
3 3 0.000164 0.000000 0.000074 0.999762 0.000000
3 3 0.000985 0.000003 0.000151 0.998845 0.000016
3 3 0.002143 0.000020 0.003835 0.993997 0.000006
3 3 0.001323 0.000006 0.000266 0.998386 0.000019
3 3 0.006035 0.000018 0.000596 0.993291 0.000060
3 3 0.002130 0.000326 0.018652 0.978839 0.000053
3 3 0.158487 0.000916 0.013425 0.826159 0.001012
3 3 0.001919 0.000014 0.000509 0.997527 0.000032
3 3 0.002810 0.000003 0.000122 0.997042 0.000024
3 3 0.004543 0.000048 0.002938 0.992446 0.000024
3 3 0.013239 0.000051 0.002496 0.984163 0.000051
3 3 0.005694 0.000042 0.001048 0.993121 0.000095
3 3 0.003457 0.000056 0.001358 0.995044 0.000085
3 3 0.005774 0.000155 0.001441 0.992149 0.000481
3 3 0.000772 0.000004 0.002495 0.996729 0.000000
3 3 0.005173 0.001928 0.056920 0.935763 0.000217
3 3 0.001786 0.000011 0.000250 0.997889 0.000063
3 3 0.000723 0.000001 0.000069 0.999196 0.000011
3 3 0.002872 0.000027 0.000291 0.996576 0.000235
3 3 0.000556 0.000001 0.000047 0.999390 0.000006
3 3 0.000237 0.000000 0.000075 0.999686 0.000002
3 3 0.001440 0.000006 0.000159 0.998350 0.000044
3 3 0.005674 0.000145 0.001276 0.992393 0.000513
3 3 0.002286 0.000012 0.000072 0.997191 0.000439
3 3 0.001625 0.000006 0.000061 0.998139 0.000170
3 3 0.000679 0.000001 0.000034 0.999269 0.000017
3 3 0.002031 0.000015 0.000333 0.997555 0.000066
3 3 0.001298 0.000005 0.000165 0.998501 0.000030
3 3 0.001531 0.000010 0.000530 0.997913 0.000017
3 3 0.000351 0.000001 0.000304 0.999344 0.000000
3 3 0.000099 0.000000 0.000063 0.999837 0.000001
3 3 0.002662 0.000023 0.000163 0.996654 0.000497
3 3 0.000571 0.000005 0.000135 0.999239 0.000050
3 3 0.014607 0.000667 0.007242 0.976498 0.000986
3 3 0.004088 0.000273 0.005930 0.989529 0.000180
3 3 0.001005 0.000004 0.000393 0.998592 0.000006
3 3 0.000483 0.000001 0.000029 0.999482 0.000007
3 3 0.001739 0.000009 0.000150 0.998015 0.000087
3 3 0.000642 0.000001 0.000008 0.999287 0.000063
3 3 0.000280 0.000000 0.000003 0.999705 0.000012
3 3 0.012747 0.001326 0.014084 0.971144 0.000700
0 3 0.816263 0.032504 0.028661 0.061186 0.061386
0 3 0.287584 0.058429 0.258062 0.169438 0.226487
3 3 0.005879 0.034950 0.442016 0.442868 0.074287
3 3 0.021098 0.012940 0.428476 0.533556 0.003930
1 1 0.007215 0.484559 0.465656 0.000004 0.042565
4 1 0.024970 0.272055 0.254640 0.000119 0.448216
2 1 0.031059 0.377273 0.572816 0.000768 0.018083
4 1 0.382409 0.136114 0.011664 0.000000 0.469813
1 1 0.171824 0.440571 0.302837 0.000044 0.084723
2 1 0.003666 0.400223 0.579955 0.000608 0.015547
1 1 0.072445 0.652904 0.141571 0.000000 0.133080
4 1 0.171600 0.198471 0.024869 0.000001 0.605060
0 1 0.597782 0.253357 0.089286 0.001097 0.058478
1 1 0.269314 0.344419 0.323600 0.005852 0.056815
1 1 0.242671 0.540183 0.053607 0.000000 0.163539
0 1 0.652577 0.146412 0.015174 0.000428 0.185409
0 1 0.962887 0.003835 0.000218 0.000000 0.033061
0 0 0.824155 0.112469 0.005391 0.000001 0.057984
0 0 0.672063 0.119846 0.009046 0.000008 0.199037
0 0 0.797589 0.109376 0.007971 0.000083 0.084981
0 0 0.982224 0.007612 0.009422 0.000036 0.000706
0 0 0.996684 0.000967 0.002277 0.000004 0.000068
0 0 0.831871 0.145495 0.020194 0.000000 0.002440
0 0 0.744157 0.244744 0.006054 0.000000 0.005045
0 0 0.916950 0.066915 0.006709 0.000002 0.009424
1 0 0.202292 0.507393 0.262652 0.000279 0.027384
0 0 0.613848 0.326028 0.022781 0.000008 0.037335
1 0 0.371030 0.546193 0.043267 0.000001 0.039509
1 0 0.072828 0.652501 0.162823 0.000015 0.111832
4 0 0.269764 0.177964 0.051780 0.000258 0.500235
0 0 0.921749 0.050775 0.005035 0.000015 0.022426
0 0 0.661482 0.254000 0.019393 0.000017 0.065108
0 0 0.579384 0.390221 0.017181 0.000000 0.013213
1 0 0.234966 0.603195 0.068618 0.000014 0.093208
1 0 0.217648 0.445733 0.327331 0.000116 0.009172
1 0 0.121037 0.704768 0.124511 0.000002 0.049682
1 0 0.032615 0.581716 0.258514 0.000528 0.126627
1 0 0.403767 0.525949 0.038290 0.000006 0.031988
1 0 0.346715 0.504804 0.096889 0.000038 0.051554
0 0 0.602462 0.373320 0.014446 0.000000 0.009772
1 0 0.242137 0.630066 0.065503 0.000001 0.062293
1 0 0.226388 0.540154 0.048289 0.000000 0.185169
0 0 0.658834 0.282107 0.042709 0.000005 0.016345
1 0 0.191662 0.465313 0.293502 0.002263 0.047261
1 0 0.330489 0.457178 0.092879 0.000037 0.119416
2 0 0.163708 0.283972 0.314012 0.000454 0.237854
0 0 0.723018 0.188217 0.068657 0.000012 0.020096
1 0 0.063115 0.708207 0.196911 0.000005 0.031762
1 0 0.087338 0.645600 0.135992 0.000005 0.131065
1 0 0.188323 0.651004 0.077620 0.000000 0.083053
1 0 0.203625 0.570565 0.077272 0.000011 0.148527
0 0 0.573020 0.306429 0.023002 0.000006 0.097543
1 0 0.017293 0.456994 0.456598 0.000001 0.069114
1 0 0.017130 0.575109 0.366832 0.000148 0.040780
1 0 0.027099 0.607729 0.298050 0.000144 0.066979
2 0 0.016860 0.346298 0.603584 0.000058 0.033199
1 0 0.024264 0.493498 0.466724 0.000045 0.015469
0 0 0.559141 0.216887 0.121864 0.000553 0.101555
4 0 0.101624 0.320470 0.178064 0.000027 0.399815
0 0 0.505009 0.069796 0.166437 0.001652 0.257106
0 0 0.940304 0.030617 0.024055 0.000321 0.004703
0 0 0.967068 0.012579 0.003260 0.000200 0.016893
1 0 0.245915 0.397352 0.049123 0.000001 0.307609
0 0 0.497099 0.282342 0.019960 0.000000 0.200598
1 0 0.340584 0.545959 0.040959 0.000001 0.072498
0 0 0.583972 0.338753 0.028495 0.000011 0.048770
2 1 0.002375 0.382066 0.563579 0.000003 0.051977
2 1 0.003789 0.373497 0.582810 0.000001 0.039904
2 1 0.001643 0.205504 0.713751 0.000001 0.079102
2 1 0.001255 0.301581 0.557683 0.000002 0.139479
1 1 0.070831 0.669780 0.139943 0.000000 0.119446
2 1 0.003847 0.386546 0.405913 0.000002 0.203692
1 1 0.031676 0.591710 0.214996 0.000002 0.161616
1 1 0.044244 0.576305 0.137017 0.000000 0.242434
1 1 0.044966 0.519759 0.136856 0.000001 0.298417
1 1 0.024668 0.607955 0.259307 0.000001 0.108069
1 1 0.046181 0.437495 0.105181 0.000003 0.411141
4 1 0.292862 0.250999 0.024469 0.000000 0.431669
4 1 0.015934 0.390362 0.159148 0.000000 0.434555
4 1 0.177684 0.221416 0.241193 0.001578 0.358129
1 1 0.012800 0.404731 0.192783 0.000000 0.389685
4 1 0.012039 0.059870 0.028770 0.000024 0.899297
4 1 0.003251 0.256883 0.219569 0.000000 0.520297
0 4 0.644495 0.090494 0.033009 0.000002 0.232000
4 4 0.353690 0.133967 0.018765 0.000189 0.493391
4 4 0.030029 0.011370 0.002301 0.000002 0.956299
1 4 0.282936 0.463120 0.041176 0.000000 0.212768
4 4 0.264569 0.104417 0.010401 0.000000 0.620612
2 4 0.001279 0.128240 0.826066 0.000005 0.044411
1 4 0.013968 0.514682 0.397893 0.000000 0.073457
2 4 0.000237 0.066754 0.922674 0.000033 0.010302
4 4 0.012709 0.036275 0.014253 0.000001 0.936762
4 4 0.034876 0.014514 0.003335 0.000015 0.947260
4 4 0.045392 0.024147 0.005071 0.000008 0.925382
4 4 0.005108 0.017958 0.013400 0.000269 0.963265
4 4 0.005280 0.011617 0.006640 0.000027 0.976436
4 4 0.003517 0.003271 0.001122 0.000001 0.992089
4 4 0.076581 0.050346 0.007599 0.000001 0.865473
1 4 0.348273 0.392709 0.038546 0.000001 0.220471
1 4 0.093113 0.596187 0.086464 0.000000 0.224236
1 0 0.035745 0.571744 0.173879 0.000000 0.218632
1 0 0.044209 0.421545 0.149632 0.000007 0.384608
1 0 0.021397 0.441887 0.251715 0.000000 0.285001
0 0 0.586329 0.372649 0.013088 0.000000 0.027934
1 0 0.158064 0.488673 0.349277 0.000003 0.003984
1 0 0.159617 0.654059 0.134544 0.000011 0.051769
0 0 0.441126 0.198404 0.015732 0.000000 0.344737
0 0 0.688788 0.136190 0.009543 0.000005 0.165474
2 0 0.013469 0.382055 0.588404 0.000006 0.016067
2 0 0.001491 0.126920 0.866940 0.000160 0.004488
0 0 0.754499 0.113624 0.062092 0.000049 0.069735
0 0 0.976517 0.011729 0.002952 0.000011 0.008791
2 0 0.248288 0.311473 0.425949 0.000494 0.013795
1 0 0.039105 0.456904 0.432404 0.000009 0.071578
0 0 0.372241 0.305982 0.030386 0.000000 0.291390
1 0 0.143816 0.342529 0.193606 0.000029 0.320019
0 0 0.442047 0.218571 0.116572 0.001605 0.221205
4 0 0.358676 0.040456 0.004570 0.000033 0.596265
0 0 0.744475 0.044528 0.012252 0.000152 0.198592
0 0 0.562592 0.175512 0.012109 0.000000 0.249787
1 0 0.235966 0.443515 0.050327 0.000002 0.270189
1 0 0.282892 0.485436 0.041730 0.000000 0.189941
1 0 0.123268 0.407447 0.105035 0.000009 0.364241
4 0 0.408078 0.068445 0.004453 0.000000 0.519024
4 0 0.202138 0.210828 0.019570 0.000000 0.567464
4 0 0.283896 0.304832 0.025300 0.000000 0.385972
1 1 0.073818 0.487050 0.137571 0.000005 0.301556
0 1 0.427139 0.172280 0.015009 0.000000 0.385572
0 1 0.681498 0.185658 0.014054 0.000000 0.118790
1 1 0.154750 0.450474 0.302067 0.000002 0.092707
2 1 0.011883 0.382025 0.512526 0.000000 0.093566
0 1 0.535985 0.269864 0.012805 0.000000 0.181346
2 1 0.000647 0.219212 0.491463 0.000001 0.288677
2 1 0.000036 0.080904 0.850678 0.001995 0.066387
1 1 0.059865 0.519804 0.115487 0.000002 0.304842
2 1 0.002058 0.285897 0.404269 0.000016 0.307760
2 1 0.012420 0.328632 0.619506 0.000406 0.039036
2 1 0.053428 0.460149 0.471941 0.000019 0.014463
2 2 0.001225 0.179201 0.730150 0.000388 0.089035
2 2 0.000029 0.051574 0.936004 0.000051 0.012342
2 2 0.014376 0.291540 0.635295 0.000010 0.058779
2 2 0.014503 0.106014 0.873694 0.000706 0.005083
2 2 0.096027 0.355768 0.482801 0.000009 0.065395
1 2 0.350675 0.575300 0.048808 0.000001 0.025217
1 2 0.103886 0.652901 0.125937 0.000007 0.117270
2 2 0.000235 0.158074 0.521065 0.000000 0.320627
2 2 0.001911 0.195955 0.712954 0.000198 0.088981
4 2 0.044646 0.065414 0.179888 0.000001 0.710051
1 2 0.284866 0.557494 0.044945 0.000000 0.112695
1 2 0.032150 0.553535 0.177491 0.000000 0.236824
2 2 0.008965 0.299940 0.500367 0.000004 0.190723
2 2 0.006618 0.115250 0.754820 0.001260 0.122052
4 2 0.166175 0.065926 0.287516 0.000528 0.479855
2 2 0.006663 0.118950 0.855729 0.000001 0.018656
1 2 0.042966 0.517356 0.122816 0.000000 0.316861
1 2 0.232106 0.551455 0.044583 0.000000 0.171855
1 2 0.055345 0.609077 0.151380 0.000001 0.184198
2 2 0.005998 0.117060 0.860219 0.000196 0.016528
2 2 0.017317 0.088042 0.882569 0.000027 0.012044
2 2 0.006555 0.122612 0.813059 0.000333 0.057441
2 2 0.000074 0.006290 0.991391 0.001794 0.000452
2 2 0.027749 0.063774 0.848991 0.039684 0.019802
2 2 0.431949 0.076531 0.448204 0.000037 0.043278
2 2 0.019364 0.092282 0.884132 0.000006 0.004216
2 2 0.000237 0.005756 0.993167 0.000005 0.000834
2 2 0.001529 0.032646 0.959242 0.000004 0.006579
2 2 0.094813 0.286441 0.586931 0.000002 0.031813
2 2 0.004843 0.057790 0.934215 0.000030 0.003123
2 2 0.000478 0.058747 0.938605 0.000295 0.001874
2 2 0.001181 0.077705 0.896886 0.000132 0.024097
2 2 0.000283 0.010441 0.984384 0.000198 0.004694
2 2 0.000046 0.003625 0.995928 0.000071 0.000330
2 2 0.000713 0.001603 0.602165 0.395408 0.000111
2 2 0.037486 0.024127 0.645424 0.290423 0.002541
2 2 0.001093 0.028850 0.966771 0.002196 0.001091
2 2 0.001437 0.018582 0.973490 0.001562 0.004929
2 2 0.004081 0.004408 0.554821 0.436586 0.000104
2 2 0.004071 0.002170 0.621284 0.372367 0.000108
2 2 0.007291 0.027875 0.930466 0.033698 0.000670
2 2 0.000981 0.007011 0.986192 0.005232 0.000584
2 2 0.001923 0.011468 0.985416 0.000820 0.000373
2 2 0.002177 0.034784 0.949654 0.008077 0.005308
2 2 0.002981 0.011930 0.848213 0.133880 0.002996
3 2 0.000529 0.001296 0.337806 0.659947 0.000423
2 2 0.000026 0.005152 0.960640 0.033630 0.000553
2 2 0.000375 0.002979 0.987229 0.009313 0.000103
0 3 0.431072 0.051542 0.421123 0.086457 0.009806
2 3 0.210589 0.042350 0.566261 0.147260 0.033541
2 3 0.331415 0.106449 0.441527 0.055740 0.064869
2 3 0.169695 0.088276 0.677084 0.021997 0.042948
0 3 0.958091 0.008044 0.010557 0.000207 0.023101
0 3 0.729384 0.048962 0.011986 0.000188 0.209480
2 2 0.015430 0.104351 0.567816 0.000183 0.312221
2 2 0.006815 0.355926 0.398492 0.000099 0.238667
4 2 0.005211 0.048431 0.282972 0.000380 0.663007
2 2 0.001128 0.003391 0.960567 0.032796 0.002118
2 2 0.000636 0.003385 0.941812 0.053635 0.000533
2 2 0.002805 0.014670 0.949457 0.029228 0.003840
2 2 0.024641 0.210315 0.726463 0.000012 0.038568
4 2 0.040433 0.190375 0.186228 0.000139 0.582826
2 2 0.000429 0.010260 0.979930 0.005381 0.004000
2 2 0.050768 0.112614 0.734678 0.033411 0.068529
2 2 0.007330 0.018892 0.968436 0.003158 0.002184
2 2 0.001262 0.010874 0.908633 0.073179 0.006052
2 2 0.000027 0.002468 0.996933 0.000549 0.000024
2 2 0.001882 0.160847 0.832429 0.001444 0.003398
2 2 0.186481 0.115758 0.687107 0.005211 0.005443
2 2 0.000595 0.003932 0.986267 0.008770 0.000436
2 2 0.001182 0.003984 0.990928 0.003277 0.000630
2 2 0.000423 0.007530 0.991678 0.000030 0.000339
2 2 0.004483 0.314886 0.675895 0.000092 0.004645
2 2 0.003526 0.081930 0.911738 0.000121 0.002684
2 2 0.010409 0.248074 0.711787 0.000646 0.029084
2 2 0.004139 0.191125 0.800087 0.000378 0.004271
2 2 0.000241 0.025875 0.971556 0.000134 0.002195
2 2 0.000136 0.021062 0.977493 0.000067 0.001242
2 2 0.361569 0.110202 0.518088 0.001308 0.008833
2 2 0.323729 0.175400 0.337183 0.000482 0.163205
2 2 0.000679 0.204899 0.687901 0.000044 0.106476
1 2 0.316575 0.422820 0.176304 0.000003 0.084298
4 2 0.105242 0.012808 0.002044 0.000022 0.879883
4 2 0.057502 0.016872 0.003161 0.000008 0.922457
2 2 0.014624 0.248015 0.721767 0.000102 0.015491
2 2 0.009867 0.068028 0.900011 0.000038 0.022056
2 2 0.000000 0.000861 0.999087 0.000001 0.000051
2 2 0.000030 0.004790 0.995083 0.000002 0.000095
2 2 0.000440 0.006860 0.989507 0.000103 0.003090
2 2 0.002392 0.021763 0.972079 0.000191 0.003576
2 2 0.026159 0.128251 0.784988 0.000000 0.060601
4 2 0.263342 0.211175 0.112445 0.000001 0.413037
2 2 0.014834 0.256289 0.713038 0.000043 0.015796
2 2 0.001112 0.109493 0.860250 0.013004 0.016140
2 2 0.001024 0.038983 0.937646 0.000013 0.022333
2 2 0.000079 0.003185 0.992552 0.002390 0.001793
2 2 0.000977 0.026008 0.955687 0.001807 0.015521
2 2 0.007864 0.071503 0.679638 0.061869 0.179126
2 2 0.004886 0.036637 0.906180 0.034292 0.018005
2 2 0.001803 0.016014 0.955857 0.019912 0.006415
2 2 0.000076 0.007078 0.891054 0.099232 0.002561
2 2 0.000741 0.030388 0.961181 0.004706 0.002983
1 2 0.166372 0.626804 0.118162 0.000000 0.088662
1 2 0.087408 0.522846 0.082347 0.000000 0.307399
2 2 0.000088 0.012042 0.987018 0.000281 0.000571
2 2 0.000033 0.001560 0.998108 0.000268 0.000031
0 2 0.615567 0.286882 0.016315 0.000000 0.081236
0 2 0.598021 0.065988 0.007024 0.000299 0.328668
1 2 0.128550 0.536956 0.076108 0.000002 0.258383
0 2 0.843431 0.063436 0.004284 0.000068 0.088780
1 2 0.182864 0.525133 0.085664 0.000051 0.206288
1 2 0.016652 0.520110 0.236586 0.000000 0.226652
2 1 0.036429 0.458564 0.489708 0.000038 0.015260
1 1 0.023991 0.472118 0.470336 0.000004 0.033551
1 1 0.017087 0.551706 0.383733 0.002354 0.045120
1 1 0.081634 0.668428 0.199183 0.000336 0.050419
2 2 0.001556 0.018381 0.976987 0.002806 0.000270
1 2 0.012574 0.520813 0.410859 0.000012 0.055743
4 2 0.202329 0.165456 0.034671 0.001600 0.595944
4 2 0.090312 0.152057 0.149246 0.000884 0.607501
1 2 0.166335 0.589170 0.178504 0.000049 0.065941
1 2 0.169248 0.626900 0.100458 0.000000 0.103395
4 2 0.105637 0.140273 0.028514 0.000001 0.725575
1 2 0.032024 0.605255 0.218314 0.000001 0.144405
0 2 0.400675 0.342074 0.066107 0.000000 0.191144
0 0 0.685066 0.020891 0.010212 0.000006 0.283824
4 0 0.383010 0.152382 0.014817 0.000002 0.449788
0 0 0.744323 0.109744 0.007212 0.000005 0.138715
0 0 0.996950 0.000293 0.000170 0.000114 0.002472
0 0 0.944530 0.003294 0.000119 0.000004 0.052053
0 0 0.991254 0.004050 0.000362 0.000001 0.004333
0 0 0.986478 0.001166 0.001358 0.000099 0.010900
0 0 0.956067 0.019814 0.010385 0.000836 0.012899
0 0 0.989829 0.003061 0.000120 0.000000 0.006990
0 0 0.994063 0.001399 0.000312 0.000002 0.004224
0 0 0.996877 0.000673 0.000070 0.000000 0.002380
0 0 0.574526 0.231559 0.027958 0.000047 0.165910
0 0 0.366981 0.355571 0.046011 0.000133 0.231305
1 0 0.043069 0.617416 0.220460 0.000071 0.118984
4 0 0.175881 0.074764 0.008927 0.000001 0.740427
4 0 0.401190 0.164814 0.013346 0.000000 0.420649
0 0 0.713392 0.218572 0.012825 0.000003 0.055208
4 0 0.404618 0.049388 0.060976 0.000296 0.484722
2 0 0.143234 0.205600 0.374820 0.000244 0.276102
0 0 0.808772 0.113270 0.008354 0.000056 0.069548
0 0 0.785725 0.136337 0.029026 0.000601 0.048312
0 0 0.990558 0.001444 0.000214 0.000009 0.007776
0 0 0.997409 0.001306 0.000161 0.000000 0.001124
0 0 0.485294 0.086446 0.032494 0.000080 0.395687
4 0 0.090351 0.110187 0.024972 0.000011 0.774479
0 0 0.793062 0.042008 0.002122 0.000000 0.162808
0 0 0.660539 0.019693 0.001215 0.000002 0.318551
4 0 0.229501 0.195806 0.023059 0.000001 0.551633
1 0 0.161640 0.603762 0.070910 0.000000 0.163688
1 0 0.029090 0.588256 0.214655 0.000001 0.167997
4 0 0.037949 0.037717 0.008245 0.000000 0.916089
4 0 0.077814 0.392500 0.114280 0.000004 0.415403
4 0 0.288090 0.086181 0.019343 0.000033 0.606353
4 0 0.191468 0.141508 0.021748 0.000010 0.645266
4 0 0.092594 0.172573 0.032220 0.000001 0.702613
0 0 0.604059 0.041562 0.083389 0.000041 0.270949
4 0 0.024724 0.071653 0.028038 0.000001 0.875585
4 0 0.290786 0.122640 0.012741 0.000001 0.573831
0 0 0.697408 0.266331 0.012056 0.000001 0.024204
0 0 0.401901 0.274667 0.030149 0.000018 0.293265
1 0 0.325755 0.455286 0.037773 0.000000 0.181185
1 0 0.011209 0.410200 0.308121 0.000014 0.270457
0 0 0.558808 0.025491 0.001716 0.000001 0.413984
0 0 0.468045 0.164881 0.014083 0.000002 0.352989
0 0 0.815153 0.080997 0.004692 0.000004 0.099154
4 0 0.389752 0.020422 0.001436 0.000000 0.588390
4 0 0.053257 0.007758 0.001188 0.000001 0.937797
4 0 0.109218 0.035831 0.005215 0.000003 0.849734
4 0 0.116684 0.038824 0.005620 0.000003 0.838869
0 0 0.757419 0.148464 0.005891 0.000000 0.088227
0 0 0.600849 0.254857 0.015600 0.000000 0.128694
0 0 0.689396 0.136670 0.028380 0.000001 0.145552
0 0 0.950005 0.019162 0.002054 0.000000 0.028779
4 0 0.137333 0.044975 0.006720 0.000008 0.810964
0 0 0.744088 0.157153 0.009994 0.000006 0.088759
0 0 0.840794 0.043918 0.037045 0.000034 0.078210
0 0 0.879096 0.015864 0.004760 0.000009 0.100272
0 0 0.670922 0.135199 0.010795 0.000018 0.183067
4 0 0.420681 0.051154 0.004389 0.000002 0.523774
0 0 0.928856 0.032289 0.006322 0.000033 0.032500
0 0 0.920325 0.040577 0.001514 0.000000 0.037584
0 0 0.790537 0.033847 0.002994 0.000845 0.171777
0 0 0.948374 0.006374 0.000619 0.000095 0.044538
0 0 0.611504 0.294290 0.024707 0.000079 0.069420
0 0 0.752588 0.141171 0.011313 0.000041 0.094888
0 0 0.461346 0.253476 0.025027 0.000007 0.260145
0 0 0.462124 0.154122 0.014804 0.000007 0.368943
4 0 0.194958 0.063817 0.007944 0.000003 0.733278
0 0 0.656713 0.028067 0.002106 0.000014 0.313099
4 0 0.096323 0.386051 0.081117 0.000046 0.436462
4 1 0.019151 0.262248 0.127212 0.000061 0.591327
1 1 0.074220 0.604498 0.296397 0.000158 0.024727
2 1 0.010579 0.197267 0.787672 0.000024 0.004458
4 1 0.005162 0.338130 0.268978 0.000001 0.387729
1 1 0.155861 0.660836 0.108190 0.000046 0.075066
1 1 0.039478 0.663736 0.229031 0.000002 0.067753
1 1 0.079958 0.598022 0.158069 0.000005 0.163946
1 1 0.137015 0.480067 0.079935 0.000006 0.302977
4 1 0.084357 0.239975 0.081782 0.000400 0.593485
1 1 0.017503 0.591009 0.376400 0.000097 0.014992
1 1 0.008102 0.492073 0.468432 0.000243 0.031151
2 1 0.004649 0.386555 0.416659 0.000059 0.192078
1 2 0.032476 0.353772 0.268396 0.001233 0.344122
2 2 0.035779 0.188883 0.641750 0.002036 0.131552
1 2 0.039431 0.396394 0.177844 0.000181 0.386149
2 2 0.000787 0.125119 0.863768 0.004169 0.006158
2 2 0.001160 0.138552 0.854063 0.000036 0.006189
2 2 0.011086 0.095162 0.885740 0.002174 0.005837
2 2 0.000171 0.008327 0.990542 0.000663 0.000298
2 2 0.003241 0.079087 0.903884 0.000505 0.013283
2 2 0.039151 0.420975 0.523627 0.000070 0.016176
2 2 0.003047 0.087519 0.906085 0.000087 0.003261
2 2 0.000116 0.044746 0.949397 0.004283 0.001458
0 2 0.774704 0.155522 0.068462 0.000000 0.001311
2 2 0.010743 0.063996 0.911495 0.000249 0.013517
0 2 0.551738 0.250645 0.134137 0.000014 0.063466
2 2 0.000652 0.046935 0.951329 0.000086 0.000998
2 2 0.000068 0.036185 0.959964 0.002832 0.000952
2 2 0.011290 0.041755 0.935663 0.005531 0.005761
2 2 0.000370 0.016825 0.982466 0.000004 0.000335
2 2 0.079240 0.280159 0.598024 0.000085 0.042493
2 2 0.001661 0.016931 0.973379 0.004060 0.003968
2 2 0.000204 0.026714 0.970957 0.000941 0.001184
2 2 0.000523 0.004790 0.973650 0.020880 0.000157
2 2 0.069124 0.154073 0.771871 0.000022 0.004910
2 0 0.059980 0.272769 0.665611 0.000014 0.001627
2 0 0.000323 0.123364 0.874965 0.000036 0.001312
2 0 0.006752 0.042169 0.944207 0.006251 0.000621
2 0 0.003769 0.008621 0.981354 0.006131 0.000125
2 2 0.005086 0.011586 0.976758 0.006449 0.000120
2 2 0.010311 0.044016 0.934724 0.008692 0.002256
2 2 0.000174 0.009664 0.978213 0.011883 0.000066
2 3 0.000051 0.000378 0.919466 0.080104 0.000001
2 3 0.000753 0.002845 0.791830 0.203106 0.001467
2 3 0.001938 0.001347 0.792165 0.204515 0.000036
2 3 0.020032 0.005617 0.872057 0.102079 0.000216
2 3 0.014790 0.005567 0.785021 0.194058 0.000564
3 3 0.000388 0.000945 0.154424 0.844155 0.000088
3 3 0.000002 0.000012 0.059863 0.940123 0.000000
3 3 0.000272 0.000078 0.033878 0.965761 0.000011
3 3 0.000050 0.000179 0.349447 0.650320 0.000004
3 3 0.007007 0.001009 0.126224 0.865729 0.000030
3 3 0.000955 0.000121 0.015752 0.983159 0.000013
3 3 0.058121 0.001528 0.019615 0.917384 0.003352
3 3 0.002635 0.000846 0.032274 0.963662 0.000583
3 3 0.000007 0.000003 0.075269 0.924720 0.000000
3 3 0.000241 0.000301 0.143003 0.856442 0.000012
3 3 0.000809 0.000002 0.000771 0.998417 0.000002
3 3 0.001039 0.000024 0.001416 0.997497 0.000023
3 3 0.001126 0.000142 0.020394 0.978301 0.000036
3 3 0.001405 0.000159 0.010799 0.987603 0.000035
3 3 0.395358 0.010033 0.068623 0.521275 0.004711
3 3 0.007212 0.000233 0.001736 0.989951 0.000868
3 3 0.000903 0.000004 0.000407 0.998683 0.000004
3 3 0.000297 0.000000 0.000007 0.999690 0.000005
3 3 0.000329 0.000009 0.000825 0.998827 0.000011
3 3 0.012963 0.003087 0.012938 0.966779 0.004233
3 3 0.007222 0.000619 0.024205 0.967874 0.000080
3 3 0.000661 0.000013 0.000611 0.998684 0.000031
3 3 0.003042 0.000048 0.001514 0.995340 0.000056
3 3 0.000634 0.000001 0.000090 0.999270 0.000005
3 3 0.006227 0.000131 0.000512 0.991417 0.001714
3 3 0.001223 0.000002 0.000014 0.998482 0.000278
3 3 0.005027 0.000072 0.001178 0.993196 0.000527
3 3 0.004139 0.000041 0.000122 0.993863 0.001836
3 3 0.006457 0.000264 0.004337 0.988706 0.000235
3 3 0.019426 0.004227 0.044618 0.930786 0.000943
3 3 0.011349 0.000748 0.004364 0.982041 0.001498
3 3 0.000763 0.000001 0.000045 0.999172 0.000019
3 3 0.002411 0.000048 0.000831 0.996557 0.000154
3 3 0.000100 0.000005 0.000771 0.999119 0.000005
3 3 0.002159 0.000016 0.000306 0.997431 0.000088
3 3 0.003128 0.000022 0.000094 0.995802 0.000954
3 3 0.008917 0.000478 0.004331 0.985593 0.000681
3 3 0.000580 0.000001 0.000015 0.999381 0.000023
3 3 0.001024 0.000005 0.000435 0.998531 0.000005
3 3 0.000555 0.000004 0.001124 0.998316 0.000001
3 3 0.000671 0.000002 0.000158 0.999166 0.000004
3 3 0.005532 0.000175 0.007932 0.986313 0.000048
3 3 0.001445 0.000025 0.002083 0.996435 0.000012
3 3 0.000486 0.000001 0.000137 0.999375 0.000001
3 3 0.000494 0.000001 0.000073 0.999429 0.000003
3 3 0.000143 0.000000 0.000145 0.999711 0.000000
3 3 0.001921 0.000009 0.000134 0.997786 0.000150
3 3 0.007470 0.000243 0.001339 0.989741 0.001208
3 3 0.007171 0.000240 0.001648 0.990081 0.000860
3 3 0.001349 0.000006 0.000225 0.998393 0.000025
3 3 0.012162 0.001152 0.011866 0.974112 0.000708
3 3 0.001664 0.000012 0.000539 0.997764 0.000021
3 3 0.007033 0.000327 0.005214 0.987166 0.000260
3 3 0.000106 0.000005 0.001760 0.998127 0.000002
3 3 0.005321 0.000078 0.000231 0.992126 0.002245
3 3 0.000168 0.000000 0.000038 0.999792 0.000002
3 3 0.001614 0.000010 0.000466 0.997889 0.000021
3 3 0.000173 0.000000 0.000145 0.999681 0.000000
3 3 0.000023 0.000000 0.000130 0.999846 0.000001
3 3 0.010900 0.000647 0.012384 0.975812 0.000256
2 3 0.009151 0.022409 0.958043 0.010154 0.000243
2 2 0.045508 0.005585 0.852872 0.095938 0.000096
2 2 0.003668 0.027816 0.887200 0.070300 0.011017
2 2 0.000289 0.016063 0.968878 0.013898 0.000873
2 2 0.183082 0.062171 0.631841 0.070395 0.052511
2 2 0.011263 0.151597 0.593456 0.091532 0.152152
2 2 0.020844 0.036020 0.875171 0.028034 0.039931
2 2 0.003731 0.109121 0.865729 0.000493 0.020924
2 2 0.000807 0.069603 0.904098 0.000165 0.025326
2 2 0.000257 0.006555 0.922742 0.068115 0.002331
2 2 0.000320 0.074914 0.899171 0.000333 0.025262
2 2 0.001160 0.020785 0.975896 0.000482 0.001676
1 2 0.063177 0.605053 0.185737 0.000121 0.145913
1 2 0.035466 0.450831 0.140084 0.000017 0.373602
2 2 0.002867 0.350621 0.445290 0.000008 0.201214
4 1 0.009904 0.266819 0.174297 0.000090 0.548890
4 1 0.229959 0.108477 0.018001 0.000185 0.643377
4 1 0.034565 0.193946 0.063964 0.000127 0.707399
4 1 0.001155 0.174306 0.294676 0.000306 0.529557
1 1 0.195173 0.407589 0.083733 0.000149 0.313357
4 1 0.058039 0.253375 0.058053 0.000010 0.630524
1 0 0.279061 0.464910 0.096661 0.000017 0.159351
4 0 0.038025 0.031197 0.008535 0.000092 0.922152
4 0 0.002356 0.002835 0.001277 0.000004 0.993528
4 0 0.033703 0.004072 0.004973 0.000143 0.957110
0 0 0.558060 0.043043 0.006293 0.000001 0.392603
4 0 0.046193 0.024237 0.004698 0.000003 0.924868
4 0 0.018392 0.033755 0.009471 0.000005 0.938378
4 0 0.010298 0.011667 0.003103 0.000001 0.974931
4 0 0.162546 0.025917 0.003721 0.000005 0.807810
0 0 0.447550 0.108337 0.011032 0.000014 0.433067
4 0 0.055655 0.160834 0.143860 0.000273 0.639377
0 0 0.704558 0.130043 0.035648 0.001324 0.128428
4 0 0.276926 0.008267 0.003450 0.000228 0.711129
4 0 0.071014 0.177350 0.028880 0.000000 0.722756
4 0 0.008925 0.075511 0.026161 0.000001 0.889402
4 2 0.031227 0.045353 0.014652 0.000224 0.908544
4 4 0.000919 0.003879 0.002971 0.000049 0.992181
4 4 0.033403 0.023856 0.006435 0.000057 0.936249
4 4 0.039850 0.000222 0.000030 0.000003 0.959896
4 4 0.004367 0.013289 0.004601 0.000000 0.977742
4 4 0.328539 0.003061 0.000398 0.000000 0.668002
4 4 0.008424 0.000883 0.000171 0.000000 0.990522
4 4 0.004590 0.002075 0.000634 0.000001 0.992700
4 4 0.002095 0.007952 0.007108 0.000059 0.982785
4 4 0.002925 0.018704 0.011430 0.000023 0.966919
4 4 0.029525 0.385913 0.127834 0.000006 0.456722
4 4 0.006849 0.184282 0.101202 0.000000 0.707667
4 4 0.053376 0.014890 0.002988 0.000017 0.928730
4 4 0.029700 0.030324 0.008504 0.000043 0.931429
4 4 0.000694 0.102577 0.138271 0.000001 0.758456
2 4 0.001619 0.275021 0.459429 0.000039 0.263891
4 4 0.008820 0.274065 0.182327 0.000033 0.534754
4 4 0.104485 0.217732 0.039433 0.000008 0.638342
0 4 0.680199 0.112026 0.169635 0.000013 0.038127
4 4 0.145541 0.133224 0.019583 0.000003 0.701649
4 1 0.023767 0.130587 0.086011 0.000019 0.759616
4 1 0.163773 0.187279 0.275591 0.000068 0.373290
0 1 0.358454 0.198248 0.111382 0.000019 0.331897
0 1 0.566130 0.261494 0.025387 0.000082 0.146906
1 1 0.344468 0.476835 0.044194 0.000003 0.134500
1 1 0.158618 0.633537 0.092900 0.000001 0.114944
1 0 0.240533 0.441729 0.262298 0.000000 0.055440
2 0 0.067389 0.404422 0.517748 0.000004 0.010438
0 0 0.651766 0.121961 0.008358 0.000002 0.217913
0 0 0.545818 0.105620 0.007663 0.000001 0.340898
1 0 0.062585 0.596679 0.162846 0.000058 0.177832
1 0 0.008333 0.431402 0.301804 0.000002 0.258458
1 0 0.062308 0.459929 0.164605 0.000000 0.313158
1 0 0.063831 0.635839 0.140952 0.000000 0.159378
1 0 0.005152 0.429303 0.394978 0.000001 0.170566
2 0 0.107634 0.217464 0.536434 0.000221 0.138247
0 0 0.396511 0.354985 0.105518 0.000011 0.142975
0 0 0.942395 0.032153 0.011914 0.000265 0.013272
1 0 0.345306 0.591653 0.047726 0.000001 0.015313
1 0 0.073679 0.510212 0.218849 0.000001 0.197259
0 0 0.629221 0.022662 0.011287 0.001176 0.335656
0 0 0.630750 0.023130 0.011290 0.001363 0.333466
0 0 0.629135 0.022664 0.011281 0.001174 0.335745
0 0 0.630750 0.023130 0.011290 0.001363 0.333466
1 0 0.193634 0.574846 0.065680 0.000002 0.165838
4 1 0.026790 0.144098 0.033828 0.000001 0.795283
2 1 0.226502 0.322831 0.330940 0.000019 0.119708
4 1 0.346657 0.109882 0.014398 0.000010 0.529053
4 1 0.005384 0.220429 0.144827 0.000017 0.629344
4 1 0.001208 0.197428 0.337102 0.000118 0.464143
2 1 0.002865 0.144458 0.790002 0.000008 0.062668
1 1 0.028826 0.509268 0.169997 0.000001 0.291908
2 1 0.000753 0.236330 0.626587 0.000188 0.136142
1 1 0.006333 0.455270 0.439629 0.000034 0.098734
1 1 0.007868 0.479411 0.439640 0.000031 0.073050
1 1 0.034011 0.622853 0.236966 0.000007 0.106162
1 1 0.109630 0.617390 0.099810 0.000000 0.173170
1 1 0.071628 0.463964 0.083446 0.000001 0.380962
2 1 0.002685 0.365786 0.530123 0.000008 0.101397
1 1 0.020777 0.538047 0.268749 0.000013 0.172414
2 1 0.000234 0.094401 0.879889 0.000012 0.025463
2 1 0.017250 0.443946 0.494868 0.000001 0.043935
1 1 0.033889 0.663399 0.246513 0.000001 0.056198
1 1 0.048761 0.491345 0.104233 0.000000 0.355661
2 1 0.001014 0.249127 0.573495 0.000042 0.176322
1 1 0.036600 0.610054 0.270008 0.001238 0.082100
2 1 0.000983 0.128641 0.805987 0.000378 0.064011
2 2 0.000058 0.007239 0.991185 0.000258 0.001259
2 2 0.000085 0.058232 0.920525 0.000057 0.021101
2 2 0.000055 0.038795 0.954428 0.000008 0.006714
2 2 0.002284 0.080624 0.897329 0.000139 0.019624
2 2 0.021732 0.160768 0.760993 0.013424 0.043082
2 2 0.000539 0.111875 0.775328 0.000001 0.112257
2 2 0.000498 0.009684 0.989570 0.000004 0.000243
2 2 0.001092 0.097171 0.877208 0.000356 0.024173
2 2 0.007121 0.129761 0.852422 0.000009 0.010687
2 2 0.000002 0.013559 0.976096 0.000021 0.010323
2 2 0.000061 0.033421 0.953622 0.000030 0.012865
2 2 0.006310 0.421598 0.518348 0.000000 0.053744
2 2 0.047865 0.213185 0.712777 0.003491 0.022681
2 2 0.001563 0.035594 0.951295 0.001843 0.009705
2 2 0.000005 0.002077 0.997695 0.000210 0.000012
2 2 0.001353 0.012766 0.985379 0.000005 0.000497
2 2 0.004645 0.158662 0.824084 0.000001 0.012607
2 2 0.000111 0.045591 0.952330 0.000456 0.001512
2 2 0.001332 0.013303 0.985170 0.000083 0.000113
2 2 0.012926 0.124610 0.846106 0.000002 0.016357
2 2 0.032251 0.183382 0.717318 0.001861 0.065188
2 2 0.109856 0.338260 0.534742 0.000633 0.016508
2 2 0.077422 0.269811 0.639718 0.000888 0.012162
2 2 0.000203 0.003705 0.995486 0.000594 0.000012
2 2 0.000451 0.007476 0.991524 0.000219 0.000330
0 2 0.957537 0.014677 0.020794 0.002174 0.004818
1 2 0.032461 0.521481 0.416359 0.000854 0.028844
2 2 0.001320 0.079904 0.899335 0.000070 0.019371
2 2 0.002573 0.035622 0.951787 0.000196 0.009823
4 2 0.001626 0.126187 0.155050 0.000006 0.717131
2 2 0.002142 0.079036 0.875925 0.003339 0.039558
2 2 0.000652 0.038758 0.947752 0.004220 0.008619
2 2 0.000423 0.021383 0.801466 0.162416 0.014312
1 2 0.011999 0.389471 0.326057 0.000002 0.272470
2 2 0.000781 0.119305 0.849486 0.000204 0.030224
2 2 0.000667 0.028623 0.966274 0.000276 0.004161
2 2 0.011623 0.093082 0.862824 0.000893 0.031578
2 2 0.016623 0.328256 0.359487 0.000002 0.295633
2 2 0.002941 0.073349 0.902883 0.000003 0.020823
2 2 0.013877 0.073746 0.830166 0.005390 0.076821
4 2 0.145925 0.068882 0.057539 0.000176 0.727478
2 2 0.021396 0.222025 0.587541 0.004282 0.164756
2 2 0.000958 0.030521 0.966008 0.000864 0.001649
2 2 0.007635 0.086602 0.852067 0.000255 0.053442
2 2 0.023661 0.042675 0.764460 0.000568 0.168636
2 2 0.001153 0.079071 0.879722 0.000228 0.039826
2 2 0.000252 0.007687 0.990484 0.001122 0.000455
1 2 0.073807 0.675478 0.220366 0.000223 0.030126
2 2 0.009662 0.154985 0.828214 0.004154 0.002984
0 2 0.901204 0.065306 0.011664 0.000041 0.021784
0 1 0.853363 0.061049 0.084455 0.000049 0.001084
2 1 0.004411 0.181885 0.802074 0.001526 0.010104
2 1 0.004748 0.422518 0.548064 0.001117 0.023554
2 1 0.068843 0.206312 0.712409 0.000117 0.012319
2 1 0.223293 0.271485 0.444399 0.000298 0.060525
2 2 0.000690 0.044337 0.794540 0.128668 0.031765
2 2 0.004195 0.193936 0.739023 0.005597 0.057249
2 2 0.009891 0.027870 0.951132 0.004569 0.006538
2 2 0.012539 0.017287 0.946619 0.021165 0.002390
2 2 0.000369 0.073460 0.892485 0.000367 0.033320
2 2 0.000648 0.013680 0.983641 0.001150 0.000881
4 2 0.242226 0.075036 0.009549 0.000010 0.673179
1 2 0.095436 0.647498 0.141503 0.000044 0.115520
1 2 0.066081 0.547852 0.142055 0.000151 0.243861
1 2 0.007662 0.414129 0.404295 0.004265 0.169649
1 2 0.212362 0.620606 0.137161 0.000000 0.029871
1 1 0.055019 0.581132 0.328253 0.000018 0.035577
0 0 0.405662 0.194025 0.352061 0.005248 0.043003
1 0 0.299776 0.584495 0.067046 0.000054 0.048629
1 0 0.437003 0.441518 0.064692 0.000001 0.056786
2 0 0.317476 0.279645 0.381233 0.000208 0.021437
1 0 0.108942 0.574575 0.079177 0.000000 0.237307
1 1 0.056694 0.627141 0.169702 0.000004 0.146459
1 1 0.090637 0.497134 0.390642 0.000256 0.021331
1 1 0.151235 0.553538 0.275795 0.000042 0.019390
1 1 0.047868 0.566281 0.263419 0.000110 0.122321
2 1 0.000509 0.222370 0.693888 0.000051 0.083182
2 1 0.000160 0.075076 0.892959 0.000148 0.031656
2 1 0.013573 0.224767 0.574916 0.000082 0.186661
1 1 0.044099 0.482798 0.179068 0.004763 0.289272
1 1 0.053673 0.581854 0.156893 0.000006 0.207574
2 1 0.002226 0.317614 0.467463 0.000027 0.212671
4 1 0.066598 0.136430 0.155816 0.000029 0.641127
1 1 0.044535 0.614395 0.227968 0.000330 0.112772
1 1 0.015725 0.438720 0.220847 0.000012 0.324696
1 1 0.144303 0.514385 0.076119 0.000006 0.265186
1 1 0.018898 0.449484 0.201587 0.000008 0.330022
4 1 0.062903 0.113662 0.033400 0.000090 0.789945
4 1 0.020316 0.307652 0.140772 0.000008 0.531253
4 1 0.329951 0.097221 0.014779 0.000003 0.558046
4 4 0.061230 0.016378 0.002784 0.000003 0.919605
2 4 0.144715 0.057160 0.473827 0.150832 0.173466
4 4 0.176277 0.047069 0.051891 0.001599 0.723163
4 4 0.029847 0.037801 0.008461 0.000002 0.923889
0 4 0.391556 0.207563 0.019128 0.000001 0.381752
4 4 0.318382 0.021180 0.017060 0.000889 0.642490
4 4 0.027228 0.008872 0.002399 0.000073 0.961428
4 4 0.068561 0.011549 0.002645 0.000395 0.916849
4 4 0.004344 0.001255 0.000405 0.000002 0.993994
4 4 0.002918 0.010601 0.061212 0.002001 0.923268
0 4 0.332636 0.048828 0.291487 0.000358 0.326691
4 4 0.004156 0.004655 0.001607 0.000001 0.989581
4 4 0.012946 0.005025 0.001336 0.000004 0.980688
4 4 0.285678 0.075831 0.248836 0.002269 0.387386
4 4 0.025735 0.032415 0.009913 0.000066 0.931871
4 4 0.002999 0.016413 0.011747 0.000015 0.968826
4 4 0.017767 0.017264 0.004682 0.000005 0.960282
4 4 0.102670 0.018264 0.002807 0.000008 0.876250
4 4 0.010171 0.008402 0.003153 0.000002 0.978273
4 4 0.017941 0.292619 0.118044 0.000109 0.571286
4 4 0.024482 0.314489 0.305113 0.000023 0.355893
4 4 0.098135 0.014179 0.044902 0.015945 0.826838
4 4 0.081584 0.016526 0.002533 0.000001 0.899355
4 4 0.013271 0.019048 0.006538 0.000028 0.961115
4 4 0.008802 0.000438 0.000144 0.000033 0.990583
0 4 0.567003 0.004582 0.000226 0.000000 0.428189
4 4 0.191720 0.030954 0.005147 0.000092 0.772088
4 4 0.016886 0.093502 0.044286 0.000191 0.845135
4 4 0.059243 0.256972 0.087855 0.000304 0.595626
4 4 0.010260 0.007883 0.002305 0.000003 0.979550
4 4 0.054333 0.001665 0.000263 0.000010 0.943727
4 4 0.081192 0.079290 0.021546 0.000001 0.817970
4 4 0.238580 0.131341 0.022795 0.000001 0.607284
4 4 0.170077 0.078742 0.010925 0.000005 0.740250
4 4 0.297540 0.039164 0.014587 0.000067 0.648642
2 4 0.002760 0.135854 0.602050 0.000090 0.259247
4 4 0.009201 0.136026 0.076010 0.000010 0.778753
4 4 0.360692 0.038430 0.013914 0.000029 0.586935
4 4 0.067775 0.067223 0.240854 0.001488 0.622660
4 4 0.003267 0.123971 0.145314 0.000014 0.727434
2 4 0.000582 0.185277 0.452952 0.000023 0.361166
1 4 0.191661 0.627165 0.115285 0.001411 0.064479
1 4 0.245208 0.550089 0.081125 0.000118 0.123461
2 4 0.000474 0.090116 0.886818 0.001899 0.020692
2 4 0.000501 0.141066 0.718311 0.000510 0.139612
2 4 0.003254 0.041233 0.903989 0.000132 0.051392
2 4 0.289966 0.187085 0.431063 0.000137 0.091749
1 4 0.050150 0.435168 0.103695 0.000009 0.410978
4 1 0.004440 0.329125 0.315424 0.000021 0.350991
1 1 0.090654 0.420015 0.105667 0.000450 0.383214
2 1 0.003621 0.359181 0.445782 0.000118 0.191298
2 1 0.005793 0.298729 0.487440 0.000101 0.207937
2 1 0.019220 0.342118 0.453891 0.001264 0.183507
2 1 0.002723 0.036661 0.958772 0.000948 0.000895
1 1 0.372105 0.437420 0.063541 0.000042 0.126893
4 2 0.018860 0.113067 0.156066 0.000795 0.711213
1 2 0.208370 0.429300 0.328710 0.000282 0.033338
4 2 0.091622 0.204764 0.064993 0.003273 0.635348
1 2 0.013005 0.496055 0.331005 0.000086 0.159850
4 2 0.011160 0.266391 0.122197 0.000012 0.600241
1 2 0.023754 0.516973 0.233871 0.000041 0.225362
2 2 0.008465 0.304469 0.542170 0.001224 0.143672
2 2 0.003453 0.314267 0.555745 0.000139 0.126397
4 2 0.157143 0.222630 0.048721 0.000016 0.571490
2 2 0.039505 0.179060 0.626845 0.000685 0.153904
4 2 0.008594 0.054238 0.022583 0.000017 0.914568
4 2 0.052013 0.222941 0.043601 0.000001 0.681444
2 2 0.004424 0.306665 0.563049 0.000054 0.125808
2 2 0.003358 0.248241 0.637862 0.000165 0.110373
2 2 0.042318 0.259114 0.641566 0.000153 0.056849
2 2 0.000832 0.240065 0.555009 0.000027 0.204067
2 1 0.177044 0.309444 0.508908 0.000021 0.004583
0 1 0.962994 0.017874 0.004588 0.000043 0.014501
4 1 0.099172 0.128155 0.020834 0.000002 0.751838
4 1 0.194999 0.320353 0.139598 0.000007 0.345043
2 1 0.015781 0.256166 0.700080 0.000085 0.027888
2 1 0.003274 0.194129 0.777933 0.000534 0.024130
2 2 0.011621 0.308029 0.379564 0.000017 0.300769
2 2 0.002858 0.359960 0.567489 0.000226 0.069468
2 2 0.005511 0.407350 0.408874 0.000064 0.178200
2 2 0.001868 0.350426 0.556653 0.000002 0.091051
2 2 0.002313 0.259598 0.648401 0.000034 0.089654
2 2 0.001791 0.086391 0.888810 0.000306 0.022703
2 2 0.008546 0.169609 0.800237 0.000243 0.021366
2 2 0.001790 0.125798 0.865227 0.000055 0.007129
2 2 0.000437 0.018078 0.968360 0.000138 0.012986
2 2 0.002441 0.029832 0.936342 0.002665 0.028721
2 2 0.001233 0.124108 0.859635 0.000142 0.014882
2 2 0.000286 0.043853 0.932629 0.002101 0.021130
2 2 0.002913 0.037672 0.958057 0.000035 0.001322
2 2 0.006714 0.025496 0.964211 0.002478 0.001101
2 2 0.000163 0.008924 0.989330 0.000990 0.000592
2 2 0.003017 0.174644 0.772148 0.001507 0.048684
2 2 0.000089 0.010887 0.988383 0.000241 0.000399
2 2 0.000084 0.002132 0.969560 0.026482 0.001742
2 2 0.006041 0.013078 0.913153 0.054542 0.013187
2 2 0.000583 0.003781 0.906454 0.089132 0.000050
2 2 0.001449 0.048165 0.771817 0.031628 0.146940
2 2 0.000194 0.002007 0.869092 0.127862 0.000846
2 3 0.011452 0.038098 0.842295 0.097809 0.010347
2 3 0.002775 0.024564 0.621640 0.348860 0.002161
2 3 0.032394 0.094976 0.745544 0.105158 0.021929
2 3 0.003627 0.009941 0.723720 0.252927 0.009786
2 3 0.001464 0.009823 0.663113 0.315170 0.010431
3 3 0.000327 0.000411 0.277770 0.721394 0.000099
3 3 0.000147 0.001354 0.190184 0.807693 0.000622
2 3 0.001802 0.025253 0.647090 0.317850 0.008005
3 3 0.000364 0.000081 0.122530 0.877023 0.000002
3 3 0.002989 0.003145 0.419600 0.573191 0.001075
3 3 0.001448 0.000788 0.056359 0.940474 0.000931
3 3 0.000058 0.000079 0.048251 0.951588 0.000025
3 3 0.000897 0.000250 0.043141 0.955673 0.000039
3 3 0.000182 0.000124 0.103389 0.896276 0.000028
3 3 0.016703 0.015157 0.085626 0.829692 0.052823
3 3 0.003589 0.002679 0.051351 0.927723 0.014659
3 3 0.002120 0.003811 0.140616 0.851980 0.001472
3 3 0.003991 0.012990 0.383358 0.583309 0.016352
3 3 0.005892 0.001120 0.009558 0.982209 0.001221
3 3 0.010440 0.000861 0.011508 0.975848 0.001343
3 3 0.000074 0.000133 0.058878 0.940908 0.000007
3 3 0.002003 0.001193 0.036242 0.958595 0.001967
3 3 0.000780 0.000002 0.000221 0.998992 0.000004
3 3 0.009658 0.000472 0.002534 0.985835 0.001501
3 3 0.008529 0.000357 0.002139 0.987798 0.001178
3 3 0.025232 0.003770 0.006505 0.950036 0.014458
3 3 0.024059 0.001683 0.012606 0.960131 0.001521
3 3 0.324384 0.010413 0.040036 0.614172 0.010994
3 3 0.002390 0.000111 0.001036 0.995893 0.000570
3 3 0.002980 0.000027 0.000253 0.996435 0.000305
3 3 0.000001 0.000000 0.000539 0.999459 0.000000
3 3 0.000661 0.000313 0.017027 0.981903 0.000096
3 3 0.000616 0.000001 0.000027 0.999341 0.000016
3 3 0.001331 0.000012 0.000345 0.998268 0.000045
0 3 0.669739 0.008492 0.070827 0.246313 0.004628
3 3 0.004518 0.000144 0.005088 0.990187 0.000062
3 3 0.005812 0.000575 0.008621 0.984606 0.000386
3 3 0.000206 0.000023 0.006069 0.993693 0.000010
3 3 0.000934 0.000002 0.000023 0.998968 0.000073
3 3 0.000919 0.000001 0.000015 0.998962 0.000101
3 3 0.003480 0.000024 0.000132 0.995208 0.001156
3 3 0.007329 0.000194 0.000703 0.989632 0.002141
3 3 0.004984 0.000245 0.001765 0.990857 0.002148
3 3 0.002420 0.000010 0.000160 0.997301 0.000109
3 3 0.014155 0.001345 0.007856 0.974898 0.001746
3 3 0.015883 0.001315 0.003554 0.973669 0.005578
3 3 0.000236 0.000011 0.001130 0.998570 0.000052
3 3 0.001171 0.000181 0.010792 0.987802 0.000053
3 3 0.000311 0.000004 0.003048 0.996636 0.000001
3 3 0.388718 0.002358 0.116259 0.492450 0.000214
3 3 0.008768 0.008735 0.184487 0.783897 0.014113
3 2 0.020517 0.010325 0.061077 0.885127 0.022955
2 2 0.002420 0.344847 0.492746 0.000013 0.159974
2 2 0.000764 0.138392 0.837379 0.002127 0.021339
0 2 0.663399 0.195534 0.135301 0.000016 0.005750
0 1 0.448514 0.236617 0.298540 0.000144 0.016185
2 1 0.215952 0.288555 0.407800 0.001889 0.085803
0 1 0.522099 0.113993 0.348001 0.004250 0.011657
2 1 0.009792 0.119608 0.605812 0.002034 0.262754
2 1 0.000523 0.124907 0.728990 0.000498 0.145084
2 1 0.109332 0.137608 0.563776 0.004524 0.184759
2 1 0.006571 0.241997 0.588055 0.012698 0.150680
4 1 0.011691 0.321213 0.183816 0.000105 0.483176
4 2 0.009308 0.056248 0.030034 0.000608 0.903801
1 2 0.011816 0.407895 0.273938 0.000065 0.306286
4 2 0.006412 0.315501 0.338288 0.000050 0.339749
1 2 0.009258 0.409539 0.278567 0.000015 0.302621
4 2 0.017096 0.138901 0.064092 0.000013 0.779898
4 2 0.010182 0.025942 0.012144 0.000035 0.951697
4 4 0.003741 0.007863 0.004498 0.000231 0.983666
4 4 0.029984 0.032740 0.011481 0.000774 0.925021
4 4 0.016435 0.025523 0.008818 0.000057 0.949167
4 4 0.031214 0.023818 0.004705 0.000001 0.940263
4 4 0.015267 0.005773 0.001252 0.000001 0.977707
4 4 0.035444 0.022309 0.005218 0.000012 0.937016
4 4 0.000915 0.001880 0.001391 0.000073 0.995741
4 4 0.038372 0.019322 0.004989 0.000076 0.937242
4 4 0.036732 0.417156 0.113393 0.000004 0.432716
4 4 0.007977 0.074672 0.033722 0.000009 0.883619
4 4 0.170430 0.088756 0.015766 0.000118 0.724931
4 4 0.042439 0.023340 0.031175 0.000206 0.902841
4 4 0.045640 0.107691 0.028818 0.000006 0.817846
4 4 0.352895 0.051856 0.006492 0.000029 0.588728
4 4 0.047646 0.093004 0.021611 0.000010 0.837729
4 4 0.003105 0.148376 0.095562 0.000001 0.752957
4 4 0.014136 0.110278 0.056379 0.000045 0.819163
4 4 0.085946 0.080863 0.013807 0.000003 0.819381
4 4 0.074924 0.025973 0.004368 0.000004 0.894731
4 4 0.005324 0.024842 0.011591 0.000001 0.958243
4 1 0.012641 0.204303 0.139466 0.000009 0.643581
4 1 0.002163 0.225195 0.241351 0.000001 0.531289
4 1 0.002090 0.193195 0.310592 0.000022 0.494100
0 1 0.879067 0.077762 0.004394 0.000005 0.038772
0 1 0.517815 0.051696 0.005008 0.000035 0.425447
4 1 0.043984 0.173666 0.053495 0.000003 0.728851
0 1 0.494692 0.064850 0.005175 0.000002 0.435281
4 1 0.000689 0.010088 0.008865 0.000005 0.980353
4 1 0.015834 0.099080 0.174916 0.000951 0.709220
4 1 0.008773 0.313001 0.196967 0.000059 0.481200
4 1 0.016034 0.380820 0.156741 0.000001 0.446405
4 1 0.241694 0.129177 0.016217 0.000005 0.612907
4 1 0.226715 0.297725 0.056176 0.000040 0.419344
0 1 0.776398 0.134344 0.077323 0.000135 0.011800
4 1 0.079848 0.253135 0.077948 0.000005 0.589063
4 1 0.002805 0.026393 0.022573 0.000033 0.948196
4 1 0.010353 0.010234 0.004589 0.000039 0.974785
4 2 0.011523 0.250753 0.114198 0.000040 0.623486
4 2 0.030234 0.140296 0.044433 0.000004 0.785033
4 2 0.088846 0.010747 0.002667 0.000027 0.897713
4 2 0.193750 0.044598 0.007655 0.000274 0.753724
0 2 0.469453 0.147041 0.012806 0.000002 0.370697
4 -1 0.018712 0.045898 0.019599 0.000009 0.915781
4 -1 0.039523 0.149787 0.043992 0.000022 0.766676
4 2 0.406815 0.057703 0.006299 0.000031 0.529152
4 2 0.160512 0.117873 0.016575 0.000003 0.705037
4 2 0.408972 0.026053 0.002727 0.000041 0.562208
4 2 0.009314 0.271977 0.220558 0.000832 0.497319
4 2 0.024133 0.190130 0.092910 0.000002 0.692825
4 2 0.002561 0.044821 0.039307 0.000219 0.913092
4 2 0.051661 0.091961 0.021975 0.000021 0.834382
2 2 0.012975 0.343275 0.510386 0.000071 0.133294
4 2 0.002020 0.208889 0.248027 0.000004 0.541060
4 2 0.006659 0.285299 0.204623 0.000083 0.503337
4 2 0.012740 0.118465 0.062239 0.000090 0.806466
4 2 0.011540 0.272909 0.116898 0.000001 0.598652
4 2 0.055929 0.132175 0.023365 0.000000 0.788530
4 2 0.011718 0.277084 0.251333 0.000828 0.459036
1 2 0.030914 0.491587 0.154301 0.000001 0.323197
1 2 0.061535 0.438072 0.089424 0.000004 0.410963
4 2 0.320016 0.200798 0.025072 0.000020 0.454094
4 2 0.043947 0.011579 0.008263 0.000072 0.936139
4 2 0.178361 0.047021 0.006745 0.000016 0.767856
4 2 0.023472 0.098487 0.021982 0.000000 0.856058
4 2 0.102875 0.184537 0.021542 0.000000 0.691046
4 2 0.009008 0.008763 0.009629 0.000018 0.972582
4 2 0.003674 0.006690 0.002767 0.000001 0.986868
1 2 0.044401 0.422203 0.134259 0.000017 0.399120
4 2 0.140270 0.159546 0.026167 0.000010 0.674007
4 2 0.007763 0.048230 0.073011 0.000061 0.870936
4 2 0.014119 0.026010 0.039231 0.000041 0.920599
4 2 0.022940 0.184901 0.070700 0.000025 0.721434
4 2 0.011643 0.023197 0.008961 0.000060 0.956140
4 2 0.198751 0.135563 0.019452 0.000011 0.646223
4 2 0.068471 0.092272 0.018160 0.000006 0.821092
4 2 0.004417 0.308520 0.253784 0.000001 0.433278
4 2 0.009310 0.085556 0.034893 0.000001 0.870240
1 2 0.007444 0.380508 0.313544 0.000170 0.298333
1 2 0.007892 0.351427 0.350113 0.000158 0.290410
2 2 0.025030 0.255003 0.610286 0.000839 0.108842
4 2 0.053449 0.312005 0.103012 0.000050 0.531484
4 2 0.006737 0.012760 0.004455 0.000003 0.976046
0 2 0.498890 0.104182 0.008473 0.000002 0.388454
4 2 0.046205 0.119477 0.025917 0.000003 0.808397
4 2 0.002772 0.075220 0.067440 0.000050 0.854517
1 2 0.048164 0.484960 0.130379 0.000018 0.336478
4 2 0.035675 0.161826 0.047115 0.000014 0.755370
4 2 0.011766 0.310526 0.151830 0.000002 0.525876
4 2 0.005910 0.332527 0.267248 0.000020 0.394295
4 2 0.189620 0.049722 0.006859 0.000013 0.753786
1 2 0.137863 0.362962 0.260292 0.000029 0.238856
4 2 0.024156 0.121010 0.038002 0.000002 0.816831
4 2 0.014022 0.082321 0.108329 0.000804 0.794523
4 2 0.344023 0.209328 0.023015 0.000006 0.423628
4 2 0.130893 0.307247 0.058983 0.000001 0.502875
2 2 0.021348 0.445794 0.468536 0.000076 0.064245
1 2 0.012697 0.440453 0.319494 0.000013 0.227342
4 2 0.014756 0.315204 0.161532 0.000002 0.508507
4 2 0.225678 0.256438 0.031341 0.000000 0.486543
4 2 0.038028 0.331091 0.083067 0.000003 0.547810
1 2 0.005897 0.459819 0.446878 0.000000 0.087406
2 2 0.093222 0.132220 0.472034 0.000924 0.301600
0 2 0.340603 0.278876 0.282348 0.000420 0.097753
4 2 0.030018 0.369920 0.155936 0.000042 0.444084
1 2 0.029554 0.448506 0.191887 0.000002 0.330052
4 2 0.083097 0.180983 0.039510 0.000035 0.696376
4 2 0.146174 0.058674 0.040461 0.000058 0.754634
0 0 0.599533 0.311083 0.041766 0.000147 0.047471
0 0 0.967748 0.008403 0.022693 0.000406 0.000751
0 0 0.461149 0.069770 0.022675 0.000203 0.446204
4 0 0.175081 0.278550 0.147749 0.000318 0.398303
4 0 0.084322 0.006812 0.000707 0.000000 0.908158
4 0 0.093546 0.001762 0.000598 0.000000 0.904094
4 0 0.321373 0.053669 0.045748 0.000320 0.578890
2 0 0.165308 0.234128 0.331106 0.000425 0.269033
1 0 0.117921 0.381418 0.201762 0.000674 0.298225
4 0 0.040394 0.142725 0.045923 0.000201 0.770756
4 0 0.015457 0.003997 0.000967 0.000004 0.979575
4 1 0.042550 0.064813 0.017622 0.000065 0.874949
2 1 0.247811 0.330231 0.341811 0.000120 0.080026
2 1 0.002106 0.284589 0.406084 0.000030 0.307190
4 1 0.036979 0.152713 0.049406 0.000029 0.760873
4 1 0.092165 0.077882 0.013814 0.000007 0.816133
4 1 0.026354 0.363637 0.199746 0.002592 0.407671
1 1 0.011749 0.456393 0.308559 0.000094 0.223205
4 1 0.049337 0.051835 0.013035 0.000057 0.885736
4 1 0.206532 0.018072 0.001933 0.000002 0.773462
4 1 0.011801 0.218764 0.094375 0.000007 0.675053
4 2 0.027851 0.081451 0.029950 0.000004 0.860745
