0 0 0.989402 0.005257 0.001904 0.000246 0.003190
0 0 0.958543 0.018191 0.008832 0.001733 0.012701
0 0 0.962783 0.016506 0.007829 0.001486 0.011396
0 0 0.965790 0.015298 0.007125 0.001318 0.010470
0 0 0.984417 0.007485 0.002944 0.000428 0.004725
0 0 0.966626 0.015978 0.007484 0.001051 0.008860
0 0 0.979009 0.009823 0.004119 0.000656 0.006393
0 0 0.984813 0.007311 0.002860 0.000413 0.004603
0 0 0.982516 0.008315 0.003352 0.000505 0.005311
0 0 0.975410 0.011343 0.004921 0.000822 0.007504
0 0 0.979657 0.009891 0.004144 0.000566 0.005741
0 0 0.921141 0.039030 0.022502 0.002296 0.015032
0 0 0.848888 0.072124 0.048647 0.004979 0.025362
0 0 0.948065 0.026056 0.013630 0.001424 0.010825
0 0 0.948892 0.023640 0.012165 0.001896 0.013407
0 0 0.934854 0.029809 0.016220 0.002569 0.016548
0 0 0.871199 0.059890 0.038629 0.004892 0.025390
0 0 0.426165 0.242072 0.250100 0.022241 0.059423
2 1 0.233203 0.257246 0.313109 0.075282 0.121161
2 1 0.105939 0.233068 0.334727 0.159630 0.166637
2 1 0.136779 0.208472 0.276855 0.180373 0.197521
2 4 0.144851 0.202027 0.263264 0.184958 0.204899
2 4 0.108998 0.230649 0.328516 0.161935 0.169902
2 4 0.145064 0.201857 0.262912 0.185075 0.205091
2 4 0.155542 0.193536 0.246131 0.190542 0.214250
2 4 0.143831 0.202840 0.264949 0.184397 0.203982
2 4 0.148731 0.198938 0.256934 0.187048 0.208348
2 4 0.150832 0.197269 0.253561 0.188149 0.210189
2 4 0.143329 0.203241 0.265782 0.184119 0.203529
2 4 0.155542 0.193536 0.246131 0.190542 0.214250
2 4 0.110915 0.229129 0.324682 0.163349 0.171925
2 4 0.163292 0.193771 0.243755 0.185790 0.213392
2 4 0.117988 0.223500 0.310900 0.168379 0.179233
2 4 0.155542 0.193536 0.246131 0.190542 0.214250
2 4 0.155542 0.193536 0.246131 0.190542 0.214250
2 4 0.219247 0.192755 0.226302 0.156324 0.205373
0 4 0.262594 0.189523 0.212627 0.137671 0.197586
2 4 0.194126 0.193733 0.234184 0.168638 0.209319
0 4 0.365602 0.176248 0.180192 0.102203 0.175755
2 4 0.155542 0.193536 0.246131 0.190542 0.214250
2 4 0.080711 0.252454 0.390836 0.138201 0.137797
2 4 0.107487 0.231844 0.331568 0.160804 0.168296
2 4 0.081641 0.251767 0.388594 0.139074 0.138924
2 4 0.091806 0.244086 0.365005 0.148186 0.150917
2 4 0.075384 0.256339 0.403987 0.133057 0.131231
2 4 0.121352 0.220814 0.304541 0.170669 0.182625
2 4 0.071185 0.259322 0.414739 0.128829 0.125925
2 4 0.062728 0.230903 0.472229 0.121742 0.112399
2 4 0.041397 0.242199 0.539118 0.094708 0.082579
2 4 0.011146 0.121253 0.799463 0.041379 0.026760
2 4 0.034081 0.181496 0.631062 0.085509 0.067852
2 4 0.001353 0.027674 0.957410 0.009549 0.004015
2 4 0.000502 0.012728 0.980455 0.004699 0.001617
2 4 0.001471 0.024052 0.954249 0.015982 0.004246
2 4 0.001149 0.023259 0.961953 0.010189 0.003451
2 2 0.000330 0.007990 0.978330 0.012225 0.001125
2 2 0.000744 0.014890 0.975852 0.006254 0.002260
2 2 0.000476 0.011918 0.977729 0.008311 0.001567
2 2 0.000386 0.010234 0.978531 0.009540 0.001309
2 2 0.001185 0.018268 0.958289 0.018803 0.003456
2 2 0.000859 0.012595 0.955509 0.028462 0.002576
2 2 0.001820 0.019096 0.666718 0.305630 0.006735
2 2 0.004887 0.032979 0.838796 0.112308 0.011029
2 3 0.000939 0.014070 0.841101 0.140340 0.003550
3 3 0.001985 0.016167 0.248051 0.725124 0.008672
2 3 0.188928 0.205962 0.395156 0.090152 0.119801
2 3 0.009089 0.073758 0.840649 0.055255 0.021248
2 3 0.000843 0.011829 0.872180 0.112162 0.002986
2 3 0.000490 0.009643 0.950137 0.038018 0.001713
2 3 0.000944 0.014050 0.884776 0.096940 0.003290
2 3 0.001380 0.014904 0.585645 0.392382 0.005690
2 3 0.002126 0.021015 0.681295 0.287869 0.007697
2 3 0.001767 0.022355 0.715426 0.253879 0.006574
3 3 0.001642 0.014921 0.487527 0.489160 0.006750
3 3 0.002059 0.016610 0.241572 0.730823 0.008936
3 3 0.001029 0.008666 0.070440 0.914291 0.005574
3 3 0.001040 0.007312 0.035829 0.949969 0.005850
3 3 0.000804 0.005697 0.028485 0.960164 0.004851
3 3 0.001044 0.007508 0.037873 0.947744 0.005831
3 3 0.000535 0.004789 0.033399 0.957839 0.003438
3 3 0.000758 0.006024 0.032932 0.955759 0.004527
3 3 0.001063 0.009209 0.081032 0.903034 0.005663
3 3 0.000568 0.004522 0.024632 0.966603 0.003676
3 3 0.000744 0.005744 0.030524 0.958490 0.004499
3 3 0.001358 0.012698 0.251783 0.727754 0.006408
3 3 0.001129 0.007857 0.040645 0.944143 0.006226
3 3 0.001039 0.008912 0.089668 0.894790 0.005591
3 3 0.000781 0.005878 0.031953 0.956699 0.004689
3 3 0.000662 0.005464 0.035459 0.954332 0.004083
3 3 0.000432 0.003385 0.018550 0.974600 0.003033
3 3 0.000523 0.004273 0.023718 0.968040 0.003446
3 3 0.000302 0.002392 0.013465 0.981505 0.002336
3 3 0.000555 0.004296 0.023065 0.968445 0.003639
3 3 0.000463 0.003922 0.024836 0.967642 0.003136
3 3 0.000336 0.002624 0.014572 0.979938 0.002530
3 3 0.000238 0.002032 0.012117 0.983685 0.001928
3 3 0.000484 0.003860 0.021234 0.971144 0.003277
3 3 0.000473 0.003767 0.020733 0.971803 0.003224
3 3 0.000814 0.005863 0.029559 0.958888 0.004876
3 3 0.000235 0.001899 0.010964 0.984961 0.001941
3 3 0.000394 0.002960 0.015943 0.977840 0.002863
3 3 0.000468 0.003529 0.018865 0.973901 0.003237
3 3 0.004418 0.015820 0.054135 0.910241 0.015386
3 3 0.004594 0.022407 0.081785 0.872904 0.018311
2 3 0.003370 0.047267 0.859125 0.080666 0.009573
2 3 0.002953 0.036699 0.833970 0.117397 0.008981
2 3 0.000580 0.014567 0.965892 0.017027 0.001934
2 3 0.000622 0.016554 0.965905 0.014844 0.002075
2 3 0.000648 0.015908 0.960664 0.020630 0.002150
2 2 0.002781 0.044600 0.933675 0.012526 0.006418
2 2 0.002741 0.044733 0.896845 0.047813 0.007867
0 0 0.961098 0.017178 0.008226 0.001583 0.011915
2 0 0.206089 0.282011 0.358292 0.057773 0.095835
2 1 0.234400 0.273052 0.334872 0.057857 0.099819
2 1 0.009862 0.154915 0.771863 0.037961 0.025399
2 1 0.008039 0.130450 0.807315 0.033146 0.021050
2 1 0.001039 0.030014 0.952889 0.012683 0.003375
2 2 0.009969 0.095708 0.838209 0.034415 0.021700
2 2 0.038640 0.277895 0.513848 0.089531 0.080086
2 2 0.011617 0.238276 0.677441 0.041660 0.031006
2 2 0.052214 0.242165 0.586469 0.058429 0.060723
2 2 0.007553 0.139846 0.800559 0.031741 0.020300
2 2 0.001697 0.036678 0.946492 0.010477 0.004657
2 2 0.014963 0.191987 0.706818 0.049875 0.036356
2 2 0.000212 0.006727 0.983403 0.008886 0.000772
2 2 0.001061 0.033718 0.953665 0.008111 0.003445
2 2 0.001616 0.034142 0.948289 0.011161 0.004792
2 2 0.000520 0.013025 0.978611 0.006160 0.001684
2 2 0.000483 0.013199 0.979157 0.005570 0.001591
2 2 0.009807 0.128622 0.799151 0.037931 0.024488
2 2 0.000497 0.013113 0.975532 0.009206 0.001652
2 2 0.001177 0.024692 0.954678 0.015846 0.003607
2 2 0.001444 0.025882 0.958036 0.010459 0.004179
2 2 0.001143 0.025320 0.956890 0.013124 0.003522
2 2 0.001041 0.021363 0.957709 0.016802 0.003086
2 2 0.000639 0.017248 0.969271 0.010731 0.002110
2 2 0.001353 0.019066 0.942697 0.032961 0.003924
2 2 0.003617 0.054168 0.913407 0.019100 0.009709
2 2 0.001317 0.023029 0.955512 0.016262 0.003880
2 2 0.001701 0.025809 0.935556 0.032018 0.004916
2 2 0.001458 0.024418 0.936788 0.032997 0.004339
2 2 0.001057 0.020459 0.956390 0.018856 0.003237
2 2 0.000901 0.018782 0.958928 0.018564 0.002826
2 2 0.000936 0.018322 0.963214 0.014658 0.002871
2 2 0.001052 0.017230 0.874545 0.103436 0.003737
2 3 0.001540 0.019794 0.738413 0.234393 0.005859
2 3 0.001712 0.022866 0.800773 0.168673 0.005977
2 3 0.001108 0.016704 0.755593 0.222176 0.004418
2 3 0.001574 0.024994 0.876729 0.091444 0.005260
3 3 0.001978 0.014791 0.138096 0.836080 0.009055
3 3 0.002745 0.019724 0.238428 0.727825 0.011278
3 3 0.002549 0.014340 0.064059 0.907359 0.011693
3 3 0.002968 0.020749 0.165535 0.798578 0.012170
3 3 0.002949 0.022362 0.262261 0.700840 0.011588
3 3 0.002535 0.027088 0.450282 0.510093 0.010003
3 3 0.002754 0.021467 0.354676 0.610380 0.010724
3 3 0.002477 0.018413 0.190652 0.777948 0.010509
3 3 0.005302 0.033487 0.261851 0.680821 0.018538
3 3 0.001355 0.010208 0.066203 0.915273 0.006961
3 3 0.001834 0.013668 0.106255 0.869618 0.008626
3 3 0.001411 0.009308 0.043225 0.938669 0.007387
3 3 0.001574 0.011179 0.067567 0.911829 0.007851
3 3 0.001319 0.008807 0.041342 0.941513 0.007018
3 3 0.000609 0.004796 0.025857 0.964864 0.003875
3 3 0.000542 0.003579 0.017593 0.974568 0.003718
3 3 0.000986 0.007162 0.035858 0.950410 0.005585
3 3 0.000954 0.006328 0.030177 0.956964 0.005576
3 3 0.000707 0.005064 0.025654 0.964158 0.004416
3 3 0.000596 0.004064 0.020228 0.971160 0.003952
3 3 0.001116 0.007663 0.036919 0.948119 0.006184
3 3 0.000571 0.004194 0.021821 0.969651 0.003763
3 3 0.000196 0.001465 0.008198 0.988416 0.001726
3 3 0.000436 0.003250 0.017315 0.975911 0.003089
3 3 0.000216 0.001715 0.009866 0.986375 0.001828
3 3 0.000300 0.002057 0.010688 0.984551 0.002404
3 3 0.000924 0.005983 0.028213 0.959402 0.005478
3 3 0.000409 0.003133 0.017026 0.976505 0.002928
3 3 0.000607 0.004425 0.022852 0.968179 0.003938
3 3 0.000523 0.003745 0.019305 0.972871 0.003556
3 3 0.000243 0.001824 0.010103 0.985812 0.002018
3 3 0.000220 0.001608 0.008823 0.987460 0.001889
3 3 0.000812 0.004946 0.022711 0.966464 0.005066
3 3 0.000348 0.002395 0.012358 0.982224 0.002675
3 3 0.000411 0.002969 0.015611 0.978031 0.002978
3 3 0.000651 0.004584 0.023125 0.967464 0.004176
3 3 0.000635 0.004669 0.024168 0.966471 0.004058
3 3 0.000292 0.002127 0.011450 0.983808 0.002323
3 3 0.000456 0.003145 0.016008 0.977146 0.003246
3 3 0.000295 0.002051 0.010768 0.984526 0.002361
3 3 0.000536 0.003624 0.018076 0.974100 0.003664
3 3 0.000320 0.002125 0.010816 0.984206 0.002534
3 3 0.000321 0.002273 0.011980 0.982923 0.002504
3 3 0.001034 0.006656 0.031063 0.955296 0.005951
3 3 0.000258 0.001749 0.009107 0.986725 0.002160
3 3 0.000426 0.003140 0.016652 0.976737 0.003044
3 3 0.000502 0.003425 0.017226 0.975355 0.003491
3 3 0.001210 0.008355 0.040170 0.943719 0.006546
3 3 0.000513 0.003407 0.016872 0.975644 0.003564
3 3 0.000429 0.002852 0.014264 0.979318 0.003136
3 3 0.000252 0.001911 0.010628 0.985144 0.002065
3 3 0.000513 0.003917 0.020964 0.971157 0.003450
3 3 0.000428 0.002818 0.014030 0.979592 0.003132
3 3 0.000492 0.003354 0.016875 0.975837 0.003442
3 3 0.000434 0.003016 0.015463 0.977960 0.003127
3 3 0.000376 0.002561 0.013093 0.981139 0.002831
3 3 0.000142 0.001063 0.006053 0.991372 0.001370
3 3 0.001215 0.007841 0.036306 0.947967 0.006671
3 3 0.000390 0.003063 0.016906 0.976825 0.002816
3 3 0.000387 0.002483 0.012266 0.981937 0.002928
3 3 0.000310 0.002290 0.012379 0.982599 0.002420
3 3 0.000543 0.003263 0.015222 0.977169 0.003802
3 3 0.000388 0.002661 0.013631 0.980427 0.002892
3 3 0.000258 0.001783 0.009380 0.986427 0.002152
3 3 0.000351 0.002476 0.012951 0.981546 0.002676
3 3 0.000240 0.001854 0.010445 0.985475 0.001986
3 3 0.000495 0.003061 0.014585 0.978325 0.003534
3 3 0.000515 0.003364 0.016496 0.976035 0.003589
3 3 0.000641 0.004200 0.020371 0.970589 0.004199
3 3 0.000479 0.003236 0.016231 0.976672 0.003382
3 3 0.000367 0.002745 0.014817 0.979351 0.002720
3 3 0.000370 0.002788 0.015087 0.979018 0.002737
3 3 0.000317 0.002425 0.013362 0.981460 0.002436
3 3 0.000297 0.002406 0.013727 0.981273 0.002296
3 3 0.000387 0.002707 0.014021 0.980012 0.002873
3 3 0.000299 0.002075 0.010862 0.984375 0.002389
3 3 0.001274 0.008170 0.037574 0.946066 0.006915
3 3 0.000239 0.001816 0.010129 0.985825 0.001990
3 3 0.000386 0.002915 0.015769 0.978115 0.002816
3 3 0.000746 0.004871 0.023357 0.966334 0.004692
3 3 0.000491 0.003577 0.018706 0.973849 0.003378
3 3 0.000510 0.003057 0.014281 0.978512 0.003639
3 3 0.000260 0.001808 0.009554 0.986223 0.002156
3 3 0.000489 0.003356 0.016964 0.975772 0.003419
3 3 0.000289 0.002229 0.012412 0.982800 0.002271
3 3 0.000301 0.002281 0.012532 0.982533 0.002354
3 3 0.000380 0.002732 0.014388 0.979684 0.002816
3 3 0.000558 0.003958 0.020217 0.971534 0.003733
3 3 0.000640 0.004478 0.022527 0.968223 0.004132
3 3 0.000494 0.003500 0.017995 0.974590 0.003420
3 3 0.000399 0.002912 0.015414 0.978365 0.002911
3 3 0.000296 0.002327 0.013072 0.982001 0.002304
3 3 0.000879 0.005595 0.026196 0.962018 0.005311
3 3 0.000204 0.001483 0.008143 0.988377 0.001792
3 3 0.000454 0.003261 0.016977 0.976099 0.003208
3 3 0.000336 0.002448 0.013089 0.981559 0.002568
3 3 0.000406 0.002772 0.014117 0.979710 0.002994
3 3 0.000439 0.002873 0.014235 0.979257 0.003196
3 3 0.000749 0.004707 0.022092 0.967707 0.004746
3 3 0.000667 0.004028 0.018617 0.972281 0.004407
3 3 0.000616 0.003814 0.017961 0.973475 0.004134
3 3 0.000392 0.002778 0.014487 0.979454 0.002890
3 3 0.000591 0.003654 0.017227 0.974509 0.004018
3 3 0.000446 0.003025 0.015269 0.978049 0.003210
3 3 0.000719 0.003304 0.014473 0.977550 0.003954
2 3 0.215849 0.273813 0.342662 0.063462 0.104214
2 3 0.149047 0.280776 0.384616 0.077573 0.107989
2 3 0.076667 0.303246 0.487537 0.059718 0.072832
2 3 0.011804 0.172134 0.743617 0.042728 0.029716
0 3 0.599556 0.153493 0.134245 0.029815 0.082892
0 0 0.635966 0.159627 0.137614 0.015261 0.051532
0 0 0.798556 0.082330 0.058607 0.012313 0.048194
0 0 0.979257 0.009718 0.004064 0.000645 0.006317
0 0 0.474866 0.217845 0.215298 0.024956 0.067036
2 1 0.000607 0.014881 0.971565 0.010968 0.001978
2 1 0.000757 0.023681 0.966714 0.006361 0.002488
2 1 0.017053 0.173977 0.714821 0.054601 0.039548
2 4 0.136897 0.208378 0.276651 0.180443 0.197631
2 4 0.077150 0.255063 0.399570 0.134789 0.133428
2 4 0.025492 0.175986 0.673455 0.071060 0.054007
2 4 0.087825 0.247125 0.374047 0.144710 0.146292
2 4 0.101550 0.236520 0.343842 0.156219 0.161869
2 4 0.126239 0.216906 0.295514 0.173882 0.187460
2 4 0.049937 0.215094 0.534322 0.107191 0.093456
2 4 0.079318 0.253481 0.394227 0.136878 0.136097
2 4 0.090562 0.244804 0.368042 0.147133 0.149460
2 4 0.148428 0.199179 0.257424 0.186888 0.208081
2 4 0.105131 0.233705 0.336387 0.159011 0.165766
2 4 0.012325 0.121961 0.792491 0.044273 0.028950
2 4 0.094412 0.242079 0.359214 0.150399 0.153897
2 4 0.085906 0.248577 0.378494 0.142993 0.144031
2 4 0.019544 0.171353 0.705505 0.059780 0.043818
2 4 0.012355 0.151189 0.762148 0.044203 0.030105
2 0 0.088291 0.238624 0.571315 0.044532 0.057237
2 1 0.010792 0.130531 0.791786 0.040455 0.026436
2 1 0.001273 0.024557 0.959832 0.010568 0.003769
2 1 0.013780 0.130501 0.776105 0.047682 0.031931
2 1 0.008095 0.094844 0.843704 0.033342 0.020014
2 1 0.056089 0.269226 0.456677 0.112206 0.105802
2 1 0.039943 0.228447 0.558908 0.093107 0.079596
2 1 0.016071 0.116966 0.778775 0.052909 0.035279
2 1 0.064175 0.235645 0.462387 0.123067 0.114725
2 1 0.021899 0.194931 0.670201 0.064082 0.048886
2 1 0.008541 0.108663 0.826853 0.034578 0.021366
2 1 0.001257 0.028576 0.954786 0.011535 0.003847
2 1 0.020270 0.175536 0.697762 0.061181 0.045252
2 1 0.060933 0.266217 0.442598 0.117802 0.112450
2 1 0.053542 0.270369 0.464708 0.109173 0.102208
2 1 0.016622 0.132071 0.760292 0.054034 0.036981
2 1 0.006129 0.097977 0.852075 0.027589 0.016229
2 2 0.002309 0.042591 0.934572 0.013959 0.006569
2 2 0.013211 0.142367 0.766756 0.046290 0.031377
2 2 0.001756 0.039466 0.941439 0.012091 0.005248
0 2 0.508026 0.144318 0.188736 0.049972 0.108949
0 0 0.892961 0.048421 0.029684 0.004541 0.024393
2 0 0.165389 0.282605 0.378251 0.070222 0.103533
2 1 0.017039 0.226770 0.660962 0.053905 0.041325
2 1 0.003674 0.093722 0.874963 0.017582 0.010059
2 2 0.000971 0.022347 0.965224 0.008611 0.002847
2 2 0.007475 0.105811 0.835946 0.031586 0.019183
2 2 0.006746 0.094877 0.869322 0.017330 0.011724
2 2 0.003126 0.051983 0.924253 0.013473 0.007165
2 2 0.002723 0.047633 0.928263 0.014275 0.007106
2 2 0.002192 0.052126 0.925625 0.013518 0.006539
2 2 0.002583 0.055819 0.920167 0.014248 0.007182
2 2 0.002604 0.055833 0.919418 0.014758 0.007388
2 2 0.007032 0.082619 0.877877 0.019728 0.012743
2 2 0.002645 0.045384 0.931312 0.013827 0.006832
2 2 0.004182 0.057828 0.915260 0.014438 0.008292
2 2 0.003512 0.073611 0.895765 0.017576 0.009535
2 2 0.002544 0.048762 0.933722 0.009705 0.005267
2 2 0.005763 0.062918 0.890526 0.028496 0.012297
2 2 0.002200 0.054483 0.924724 0.012405 0.006188
2 2 0.015646 0.074706 0.876200 0.018599 0.014849
0 0 0.672655 0.141925 0.117905 0.015159 0.052356
0 0 0.383082 0.244016 0.260144 0.034068 0.078691
0 0 0.991012 0.004518 0.001580 0.000194 0.002696
0 0 0.992683 0.003738 0.001251 0.000144 0.002184
0 0 0.990290 0.004851 0.001725 0.000217 0.002917
0 0 0.993936 0.003143 0.001010 0.000110 0.001801
0 0 0.990549 0.004732 0.001672 0.000209 0.002838
0 0 0.989599 0.005168 0.001864 0.000240 0.003130
0 0 0.973689 0.012621 0.005597 0.000796 0.007296
0 0 0.746594 0.115000 0.088808 0.009877 0.039722
2 0 0.174282 0.318688 0.426635 0.027611 0.052784
2 1 0.041216 0.276163 0.611531 0.033062 0.038027
2 1 0.151496 0.303430 0.418207 0.049287 0.077580
2 1 0.099379 0.325055 0.495900 0.031062 0.048604
2 1 0.031382 0.238977 0.675572 0.025745 0.028325
2 1 0.008039 0.127200 0.831061 0.019551 0.014149
2 1 0.006026 0.090194 0.878524 0.015082 0.010175
2 1 0.001240 0.032900 0.955040 0.007458 0.003362
2 1 0.006237 0.091821 0.873934 0.016834 0.011174
2 1 0.007921 0.109561 0.849917 0.019109 0.013492
2 1 0.005315 0.079299 0.891230 0.014707 0.009448
2 1 0.001984 0.038484 0.945923 0.009090 0.004520
2 2 0.000460 0.015546 0.972605 0.009777 0.001612
2 2 0.002299 0.054161 0.928998 0.009432 0.005109
2 2 0.001001 0.030424 0.957566 0.007775 0.003235
2 2 0.001585 0.038697 0.944336 0.010605 0.004777
2 2 0.000922 0.031865 0.956805 0.007350 0.003058
2 2 0.003043 0.052519 0.921243 0.015349 0.007847
2 2 0.001582 0.040607 0.945597 0.008226 0.003988
2 2 0.004679 0.056848 0.918292 0.012516 0.007665
2 2 0.001227 0.024087 0.954566 0.016411 0.003710
2 2 0.000983 0.024372 0.961069 0.010477 0.003099
2 2 0.001395 0.034750 0.946637 0.012893 0.004326
2 2 0.009562 0.066583 0.888467 0.022001 0.013387
2 2 0.017134 0.152079 0.796030 0.017951 0.016806
2 2 0.084672 0.320360 0.506091 0.036598 0.052279
2 2 0.002540 0.035898 0.895959 0.058292 0.007311
2 2 0.000671 0.016781 0.964040 0.016297 0.002211
2 2 0.028097 0.085524 0.844061 0.022096 0.020221
2 2 0.002311 0.046502 0.928328 0.016149 0.006710
2 2 0.000863 0.024415 0.964976 0.006975 0.002771
2 2 0.000608 0.014836 0.975697 0.006914 0.001946
2 2 0.001579 0.032862 0.950217 0.010673 0.004669
2 2 0.000676 0.017171 0.973639 0.006357 0.002157
2 2 0.000793 0.020699 0.965766 0.010183 0.002559
2 2 0.001610 0.032358 0.950491 0.010814 0.004727
2 2 0.000635 0.017135 0.971340 0.008807 0.002083
2 2 0.002330 0.036030 0.928871 0.026207 0.006562
2 2 0.001706 0.039293 0.942578 0.011304 0.005118
2 2 0.001293 0.030544 0.952904 0.011285 0.003975
2 2 0.001275 0.028539 0.955406 0.010901 0.003880
2 2 0.000863 0.021916 0.961657 0.012788 0.002775
2 2 0.001397 0.033599 0.945750 0.014927 0.004327
2 2 0.001183 0.024198 0.956814 0.014212 0.003594
2 2 0.002422 0.042016 0.907790 0.040720 0.007051
2 2 0.001073 0.027022 0.954155 0.014342 0.003408
2 2 0.000425 0.012389 0.978107 0.007634 0.001446
2 2 0.000916 0.021765 0.964625 0.009820 0.002873
2 2 0.000627 0.018741 0.970788 0.007759 0.002085
2 2 0.000586 0.014669 0.971999 0.010827 0.001920
2 2 0.000826 0.013981 0.945675 0.036879 0.002639
2 2 0.001255 0.029545 0.954617 0.010726 0.003857
2 2 0.000700 0.017837 0.967006 0.012175 0.002282
2 2 0.000881 0.021000 0.953852 0.021416 0.002850
2 2 0.000646 0.018343 0.968490 0.010374 0.002146
2 2 0.001735 0.028023 0.936017 0.029452 0.004773
2 2 0.001082 0.024486 0.959545 0.011543 0.003344
2 2 0.000684 0.017286 0.971012 0.008813 0.002205
2 2 0.000803 0.019888 0.966866 0.009881 0.002561
2 2 0.000688 0.016927 0.966931 0.013215 0.002238
2 2 0.001262 0.026936 0.937844 0.030008 0.003949
2 2 0.000633 0.015444 0.947857 0.033903 0.002163
2 2 0.000718 0.015423 0.963102 0.018459 0.002299
2 2 0.001012 0.020052 0.960947 0.014892 0.003097
2 2 0.002508 0.033519 0.820565 0.135138 0.008269
2 2 0.001309 0.030673 0.943574 0.020346 0.004098
2 2 0.009843 0.118997 0.813065 0.036812 0.021284
2 2 0.001263 0.029275 0.946454 0.019061 0.003947
2 2 0.000258 0.008948 0.981230 0.008622 0.000942
2 2 0.000756 0.019486 0.968975 0.008358 0.002425
2 2 0.001469 0.035233 0.948660 0.010169 0.004470
2 2 0.000866 0.020679 0.956014 0.019644 0.002797
2 2 0.002010 0.037990 0.941571 0.012651 0.005778
2 2 0.000746 0.019683 0.966845 0.010303 0.002423
2 2 0.001043 0.025131 0.960347 0.010225 0.003255
2 2 0.000938 0.018975 0.946048 0.031069 0.002970
2 2 0.003137 0.049466 0.917940 0.020845 0.008612
2 2 0.001457 0.030632 0.949543 0.013986 0.004382
2 2 0.002099 0.036423 0.939275 0.016225 0.005978
2 2 0.000944 0.022003 0.963000 0.011096 0.002957
2 2 0.001437 0.028399 0.953462 0.012440 0.004262
2 2 0.004391 0.046807 0.837025 0.099494 0.012283
2 2 0.001891 0.030831 0.921734 0.039918 0.005626
2 2 0.000844 0.021556 0.959526 0.015335 0.002740
2 2 0.002972 0.036542 0.889691 0.062596 0.008198
2 2 0.003082 0.055901 0.898560 0.033627 0.008830
2 2 0.000574 0.013818 0.934234 0.049209 0.002165
2 2 0.001447 0.030247 0.947260 0.016669 0.004377
2 2 0.000583 0.016572 0.962985 0.017869 0.001991
2 2 0.000605 0.018704 0.966324 0.012303 0.002064
2 2 0.001893 0.036851 0.943065 0.012696 0.005495
2 2 0.001496 0.038156 0.941461 0.014234 0.004653
2 2 0.001028 0.017964 0.922951 0.054657 0.003399
2 2 0.001704 0.031160 0.947530 0.014654 0.004952
2 2 0.000716 0.018936 0.964465 0.013527 0.002356
2 2 0.000721 0.017829 0.962532 0.016559 0.002360
2 2 0.002111 0.038716 0.940668 0.012638 0.005867
2 2 0.000854 0.024974 0.960072 0.011294 0.002806
2 2 0.010268 0.076985 0.865682 0.029775 0.017289
2 2 0.008861 0.159410 0.793403 0.021872 0.016454
2 2 0.000668 0.016510 0.960580 0.020030 0.002211
2 2 0.001144 0.021110 0.934477 0.039698 0.003571
2 2 0.000603 0.015294 0.972392 0.009741 0.001970
2 2 0.000384 0.013222 0.976728 0.008306 0.001359
2 2 0.000507 0.014628 0.977096 0.006281 0.001487
2 2 0.000676 0.014879 0.965186 0.017083 0.002177
2 2 0.000529 0.015691 0.973551 0.008444 0.001785
2 2 0.001369 0.029518 0.953642 0.011346 0.004125
2 2 0.001967 0.046449 0.933174 0.012519 0.005891
2 2 0.001122 0.030505 0.956426 0.008412 0.003535
2 2 0.000483 0.014982 0.973585 0.009291 0.001659
2 2 0.001355 0.033820 0.943944 0.016631 0.004250
2 2 0.001118 0.024437 0.957554 0.013448 0.003444
2 2 0.001137 0.030686 0.956112 0.008491 0.003575
2 2 0.001617 0.026440 0.829863 0.136244 0.005836
2 2 0.001262 0.024726 0.946482 0.023672 0.003858
2 2 0.021233 0.108087 0.823221 0.025643 0.021816
2 2 0.004518 0.094568 0.865787 0.022392 0.012735
2 2 0.000408 0.013603 0.978788 0.005789 0.001411
2 2 0.000603 0.013943 0.963400 0.020065 0.001988
2 2 0.000504 0.010966 0.962629 0.024225 0.001676
2 2 0.001696 0.037279 0.937370 0.018518 0.005137
2 2 0.002116 0.038046 0.914557 0.039031 0.006250
2 2 0.001776 0.037209 0.934410 0.021262 0.005342
2 2 0.018117 0.144630 0.739984 0.057122 0.040147
2 2 0.021371 0.182199 0.685745 0.063252 0.047432
2 1 0.016693 0.146178 0.745280 0.054089 0.037760
2 1 0.053760 0.229170 0.505802 0.111399 0.099870
2 4 0.055322 0.269684 0.458965 0.111296 0.104733
2 4 0.062959 0.225900 0.476558 0.122265 0.112318
2 4 0.122521 0.219879 0.302358 0.171450 0.183792
2 4 0.155542 0.193536 0.246131 0.190542 0.214250
2 4 0.132024 0.212276 0.285140 0.177517 0.193043
2 4 0.067264 0.262031 0.425110 0.124734 0.120861
2 4 0.194199 0.193731 0.234162 0.168600 0.209308
2 4 0.155542 0.193536 0.246131 0.190542 0.214250
2 4 0.148465 0.199150 0.257364 0.186907 0.208113
2 4 0.155542 0.193536 0.246131 0.190542 0.214250
2 4 0.129400 0.223620 0.304634 0.162684 0.179662
2 4 0.070967 0.259475 0.415306 0.128605 0.125646
2 4 0.116611 0.224597 0.313538 0.167423 0.177830
2 4 0.096907 0.240144 0.353760 0.152473 0.156715
2 4 0.096444 0.240504 0.354765 0.152092 0.156195
2 4 0.092437 0.243601 0.363592 0.148727 0.151643
2 4 0.148519 0.199107 0.257277 0.186936 0.208161
2 4 0.110695 0.229304 0.325119 0.163188 0.171694
2 4 0.155542 0.193536 0.246131 0.190542 0.214250
2 4 0.121976 0.220315 0.303374 0.171087 0.183249
2 4 0.089568 0.245799 0.370057 0.146247 0.148329
2 4 0.091865 0.244041 0.364873 0.148237 0.150985
2 4 0.155542 0.193536 0.246131 0.190542 0.214250
2 4 0.155542 0.193536 0.246131 0.190542 0.214250
2 4 0.104017 0.234582 0.338688 0.158152 0.164561
2 4 0.155542 0.193536 0.246131 0.190542 0.214250
0 4 0.257791 0.189964 0.214144 0.139602 0.198500
2 4 0.082578 0.251070 0.386348 0.139948 0.140056
2 4 0.034153 0.226166 0.584680 0.084509 0.070493
2 4 0.057156 0.299285 0.512529 0.062243 0.068787
2 4 0.081576 0.272098 0.425313 0.106854 0.114158
2 4 0.050713 0.229456 0.516675 0.107599 0.095557
2 4 0.005629 0.080934 0.872744 0.026004 0.014690
2 4 0.003427 0.056403 0.912371 0.018419 0.009380
2 2 0.001694 0.037618 0.944397 0.011240 0.005052
2 2 0.003677 0.068399 0.898286 0.019386 0.010251
2 2 0.003579 0.047842 0.920243 0.018918 0.009419
2 2 0.000623 0.016786 0.974706 0.005869 0.002016
2 2 0.001167 0.027466 0.959172 0.008620 0.003576
2 2 0.001519 0.036091 0.947368 0.010414 0.004608
2 2 0.002027 0.037501 0.941466 0.013197 0.005810
2 2 0.000697 0.016411 0.973456 0.007236 0.002199
2 2 0.001501 0.036277 0.947324 0.010329 0.004569
2 2 0.001481 0.036699 0.947049 0.010238 0.004532
2 2 0.000914 0.019024 0.969599 0.007687 0.002776
2 2 0.001600 0.036067 0.946745 0.010793 0.004796
2 2 0.001634 0.040555 0.941851 0.010982 0.004979
2 2 0.001380 0.025762 0.959169 0.009664 0.004026
2 2 0.001242 0.030482 0.955425 0.009026 0.003825
2 2 0.104348 0.319810 0.482235 0.037236 0.056371
2 0 0.161531 0.188948 0.580368 0.025859 0.043294
2 0 0.221834 0.293504 0.368093 0.040791 0.075778
2 0 0.001257 0.034251 0.951422 0.009127 0.003942
2 1 0.000764 0.017485 0.972625 0.006748 0.002378
2 1 0.001915 0.038931 0.942671 0.011237 0.005247
2 1 0.001102 0.029453 0.957681 0.008301 0.003464
2 2 0.001304 0.032053 0.953292 0.009344 0.004007
2 2 0.006108 0.086046 0.864518 0.027509 0.015820
2 2 0.002799 0.053239 0.920021 0.016006 0.007935
2 2 0.001391 0.027031 0.956609 0.010866 0.004103
2 2 0.002070 0.047677 0.931121 0.012974 0.006157
2 2 0.002143 0.041408 0.937034 0.013248 0.006167
2 2 0.002625 0.054548 0.919923 0.015321 0.007583
2 2 0.004571 0.062796 0.898199 0.022482 0.011951
2 2 0.003843 0.065913 0.901093 0.018997 0.010154
2 2 0.002274 0.039058 0.931521 0.020664 0.006483
2 2 0.001168 0.027537 0.959088 0.008626 0.003580
2 2 0.056188 0.297647 0.511340 0.064535 0.070290
2 2 0.000647 0.015486 0.973136 0.008657 0.002073
2 2 0.000895 0.021694 0.967490 0.007130 0.002790
2 2 0.001153 0.023201 0.963696 0.008512 0.003437
2 2 0.001280 0.030237 0.955364 0.009211 0.003908
2 2 0.001413 0.030994 0.953486 0.009869 0.004238
2 2 0.000907 0.020445 0.961581 0.014210 0.002857
2 2 0.001453 0.030574 0.953597 0.010056 0.004320
2 2 0.000797 0.019707 0.969987 0.006998 0.002512
2 2 0.000636 0.013256 0.965399 0.018666 0.002044
2 2 0.003472 0.051745 0.916896 0.018557 0.009330
2 2 0.000642 0.015623 0.972208 0.009456 0.002071
2 2 0.000702 0.016916 0.969988 0.010144 0.002251
2 2 0.005352 0.066776 0.889132 0.025086 0.013654
2 2 0.000757 0.017478 0.968084 0.011276 0.002405
2 2 0.001327 0.025287 0.954779 0.014653 0.003954
2 2 0.000774 0.017528 0.969701 0.009564 0.002433
2 2 0.002154 0.033145 0.927641 0.030931 0.006129
2 2 0.001255 0.027454 0.958442 0.009065 0.003783
2 2 0.001307 0.030524 0.952407 0.011749 0.004012
2 2 0.000528 0.012046 0.969248 0.016439 0.001739
2 2 0.002158 0.033905 0.935720 0.022125 0.006091
2 2 0.000585 0.014890 0.971489 0.011113 0.001924
2 2 0.002018 0.036257 0.942006 0.013951 0.005768
2 2 0.002030 0.028253 0.934029 0.029996 0.005692
2 2 0.001103 0.017497 0.936279 0.041779 0.003342
2 2 0.002356 0.038517 0.927580 0.024861 0.006685
2 2 0.000822 0.019619 0.964825 0.012114 0.002620
2 2 0.000883 0.016147 0.951894 0.028326 0.002750
2 2 0.001081 0.023108 0.954970 0.017486 0.003356
2 2 0.002787 0.038070 0.901315 0.049884 0.007943
2 2 0.001084 0.019627 0.954012 0.021984 0.003293
2 2 0.005442 0.040339 0.643212 0.294611 0.016396
2 2 0.001853 0.029079 0.877374 0.085740 0.005954
2 2 0.001151 0.022573 0.928258 0.044268 0.003749
2 2 0.001453 0.017870 0.567954 0.406442 0.006281
2 2 0.003631 0.040446 0.812207 0.132490 0.011227
2 2 0.003432 0.028797 0.628048 0.328234 0.011489
3 2 0.003657 0.027254 0.405316 0.550617 0.013156
3 2 0.002730 0.025334 0.399239 0.562011 0.010686
3 2 0.001843 0.018260 0.448674 0.523661 0.007562
3 2 0.002419 0.019979 0.302287 0.665378 0.009938
3 2 0.002881 0.018888 0.113039 0.852977 0.012216
2 3 0.001380 0.022296 0.871604 0.099760 0.004960
2 3 0.000754 0.016961 0.959365 0.020485 0.002435
2 3 0.000982 0.016916 0.897088 0.081517 0.003498
2 3 0.000953 0.017511 0.932549 0.045930 0.003057
2 3 0.001745 0.019462 0.751988 0.220641 0.006164
2 3 0.003325 0.031899 0.869053 0.086668 0.009055
2 2 0.001406 0.022455 0.886213 0.085211 0.004715
3 2 0.004293 0.029000 0.362189 0.589538 0.014981
2 0 0.063910 0.178391 0.706612 0.022098 0.028989
2 0 0.014423 0.184913 0.720412 0.046408 0.033843
2 1 0.003818 0.059184 0.901322 0.025302 0.010374
2 2 0.000431 0.011540 0.976606 0.009967 0.001456
2 2 0.002416 0.036344 0.930348 0.024159 0.006734
2 2 0.001126 0.022642 0.964505 0.008367 0.003360
2 2 0.001500 0.030957 0.948767 0.014285 0.004491
2 2 0.004202 0.062617 0.900769 0.021221 0.011191
2 2 0.000931 0.020948 0.967940 0.007321 0.002859
2 2 0.002782 0.047116 0.926469 0.015904 0.007728
2 2 0.034167 0.144303 0.737744 0.044361 0.039426
2 2 0.078303 0.321879 0.517386 0.034029 0.048403
2 2 0.001842 0.039735 0.941057 0.011923 0.005443
2 2 0.000530 0.013835 0.976044 0.007850 0.001741
2 2 0.001093 0.028720 0.958511 0.008249 0.003427
2 2 0.000870 0.020892 0.968299 0.007225 0.002714
2 2 0.000950 0.024652 0.963949 0.007457 0.002991
2 2 0.001246 0.025737 0.959566 0.009724 0.003728
2 2 0.003190 0.056106 0.914306 0.017532 0.008865
2 2 0.000484 0.013326 0.974870 0.009693 0.001628
2 2 0.001535 0.034348 0.949035 0.010478 0.004604
2 2 0.001631 0.032496 0.950187 0.010909 0.004777
2 2 0.001089 0.026691 0.960640 0.008210 0.003371
2 2 0.001203 0.023518 0.955766 0.015877 0.003637
2 2 0.002735 0.049342 0.924501 0.015732 0.007689
2 2 0.001232 0.023809 0.959396 0.011889 0.003673
2 2 0.001999 0.040225 0.935623 0.016288 0.005865
2 2 0.001181 0.028284 0.958211 0.008697 0.003627
2 2 0.002178 0.045576 0.932469 0.013424 0.006353
2 2 0.000479 0.014684 0.971340 0.011841 0.001656
2 2 0.002364 0.039875 0.937138 0.014052 0.006571
2 2 0.000671 0.017856 0.970696 0.008594 0.002184
2 2 0.009501 0.090164 0.849034 0.031467 0.019833
2 2 0.051540 0.320273 0.562874 0.028153 0.037160
2 2 0.001304 0.028692 0.949821 0.016176 0.004006
2 2 0.001535 0.031309 0.952172 0.010455 0.004529
2 2 0.000675 0.017741 0.971757 0.007645 0.002182
2 2 0.071886 0.324947 0.532196 0.029015 0.041956
2 2 0.017642 0.156161 0.730320 0.056023 0.039854
2 2 0.000755 0.019446 0.969714 0.007672 0.002413
2 2 0.000730 0.018875 0.966482 0.011539 0.002375
2 2 0.000707 0.016508 0.974249 0.006449 0.002088
2 2 0.008047 0.045764 0.923467 0.013653 0.009069
2 2 0.002258 0.054466 0.922718 0.013812 0.006746
2 2 0.000674 0.017665 0.972176 0.007311 0.002174
2 2 0.000598 0.016490 0.966410 0.014489 0.002013
2 2 0.001680 0.035548 0.940454 0.017272 0.005046
2 2 0.000683 0.015979 0.969072 0.012070 0.002196
2 2 0.075731 0.256090 0.403116 0.133399 0.131664
2 4 0.040772 0.218784 0.565547 0.094610 0.080287
2 4 0.053700 0.244987 0.489854 0.110601 0.100858
2 4 0.096701 0.240305 0.354208 0.152303 0.156483
2 4 0.071119 0.251670 0.422676 0.129278 0.125256
2 4 0.064865 0.221418 0.474605 0.124600 0.114512
2 4 0.092393 0.243635 0.363692 0.148688 0.151592
2 4 0.046821 0.200439 0.561164 0.103623 0.087953
2 4 0.118954 0.222729 0.309062 0.169043 0.180212
2 4 0.101175 0.236814 0.344633 0.155922 0.161456
2 4 0.107643 0.231721 0.331252 0.160921 0.168462
2 4 0.152239 0.196153 0.251323 0.188875 0.211411
2 4 0.126311 0.216848 0.295382 0.173928 0.187531
2 4 0.143211 0.203335 0.265978 0.184053 0.203423
2 4 0.141061 0.205051 0.269572 0.182846 0.201470
2 4 0.124130 0.218592 0.299379 0.172512 0.185387
2 4 0.155542 0.193536 0.246131 0.190542 0.214250
2 4 0.077397 0.246243 0.407673 0.135663 0.133024
2 4 0.070713 0.255880 0.419772 0.128597 0.125038
2 4 0.106430 0.232679 0.333721 0.160004 0.167165
2 4 0.115655 0.225359 0.315383 0.166753 0.176850
2 4 0.131135 0.212987 0.286712 0.176971 0.192195
2 4 0.137872 0.207599 0.274980 0.181013 0.198536
2 4 0.170196 0.202702 0.254719 0.170146 0.202237
2 4 0.209443 0.193225 0.229384 0.160978 0.206970
2 4 0.155542 0.193536 0.246131 0.190542 0.214250
2 4 0.155542 0.193536 0.246131 0.190542 0.214250
2 4 0.155542 0.193536 0.246131 0.190542 0.214250
2 4 0.147979 0.199537 0.258152 0.186648 0.207684
2 4 0.138638 0.206986 0.273672 0.181459 0.199245
2 4 0.118680 0.222947 0.309582 0.168855 0.179935
2 4 0.109941 0.229901 0.326623 0.162634 0.170900
2 4 0.080128 0.252885 0.392252 0.137649 0.137087
2 4 0.071002 0.244128 0.430703 0.129657 0.124509
2 4 0.103449 0.235029 0.339868 0.157710 0.163944
2 4 0.112991 0.227480 0.320578 0.164856 0.174095
2 4 0.077055 0.251868 0.403093 0.134937 0.133047
2 4 0.094515 0.241998 0.358986 0.150486 0.154015
2 4 0.076845 0.255284 0.400329 0.134492 0.133050
2 4 0.097434 0.239735 0.352621 0.152905 0.157305
2 4 0.087408 0.247441 0.375007 0.144340 0.145803
2 4 0.113461 0.227106 0.319654 0.165195 0.174584
2 4 0.069318 0.295495 0.484381 0.070725 0.080081
2 4 0.081199 0.247770 0.394011 0.138997 0.138023
2 4 0.110341 0.281667 0.425814 0.080901 0.101277
2 4 0.087032 0.247726 0.375878 0.144004 0.145360
2 4 0.012770 0.116979 0.795352 0.045359 0.029540
2 4 0.059874 0.220027 0.493350 0.119080 0.107668
2 4 0.155542 0.193536 0.246131 0.190542 0.214250
2 4 0.131898 0.212377 0.285363 0.177440 0.192923
2 4 0.106537 0.232595 0.333503 0.160085 0.167279
2 4 0.155542 0.193536 0.246131 0.190542 0.214250
2 4 0.155542 0.193536 0.246131 0.190542 0.214250
2 4 0.207119 0.193321 0.230114 0.162108 0.207338
2 4 0.146171 0.200976 0.261096 0.185678 0.206080
2 4 0.155542 0.193536 0.246131 0.190542 0.214250
2 4 0.113534 0.227048 0.319511 0.165247 0.174660
2 4 0.155542 0.193536 0.246131 0.190542 0.214250
2 4 0.155542 0.193536 0.246131 0.190542 0.214250
2 4 0.155542 0.193536 0.246131 0.190542 0.214250
2 4 0.155542 0.193536 0.246131 0.190542 0.214250
2 4 0.155542 0.193536 0.246131 0.190542 0.214250
2 4 0.155542 0.193536 0.246131 0.190542 0.214250
2 4 0.106086 0.232952 0.334426 0.159742 0.166795
2 4 0.104337 0.234330 0.338024 0.158400 0.164908
2 4 0.135015 0.209883 0.279903 0.179328 0.195872
0 4 0.387529 0.172650 0.173339 0.095804 0.170678
2 4 0.082365 0.251228 0.386856 0.139750 0.139800
2 4 0.097805 0.239446 0.351820 0.153209 0.157720
2 4 0.105119 0.233714 0.336412 0.159002 0.165753
2 4 0.107099 0.232151 0.332357 0.160511 0.167881
2 4 0.096052 0.240809 0.355620 0.151767 0.155753
2 4 0.133554 0.211052 0.282450 0.178449 0.194495
2 4 0.148758 0.198917 0.256891 0.187062 0.208371
2 4 0.223599 0.192512 0.224931 0.154315 0.204642
2 4 0.071758 0.258920 0.413251 0.129415 0.126656
2 4 0.101751 0.236362 0.343419 0.156378 0.162090
2 4 0.093120 0.243075 0.362072 0.149308 0.152425
2 4 0.045675 0.194491 0.571694 0.102264 0.085876
2 4 0.116321 0.224829 0.314097 0.167220 0.177533
2 4 0.086384 0.248216 0.377380 0.143424 0.144597
2 4 0.051790 0.209825 0.532922 0.109768 0.095695
2 4 0.046718 0.207884 0.553842 0.103224 0.088333
2 2 0.012505 0.096418 0.818226 0.044753 0.028098
2 2 0.004280 0.067042 0.895677 0.021511 0.011490
2 1 0.002859 0.051018 0.921886 0.016231 0.008006
2 1 0.001935 0.043709 0.936244 0.012360 0.005753
2 1 0.004715 0.049953 0.910593 0.022984 0.011755
2 2 0.001381 0.027425 0.957665 0.009510 0.004019
2 2 0.004335 0.069339 0.892944 0.021708 0.011674
2 2 0.001794 0.045765 0.935225 0.011745 0.005471
2 2 0.003797 0.053824 0.912561 0.019747 0.010071
2 2 0.000800 0.021445 0.968610 0.006593 0.002551
2 2 0.003607 0.062537 0.904809 0.019108 0.009940
2 2 0.002496 0.048814 0.926777 0.014766 0.007148
2 2 0.002445 0.042429 0.938186 0.011255 0.005684
2 2 0.009533 0.103891 0.826242 0.037256 0.023079
2 2 0.002757 0.049797 0.923879 0.015819 0.007748
2 2 0.002218 0.044571 0.933205 0.013588 0.006418
2 2 0.001313 0.028538 0.956841 0.009362 0.003946
2 2 0.001671 0.033204 0.949134 0.011102 0.004888
2 2 0.000735 0.017846 0.972744 0.006361 0.002314
2 2 0.001722 0.038007 0.943776 0.011370 0.005125
2 2 0.000898 0.022461 0.966677 0.007150 0.002814
2 2 0.001134 0.031888 0.954905 0.008482 0.003591
2 2 0.000661 0.016173 0.975343 0.005732 0.002092
2 2 0.001765 0.036531 0.944959 0.011556 0.005188
2 2 0.001044 0.023459 0.965426 0.007129 0.002942
2 2 0.002426 0.049414 0.926668 0.014484 0.007008
2 2 0.000309 0.009557 0.982723 0.006333 0.001078
2 2 0.001800 0.031914 0.948475 0.012654 0.005157
2 2 0.002501 0.044949 0.932884 0.013178 0.006487
2 2 0.000410 0.012916 0.980499 0.004782 0.001394
2 2 0.001213 0.029242 0.956953 0.008866 0.003725
2 2 0.000932 0.022367 0.966468 0.007339 0.002895
2 2 0.000692 0.019203 0.969407 0.008435 0.002263
2 2 0.002248 0.042242 0.935390 0.013698 0.006422
2 2 0.000865 0.022296 0.967139 0.006969 0.002731
2 2 0.000820 0.017316 0.971662 0.007686 0.002516
2 2 0.000416 0.010627 0.975654 0.011897 0.001406
2 2 0.000744 0.017393 0.970413 0.009095 0.002355
2 2 0.000940 0.018548 0.955959 0.021625 0.002928
0 0 0.899469 0.040034 0.023652 0.006140 0.030705
0 0 0.936257 0.026743 0.014266 0.003202 0.019532
0 0 0.905093 0.038056 0.022191 0.005654 0.029005
0 0 0.941335 0.024833 0.013007 0.002844 0.017980
0 0 0.857351 0.054340 0.034825 0.010152 0.043332
0 0 0.748544 0.088034 0.065048 0.023225 0.075149
2 0 0.237302 0.262613 0.319314 0.067919 0.112852
2 1 0.236481 0.215054 0.253091 0.121462 0.173912
0 0 0.509714 0.196545 0.187571 0.029152 0.077018
0 0 0.748442 0.109690 0.084060 0.011967 0.045842
0 0 0.840452 0.071843 0.048748 0.006882 0.032074
0 0 0.727484 0.111310 0.086509 0.016693 0.058005
2 0 0.213376 0.267696 0.334827 0.071111 0.112990
2 0 0.031273 0.253527 0.621282 0.048079 0.045839
2 0 0.022704 0.213047 0.706651 0.029540 0.028059
2 1 0.003932 0.079808 0.887296 0.018584 0.010381
2 1 0.006891 0.100851 0.855602 0.022291 0.014364
2 1 0.002671 0.049777 0.925052 0.015084 0.007417
2 2 0.001676 0.037113 0.945792 0.010604 0.004815
2 2 0.003049 0.070928 0.902612 0.015210 0.008200
2 2 0.002011 0.056193 0.926382 0.010170 0.005244
2 2 0.005639 0.088667 0.873654 0.019832 0.012209
2 2 0.002750 0.059878 0.917595 0.012909 0.006868
2 2 0.002231 0.050664 0.927691 0.013045 0.006369
2 2 0.000988 0.029235 0.959041 0.007590 0.003146
2 2 0.004363 0.079050 0.882743 0.021836 0.012008
2 2 0.001189 0.037130 0.949058 0.008795 0.003829
2 2 0.001690 0.044856 0.936984 0.011266 0.005204
2 2 0.002436 0.047931 0.931018 0.012394 0.006221
2 2 0.001749 0.042225 0.938140 0.012582 0.005303
2 2 0.001569 0.033617 0.949515 0.010633 0.004666
2 2 0.000850 0.025141 0.964350 0.006907 0.002752
2 2 0.000705 0.017704 0.972807 0.006543 0.002241
2 2 0.002112 0.046396 0.932125 0.013146 0.006222
2 2 0.000556 0.013663 0.978090 0.005908 0.001783
2 2 0.001880 0.038408 0.943372 0.011157 0.005182
2 2 0.001439 0.031672 0.950555 0.011990 0.004344
2 2 0.001019 0.024025 0.963451 0.008356 0.003149
2 2 0.001473 0.035368 0.948485 0.010191 0.004483
2 2 0.001085 0.026157 0.961222 0.008186 0.003350
2 2 0.001835 0.035205 0.945406 0.012236 0.005318
2 2 0.001008 0.022058 0.965626 0.008233 0.003075
2 2 0.001332 0.033945 0.951111 0.009496 0.004116
2 2 0.000734 0.020514 0.968435 0.007931 0.002388
2 2 0.001202 0.025206 0.961213 0.008777 0.003602
2 2 0.001989 0.035885 0.943907 0.012545 0.005674
2 2 0.002468 0.045884 0.930006 0.014634 0.007008
2 2 0.001971 0.037358 0.942522 0.012475 0.005674
2 2 0.001693 0.030262 0.952015 0.011175 0.004855
2 2 0.001021 0.021404 0.966685 0.007807 0.003083
2 2 0.000840 0.016454 0.962508 0.017586 0.002613
2 2 0.002575 0.038632 0.936753 0.015016 0.007024
2 2 0.000844 0.020193 0.969499 0.006832 0.002632
2 2 0.000784 0.016923 0.972537 0.007337 0.002419
2 2 0.001073 0.020805 0.966862 0.008073 0.003187
2 2 0.000770 0.016612 0.971851 0.008379 0.002389
2 2 0.000770 0.019141 0.968643 0.008991 0.002456
2 2 0.000696 0.015302 0.971060 0.010742 0.002200
2 2 0.001250 0.024227 0.960637 0.010181 0.003704
2 2 0.000505 0.012648 0.979214 0.005997 0.001637
2 2 0.000763 0.016437 0.959106 0.021248 0.002447
2 2 0.000370 0.009444 0.972806 0.016107 0.001274
2 2 0.001120 0.023028 0.964154 0.008341 0.003356
2 2 0.000444 0.010267 0.972280 0.015528 0.001481
2 2 0.000705 0.015923 0.959378 0.021698 0.002295
2 2 0.002026 0.032151 0.947512 0.012670 0.005642
2 2 0.000752 0.014598 0.946971 0.035237 0.002442
2 2 0.001865 0.027465 0.936403 0.028959 0.005308
2 2 0.000852 0.017869 0.949301 0.029248 0.002730
2 2 0.000996 0.015210 0.936641 0.044076 0.003077
2 2 0.001086 0.015383 0.706992 0.272030 0.004508
2 2 0.001681 0.020733 0.912012 0.060643 0.004931
2 2 0.000458 0.010817 0.971417 0.015777 0.001532
3 3 0.009798 0.062061 0.424109 0.473357 0.030676
2 3 0.002251 0.029176 0.889338 0.072644 0.006592
2 3 0.001815 0.023563 0.792846 0.175141 0.006634
2 3 0.003907 0.036902 0.708180 0.239090 0.011921
2 3 0.000785 0.011611 0.705972 0.278196 0.003436
2 3 0.002986 0.031765 0.650818 0.304058 0.010373
2 3 0.002904 0.028265 0.713571 0.245914 0.009345
3 3 0.001953 0.017901 0.391062 0.580674 0.008410
2 3 0.002040 0.026882 0.868666 0.096067 0.006345
2 3 0.001073 0.017312 0.847674 0.129999 0.003942
2 3 0.002252 0.026198 0.691665 0.271874 0.008010
2 3 0.001828 0.021214 0.819648 0.151132 0.006178
2 3 0.002146 0.032427 0.907904 0.051210 0.006312
3 3 0.003375 0.027026 0.448724 0.508678 0.012196
2 3 0.001486 0.023736 0.950015 0.020456 0.004306
2 3 0.001164 0.024245 0.959021 0.012040 0.003531
2 2 0.002189 0.033656 0.936534 0.021478 0.006143
2 2 0.008284 0.076816 0.849967 0.045107 0.019826
2 2 0.001923 0.035388 0.943985 0.013176 0.005528
2 2 0.154644 0.194246 0.247533 0.190094 0.213483
2 2 0.176315 0.275868 0.362514 0.074736 0.110567
0 0 0.402160 0.255829 0.270293 0.019264 0.052454
2 1 0.029275 0.224217 0.607265 0.076694 0.062549
2 1 0.018960 0.138706 0.742137 0.058917 0.041280
2 1 0.020319 0.155765 0.717984 0.061510 0.044421
2 4 0.029310 0.155972 0.677712 0.078105 0.058901
2 4 0.075561 0.256212 0.403543 0.133232 0.131452
2 4 0.121867 0.220402 0.303577 0.171014 0.183140
2 4 0.070815 0.220363 0.455605 0.130951 0.122266
2 4 0.090876 0.244799 0.367094 0.147385 0.149846
2 4 0.122683 0.219750 0.302058 0.171557 0.183953
2 4 0.084595 0.249563 0.381566 0.141804 0.142473
2 4 0.079896 0.253056 0.392817 0.137428 0.136803
2 4 0.155542 0.193536 0.246131 0.190542 0.214250
2 4 0.127648 0.215778 0.292955 0.174784 0.188834
2 4 0.109751 0.230052 0.327004 0.162493 0.170699
2 4 0.133532 0.211069 0.282489 0.178436 0.194474
2 4 0.103683 0.234845 0.339382 0.157892 0.164198
2 4 0.155542 0.193536 0.246131 0.190542 0.214250
2 4 0.083655 0.250267 0.383787 0.140942 0.141349
2 4 0.155542 0.193536 0.246131 0.190542 0.214250
2 4 0.166077 0.223077 0.286897 0.145531 0.178419
2 4 0.083528 0.250361 0.384087 0.140826 0.141198
2 4 0.078963 0.253741 0.395096 0.136539 0.135662
2 4 0.108505 0.231039 0.329509 0.161567 0.169379
2 4 0.083641 0.250277 0.383820 0.140930 0.141332
2 4 0.086331 0.248256 0.377504 0.143376 0.144533
2 4 0.107170 0.232095 0.332214 0.160564 0.167956
2 4 0.183040 0.261869 0.338426 0.089160 0.127504
2 4 0.078556 0.254039 0.396095 0.136148 0.135162
2 4 0.129120 0.214600 0.290305 0.175715 0.190260
2 4 0.097466 0.239710 0.352552 0.152931 0.157341
2 4 0.058382 0.267825 0.449931 0.114888 0.108973
2 4 0.106089 0.232949 0.334419 0.159744 0.166798
2 4 0.155542 0.193536 0.246131 0.190542 0.214250
2 4 0.155542 0.193536 0.246131 0.190542 0.214250
2 4 0.155542 0.193536 0.246131 0.190542 0.214250
2 4 0.112726 0.240355 0.342217 0.145926 0.158775
2 4 0.061932 0.267278 0.443031 0.116027 0.111732
2 4 0.097683 0.239541 0.352082 0.153109 0.157584
2 4 0.040457 0.195178 0.591173 0.094871 0.078321
2 4 0.017570 0.142298 0.745042 0.055991 0.039099
2 4 0.003501 0.058031 0.910186 0.018698 0.009584
2 4 0.008567 0.087582 0.848590 0.034641 0.020620
2 4 0.009685 0.099287 0.830188 0.037660 0.023180
2 4 0.002290 0.046172 0.931019 0.013900 0.006620
2 4 0.001395 0.031071 0.953552 0.009783 0.004199
2 4 0.007661 0.090966 0.850221 0.032113 0.019039
2 4 0.001682 0.036256 0.945896 0.011175 0.004991
2 4 0.003188 0.055891 0.914550 0.017520 0.008853
2 4 0.002207 0.043513 0.934381 0.013534 0.006365
2 4 0.002294 0.049609 0.927441 0.013939 0.006716
2 4 0.005382 0.079743 0.875507 0.025216 0.014152
2 4 0.002639 0.051984 0.922463 0.015365 0.007549
2 4 0.002453 0.042213 0.933914 0.014548 0.006872
2 4 0.003343 0.053475 0.915982 0.018088 0.009112
2 4 0.003769 0.064127 0.902075 0.019700 0.010329
2 4 0.001823 0.037039 0.943987 0.011818 0.005332
