2 2 0.017018 0.119540 0.769832 0.064048 0.029562
2 2 0.004302 0.042971 0.904240 0.033766 0.014722
0 4 0.218123 0.179387 0.205753 0.186187 0.210551
4 4 0.226458 0.167447 0.172486 0.187299 0.246309
4 4 0.225013 0.169907 0.178771 0.187266 0.239042
4 4 0.235616 0.128988 0.098065 0.178256 0.359075
0 4 0.217183 0.180470 0.209170 0.185953 0.207224
4 4 0.221577 0.175022 0.192727 0.186885 0.223789
0 4 0.217183 0.180470 0.209170 0.185953 0.207224
4 4 0.234048 0.147488 0.129262 0.184613 0.304589
0 4 0.217183 0.180470 0.209170 0.185953 0.207224
0 4 0.217183 0.180470 0.209170 0.185953 0.207224
0 4 0.217548 0.180054 0.207849 0.186046 0.208503
4 4 0.230449 0.159150 0.153009 0.186779 0.270612
4 4 0.229846 0.160595 0.156227 0.186935 0.266397
4 4 0.223222 0.172686 0.186195 0.187114 0.230783
4 4 0.227809 0.164926 0.166302 0.187241 0.253721
4 4 0.228359 0.163829 0.163686 0.187187 0.256939
4 4 0.224617 0.170547 0.180447 0.187242 0.237148
0 4 0.217183 0.180470 0.209170 0.185953 0.207224
0 4 0.217183 0.180470 0.209170 0.185953 0.207224
0 4 0.220619 0.176300 0.196425 0.186719 0.219937
4 4 0.234213 0.146706 0.127797 0.184414 0.306869
4 4 0.222819 0.173276 0.187819 0.187065 0.229021
0 4 0.217183 0.180470 0.209170 0.185953 0.207224
0 4 0.217183 0.180470 0.209170 0.185953 0.207224
0 4 0.217183 0.180470 0.209170 0.185953 0.207224
0 4 0.217183 0.180470 0.209170 0.185953 0.207224
0 4 0.217183 0.180470 0.209170 0.185953 0.207224
0 4 0.217183 0.180470 0.209170 0.185953 0.207224
0 4 0.217183 0.180470 0.209170 0.185953 0.207224
0 4 0.217183 0.180470 0.209170 0.185953 0.207224
2 2 0.019083 0.138355 0.747379 0.065794 0.029388
2 2 0.048587 0.212036 0.582922 0.101822 0.054634
2 2 0.011975 0.113863 0.802484 0.051153 0.020525
2 2 0.004394 0.049906 0.899724 0.032765 0.013210
2 2 0.008641 0.068456 0.852571 0.048036 0.022296
2 2 0.005732 0.046678 0.887882 0.040416 0.019292
2 2 0.004828 0.054110 0.893111 0.034195 0.013757
2 2 0.012652 0.093388 0.810885 0.056750 0.026324
2 3 0.003568 0.035450 0.915340 0.031670 0.013971
2 3 0.004187 0.038847 0.899087 0.041889 0.015990
2 3 0.003950 0.045441 0.892328 0.045061 0.013220
2 3 0.004428 0.044409 0.884111 0.051519 0.015534
2 3 0.003448 0.036220 0.904772 0.041888 0.013672
2 3 0.004128 0.035637 0.894923 0.048098 0.017214
2 3 0.007675 0.072921 0.846127 0.054501 0.018775
2 3 0.005121 0.047896 0.883350 0.046694 0.016939
2 3 0.003225 0.038134 0.912734 0.034066 0.011841
2 3 0.002889 0.033411 0.918068 0.033918 0.011714
2 3 0.002549 0.027288 0.915364 0.042418 0.012381
2 3 0.003327 0.025581 0.860992 0.094852 0.015248
2 3 0.005894 0.056446 0.865334 0.054815 0.017511
2 3 0.004806 0.033925 0.836713 0.105472 0.019084
2 3 0.004517 0.040486 0.888942 0.048948 0.017107
2 3 0.003571 0.027377 0.873712 0.078767 0.016572
2 3 0.004853 0.044097 0.855526 0.079079 0.016444
2 3 0.002616 0.030640 0.915092 0.040131 0.011522
2 3 0.003491 0.029914 0.881230 0.069972 0.015393
2 3 0.006625 0.048378 0.813129 0.110916 0.020952
2 3 0.003732 0.034246 0.877025 0.070130 0.014867
2 3 0.007462 0.051677 0.781449 0.139243 0.020169
2 3 0.005992 0.042920 0.832979 0.097024 0.021085
2 3 0.005668 0.042300 0.814868 0.118572 0.018592
2 3 0.004763 0.036729 0.853504 0.086494 0.018510
2 3 0.003959 0.034145 0.871020 0.074971 0.015905
2 3 0.005468 0.035885 0.780521 0.159442 0.018684
2 3 0.005353 0.036781 0.802024 0.137158 0.018684
2 3 0.006957 0.042530 0.746141 0.183626 0.020746
2 3 0.006945 0.035624 0.702711 0.232142 0.022577
2 3 0.004856 0.050503 0.865793 0.063853 0.014996
2 3 0.005895 0.036984 0.802908 0.132862 0.021351
2 3 0.004225 0.029087 0.806917 0.142774 0.016996
2 3 0.007856 0.047199 0.786912 0.132659 0.025375
2 3 0.007285 0.046919 0.765467 0.158947 0.021382
2 3 0.007517 0.040707 0.688890 0.241280 0.021605
2 3 0.005076 0.039465 0.832090 0.105428 0.017941
2 3 0.007514 0.038447 0.715657 0.214118 0.024263
2 3 0.004653 0.028456 0.779057 0.169552 0.018281
2 3 0.005031 0.034753 0.817691 0.124116 0.018409
2 3 0.008261 0.038429 0.632535 0.297679 0.023095
2 3 0.004797 0.036606 0.837488 0.102966 0.018143
2 3 0.005208 0.026297 0.723224 0.224796 0.020475
2 3 0.006449 0.048596 0.800077 0.126110 0.018768
2 3 0.008756 0.039709 0.620601 0.307564 0.023370
2 3 0.008815 0.040079 0.619182 0.307915 0.024008
2 3 0.005713 0.044582 0.810667 0.121241 0.017797
2 3 0.004893 0.038773 0.814506 0.125679 0.016149
2 3 0.006463 0.040418 0.779895 0.151859 0.021365
2 3 0.006345 0.043638 0.772148 0.159173 0.018696
2 3 0.006597 0.023135 0.488544 0.461439 0.020285
2 3 0.004949 0.033981 0.790638 0.152387 0.018045
2 3 0.007844 0.046535 0.745817 0.176770 0.023034
2 3 0.009945 0.049357 0.672294 0.243045 0.025359
2 3 0.008510 0.036739 0.590055 0.341775 0.022921
3 3 0.010613 0.032133 0.422692 0.509982 0.024580
2 3 0.006851 0.034471 0.663091 0.274894 0.020694
2 3 0.004617 0.032291 0.813005 0.132588 0.017500
3 0 0.158169 0.157260 0.250712 0.279078 0.154780
2 1 0.211668 0.183323 0.214033 0.185315 0.205661
4 2 0.232462 0.153513 0.141062 0.185926 0.287037
4 0 0.235668 0.133697 0.105373 0.180189 0.345073
4 0 0.230339 0.159422 0.153608 0.186811 0.269821
0 0 0.218368 0.179099 0.204857 0.186244 0.211432
0 0 0.217183 0.180470 0.209170 0.185953 0.207224
0 0 0.217183 0.180470 0.209170 0.185953 0.207224
0 0 0.217183 0.180470 0.209170 0.185953 0.207224
2 1 0.178211 0.204098 0.268886 0.177619 0.171186
2 1 0.062304 0.243034 0.522310 0.110946 0.061406
0 1 0.217183 0.180470 0.209170 0.185953 0.207224
2 1 0.120376 0.232268 0.376861 0.153593 0.116902
2 1 0.192866 0.195534 0.245365 0.181444 0.184791
0 1 0.214730 0.182032 0.212670 0.185600 0.204969
2 2 0.190533 0.196927 0.249021 0.180891 0.182629
2 2 0.076031 0.243212 0.482885 0.123250 0.074623
2 2 0.015850 0.115377 0.778869 0.061763 0.028142
2 2 0.032094 0.132314 0.686850 0.093708 0.055034
2 2 0.101526 0.238545 0.418717 0.142207 0.099005
2 2 0.154452 0.216933 0.310059 0.169557 0.149000
2 2 0.210828 0.184497 0.218304 0.184992 0.201379
2 1 0.026573 0.142316 0.708328 0.081085 0.041699
2 2 0.009435 0.084957 0.837565 0.047718 0.020325
2 2 0.010860 0.069945 0.834639 0.055934 0.028623
2 2 0.009760 0.068975 0.843528 0.052171 0.025567
2 2 0.025440 0.149022 0.709976 0.077559 0.038002
2 2 0.010260 0.077194 0.835899 0.052156 0.024491
2 2 0.021052 0.107521 0.753353 0.076455 0.041619
2 2 0.062434 0.210825 0.537996 0.117653 0.071092
2 2 0.059320 0.158731 0.566903 0.126482 0.088564
2 2 0.026850 0.146316 0.704896 0.080847 0.041091
2 2 0.035748 0.174317 0.651165 0.091082 0.047688
2 1 0.108166 0.236558 0.403507 0.146448 0.105321
2 2 0.074567 0.197746 0.505492 0.132211 0.089984
0 2 0.217183 0.180470 0.209170 0.185953 0.207224
2 2 0.122982 0.231257 0.371378 0.155014 0.119368
2 2 0.009001 0.059500 0.853378 0.051585 0.026536
2 2 0.005469 0.056284 0.885893 0.036931 0.015422
2 2 0.046796 0.199260 0.596034 0.102036 0.055875
2 2 0.108548 0.214625 0.408617 0.152053 0.116156
2 2 0.121764 0.231733 0.373932 0.154355 0.118216
2 2 0.175392 0.205693 0.273567 0.176785 0.168563
2 2 0.196038 0.193626 0.240449 0.182160 0.187727
2 2 0.009584 0.078545 0.840158 0.049468 0.022246
2 2 0.031493 0.156137 0.678719 0.087519 0.046132
2 2 0.011605 0.096260 0.816066 0.052938 0.023132
2 2 0.022041 0.146505 0.727630 0.070998 0.032825
2 2 0.027524 0.149112 0.700259 0.081610 0.041495
2 2 0.012205 0.105396 0.806632 0.053203 0.022564
2 2 0.058756 0.234300 0.537789 0.109059 0.060097
2 2 0.014785 0.101887 0.792811 0.061382 0.029135
2 2 0.095131 0.240194 0.433901 0.137867 0.092908
2 2 0.114323 0.234491 0.389868 0.150153 0.111166
0 2 0.217183 0.180470 0.209170 0.185953 0.207224
0 2 0.217183 0.180470 0.209170 0.185953 0.207224
2 2 0.122989 0.231254 0.371363 0.155018 0.119375
2 2 0.155260 0.216521 0.308592 0.169870 0.149757
2 2 0.190225 0.197109 0.249505 0.180817 0.182344
0 2 0.217183 0.180470 0.209170 0.185953 0.207224
0 1 0.217183 0.180470 0.209170 0.185953 0.207224
0 1 0.217183 0.180470 0.209170 0.185953 0.207224
0 1 0.217183 0.180470 0.209170 0.185953 0.207224
0 1 0.217183 0.180470 0.209170 0.185953 0.207224
0 1 0.217183 0.180470 0.209170 0.185953 0.207224
0 0 0.217183 0.180470 0.209170 0.185953 0.207224
0 1 0.217183 0.180470 0.209170 0.185953 0.207224
0 1 0.217183 0.180470 0.209170 0.185953 0.207224
2 1 0.199927 0.191261 0.234502 0.182986 0.191324
0 1 0.217183 0.180470 0.209170 0.185953 0.207224
0 1 0.217183 0.180470 0.209170 0.185953 0.207224
0 1 0.217183 0.180470 0.209170 0.185953 0.207224
0 1 0.217183 0.180470 0.209170 0.185953 0.207224
0 1 0.217183 0.180470 0.209170 0.185953 0.207224
2 0 0.143967 0.222095 0.329554 0.165226 0.139158
0 1 0.217183 0.180470 0.209170 0.185953 0.207224
0 1 0.217183 0.180470 0.209170 0.185953 0.207224
0 1 0.217183 0.180470 0.209170 0.185953 0.207224
0 1 0.217183 0.180470 0.209170 0.185953 0.207224
0 1 0.217183 0.180470 0.209170 0.185953 0.207224
0 1 0.217183 0.180470 0.209170 0.185953 0.207224
0 1 0.217183 0.180470 0.209170 0.185953 0.207224
2 2 0.100184 0.238914 0.421860 0.141317 0.097726
2 2 0.191906 0.196108 0.246865 0.181219 0.183902
0 2 0.217183 0.180470 0.209170 0.185953 0.207224
0 1 0.217183 0.180470 0.209170 0.185953 0.207224
0 1 0.217183 0.180470 0.209170 0.185953 0.207224
0 1 0.217183 0.180470 0.209170 0.185953 0.207224
0 1 0.217183 0.180470 0.209170 0.185953 0.207224
0 1 0.217183 0.180470 0.209170 0.185953 0.207224
0 1 0.217183 0.180470 0.209170 0.185953 0.207224
0 1 0.217183 0.180470 0.209170 0.185953 0.207224
0 2 0.217183 0.180470 0.209170 0.185953 0.207224
0 2 0.217183 0.180470 0.209170 0.185953 0.207224
2 2 0.093304 0.240613 0.438339 0.136579 0.091164
2 2 0.005957 0.054139 0.882502 0.039713 0.017689
2 2 0.092562 0.228587 0.444673 0.138875 0.095303
2 2 0.204527 0.188430 0.227584 0.183888 0.195571
0 2 0.217183 0.180470 0.209170 0.185953 0.207224
0 1 0.217183 0.180470 0.209170 0.185953 0.207224
2 2 0.200621 0.190836 0.233451 0.183127 0.191965
2 2 0.095807 0.223501 0.438006 0.142234 0.100452
0 2 0.217183 0.180470 0.209170 0.185953 0.207224
0 0 0.217183 0.180470 0.209170 0.185953 0.207224
0 0 0.219048 0.178280 0.202343 0.186399 0.213930
0 1 0.217183 0.180470 0.209170 0.185953 0.207224
0 1 0.217183 0.180470 0.209170 0.185953 0.207224
0 1 0.217183 0.180470 0.209170 0.185953 0.207224
0 1 0.217183 0.180470 0.209170 0.185953 0.207224
0 1 0.217183 0.180470 0.209170 0.185953 0.207224
0 1 0.217183 0.180470 0.209170 0.185953 0.207224
2 2 0.208469 0.185977 0.221751 0.184596 0.199206
2 2 0.022782 0.118300 0.739175 0.078064 0.041680
2 2 0.005123 0.037634 0.897038 0.039782 0.020423
2 2 0.007514 0.059323 0.866162 0.045509 0.021491
2 2 0.002648 0.033117 0.928162 0.025738 0.010335
2 2 0.003585 0.035961 0.915353 0.031249 0.013853
2 2 0.006156 0.055730 0.879893 0.040294 0.017927
2 2 0.004414 0.042188 0.903373 0.034587 0.015438
2 2 0.012871 0.073144 0.818469 0.061992 0.033525
0 4 0.217183 0.180470 0.209170 0.185953 0.207224
4 4 0.228061 0.164429 0.165111 0.187218 0.255181
4 4 0.225157 0.169673 0.178160 0.187273 0.239738
4 4 0.234626 0.144523 0.123781 0.183824 0.313247
0 4 0.218142 0.179365 0.205685 0.186191 0.210617
4 4 0.229473 0.161447 0.158157 0.187015 0.263908
0 4 0.220091 0.176980 0.198432 0.186618 0.217879
4 4 0.229354 0.161713 0.158765 0.187038 0.263130
4 4 0.234480 0.145338 0.125268 0.184050 0.310863
4 4 0.228333 0.163881 0.163809 0.187190 0.256787
4 4 0.235536 0.127475 0.095800 0.177591 0.363599
4 4 0.233149 0.112680 0.075530 0.169989 0.408651
4 4 0.234509 0.145180 0.124978 0.184007 0.311326
0 4 0.217183 0.180470 0.209170 0.185953 0.207224
0 4 0.217183 0.180470 0.209170 0.185953 0.207224
0 4 0.217183 0.180470 0.209170 0.185953 0.207224
0 4 0.217183 0.180470 0.209170 0.185953 0.207224
0 4 0.217183 0.180470 0.209170 0.185953 0.207224
0 4 0.217183 0.180470 0.209170 0.185953 0.207224
2 4 0.169158 0.209156 0.284110 0.174825 0.162751
2 4 0.118523 0.232968 0.380802 0.152561 0.115147
2 4 0.082085 0.242607 0.466706 0.128171 0.080432
2 4 0.105117 0.237504 0.410426 0.144532 0.102422
2 2 0.119472 0.232611 0.378779 0.153092 0.116046
0 2 0.217183 0.180470 0.209170 0.185953 0.207224
2 2 0.003082 0.035327 0.921694 0.028172 0.011724
2 2 0.004608 0.037695 0.902857 0.036877 0.017964
2 2 0.002913 0.031164 0.925604 0.028077 0.012243
2 2 0.002425 0.028253 0.933321 0.025309 0.010692
2 2 0.009977 0.073596 0.839760 0.051921 0.024746
0 0 0.217183 0.180470 0.209170 0.185953 0.207224
0 0 0.217183 0.180470 0.209170 0.185953 0.207224
0 1 0.217183 0.180470 0.209170 0.185953 0.207224
0 1 0.217183 0.180470 0.209170 0.185953 0.207224
0 1 0.217183 0.180470 0.209170 0.185953 0.207224
0 1 0.217183 0.180470 0.209170 0.185953 0.207224
0 1 0.217183 0.180470 0.209170 0.185953 0.207224
0 0 0.217183 0.180470 0.209170 0.185953 0.207224
0 1 0.217183 0.180470 0.209170 0.185953 0.207224
0 1 0.217183 0.180470 0.209170 0.185953 0.207224
0 1 0.220737 0.176145 0.195974 0.186741 0.220404
0 1 0.217183 0.180470 0.209170 0.185953 0.207224
0 1 0.217183 0.180470 0.209170 0.185953 0.207224
2 1 0.148575 0.219869 0.320879 0.167190 0.143487
2 2 0.157600 0.215318 0.304370 0.170763 0.151949
2 1 0.195516 0.193941 0.241253 0.182045 0.187244
2 1 0.167268 0.210187 0.287357 0.174199 0.160988
0 1 0.217183 0.180470 0.209170 0.185953 0.207224
0 2 0.217183 0.180470 0.209170 0.185953 0.207224
0 2 0.217183 0.180470 0.209170 0.185953 0.207224
2 2 0.068707 0.243415 0.503403 0.116896 0.067579
2 2 0.011953 0.080754 0.822012 0.057154 0.028126
2 2 0.005847 0.045968 0.886985 0.041175 0.020025
2 2 0.046550 0.182642 0.605199 0.105093 0.060516
2 2 0.068346 0.206865 0.521213 0.124369 0.079207
2 2 0.057138 0.214535 0.553180 0.111266 0.063881
2 2 0.135257 0.226103 0.346433 0.161246 0.130960
2 2 0.090459 0.230135 0.449594 0.137074 0.092740
2 2 0.087034 0.235602 0.456499 0.133397 0.087468
2 1 0.184377 0.200549 0.258826 0.179332 0.176918
2 2 0.009161 0.076096 0.844627 0.048411 0.021705
2 2 0.015649 0.104906 0.785959 0.063194 0.030292
2 2 0.006428 0.060529 0.875008 0.040510 0.017525
2 2 0.015130 0.093126 0.795060 0.064185 0.032500
2 2 0.022382 0.128845 0.736053 0.074993 0.037727
2 2 0.011894 0.082873 0.821421 0.056498 0.027313
2 2 0.029449 0.153451 0.689186 0.084375 0.043539
2 2 0.029509 0.163401 0.683406 0.082604 0.041081
2 2 0.067106 0.194639 0.529736 0.125971 0.082548
2 1 0.067476 0.237103 0.510151 0.117058 0.068211
2 1 0.049657 0.172005 0.598262 0.111493 0.068584
2 2 0.006867 0.051580 0.875107 0.044561 0.021885
2 2 0.037776 0.168789 0.645834 0.095358 0.052243
2 2 0.003647 0.040006 0.912842 0.030644 0.012861
2 2 0.007923 0.068212 0.858441 0.045246 0.020179
2 2 0.004499 0.042252 0.902429 0.035046 0.015774
2 2 0.056663 0.166566 0.574443 0.121424 0.080904
2 2 0.013689 0.087724 0.806919 0.061109 0.030559
2 2 0.029116 0.140551 0.697254 0.086357 0.046722
2 2 0.013739 0.107314 0.796068 0.057386 0.025492
2 2 0.019443 0.125318 0.753320 0.068945 0.032974
2 2 0.016262 0.107520 0.780920 0.064341 0.030958
2 2 0.024461 0.131728 0.724052 0.078898 0.040860
2 2 0.007047 0.054771 0.865579 0.050881 0.021721
2 2 0.008418 0.056871 0.859272 0.049909 0.025530
2 2 0.017158 0.100486 0.779107 0.068196 0.035053
2 2 0.016848 0.119534 0.770782 0.063615 0.029222
2 2 0.008320 0.065923 0.853758 0.049816 0.022184
2 2 0.009109 0.073955 0.846152 0.048656 0.022127
2 2 0.009544 0.068579 0.840570 0.056039 0.025268
2 2 0.007851 0.073609 0.855334 0.044544 0.018661
2 2 0.010991 0.092521 0.822342 0.051640 0.022506
2 2 0.007840 0.057254 0.858707 0.052593 0.023608
2 2 0.019459 0.129383 0.750893 0.068235 0.032029
2 2 0.007594 0.061355 0.863429 0.046453 0.021170
2 2 0.010203 0.073113 0.838279 0.052845 0.025560
2 2 0.020885 0.130368 0.742917 0.071347 0.034483
2 2 0.008270 0.071080 0.854161 0.046035 0.020455
2 2 0.011849 0.093487 0.810434 0.059631 0.024599
2 2 0.016616 0.107914 0.778630 0.065208 0.031632
2 2 0.005186 0.050326 0.884097 0.044041 0.016350
2 3 0.006175 0.054164 0.861011 0.059377 0.019272
2 2 0.010390 0.087099 0.829611 0.050636 0.022264
2 2 0.009239 0.065575 0.834752 0.064701 0.025733
2 2 0.011771 0.080085 0.820278 0.059872 0.027995
2 2 0.011740 0.079985 0.809772 0.070109 0.028394
2 3 0.013669 0.098591 0.795013 0.065035 0.027693
2 2 0.012714 0.091996 0.803655 0.064460 0.027175
2 3 0.006860 0.047487 0.841702 0.080443 0.023508
2 2 0.019924 0.103881 0.753731 0.081789 0.040675
2 3 0.007878 0.053020 0.804261 0.111627 0.023214
2 3 0.009981 0.079027 0.836992 0.050791 0.023209
2 2 0.007736 0.067345 0.860289 0.044779 0.019850
2 2 0.025535 0.136600 0.716282 0.080137 0.041446
2 2 0.007549 0.064878 0.863009 0.044618 0.019946
2 2 0.088690 0.241558 0.449768 0.133228 0.086755
0 0 0.217183 0.180470 0.209170 0.185953 0.207224
2 1 0.211732 0.183928 0.216991 0.185138 0.202211
2 2 0.146417 0.220920 0.324920 0.166282 0.141461
0 1 0.217183 0.180470 0.209170 0.185953 0.207224
0 1 0.217183 0.180470 0.209170 0.185953 0.207224
0 1 0.217183 0.180470 0.209170 0.185953 0.207224
4 1 0.226305 0.167718 0.173166 0.187300 0.245510
0 1 0.217183 0.180470 0.209170 0.185953 0.207224
2 1 0.172309 0.207417 0.278747 0.175835 0.165690
2 1 0.171896 0.207647 0.279447 0.175705 0.165305
0 1 0.217183 0.180470 0.209170 0.185953 0.207224
0 1 0.217183 0.180470 0.209170 0.185953 0.207224
4 1 0.226447 0.167467 0.172536 0.187299 0.246250
0 1 0.217183 0.180470 0.209170 0.185953 0.207224
0 1 0.217183 0.180470 0.209170 0.185953 0.207224
0 0 0.217183 0.180470 0.209170 0.185953 0.207224
0 1 0.217183 0.180470 0.209170 0.185953 0.207224
0 1 0.217183 0.180470 0.209170 0.185953 0.207224
0 1 0.217183 0.180470 0.209170 0.185953 0.207224
0 0 0.217183 0.180470 0.209170 0.185953 0.207224
4 0 0.226456 0.167451 0.172496 0.187299 0.246298
0 0 0.217183 0.180470 0.209170 0.185953 0.207224
0 0 0.217183 0.180470 0.209170 0.185953 0.207224
0 0 0.217183 0.180470 0.209170 0.185953 0.207224
0 0 0.217183 0.180470 0.209170 0.185953 0.207224
0 0 0.217183 0.180470 0.209170 0.185953 0.207224
0 0 0.217183 0.180470 0.209170 0.185953 0.207224
4 0 0.232068 0.154741 0.143585 0.186144 0.283462
4 0 0.234371 0.145913 0.126326 0.184205 0.309185
0 0 0.217183 0.180470 0.209170 0.185953 0.207224
0 0 0.217183 0.180470 0.209170 0.185953 0.207224
0 0 0.217183 0.180470 0.209170 0.185953 0.207224
0 0 0.217183 0.180470 0.209170 0.185953 0.207224
0 0 0.217183 0.180470 0.209170 0.185953 0.207224
0 0 0.217183 0.180470 0.209170 0.185953 0.207224
0 0 0.217183 0.180470 0.209170 0.185953 0.207224
0 1 0.217183 0.180470 0.209170 0.185953 0.207224
0 1 0.217183 0.180470 0.209170 0.185953 0.207224
0 1 0.217183 0.180470 0.209170 0.185953 0.207224
0 1 0.217183 0.180470 0.209170 0.185953 0.207224
0 1 0.217183 0.180470 0.209170 0.185953 0.207224
2 2 0.102509 0.238268 0.416432 0.142851 0.099940
2 2 0.018638 0.094667 0.772554 0.073446 0.040695
2 2 0.030226 0.134419 0.694810 0.089772 0.050773
2 2 0.114443 0.234448 0.389604 0.150224 0.111280
2 2 0.051091 0.184781 0.587709 0.110472 0.065947
0 2 0.217183 0.180470 0.209170 0.185953 0.207224
2 2 0.024797 0.148545 0.713267 0.076359 0.037033
2 2 0.210340 0.184804 0.219015 0.184912 0.200929
2 2 0.162397 0.212803 0.295846 0.172517 0.156437
2 2 0.050632 0.196661 0.583837 0.107390 0.061480
0 1 0.217183 0.180470 0.209170 0.185953 0.207224
2 2 0.139578 0.222605 0.338239 0.163660 0.135919
2 2 0.020739 0.098757 0.758512 0.077774 0.044217
2 1 0.093112 0.240655 0.438810 0.136442 0.090980
2 1 0.182156 0.201836 0.262420 0.178732 0.174855
0 1 0.217183 0.180470 0.209170 0.185953 0.207224
0 1 0.217183 0.180470 0.209170 0.185953 0.207224
0 1 0.217183 0.180470 0.209170 0.185953 0.207224
2 1 0.199690 0.191406 0.234863 0.182937 0.191104
2 2 0.002454 0.025949 0.933716 0.026180 0.011700
2 2 0.003348 0.034464 0.918815 0.030126 0.013246
2 2 0.004807 0.038949 0.900243 0.037641 0.018360
2 2 0.006757 0.059180 0.872826 0.042256 0.018981
2 2 0.027210 0.107536 0.719534 0.090244 0.055476
2 2 0.004583 0.045823 0.899944 0.034652 0.014998
2 2 0.008615 0.062723 0.855381 0.049242 0.024038
2 2 0.019706 0.112032 0.758879 0.072215 0.037169
2 2 0.016621 0.121694 0.770745 0.062652 0.028288
2 2 0.054954 0.223027 0.555839 0.107162 0.059018
2 2 0.008661 0.065073 0.853993 0.048871 0.023402
2 2 0.008161 0.071631 0.854713 0.045499 0.019996
2 2 0.006467 0.057247 0.876340 0.041385 0.018560
2 2 0.021737 0.140087 0.732988 0.071468 0.033720
2 2 0.019343 0.137609 0.746522 0.066523 0.030004
2 2 0.058251 0.242478 0.534812 0.106970 0.057489
2 2 0.010966 0.088075 0.825088 0.052386 0.023486
2 2 0.007115 0.054316 0.870017 0.046659 0.021892
2 2 0.010890 0.097098 0.820215 0.050506 0.021291
2 2 0.009720 0.076343 0.840322 0.050405 0.023211
2 2 0.056846 0.197207 0.562289 0.114584 0.069073
2 2 0.061586 0.239838 0.526185 0.110859 0.061531
2 2 0.018352 0.124245 0.759776 0.066520 0.031107
2 2 0.010421 0.074939 0.834246 0.054694 0.025701
2 2 0.011092 0.085643 0.825568 0.053277 0.024421
2 2 0.036042 0.160649 0.656977 0.094280 0.052053
2 2 0.013794 0.109229 0.794580 0.057205 0.025192
2 2 0.011955 0.099047 0.812131 0.053536 0.023331
2 2 0.015797 0.117343 0.777992 0.061274 0.027594
2 2 0.011300 0.072942 0.824711 0.061907 0.029140
2 2 0.012453 0.103591 0.806221 0.054258 0.023477
2 2 0.008708 0.057497 0.847955 0.059093 0.026747
2 2 0.015769 0.102497 0.785284 0.065169 0.031281
2 3 0.007512 0.056505 0.854143 0.058784 0.023056
2 3 0.029770 0.156270 0.686240 0.084415 0.043306
2 3 0.006329 0.052158 0.875627 0.046007 0.019880
2 3 0.021968 0.141615 0.730508 0.072112 0.033796
2 3 0.007437 0.059278 0.852692 0.058713 0.021880
2 3 0.003556 0.033903 0.905096 0.042452 0.014993
2 3 0.009196 0.082563 0.836927 0.050905 0.020409
2 3 0.008507 0.054353 0.837238 0.072070 0.027832
2 3 0.006711 0.045788 0.829491 0.095502 0.022508
2 3 0.015932 0.095836 0.775456 0.078604 0.034172
2 2 0.024398 0.130397 0.719130 0.084711 0.041364
2 2 0.053247 0.237025 0.553460 0.102611 0.053657
2 2 0.047269 0.219864 0.582983 0.098727 0.051156
2 2 0.077031 0.243137 0.480167 0.124082 0.075583
2 2 0.077525 0.243097 0.478828 0.124491 0.076058
2 2 0.121636 0.231783 0.374201 0.154285 0.118095
2 2 0.122792 0.231332 0.371774 0.154912 0.119189
2 2 0.067696 0.243392 0.506325 0.115982 0.066606
2 2 0.142652 0.222717 0.332062 0.164648 0.137922
0 1 0.215849 0.181320 0.211069 0.185764 0.205998
2 1 0.099155 0.239189 0.424284 0.140627 0.096745
2 2 0.090230 0.241261 0.445919 0.134363 0.088228
2 2 0.026736 0.146522 0.705319 0.080583 0.040840
2 2 0.016083 0.113372 0.778702 0.062748 0.029095
2 2 0.027588 0.126520 0.710920 0.086428 0.048544
0 1 0.217183 0.180470 0.209170 0.185953 0.207224
0 1 0.217183 0.180470 0.209170 0.185953 0.207224
0 1 0.217183 0.180470 0.209170 0.185953 0.207224
0 1 0.217183 0.180470 0.209170 0.185953 0.207224
2 1 0.207260 0.186732 0.223532 0.184385 0.198091
2 2 0.145684 0.221273 0.326301 0.165969 0.140772
2 2 0.078939 0.214686 0.486749 0.131958 0.087668
2 2 0.010384 0.071694 0.837543 0.053819 0.026560
2 2 0.010114 0.079781 0.835631 0.051105 0.023369
2 2 0.009823 0.074945 0.840262 0.051071 0.023899
2 2 0.039306 0.168291 0.639907 0.097808 0.054688
2 2 0.031747 0.146221 0.682503 0.089997 0.049532
2 2 0.164800 0.211520 0.291637 0.173359 0.158683
2 2 0.072428 0.230547 0.498911 0.122893 0.075221
2 2 0.016655 0.108932 0.777859 0.065110 0.031443
2 2 0.011625 0.089316 0.819925 0.054302 0.024832
2 2 0.006652 0.062343 0.872103 0.041126 0.017775
2 2 0.027451 0.148940 0.700691 0.081502 0.041416
2 2 0.027750 0.152233 0.697519 0.081443 0.041056
2 2 0.011961 0.084440 0.820191 0.056381 0.027027
2 2 0.054572 0.224469 0.556291 0.106456 0.058212
2 2 0.015368 0.104583 0.787816 0.062485 0.029748
2 2 0.079785 0.242879 0.472775 0.126335 0.078226
2 2 0.039070 0.181819 0.633960 0.094738 0.050413
2 2 0.026319 0.140423 0.710527 0.080955 0.041777
2 2 0.068689 0.243414 0.503456 0.116879 0.067562
2 2 0.040476 0.182841 0.627988 0.096607 0.052088
2 2 0.087455 0.241782 0.452882 0.132306 0.085574
2 2 0.024453 0.126242 0.726787 0.080017 0.042502
2 2 0.043019 0.204089 0.606885 0.096123 0.049883
2 2 0.033001 0.163157 0.668535 0.088740 0.046568
2 2 0.038926 0.160139 0.645239 0.098951 0.056745
2 2 0.100168 0.238918 0.421896 0.141306 0.097711
2 2 0.056343 0.227987 0.548738 0.107722 0.059210
2 2 0.072563 0.243385 0.492463 0.120298 0.071290
2 2 0.040927 0.205114 0.613852 0.093067 0.047041
2 2 0.112364 0.235171 0.394161 0.148997 0.109307
2 2 0.047707 0.196370 0.594287 0.103783 0.057853
2 2 0.036524 0.189441 0.639566 0.089473 0.044996
2 2 0.067481 0.243385 0.506950 0.115786 0.066398
2 2 0.061641 0.242961 0.524326 0.110307 0.060765
2 2 0.052755 0.168916 0.587936 0.116133 0.074260
2 2 0.037720 0.171947 0.644463 0.094635 0.051235
2 2 0.029783 0.169263 0.678810 0.082031 0.040113
2 2 0.009022 0.069768 0.848933 0.049215 0.023063
2 2 0.014402 0.099638 0.796381 0.060733 0.028847
2 2 0.034972 0.189359 0.645657 0.087089 0.042923
2 2 0.025160 0.152669 0.709159 0.076341 0.036671
2 2 0.021774 0.109994 0.748287 0.077598 0.042347
2 2 0.020479 0.131892 0.744140 0.070140 0.033350
2 2 0.022975 0.130422 0.732200 0.075981 0.038422
2 2 0.022814 0.130074 0.733199 0.075700 0.038213
2 2 0.035467 0.188732 0.644096 0.087971 0.043734
2 2 0.026555 0.134730 0.707332 0.087319 0.044064
2 2 0.025097 0.145600 0.713263 0.077765 0.038274
2 2 0.022774 0.145847 0.724493 0.072669 0.034218
2 2 0.026235 0.164891 0.696893 0.076293 0.035688
2 2 0.019517 0.103469 0.761254 0.076091 0.039670
2 2 0.019624 0.109095 0.758554 0.074719 0.038008
2 2 0.094782 0.240276 0.434746 0.137622 0.092574
2 2 0.071248 0.243416 0.496157 0.119153 0.070026
2 2 0.056856 0.210527 0.556069 0.111779 0.064769
2 2 0.046205 0.201490 0.596946 0.100836 0.054523
2 2 0.024249 0.148910 0.715634 0.075183 0.036024
2 2 0.022821 0.124838 0.735849 0.076770 0.039724
2 2 0.033923 0.178084 0.652680 0.091094 0.044219
2 2 0.040197 0.179736 0.630682 0.096813 0.052572
2 2 0.029754 0.158879 0.684879 0.083889 0.042599
2 2 0.012133 0.074801 0.806839 0.074827 0.031400
2 2 0.078024 0.243053 0.477483 0.124902 0.076537
2 2 0.038029 0.199993 0.627584 0.089840 0.044554
2 2 0.040568 0.210348 0.612018 0.091640 0.045426
2 2 0.017599 0.103947 0.770185 0.073075 0.035194
2 2 0.050600 0.213899 0.575083 0.103909 0.056510
2 2 0.062819 0.243086 0.520754 0.111439 0.061902
2 2 0.042406 0.226574 0.595521 0.091332 0.044168
2 2 0.049037 0.217964 0.578100 0.101250 0.053650
2 2 0.070533 0.238423 0.500649 0.119557 0.070838
2 2 0.055780 0.226122 0.551532 0.107470 0.059096
2 2 0.055481 0.235628 0.547230 0.105327 0.056335
2 3 0.022341 0.121038 0.733637 0.082803 0.040180
2 2 0.109257 0.236207 0.401059 0.147120 0.106357
2 1 0.065805 0.212837 0.526563 0.120592 0.074203
2 2 0.195492 0.193955 0.241291 0.182040 0.187222
0 0 0.217183 0.180470 0.209170 0.185953 0.207224
2 1 0.160050 0.214042 0.299997 0.171671 0.154241
2 1 0.162938 0.212516 0.294895 0.172709 0.156942
2 2 0.037793 0.164977 0.647635 0.096167 0.053427
2 2 0.183076 0.201304 0.260927 0.178983 0.175710
2 2 0.170330 0.208512 0.282108 0.175205 0.163845
2 4 0.190008 0.197238 0.249847 0.180764 0.182143
4 4 0.228061 0.164429 0.165111 0.187218 0.255180
0 4 0.214309 0.182299 0.213273 0.185537 0.204583
0 4 0.217183 0.180470 0.209170 0.185953 0.207224
4 4 0.224784 0.170280 0.179745 0.187253 0.237940
4 4 0.233009 0.151661 0.137335 0.185566 0.292428
4 4 0.235676 0.131105 0.101302 0.179151 0.352767
0 4 0.217183 0.180470 0.209170 0.185953 0.207224
0 4 0.217183 0.180470 0.209170 0.185953 0.207224
4 4 0.228812 0.162887 0.161476 0.187128 0.259697
4 4 0.233555 0.149603 0.133299 0.185120 0.298424
4 4 0.231226 0.157147 0.148654 0.186520 0.276454
4 4 0.235598 0.128598 0.097478 0.178087 0.360239
4 4 0.230490 0.159050 0.152788 0.186768 0.270905
4 4 0.233321 0.150517 0.135078 0.185323 0.295762
4 4 0.235638 0.134738 0.107043 0.180588 0.341993
4 4 0.229320 0.101315 0.062023 0.162807 0.444535
4 4 0.235679 0.131281 0.101575 0.179223 0.352243
4 4 0.231137 0.157384 0.149163 0.186553 0.275763
0 4 0.217719 0.179858 0.207229 0.186088 0.209107
0 4 0.217183 0.180470 0.209170 0.185953 0.207224
0 4 0.217535 0.180070 0.207898 0.186042 0.208456
4 4 0.221897 0.174582 0.191476 0.186936 0.225109
0 4 0.217183 0.180470 0.209170 0.185953 0.207224
0 4 0.219002 0.178337 0.202516 0.186389 0.213757
0 4 0.217183 0.180470 0.209170 0.185953 0.207224
4 4 0.227609 0.165316 0.167242 0.187256 0.252578
4 4 0.223140 0.172808 0.186528 0.187104 0.230421
4 4 0.233733 0.148871 0.131889 0.184950 0.300557
4 4 0.221185 0.175551 0.194247 0.186820 0.222197
0 4 0.219828 0.177313 0.199425 0.186565 0.216869
4 4 0.224495 0.170740 0.180959 0.187233 0.236573
4 4 0.223203 0.172715 0.186273 0.187111 0.230698
0 4 0.217183 0.180470 0.209170 0.185953 0.207224
0 4 0.217183 0.180470 0.209170 0.185953 0.207224
0 4 0.217183 0.180470 0.209170 0.185953 0.207224
4 4 0.222910 0.173145 0.187456 0.187076 0.229414
4 4 0.223500 0.172273 0.185068 0.187144 0.232015
4 4 0.225649 0.168852 0.176043 0.187291 0.242165
0 4 0.217183 0.180470 0.209170 0.185953 0.207224
0 4 0.217183 0.180470 0.209170 0.185953 0.207224
0 4 0.219637 0.177553 0.200143 0.186525 0.216141
4 4 0.228029 0.164493 0.165263 0.187221 0.254993
0 4 0.217183 0.180470 0.209170 0.185953 0.207224
0 4 0.217183 0.180470 0.209170 0.185953 0.207224
4 4 0.223068 0.172914 0.186820 0.187096 0.230103
4 4 0.229784 0.160738 0.156549 0.186950 0.265979
4 4 0.235668 0.133682 0.105349 0.180183 0.345118
4 4 0.230246 0.159646 0.154106 0.186836 0.269166
4 4 0.227611 0.165312 0.167232 0.187255 0.252589
4 4 0.234912 0.121425 0.087112 0.174722 0.381829
4 4 0.235684 0.131994 0.102685 0.179514 0.350124
2 4 0.111214 0.235560 0.396702 0.148309 0.108216
4 4 0.235465 0.126454 0.094292 0.177130 0.366660
0 4 0.218689 0.178715 0.203672 0.186319 0.212605
0 4 0.217183 0.180470 0.209170 0.185953 0.207224
4 4 0.230214 0.159725 0.154281 0.186845 0.268935
4 4 0.229286 0.161863 0.159108 0.187051 0.262693
0 4 0.217183 0.180470 0.209170 0.185953 0.207224
4 4 0.225642 0.168864 0.176073 0.187291 0.242130
4 4 0.231226 0.157146 0.148652 0.186520 0.276456
4 4 0.228171 0.164209 0.164586 0.187207 0.255826
4 4 0.226104 0.168071 0.174055 0.187299 0.244470
4 4 0.226571 0.167245 0.171981 0.187298 0.246904
0 4 0.217183 0.180470 0.209170 0.185953 0.207224
0 4 0.217183 0.180470 0.209170 0.185953 0.207224
4 4 0.222945 0.173094 0.187315 0.187081 0.229566
4 4 0.221165 0.175577 0.194324 0.186817 0.222117
4 4 0.223858 0.171730 0.183599 0.187180 0.233632
4 4 0.233521 0.149739 0.133563 0.185150 0.298027
4 4 0.231793 0.155557 0.145286 0.186279 0.281084
4 4 0.222522 0.173703 0.189005 0.187026 0.227744
4 4 0.221699 0.174855 0.192252 0.186905 0.224289
4 4 0.227701 0.165137 0.166809 0.187249 0.253103
4 4 0.232251 0.154182 0.142431 0.186047 0.285089
4 4 0.233462 0.149972 0.134016 0.185203 0.297347
4 4 0.229218 0.162013 0.159453 0.187063 0.262254
0 4 0.217183 0.180470 0.209170 0.185953 0.207224
4 4 0.225291 0.169451 0.177586 0.187279 0.240393
4 4 0.222664 0.173500 0.188440 0.187045 0.228351
4 4 0.226918 0.166616 0.170418 0.187290 0.248759
4 4 0.231015 0.157707 0.149861 0.186597 0.274819
0 4 0.217183 0.180470 0.209170 0.185953 0.207224
0 4 0.217183 0.180470 0.209170 0.185953 0.207224
0 4 0.217183 0.180470 0.209170 0.185953 0.207224
0 4 0.217183 0.180470 0.209170 0.185953 0.207224
0 4 0.217183 0.180470 0.209170 0.185953 0.207224
4 4 0.223827 0.171778 0.183728 0.187177 0.233490
4 4 0.224205 0.171195 0.182165 0.187211 0.235224
0 4 0.218848 0.178523 0.203084 0.186355 0.213190
0 4 0.217183 0.180470 0.209170 0.185953 0.207224
0 4 0.217183 0.180470 0.209170 0.185953 0.207224
0 4 0.217183 0.180470 0.209170 0.185953 0.207224
0 4 0.217183 0.180470 0.209170 0.185953 0.207224
0 4 0.217183 0.180470 0.209170 0.185953 0.207224
0 4 0.217183 0.180470 0.209170 0.185953 0.207224
0 4 0.217183 0.180470 0.209170 0.185953 0.207224
0 4 0.217183 0.180470 0.209170 0.185953 0.207224
0 4 0.217183 0.180470 0.209170 0.185953 0.207224
0 4 0.217183 0.180470 0.209170 0.185953 0.207224
0 4 0.217183 0.180470 0.209170 0.185953 0.207224
0 4 0.217183 0.180470 0.209170 0.185953 0.207224
0 4 0.217183 0.180470 0.209170 0.185953 0.207224
0 4 0.217183 0.180470 0.209170 0.185953 0.207224
0 4 0.217183 0.180470 0.209170 0.185953 0.207224
0 4 0.217183 0.180470 0.209170 0.185953 0.207224
0 1 0.217183 0.180470 0.209170 0.185953 0.207224
0 1 0.217183 0.180470 0.209170 0.185953 0.207224
2 1 0.199203 0.191703 0.235603 0.182837 0.190654
0 1 0.217183 0.180470 0.209170 0.185953 0.207224
0 1 0.217183 0.180470 0.209170 0.185953 0.207224
0 1 0.217183 0.180470 0.209170 0.185953 0.207224
0 1 0.217183 0.180470 0.209170 0.185953 0.207224
0 1 0.217183 0.180470 0.209170 0.185953 0.207224
4 0 0.223802 0.171817 0.183833 0.187175 0.233374
0 1 0.217183 0.180470 0.209170 0.185953 0.207224
0 1 0.217183 0.180470 0.209170 0.185953 0.207224
4 0 0.225452 0.169184 0.176895 0.187285 0.241185
0 1 0.218278 0.179205 0.205187 0.186223 0.211107
0 1 0.220608 0.176314 0.196467 0.186717 0.219895
4 1 0.221883 0.174602 0.191532 0.186933 0.225051
0 1 0.218170 0.179332 0.205584 0.186198 0.210717
4 1 0.222473 0.173773 0.189199 0.187019 0.227536
0 1 0.219638 0.177552 0.200138 0.186526 0.216146
4 0 0.221847 0.174651 0.191672 0.186928 0.224902
4 0 0.224335 0.170993 0.181628 0.187221 0.235824
0 1 0.217183 0.180470 0.209170 0.185953 0.207224
0 1 0.217183 0.180470 0.209170 0.185953 0.207224
0 1 0.218585 0.178840 0.204059 0.186295 0.212221
0 1 0.217183 0.180470 0.209170 0.185953 0.207224
4 1 0.221696 0.174859 0.192263 0.186904 0.224278
4 1 0.224330 0.171001 0.181649 0.187221 0.235800
4 1 0.225291 0.169451 0.177586 0.187279 0.240393
0 0 0.217863 0.179691 0.206705 0.186123 0.209618
0 0 0.217183 0.180470 0.209170 0.185953 0.207224
4 0 0.224896 0.170098 0.179268 0.187259 0.238478
0 1 0.217183 0.180470 0.209170 0.185953 0.207224
0 1 0.217183 0.180470 0.209170 0.185953 0.207224
0 0 0.217183 0.180470 0.209170 0.185953 0.207224
0 0 0.217183 0.180470 0.209170 0.185953 0.207224
0 0 0.217183 0.180470 0.209170 0.185953 0.207224
0 1 0.217183 0.180470 0.209170 0.185953 0.207224
0 1 0.217183 0.180470 0.209170 0.185953 0.207224
0 1 0.217183 0.180470 0.209170 0.185953 0.207224
0 1 0.217183 0.180470 0.209170 0.185953 0.207224
0 1 0.217183 0.180470 0.209170 0.185953 0.207224
0 1 0.217183 0.180470 0.209170 0.185953 0.207224
0 1 0.217183 0.180470 0.209170 0.185953 0.207224
0 1 0.217183 0.180470 0.209170 0.185953 0.207224
0 1 0.217183 0.180470 0.209170 0.185953 0.207224
0 1 0.217183 0.180470 0.209170 0.185953 0.207224
0 1 0.217183 0.180470 0.209170 0.185953 0.207224
2 1 0.124234 0.230760 0.368767 0.155685 0.120553
2 2 0.088305 0.241629 0.450737 0.132942 0.086387
0 2 0.217183 0.180470 0.209170 0.185953 0.207224
0 1 0.217183 0.180470 0.209170 0.185953 0.207224
0 1 0.217183 0.180470 0.209170 0.185953 0.207224
0 1 0.217183 0.180470 0.209170 0.185953 0.207224
0 1 0.217183 0.180470 0.209170 0.185953 0.207224
0 1 0.217183 0.180470 0.209170 0.185953 0.207224
0 1 0.217183 0.180470 0.209170 0.185953 0.207224
0 0 0.217183 0.180470 0.209170 0.185953 0.207224
0 0 0.217183 0.180470 0.209170 0.185953 0.207224
0 1 0.217183 0.180470 0.209170 0.185953 0.207224
0 1 0.217183 0.180470 0.209170 0.185953 0.207224
0 1 0.217183 0.180470 0.209170 0.185953 0.207224
0 1 0.217183 0.180470 0.209170 0.185953 0.207224
0 1 0.217183 0.180470 0.209170 0.185953 0.207224
0 1 0.217183 0.180470 0.209170 0.185953 0.207224
0 1 0.217183 0.180470 0.209170 0.185953 0.207224
0 1 0.217183 0.180470 0.209170 0.185953 0.207224
0 1 0.217183 0.180470 0.209170 0.185953 0.207224
0 1 0.217183 0.180470 0.209170 0.185953 0.207224
2 1 0.158891 0.214647 0.302060 0.171245 0.153157
2 2 0.195672 0.193847 0.241013 0.182080 0.187389
0 2 0.217183 0.180470 0.209170 0.185953 0.207224
0 1 0.217183 0.180470 0.209170 0.185953 0.207224
2 2 0.176855 0.204868 0.271131 0.177221 0.169924
0 2 0.217183 0.180470 0.209170 0.185953 0.207224
0 1 0.217183 0.180470 0.209170 0.185953 0.207224
2 2 0.194445 0.194586 0.242910 0.181805 0.186253
0 2 0.217183 0.180470 0.209170 0.185953 0.207224
2 2 0.192110 0.195986 0.246545 0.181267 0.184091
0 2 0.217183 0.180470 0.209170 0.185953 0.207224
0 2 0.217183 0.180470 0.209170 0.185953 0.207224
0 0 0.217183 0.180470 0.209170 0.185953 0.207224
2 2 0.130924 0.227993 0.355078 0.159132 0.126873
2 2 0.002651 0.030113 0.929480 0.026496 0.011260
2 2 0.004271 0.034676 0.907591 0.035803 0.017659
2 2 0.005376 0.044419 0.892339 0.039193 0.018674
2 2 0.003075 0.032045 0.923183 0.028950 0.012748
2 2 0.001480 0.017943 0.951605 0.020202 0.008769
2 2 0.003750 0.034373 0.913943 0.032710 0.015223
2 2 0.002769 0.030585 0.927726 0.027215 0.011705
2 2 0.009206 0.056350 0.852577 0.053262 0.028605
2 2 0.006622 0.050053 0.877962 0.043831 0.021531
2 2 0.006659 0.050661 0.877393 0.043844 0.021442
2 2 0.005079 0.039786 0.896999 0.038895 0.019241
2 2 0.009495 0.071685 0.844344 0.050573 0.023903
2 2 0.004066 0.037671 0.909069 0.033729 0.015466
2 2 0.007271 0.054571 0.870278 0.045608 0.022272
2 2 0.002325 0.027493 0.935019 0.024751 0.010411
2 2 0.005398 0.050756 0.889430 0.037759 0.016657
2 2 0.003132 0.034189 0.921586 0.028783 0.012309
2 2 0.004854 0.049132 0.895565 0.035351 0.015098
2 2 0.001651 0.023457 0.946769 0.020221 0.007903
2 2 0.009469 0.059578 0.849408 0.053411 0.028134
2 2 0.003309 0.032805 0.919932 0.030311 0.013643
2 2 0.002878 0.031014 0.926116 0.027874 0.012118
2 2 0.001844 0.020779 0.944609 0.022706 0.010061
2 2 0.002050 0.023942 0.940384 0.023527 0.010098
2 2 0.004031 0.036001 0.910056 0.033976 0.015936
2 2 0.003042 0.028490 0.924764 0.029740 0.013965
2 2 0.002012 0.024148 0.938431 0.025486 0.009923
2 2 0.002314 0.026952 0.935392 0.024809 0.010534
2 2 0.002304 0.028912 0.933803 0.025087 0.009894
2 2 0.003057 0.037114 0.921122 0.027597 0.011110
2 2 0.001515 0.020467 0.950214 0.019772 0.008031
2 2 0.002508 0.033474 0.929777 0.024661 0.009581
2 2 0.002311 0.023257 0.932826 0.029424 0.012182
2 2 0.003676 0.035166 0.913900 0.032659 0.014599
2 2 0.003314 0.034884 0.915460 0.033220 0.013122
2 2 0.001907 0.021440 0.939916 0.026354 0.010381
2 3 0.002104 0.024409 0.919787 0.043120 0.010580
2 3 0.002258 0.030828 0.923069 0.034306 0.009539
2 3 0.002032 0.025256 0.935463 0.027495 0.009755
2 3 0.002215 0.026186 0.921248 0.039444 0.010907
2 3 0.004300 0.039594 0.884378 0.055001 0.016726
2 3 0.001595 0.020692 0.945222 0.023848 0.008643
2 3 0.002333 0.023423 0.915047 0.046840 0.012357
2 3 0.003769 0.044447 0.905492 0.033942 0.012350
2 3 0.002628 0.027058 0.919253 0.038269 0.012791
2 3 0.002946 0.027242 0.889087 0.067175 0.013549
2 3 0.001585 0.018528 0.935463 0.034557 0.009866
2 3 0.003972 0.035047 0.870002 0.075135 0.015844
2 3 0.004316 0.036417 0.852683 0.090381 0.016203
2 3 0.004024 0.044603 0.898691 0.039198 0.013484
2 3 0.003598 0.031824 0.902115 0.046275 0.016189
2 3 0.005137 0.034665 0.822675 0.117425 0.020097
2 3 0.002815 0.024067 0.882965 0.076179 0.013974
2 3 0.005777 0.032806 0.758102 0.182378 0.020936
2 3 0.003784 0.033306 0.874554 0.072724 0.015632
2 3 0.005155 0.038375 0.846068 0.090845 0.019556
2 3 0.003210 0.029756 0.888712 0.063940 0.014382
2 3 0.006794 0.041103 0.772079 0.157885 0.022140
2 3 0.004250 0.033617 0.855988 0.088608 0.017537
2 3 0.004598 0.028399 0.781647 0.166726 0.018630
2 3 0.002312 0.021598 0.900924 0.062662 0.012503
2 3 0.003853 0.037959 0.880559 0.063352 0.014277
2 3 0.004919 0.043421 0.874037 0.059515 0.018108
2 3 0.002918 0.029753 0.904338 0.049456 0.013535
2 3 0.005870 0.032072 0.733975 0.207012 0.021070
2 3 0.003090 0.028442 0.883713 0.071182 0.013572
2 3 0.004340 0.039345 0.881240 0.058364 0.016711
2 3 0.003849 0.028744 0.847210 0.103468 0.016728
2 3 0.006530 0.036397 0.746986 0.187605 0.022482
2 3 0.005838 0.044718 0.834651 0.095255 0.019537
2 3 0.003701 0.026909 0.836502 0.116497 0.016391
2 3 0.004238 0.031918 0.864136 0.081257 0.018450
2 3 0.002696 0.024694 0.898356 0.060358 0.013896
2 3 0.004173 0.029544 0.851468 0.096433 0.018383
2 3 0.004379 0.028291 0.807409 0.141414 0.018508
2 3 0.005430 0.040437 0.827280 0.108139 0.018713
2 3 0.003599 0.026661 0.833515 0.120539 0.015685
2 3 0.003942 0.024590 0.811543 0.141807 0.018117
2 3 0.008596 0.059948 0.812564 0.094010 0.024882
2 3 0.005798 0.041305 0.828735 0.103893 0.020269
2 3 0.003846 0.033621 0.881830 0.064525 0.016178
2 3 0.005223 0.034546 0.805794 0.134612 0.019824
2 3 0.004739 0.036348 0.843663 0.097298 0.017952
2 3 0.004519 0.036634 0.837802 0.104517 0.016527
2 3 0.003645 0.026992 0.867219 0.084722 0.017422
2 3 0.005428 0.038895 0.818833 0.117412 0.019433
2 3 0.005969 0.032349 0.714776 0.226441 0.020464
2 3 0.006359 0.043600 0.806759 0.122430 0.020852
2 3 0.008896 0.069434 0.794213 0.105455 0.022002
2 3 0.006038 0.042099 0.818678 0.112188 0.020997
2 3 0.004614 0.039346 0.857725 0.081226 0.017089
2 3 0.003172 0.029450 0.891594 0.061099 0.014685
2 3 0.002652 0.029819 0.918981 0.036708 0.011840
2 3 0.006296 0.048162 0.833192 0.091760 0.020591
2 3 0.004760 0.037201 0.852508 0.087105 0.018425
2 3 0.007642 0.066244 0.837492 0.067831 0.020791
2 3 0.010703 0.084026 0.808853 0.071794 0.024624
2 2 0.003106 0.036867 0.913366 0.034937 0.011724
2 1 0.009331 0.083372 0.839249 0.047638 0.020410
2 2 0.013287 0.113781 0.794734 0.054989 0.023209
0 1 0.217183 0.180470 0.209170 0.185953 0.207224
0 1 0.217183 0.180470 0.209170 0.185953 0.207224
0 0 0.217183 0.180470 0.209170 0.185953 0.207224
0 1 0.217183 0.180470 0.209170 0.185953 0.207224
0 1 0.217183 0.180470 0.209170 0.185953 0.207224
2 1 0.186314 0.199417 0.255715 0.179838 0.178716
2 2 0.022228 0.131076 0.735642 0.074219 0.036834
2 2 0.015823 0.091994 0.791155 0.066417 0.034612
2 2 0.172940 0.207066 0.277682 0.176033 0.166279
2 2 0.125543 0.230234 0.366056 0.156377 0.121790
2 2 0.049321 0.191042 0.591167 0.106924 0.061546
0 2 0.217183 0.180470 0.209170 0.185953 0.207224
2 2 0.081870 0.242634 0.467269 0.128001 0.080226
2 2 0.092247 0.240844 0.440930 0.135824 0.090155
0 2 0.217183 0.180470 0.209170 0.185953 0.207224
0 2 0.217183 0.180470 0.209170 0.185953 0.207224
2 2 0.055128 0.219210 0.557303 0.108104 0.060255
0 2 0.217183 0.180470 0.209170 0.185953 0.207224
2 2 0.038477 0.167888 0.643443 0.096625 0.053567
2 2 0.151672 0.218335 0.315144 0.168456 0.146393
0 2 0.217183 0.180470 0.209170 0.185953 0.207224
0 1 0.217183 0.180470 0.209170 0.185953 0.207224
2 2 0.146683 0.220791 0.324420 0.166396 0.141711
0 2 0.217183 0.180470 0.209170 0.185953 0.207224
2 2 0.108590 0.236422 0.402554 0.146710 0.105724
2 2 0.176283 0.205191 0.272082 0.177052 0.169392
2 2 0.125446 0.230274 0.366257 0.156326 0.121698
0 2 0.217183 0.180470 0.209170 0.185953 0.207224
0 2 0.217183 0.180470 0.209170 0.185953 0.207224
2 2 0.165644 0.211066 0.290169 0.173649 0.159471
2 2 0.191461 0.196374 0.247562 0.181114 0.183490
0 2 0.217183 0.180470 0.209170 0.185953 0.207224
0 2 0.217183 0.180470 0.209170 0.185953 0.207224
0 2 0.217183 0.180470 0.209170 0.185953 0.207224
0 2 0.217183 0.180470 0.209170 0.185953 0.207224
0 2 0.217183 0.180470 0.209170 0.185953 0.207224
0 2 0.217183 0.180470 0.209170 0.185953 0.207224
0 2 0.219467 0.177765 0.200781 0.186490 0.215497
0 2 0.217183 0.180470 0.209170 0.185953 0.207224
0 4 0.217183 0.180470 0.209170 0.185953 0.207224
0 4 0.218518 0.178919 0.204302 0.186279 0.211981
4 4 0.231678 0.155889 0.145983 0.186332 0.280118
0 4 0.220778 0.176091 0.195814 0.186748 0.220569
0 4 0.218529 0.178906 0.204263 0.186282 0.212019
0 4 0.220771 0.176101 0.195844 0.186747 0.220538
0 4 0.217183 0.180470 0.209170 0.185953 0.207224
0 4 0.218851 0.178520 0.203076 0.186355 0.213198
0 4 0.217271 0.180370 0.208852 0.185976 0.207531
0 4 0.219516 0.177704 0.200597 0.186500 0.215683
0 4 0.217183 0.180470 0.209170 0.185953 0.207224
0 4 0.217183 0.180470 0.209170 0.185953 0.207224
4 4 0.227527 0.165473 0.167622 0.187261 0.252117
4 4 0.227229 0.166038 0.168998 0.187278 0.250457
0 1 0.217183 0.180470 0.209170 0.185953 0.207224
0 1 0.217183 0.180470 0.209170 0.185953 0.207224
0 1 0.217183 0.180470 0.209170 0.185953 0.207224
0 1 0.217183 0.180470 0.209170 0.185953 0.207224
0 1 0.217183 0.180470 0.209170 0.185953 0.207224
0 1 0.217183 0.180470 0.209170 0.185953 0.207224
2 2 0.167222 0.210213 0.287438 0.174183 0.160944
0 2 0.217183 0.180470 0.209170 0.185953 0.207224
0 2 0.217183 0.180470 0.209170 0.185953 0.207224
0 2 0.217183 0.180470 0.209170 0.185953 0.207224
0 1 0.217183 0.180470 0.209170 0.185953 0.207224
0 1 0.217183 0.180470 0.209170 0.185953 0.207224
0 1 0.217183 0.180470 0.209170 0.185953 0.207224
0 1 0.218180 0.179320 0.205546 0.186200 0.210754
0 1 0.220633 0.176280 0.196369 0.186722 0.219996
4 1 0.221719 0.174827 0.192172 0.186908 0.224374
0 1 0.217183 0.180470 0.209170 0.185953 0.207224
0 1 0.217183 0.180470 0.209170 0.185953 0.207224
0 0 0.217183 0.180470 0.209170 0.185953 0.207224
0 1 0.217183 0.180470 0.209170 0.185953 0.207224
0 1 0.217183 0.180470 0.209170 0.185953 0.207224
0 1 0.217183 0.180470 0.209170 0.185953 0.207224
2 1 0.198479 0.192145 0.236707 0.182685 0.189985
2 1 0.200797 0.190728 0.233185 0.183163 0.192127
2 1 0.157947 0.215138 0.303748 0.170893 0.152274
2 2 0.125013 0.230448 0.367152 0.156098 0.121289
2 2 0.154061 0.217131 0.310770 0.169404 0.148633
2 2 0.087199 0.241828 0.453532 0.132113 0.085329
2 2 0.207616 0.186510 0.223006 0.184448 0.198420
2 2 0.005447 0.053559 0.887560 0.037387 0.016047
2 2 0.203163 0.189273 0.229623 0.183629 0.194312
0 0 0.217183 0.180470 0.209170 0.185953 0.207224
0 1 0.217183 0.180470 0.209170 0.185953 0.207224
0 1 0.217183 0.180470 0.209170 0.185953 0.207224
0 1 0.217183 0.180470 0.209170 0.185953 0.207224
2 1 0.055168 0.232240 0.550116 0.105626 0.056850
2 2 0.002469 0.031747 0.929796 0.026068 0.009920
2 2 0.025334 0.145725 0.712342 0.077960 0.038639
2 2 0.040177 0.170385 0.635425 0.098683 0.055330
2 2 0.051707 0.182022 0.586684 0.111841 0.067746
2 2 0.056282 0.216169 0.555130 0.109994 0.062425
2 2 0.007668 0.065793 0.861767 0.044717 0.020055
2 2 0.005098 0.048516 0.893434 0.036754 0.016197
2 2 0.016780 0.090906 0.785529 0.069351 0.037435
2 2 0.052824 0.178826 0.583979 0.113929 0.070441
2 2 0.112172 0.235236 0.394583 0.148883 0.109125
2 2 0.014762 0.094135 0.796918 0.062907 0.031278
2 2 0.146301 0.220976 0.325138 0.166233 0.141352
2 2 0.073517 0.230430 0.495837 0.123865 0.076351
2 2 0.011442 0.085134 0.823420 0.054538 0.025466
2 2 0.106340 0.237131 0.407636 0.145308 0.103585
2 2 0.037397 0.143527 0.658588 0.100242 0.060246
2 2 0.034237 0.137806 0.674839 0.096248 0.056869
2 2 0.044944 0.181652 0.611645 0.103138 0.058622
2 2 0.055995 0.193441 0.566814 0.114437 0.069313
2 2 0.055543 0.193300 0.568418 0.113948 0.068791
2 2 0.020155 0.107059 0.758630 0.074391 0.039765
2 2 0.016733 0.104748 0.779584 0.066158 0.032778
2 2 0.076429 0.206992 0.496802 0.131646 0.088131
2 2 0.036689 0.153695 0.657469 0.096803 0.055345
2 2 0.044147 0.170233 0.619923 0.104463 0.061233
2 2 0.016240 0.090410 0.789153 0.067963 0.036234
2 2 0.085938 0.242041 0.456741 0.131159 0.084122
2 2 0.053204 0.199222 0.573716 0.109956 0.063902
2 2 0.017195 0.108492 0.774952 0.066616 0.032745
2 2 0.031654 0.150338 0.680941 0.088974 0.048093
2 2 0.004402 0.042548 0.903351 0.034430 0.015269
2 2 0.027356 0.132097 0.709611 0.084738 0.046198
2 2 0.018065 0.103646 0.772247 0.069893 0.036149
2 2 0.028249 0.150784 0.696039 0.082662 0.042266
2 2 0.132391 0.227361 0.352132 0.159858 0.128257
2 2 0.117641 0.233295 0.382690 0.152063 0.114312
2 2 0.089076 0.238420 0.450033 0.134208 0.088263
2 2 0.137542 0.225078 0.341942 0.162325 0.133113
2 2 0.106451 0.237097 0.407385 0.145377 0.103690
2 2 0.067858 0.220022 0.517121 0.121006 0.073994
2 2 0.149484 0.219421 0.319187 0.167567 0.144341
2 2 0.116093 0.233859 0.386022 0.151180 0.112845
2 2 0.094178 0.240415 0.436210 0.137198 0.091998
2 2 0.073598 0.243348 0.489580 0.121189 0.072285
2 2 0.172817 0.207135 0.277890 0.175994 0.166164
2 2 0.126586 0.229809 0.363907 0.156922 0.122776
2 2 0.169232 0.209115 0.283982 0.174849 0.162821
2 2 0.082555 0.242545 0.465477 0.128542 0.080882
2 2 0.078222 0.243035 0.476951 0.125064 0.076727
2 2 0.088401 0.241612 0.450494 0.133013 0.086479
2 2 0.122573 0.231418 0.372233 0.154794 0.118982
2 2 0.065193 0.243276 0.513659 0.113679 0.064193
2 2 0.102717 0.238209 0.415949 0.142987 0.100138
2 2 0.051600 0.195612 0.580967 0.108790 0.063032
2 2 0.161411 0.213325 0.297584 0.172165 0.155515
2 2 0.086260 0.241988 0.455918 0.131404 0.084431
2 2 0.089115 0.241478 0.448702 0.133543 0.087162
2 2 0.077101 0.235794 0.483324 0.125718 0.078063
2 2 0.098209 0.239435 0.426524 0.139988 0.095844
2 2 0.149121 0.219600 0.319862 0.167417 0.144000
2 2 0.036562 0.170310 0.649988 0.093153 0.049988
2 2 0.072011 0.243401 0.494009 0.119819 0.070760
2 2 0.052950 0.215706 0.566278 0.106321 0.058745
2 2 0.076556 0.234873 0.485255 0.125470 0.077847
2 2 0.036194 0.170742 0.651258 0.092486 0.049320
2 2 0.095606 0.240081 0.432753 0.138198 0.093361
2 2 0.032520 0.154270 0.675176 0.089689 0.048345
2 2 0.019123 0.120068 0.757959 0.069176 0.033674
2 2 0.031183 0.171708 0.671450 0.084030 0.041630
2 2 0.102800 0.238185 0.415758 0.143040 0.100217
2 2 0.098792 0.239284 0.425142 0.140382 0.096399
2 2 0.122437 0.231471 0.372518 0.154720 0.118853
2 2 0.101771 0.238477 0.418146 0.142368 0.099238
2 2 0.060499 0.191040 0.552615 0.119985 0.075860
2 2 0.053017 0.165499 0.588125 0.117272 0.076086
2 2 0.057722 0.214207 0.551456 0.111970 0.064646
2 2 0.022926 0.143325 0.725249 0.073441 0.035058
2 2 0.047378 0.197898 0.594674 0.103055 0.056995
2 2 0.034010 0.176847 0.656807 0.087814 0.044522
2 2 0.094208 0.240409 0.436137 0.137219 0.092027
2 2 0.181078 0.202458 0.264177 0.178434 0.173853
0 0 0.217183 0.180470 0.209170 0.185953 0.207224
0 0 0.217183 0.180470 0.209170 0.185953 0.207224
0 1 0.217183 0.180470 0.209170 0.185953 0.207224
2 2 0.041277 0.179006 0.626878 0.098532 0.054307
2 2 0.060410 0.199012 0.549673 0.118104 0.072801
2 4 0.008294 0.066980 0.856071 0.046993 0.021661
2 4 0.109673 0.204387 0.407986 0.155270 0.122685
4 4 0.231391 0.156696 0.147691 0.186455 0.277767
4 4 0.228126 0.164300 0.164803 0.187212 0.255559
2 4 0.211930 0.183803 0.216704 0.185169 0.202393
0 4 0.217948 0.179591 0.206392 0.186144 0.209924
0 4 0.217183 0.180470 0.209170 0.185953 0.207224
4 4 0.222124 0.174266 0.190583 0.186970 0.226058
0 4 0.218500 0.178941 0.204371 0.186275 0.211913
0 4 0.219882 0.177246 0.199223 0.186576 0.217074
4 4 0.227859 0.164830 0.166070 0.187236 0.254005
4 4 0.225711 0.168747 0.175775 0.187293 0.242474
0 4 0.218863 0.178505 0.203029 0.186358 0.213244
0 4 0.220580 0.176350 0.196573 0.186712 0.219786
4 4 0.233163 0.151105 0.136234 0.185450 0.294048
4 4 0.235021 0.141969 0.119221 0.183071 0.320718
4 4 0.235661 0.133977 0.105820 0.180297 0.344244
4 4 0.233503 0.149810 0.133700 0.185166 0.297821
4 4 0.235098 0.122815 0.089057 0.175411 0.377619
4 4 0.223126 0.172829 0.186585 0.187102 0.230358
4 4 0.228513 0.163512 0.162939 0.187169 0.257868
4 4 0.231524 0.156325 0.146904 0.186399 0.278847
4 4 0.223291 0.172584 0.185915 0.187122 0.231088
0 4 0.217566 0.180034 0.207784 0.186050 0.208566
4 4 0.235637 0.134771 0.107096 0.180601 0.341894
4 4 0.225708 0.168752 0.175787 0.187293 0.242460
0 4 0.217183 0.180470 0.209170 0.185953 0.207224
4 4 0.229319 0.161790 0.158942 0.187045 0.262904
0 4 0.217183 0.180470 0.209170 0.185953 0.207224
4 4 0.222957 0.173076 0.187266 0.187082 0.229620
4 4 0.224934 0.170037 0.179108 0.187261 0.238660
0 4 0.219593 0.177609 0.200310 0.186516 0.215973
4 4 0.224336 0.170990 0.181620 0.187221 0.235832
4 4 0.231968 0.155043 0.144212 0.186195 0.282582
0 4 0.217533 0.180072 0.207905 0.186042 0.208448
0 4 0.220768 0.176104 0.195853 0.186746 0.220529
4 4 0.231207 0.157198 0.148764 0.186527 0.276304
0 4 0.217583 0.180015 0.207723 0.186054 0.208625
4 4 0.226977 0.166507 0.170151 0.187288 0.249077
0 4 0.217183 0.180470 0.209170 0.185953 0.207224
0 4 0.217183 0.180470 0.209170 0.185953 0.207224
0 0 0.217183 0.180470 0.209170 0.185953 0.207224
4 4 0.222250 0.174089 0.190085 0.186988 0.226588
0 4 0.219936 0.177178 0.199020 0.186587 0.217280
0 4 0.217653 0.179933 0.207467 0.186072 0.208874
0 4 0.217183 0.180470 0.209170 0.185953 0.207224
4 4 0.227193 0.166106 0.169165 0.187279 0.250257
0 4 0.220077 0.176998 0.198484 0.186615 0.217826
4 4 0.223450 0.172347 0.185270 0.187139 0.231794
4 4 0.221990 0.174452 0.191109 0.186950 0.225499
0 4 0.217183 0.180470 0.209170 0.185953 0.207224
0 4 0.217496 0.180113 0.208036 0.186033 0.208321
0 1 0.217183 0.180470 0.209170 0.185953 0.207224
0 4 0.217183 0.180470 0.209170 0.185953 0.207224
4 4 0.223861 0.171727 0.183590 0.187180 0.233642
4 4 0.222716 0.173425 0.188232 0.187052 0.228575
4 4 0.232658 0.152870 0.139759 0.185806 0.288907
0 4 0.217183 0.180470 0.209170 0.185953 0.207224
0 4 0.217183 0.180470 0.209170 0.185953 0.207224
0 1 0.220223 0.176811 0.197931 0.186644 0.218391
0 1 0.217183 0.180470 0.209170 0.185953 0.207224
0 1 0.217183 0.180470 0.209170 0.185953 0.207224
0 1 0.217183 0.180470 0.209170 0.185953 0.207224
0 1 0.218376 0.179089 0.204828 0.186246 0.211462
0 1 0.217183 0.180470 0.209170 0.185953 0.207224
0 1 0.217183 0.180470 0.209170 0.185953 0.207224
0 1 0.218245 0.179244 0.205308 0.186215 0.210988
0 1 0.217183 0.180470 0.209170 0.185953 0.207224
4 1 0.224276 0.171084 0.181871 0.187217 0.235552
0 1 0.217367 0.180261 0.208505 0.186000 0.207866
0 1 0.217183 0.180470 0.209170 0.185953 0.207224
0 1 0.218504 0.178937 0.204357 0.186276 0.211927
0 1 0.217183 0.180470 0.209170 0.185953 0.207224
0 1 0.217183 0.180470 0.209170 0.185953 0.207224
0 1 0.217183 0.180470 0.209170 0.185953 0.207224
0 1 0.217183 0.180470 0.209170 0.185953 0.207224
0 1 0.217183 0.180470 0.209170 0.185953 0.207224
0 1 0.217183 0.180470 0.209170 0.185953 0.207224
0 1 0.217183 0.180470 0.209170 0.185953 0.207224
0 1 0.217183 0.180470 0.209170 0.185953 0.207224
0 1 0.217183 0.180470 0.209170 0.185953 0.207224
0 2 0.217183 0.180470 0.209170 0.185953 0.207224
0 2 0.217183 0.180470 0.209170 0.185953 0.207224
0 1 0.217183 0.180470 0.209170 0.185953 0.207224
0 0 0.217183 0.180470 0.209170 0.185953 0.207224
0 1 0.217183 0.180470 0.209170 0.185953 0.207224
0 1 0.219799 0.177350 0.199536 0.186559 0.216756
0 1 0.217183 0.180470 0.209170 0.185953 0.207224
2 1 0.164690 0.211580 0.291829 0.173321 0.158580
4 1 0.224387 0.170911 0.181410 0.187225 0.236067
0 1 0.217492 0.180119 0.208054 0.186032 0.208304
0 1 0.217183 0.180470 0.209170 0.185953 0.207224
2 1 0.032243 0.181245 0.661417 0.084120 0.040975
2 2 0.051987 0.239645 0.555907 0.100723 0.051738
2 2 0.095823 0.240029 0.432232 0.138349 0.093568
2 2 0.021650 0.139694 0.733653 0.071347 0.033656
2 2 0.006624 0.057480 0.874827 0.042041 0.019029
2 2 0.023787 0.115766 0.734943 0.080863 0.044641
2 2 0.002096 0.027057 0.938471 0.023065 0.009310
2 2 0.001678 0.023324 0.946396 0.020498 0.008103
2 2 0.045899 0.143667 0.622480 0.113180 0.074774
2 2 0.082439 0.219365 0.475157 0.133675 0.089365
2 2 0.006112 0.054856 0.880725 0.040281 0.018026
2 2 0.004356 0.047786 0.901271 0.032996 0.013592
2 2 0.018059 0.094664 0.776104 0.071920 0.039253
2 2 0.013666 0.068430 0.813890 0.065875 0.038139
2 2 0.002564 0.024248 0.932534 0.027559 0.013095
2 2 0.008239 0.071978 0.853911 0.045736 0.020135
2 2 0.001715 0.021255 0.946601 0.021398 0.009030
2 2 0.013469 0.098081 0.803069 0.058310 0.027071
2 2 0.001271 0.017373 0.955610 0.018250 0.007495
2 2 0.003639 0.035792 0.914777 0.031629 0.014163
2 2 0.001991 0.026379 0.940293 0.022390 0.008947
2 2 0.004832 0.040283 0.899549 0.037405 0.017930
2 2 0.020220 0.098693 0.761591 0.076505 0.042991
2 2 0.003301 0.031882 0.920349 0.030515 0.013952
2 2 0.006641 0.045828 0.879079 0.045086 0.023366
2 2 0.010287 0.070955 0.838602 0.053641 0.026515
2 2 0.001857 0.019801 0.944596 0.023152 0.010594
2 2 0.002731 0.024582 0.929999 0.028726 0.013962
2 2 0.004136 0.038340 0.908009 0.033970 0.015545
2 2 0.005560 0.042313 0.891100 0.040727 0.020300
2 2 0.003818 0.036782 0.912283 0.032471 0.014645
2 2 0.001950 0.021630 0.942646 0.023377 0.010398
2 2 0.010633 0.070722 0.836060 0.054938 0.027647
2 2 0.002722 0.029603 0.928735 0.027140 0.011801
2 2 0.001932 0.021111 0.943070 0.023384 0.010503
2 2 0.006716 0.055612 0.874861 0.042884 0.019927
2 2 0.003677 0.031813 0.915592 0.032995 0.015922
2 2 0.001708 0.023594 0.945809 0.020694 0.008195
2 2 0.001535 0.019379 0.950237 0.020284 0.008564
2 2 0.003235 0.037712 0.918719 0.028607 0.011727
2 2 0.002637 0.027515 0.930624 0.027105 0.012118
2 2 0.002509 0.027905 0.932275 0.026041 0.011270
2 2 0.002517 0.029332 0.931609 0.025718 0.010823
2 2 0.003617 0.040375 0.912996 0.030380 0.012631
2 2 0.014253 0.091018 0.801676 0.062085 0.030968
2 2 0.003553 0.034934 0.916144 0.031311 0.014058
2 2 0.005463 0.053169 0.887603 0.037552 0.016212
2 2 0.004780 0.040572 0.900029 0.037036 0.017584
2 2 0.005857 0.060831 0.879850 0.037856 0.015606
2 2 0.004554 0.042193 0.901868 0.035362 0.016023
2 2 0.006533 0.051852 0.878134 0.042954 0.020528
2 2 0.004105 0.038781 0.908200 0.033668 0.015246
2 2 0.005224 0.049209 0.891860 0.037239 0.016468
2 2 0.001844 0.022404 0.944124 0.022213 0.009415
2 2 0.002559 0.030977 0.928126 0.027707 0.010630
2 2 0.007212 0.060953 0.868013 0.043848 0.019975
2 2 0.004294 0.042368 0.904598 0.033865 0.014875
2 2 0.002399 0.027482 0.933980 0.025321 0.010817
2 2 0.002810 0.028256 0.927541 0.028583 0.012809
2 2 0.002542 0.029754 0.928922 0.027855 0.010927
2 2 0.005042 0.043405 0.896190 0.037707 0.017655
2 2 0.002770 0.035203 0.925585 0.026107 0.010335
2 2 0.005110 0.050146 0.886033 0.042637 0.016073
2 2 0.003390 0.035626 0.914338 0.033416 0.013230
2 2 0.003200 0.041020 0.915100 0.029837 0.010843
2 2 0.003234 0.029683 0.921510 0.031054 0.014519
2 2 0.003032 0.030670 0.914897 0.037918 0.013481
2 2 0.002497 0.027848 0.926096 0.032027 0.011531
2 2 0.003284 0.038160 0.915729 0.030903 0.011924
2 2 0.003509 0.036834 0.900814 0.044984 0.013860
2 2 0.002676 0.031982 0.920750 0.033450 0.011141
2 2 0.007277 0.058174 0.866323 0.047051 0.021176
2 2 0.002640 0.028757 0.923835 0.032788 0.011980
2 2 0.004462 0.045188 0.893383 0.041884 0.015083
2 2 0.003355 0.033247 0.918307 0.031334 0.013757
2 2 0.004289 0.042042 0.889710 0.048345 0.015614
2 2 0.004525 0.047853 0.898594 0.034773 0.014255
2 2 0.004982 0.050818 0.883837 0.044822 0.015542
2 2 0.002337 0.025366 0.925216 0.035345 0.011735
2 2 0.002428 0.025070 0.929356 0.030984 0.012162
2 2 0.003072 0.032784 0.910134 0.040961 0.013049
2 2 0.002768 0.028569 0.909564 0.045898 0.013201
2 2 0.001790 0.023744 0.940995 0.024678 0.008794
2 2 0.003124 0.033878 0.912387 0.037811 0.012801
2 2 0.002990 0.032843 0.914206 0.037458 0.012502
2 2 0.004156 0.037730 0.895373 0.046292 0.016450
2 3 0.003621 0.033792 0.882315 0.065408 0.014864
2 2 0.005289 0.054270 0.885844 0.039152 0.015444
2 2 0.002143 0.029143 0.932400 0.027160 0.009155
2 2 0.005337 0.050735 0.875086 0.051763 0.017080
2 2 0.005021 0.039506 0.881696 0.053921 0.019857
2 2 0.003128 0.033905 0.915542 0.034744 0.012680
2 2 0.006208 0.055571 0.860760 0.058527 0.018934
2 2 0.003766 0.040093 0.888528 0.053381 0.014232
2 2 0.004926 0.048013 0.888513 0.042537 0.016012
2 2 0.002531 0.025607 0.921426 0.037612 0.012824
2 2 0.002257 0.027459 0.932951 0.027132 0.010202
2 2 0.007452 0.068590 0.861101 0.044143 0.018713
2 2 0.004071 0.043529 0.894866 0.043409 0.014124
2 2 0.003755 0.037536 0.912718 0.031893 0.014098
2 2 0.001833 0.023026 0.942625 0.023317 0.009200
2 2 0.003169 0.041014 0.916124 0.029004 0.010689
2 2 0.001316 0.017383 0.954785 0.018707 0.007809
2 2 0.002593 0.033534 0.928318 0.025575 0.009979
0 2 0.217183 0.180470 0.209170 0.185953 0.207224
0 1 0.217183 0.180470 0.209170 0.185953 0.207224
0 1 0.217183 0.180470 0.209170 0.185953 0.207224
0 0 0.220106 0.176961 0.198375 0.186621 0.217937
0 1 0.217183 0.180470 0.209170 0.185953 0.207224
0 1 0.217183 0.180470 0.209170 0.185953 0.207224
0 1 0.217183 0.180470 0.209170 0.185953 0.207224
0 1 0.217183 0.180470 0.209170 0.185953 0.207224
0 0 0.217183 0.180470 0.209170 0.185953 0.207224
4 0 0.231913 0.155206 0.144553 0.186222 0.282106
0 0 0.217183 0.180470 0.209170 0.185953 0.207224
0 0 0.217183 0.180470 0.209170 0.185953 0.207224
0 0 0.217183 0.180470 0.209170 0.185953 0.207224
0 0 0.217183 0.180470 0.209170 0.185953 0.207224
0 0 0.217183 0.180470 0.209170 0.185953 0.207224
0 1 0.217183 0.180470 0.209170 0.185953 0.207224
0 1 0.217183 0.180470 0.209170 0.185953 0.207224
0 1 0.217183 0.180470 0.209170 0.185953 0.207224
0 1 0.217622 0.179969 0.207580 0.186064 0.208764
0 2 0.217183 0.180470 0.209170 0.185953 0.207224
0 2 0.217183 0.180470 0.209170 0.185953 0.207224
0 1 0.217183 0.180470 0.209170 0.185953 0.207224
0 1 0.217183 0.180470 0.209170 0.185953 0.207224
0 1 0.217183 0.180470 0.209170 0.185953 0.207224
0 1 0.217183 0.180470 0.209170 0.185953 0.207224
0 1 0.217183 0.180470 0.209170 0.185953 0.207224
0 1 0.217183 0.180470 0.209170 0.185953 0.207224
0 1 0.217183 0.180470 0.209170 0.185953 0.207224
4 4 0.224992 0.169943 0.178863 0.187265 0.238938
4 4 0.234510 0.145175 0.124969 0.184005 0.311342
4 4 0.223734 0.171920 0.184112 0.187168 0.233067
4 4 0.229328 0.101334 0.062045 0.162820 0.444474
4 4 0.226207 0.167891 0.173600 0.187300 0.245002
4 4 0.229554 0.161264 0.157741 0.186999 0.264441
4 4 0.228093 0.164365 0.164959 0.187215 0.255368
4 4 0.227419 0.165679 0.168123 0.187267 0.251511
4 4 0.222769 0.173349 0.188019 0.187059 0.228805
4 4 0.224752 0.170330 0.179877 0.187251 0.237790
4 4 0.227854 0.097971 0.058353 0.160468 0.455354
4 4 0.231513 0.107171 0.068777 0.166654 0.425885
4 4 0.235311 0.139528 0.114991 0.182290 0.327880
4 4 0.235422 0.125915 0.093503 0.176883 0.368278
0 4 0.219744 0.177420 0.199743 0.186548 0.216546
4 4 0.233996 0.147722 0.129704 0.184672 0.303905
4 4 0.225869 0.168478 0.175087 0.187296 0.243270
0 0 0.217183 0.180470 0.209170 0.185953 0.207224
4 4 0.229604 0.161152 0.157486 0.186989 0.264770
4 4 0.233312 0.150549 0.135140 0.185330 0.295669
4 4 0.229215 0.162019 0.159466 0.187063 0.262237
4 4 0.224638 0.170512 0.180356 0.187243 0.237250
4 4 0.228710 0.163103 0.161979 0.187143 0.259066
4 4 0.229662 0.161018 0.157183 0.186976 0.265160
4 4 0.232962 0.151829 0.137670 0.185600 0.291940
0 4 0.220470 0.176492 0.196991 0.186691 0.219355
4 4 0.228816 0.162878 0.161455 0.187127 0.259724
4 4 0.234840 0.143213 0.121425 0.183446 0.317075
4 4 0.231841 0.155419 0.144998 0.186257 0.281486
0 4 0.220071 0.177006 0.198508 0.186614 0.217802
4 4 0.231331 0.156860 0.148042 0.186479 0.277287
4 4 0.231178 0.157276 0.148932 0.186538 0.276076
