0 0 0.535690 0.116968 0.114660 0.100274 0.132409
0 0 0.535690 0.116968 0.114660 0.100274 0.132409
0 0 0.535690 0.116968 0.114660 0.100274 0.132409
0 0 0.533105 0.118377 0.113998 0.094307 0.140213
0 0 0.509892 0.124738 0.108443 0.065138 0.191789
0 0 0.512320 0.124336 0.109008 0.067226 0.187109
0 0 0.473058 0.127674 0.100056 0.043438 0.255774
0 0 0.490132 0.126900 0.103909 0.051748 0.227311
0 0 0.511910 0.124407 0.108913 0.066864 0.187906
0 0 0.521321 0.122454 0.111127 0.076347 0.168752
0 0 0.524513 0.121589 0.111891 0.080296 0.161711
0 0 0.525305 0.121353 0.112081 0.081355 0.159906
0 0 0.515504 0.123748 0.109753 0.070177 0.180817
0 0 0.509021 0.124873 0.108241 0.064419 0.193445
0 0 0.492060 0.126758 0.104347 0.052840 0.223995
0 0 0.474526 0.127638 0.100385 0.044071 0.253381
4 0 0.364130 0.120824 0.076128 0.016700 0.422218
4 0 0.212339 0.091573 0.043744 0.004035 0.648309
4 0 0.226338 0.095080 0.046697 0.004698 0.627187
4 0 0.129337 0.068623 0.028107 0.001431 0.772503
4 0 0.030847 0.024787 0.006136 0.000072 0.938157
4 0 0.029370 0.023935 0.005838 0.000066 0.940791
4 0 0.024515 0.021032 0.004859 0.000046 0.949548
4 0 0.025670 0.021737 0.005092 0.000051 0.947451
4 0 0.031612 0.025225 0.006291 0.000076 0.936796
4 0 0.040256 0.029954 0.008043 0.000122 0.921625
4 0 0.047546 0.033694 0.009526 0.000170 0.909064
4 0 0.036681 0.029842 0.008562 0.000121 0.924793
4 0 0.034874 0.027052 0.006951 0.000092 0.931030
4 0 0.031864 0.025368 0.006342 0.000077 0.936349
4 0 0.030012 0.024307 0.005968 0.000069 0.939645
4 0 0.063412 0.041233 0.012766 0.000303 0.882287
4 0 0.071199 0.044688 0.014362 0.000383 0.869368
4 0 0.086734 0.051193 0.017556 0.000574 0.843943
4 0 0.136220 0.069289 0.027804 0.001486 0.765200
4 0 0.108878 0.059725 0.022129 0.000922 0.808346
4 1 0.082749 0.049569 0.016735 0.000521 0.850425
4 1 0.025462 0.021611 0.005050 0.000050 0.947828
4 2 0.023937 0.020676 0.004743 0.000044 0.950600
4 2 0.020578 0.022185 0.006375 0.000054 0.950808
4 2 0.016838 0.114677 0.273627 0.001404 0.593455
4 2 0.014787 0.065190 0.170534 0.002015 0.747475
4 2 0.013646 0.073966 0.279559 0.002976 0.629854
4 2 0.015591 0.081810 0.436461 0.005955 0.460183
4 2 0.015452 0.085259 0.421559 0.004806 0.472923
4 2 0.022207 0.104134 0.366423 0.004251 0.502984
4 2 0.022556 0.110927 0.305519 0.002723 0.558275
2 2 0.011671 0.128833 0.596848 0.002162 0.260486
4 2 0.014049 0.126517 0.393976 0.001509 0.463949
4 2 0.011169 0.117488 0.318544 0.000859 0.551941
2 2 0.010948 0.127359 0.505157 0.001706 0.354830
2 2 0.010292 0.136960 0.629665 0.001815 0.221269
2 2 0.007940 0.135505 0.673990 0.001343 0.181222
2 2 0.006258 0.112745 0.711765 0.001496 0.167736
2 2 0.002513 0.058146 0.883596 0.002456 0.053288
2 2 0.001299 0.035110 0.925662 0.002984 0.034945
2 2 0.000375 0.015358 0.973974 0.002983 0.007311
2 2 0.000143 0.006380 0.986698 0.004756 0.002023
2 2 0.000567 0.015272 0.967533 0.005625 0.011003
2 2 0.000865 0.023959 0.954194 0.003630 0.017351
2 2 0.004775 0.096097 0.825068 0.001856 0.072205
2 1 0.008970 0.106647 0.760662 0.003451 0.120270
2 2 0.003764 0.065556 0.830599 0.003107 0.096973
2 2 0.001756 0.039899 0.864418 0.003160 0.090768
2 2 0.001036 0.027492 0.925093 0.003619 0.042759
2 2 0.001390 0.025401 0.931775 0.007134 0.034300
2 2 0.001608 0.031311 0.922547 0.005221 0.039312
2 2 0.001516 0.028183 0.931472 0.006133 0.032696
2 2 0.001952 0.032103 0.922128 0.007002 0.036815
2 2 0.001545 0.025602 0.937499 0.008033 0.027321
2 2 0.000610 0.013742 0.970451 0.007457 0.007740
2 2 0.000089 0.002913 0.983919 0.012260 0.000820
2 2 0.000062 0.002034 0.982866 0.014691 0.000348
2 2 0.000041 0.001426 0.982798 0.015506 0.000229
2 3 0.000027 0.000971 0.972350 0.026490 0.000161
2 3 0.000068 0.001531 0.929177 0.068915 0.000309
2 3 0.000122 0.002014 0.856093 0.141291 0.000481
2 3 0.000116 0.002053 0.777201 0.220138 0.000492
2 3 0.000199 0.002673 0.700372 0.295977 0.000780
2 3 0.000296 0.003151 0.633396 0.362063 0.001094
3 3 0.000420 0.001739 0.092604 0.904531 0.000706
3 3 0.000299 0.001215 0.070517 0.927503 0.000465
3 3 0.000356 0.001448 0.069725 0.927923 0.000548
3 3 0.000410 0.001847 0.089784 0.907176 0.000783
3 3 0.000409 0.001701 0.083218 0.913998 0.000673
3 3 0.001691 0.003960 0.132771 0.859555 0.002022
3 3 0.003136 0.006977 0.335293 0.651040 0.003553
2 3 0.007620 0.014147 0.658412 0.311279 0.008542
2 3 0.006511 0.023990 0.876872 0.075122 0.017505
2 3 0.003759 0.018668 0.899830 0.061947 0.015797
2 3 0.000614 0.007952 0.957042 0.028353 0.006039
2 3 0.000332 0.007015 0.972922 0.014148 0.005584
2 3 0.000128 0.004407 0.984541 0.008809 0.002114
2 3 0.000051 0.001730 0.978318 0.019460 0.000440
2 3 0.000117 0.002477 0.964361 0.032418 0.000627
2 3 0.000140 0.002347 0.907965 0.088907 0.000641
2 3 0.000212 0.002838 0.852891 0.143129 0.000931
2 3 0.000220 0.002737 0.713792 0.282397 0.000854
3 3 0.000258 0.002216 0.471362 0.525328 0.000836
3 3 0.000300 0.002062 0.339326 0.657497 0.000814
3 3 0.000168 0.001164 0.114909 0.883335 0.000425
3 3 0.000202 0.001141 0.099704 0.898502 0.000451
3 3 0.000215 0.001062 0.070370 0.927963 0.000390
3 3 0.000336 0.001354 0.061273 0.936500 0.000537
3 3 0.000202 0.000901 0.042392 0.956188 0.000317
3 3 0.000237 0.000954 0.035724 0.962760 0.000325
3 3 0.000322 0.001201 0.029968 0.968097 0.000412
3 3 0.000882 0.002665 0.046463 0.948846 0.001143
3 3 0.002716 0.007927 0.151045 0.832449 0.005863
3 3 0.002344 0.008127 0.255640 0.727144 0.006745
2 2 0.005086 0.019965 0.644772 0.295936 0.034241
2 2 0.001859 0.014611 0.883766 0.076343 0.023422
2 2 0.001684 0.016457 0.924610 0.025600 0.031649
2 2 0.003437 0.023442 0.876056 0.035173 0.061892
2 2 0.002878 0.019662 0.861377 0.067179 0.048904
2 2 0.003682 0.025256 0.820812 0.066466 0.083784
2 2 0.004172 0.030832 0.800737 0.054237 0.110023
2 2 0.003897 0.028960 0.827838 0.047348 0.091957
2 2 0.003976 0.032540 0.825269 0.032507 0.105708
2 2 0.001287 0.015399 0.935797 0.021494 0.026023
2 2 0.002400 0.035811 0.889907 0.007201 0.064681
2 2 0.001881 0.019526 0.934868 0.020481 0.023244
2 2 0.003416 0.017281 0.865733 0.097478 0.016092
2 2 0.009451 0.020653 0.618126 0.330125 0.021644
2 2 0.033008 0.040301 0.586020 0.284202 0.056469
2 2 0.024178 0.041677 0.737884 0.146810 0.049451
2 2 0.009085 0.044916 0.856341 0.032214 0.057445
2 2 0.007440 0.055927 0.809351 0.013507 0.113774
2 2 0.007394 0.064916 0.664563 0.006882 0.256245
2 2 0.005048 0.054108 0.794141 0.008118 0.138585
2 2 0.001815 0.027327 0.917269 0.009802 0.043788
2 2 0.001092 0.025298 0.938003 0.005105 0.030501
2 2 0.000571 0.016240 0.966118 0.004928 0.012143
2 2 0.000428 0.011045 0.973878 0.007469 0.007180
2 2 0.000339 0.006572 0.972335 0.016882 0.003872
2 2 0.000471 0.007543 0.955719 0.030196 0.006072
2 2 0.001068 0.012550 0.922767 0.049191 0.014424
2 2 0.003208 0.022157 0.853349 0.079306 0.041980
2 2 0.004817 0.027402 0.825631 0.078122 0.064029
2 2 0.004493 0.024845 0.823982 0.095194 0.051486
2 2 0.001445 0.014707 0.936630 0.026313 0.020906
2 2 0.001092 0.012226 0.909557 0.063217 0.013907
2 2 0.002070 0.017195 0.800182 0.159967 0.020585
2 2 0.001655 0.013362 0.722186 0.245390 0.017405
2 2 0.002821 0.019793 0.814704 0.133156 0.029526
2 2 0.005868 0.018345 0.719536 0.228743 0.027507
2 2 0.006158 0.015337 0.770972 0.188885 0.018647
2 2 0.002494 0.008711 0.772303 0.211008 0.005484
2 2 0.001753 0.008752 0.888897 0.093449 0.007148
2 2 0.001306 0.011866 0.941137 0.034863 0.010829
2 2 0.001361 0.012789 0.940398 0.033458 0.011993
2 2 0.000386 0.007284 0.961332 0.025945 0.005054
2 2 0.000268 0.005523 0.956502 0.035310 0.002397
2 2 0.000271 0.005161 0.955624 0.036778 0.002165
2 2 0.000142 0.003613 0.975145 0.019955 0.001145
2 2 0.000200 0.004633 0.978019 0.015332 0.001816
2 2 0.000040 0.001848 0.987473 0.010148 0.000492
2 2 0.000125 0.003478 0.976221 0.018883 0.001293
2 2 0.000197 0.005240 0.979036 0.012821 0.002707
2 2 0.000190 0.005239 0.971464 0.020542 0.002566
2 2 0.000322 0.005990 0.838838 0.151964 0.002886
2 2 0.000342 0.005762 0.830344 0.160588 0.002964
2 2 0.000383 0.005559 0.765671 0.226038 0.002348
2 2 0.000463 0.006445 0.721031 0.269163 0.002898
2 2 0.000362 0.005741 0.683885 0.307796 0.002216
2 2 0.000602 0.006818 0.627228 0.362358 0.002994
2 2 0.000863 0.008257 0.697353 0.288642 0.004886
3 3 0.000867 0.004977 0.367980 0.623303 0.002873
3 3 0.000824 0.004088 0.219286 0.773303 0.002499
3 3 0.000539 0.002595 0.106584 0.889078 0.001205
3 3 0.000627 0.002803 0.084045 0.911280 0.001245
3 3 0.000327 0.001555 0.045802 0.951753 0.000563
3 3 0.000561 0.002083 0.050026 0.946482 0.000847
3 3 0.000498 0.001777 0.037492 0.959527 0.000706
3 3 0.000707 0.002329 0.044595 0.951319 0.001051
3 3 0.001435 0.003919 0.059648 0.932991 0.002006
3 3 0.001304 0.003799 0.056188 0.936830 0.001880
3 3 0.001742 0.004931 0.075691 0.915085 0.002551
3 3 0.001199 0.003454 0.058419 0.935415 0.001514
3 3 0.001530 0.003785 0.059604 0.933441 0.001641
3 3 0.000145 0.000760 0.020705 0.978152 0.000239
3 3 0.000200 0.000972 0.024014 0.974486 0.000328
3 3 0.000201 0.000961 0.021904 0.976637 0.000297
3 3 0.000356 0.001495 0.026728 0.970925 0.000495
3 3 0.000970 0.003344 0.047560 0.946572 0.001554
3 3 0.001334 0.004104 0.067927 0.924538 0.002097
3 3 0.001389 0.004561 0.081525 0.910055 0.002470
3 3 0.000987 0.003193 0.063169 0.931152 0.001499
3 3 0.000879 0.002833 0.052157 0.942863 0.001269
3 3 0.000954 0.003043 0.046568 0.948072 0.001363
3 3 0.000496 0.001961 0.032383 0.964432 0.000728
3 3 0.000532 0.002211 0.031461 0.964992 0.000803
3 3 0.000328 0.001482 0.023662 0.974075 0.000454
3 3 0.000234 0.001039 0.019408 0.979041 0.000278
3 3 0.000308 0.001307 0.022793 0.975208 0.000384
3 3 0.000300 0.001175 0.023697 0.974476 0.000351
3 3 0.000457 0.001620 0.030889 0.966468 0.000566
3 3 0.000546 0.001968 0.032429 0.964352 0.000705
3 3 0.000348 0.001554 0.025697 0.971895 0.000507
3 3 0.000328 0.001666 0.024870 0.972585 0.000550
3 3 0.000266 0.001001 0.027479 0.970910 0.000343
3 3 0.000476 0.001623 0.034075 0.963222 0.000604
3 3 0.000769 0.002553 0.040373 0.955261 0.001044
3 3 0.000796 0.002990 0.038183 0.956837 0.001195
3 3 0.000929 0.003497 0.039530 0.954629 0.001415
3 3 0.000554 0.002243 0.029263 0.967186 0.000754
3 3 0.000605 0.002351 0.031623 0.964592 0.000829
3 3 0.000285 0.001255 0.022629 0.975457 0.000374
3 3 0.000290 0.001331 0.022821 0.975156 0.000403
3 3 0.000156 0.000819 0.018240 0.980557 0.000228
3 3 0.000334 0.001345 0.028171 0.969684 0.000466
3 3 0.000419 0.001571 0.032078 0.965350 0.000582
3 3 0.000660 0.002357 0.040035 0.955953 0.000994
3 3 0.000605 0.002104 0.039183 0.957235 0.000874
3 3 0.000383 0.001705 0.030483 0.966790 0.000639
3 3 0.000276 0.001403 0.025026 0.972820 0.000476
3 3 0.000326 0.001716 0.026397 0.970957 0.000603
3 3 0.000215 0.001183 0.022078 0.976145 0.000378
3 3 0.000359 0.001615 0.027953 0.969506 0.000566
3 3 0.000291 0.001386 0.025124 0.972738 0.000461
3 3 0.000387 0.001729 0.029464 0.967792 0.000628
3 3 0.000201 0.000928 0.024042 0.974520 0.000309
3 3 0.000159 0.000741 0.021187 0.977685 0.000228
3 3 0.000172 0.000840 0.021913 0.976807 0.000267
3 3 0.000158 0.000778 0.020205 0.978626 0.000233
3 3 0.000235 0.001100 0.024065 0.974240 0.000360
3 3 0.000562 0.002087 0.036362 0.960157 0.000832
3 3 0.000448 0.001718 0.032047 0.965153 0.000635
3 3 0.000600 0.002172 0.035119 0.961282 0.000827
3 3 0.000410 0.001650 0.027570 0.969824 0.000546
3 3 0.000274 0.001299 0.021819 0.976224 0.000384
3 3 0.000226 0.001066 0.019894 0.978516 0.000297
3 3 0.000184 0.000876 0.018077 0.980632 0.000231
3 3 0.000206 0.000868 0.018337 0.980367 0.000221
3 3 0.000404 0.001355 0.027264 0.970553 0.000424
3 3 0.000630 0.002084 0.035716 0.960788 0.000782
3 3 0.000732 0.002608 0.041834 0.953697 0.001129
3 3 0.000520 0.002069 0.036736 0.959819 0.000856
3 3 0.000253 0.001073 0.026229 0.972079 0.000366
3 3 0.000316 0.001208 0.029560 0.968482 0.000434
3 3 0.000589 0.002342 0.032270 0.963949 0.000849
3 3 0.000457 0.001902 0.027391 0.969627 0.000623
3 3 0.000322 0.001507 0.022665 0.975058 0.000449
3 3 0.000183 0.000957 0.015865 0.982764 0.000231
3 3 0.000189 0.001046 0.016080 0.982427 0.000257
3 3 0.000217 0.001188 0.017547 0.980738 0.000310
3 3 0.000270 0.001405 0.021523 0.976381 0.000421
3 3 0.000366 0.001741 0.027029 0.970264 0.000600
3 3 0.000282 0.001291 0.025812 0.972178 0.000437
3 3 0.000331 0.001285 0.026393 0.971575 0.000416
3 3 0.000332 0.001215 0.022252 0.975869 0.000333
3 3 0.000507 0.001689 0.025383 0.971940 0.000481
3 3 0.000534 0.001757 0.025842 0.971363 0.000504
3 3 0.001690 0.003580 0.044940 0.948492 0.001298
3 3 0.009036 0.011760 0.127964 0.844976 0.006264
3 3 0.030161 0.029941 0.322989 0.593498 0.023410
2 2 0.055088 0.043603 0.507470 0.351653 0.042186
2 2 0.232912 0.079005 0.313170 0.296533 0.078381
0 2 0.420450 0.099650 0.181630 0.187753 0.110517
0 1 0.425676 0.100271 0.178226 0.184120 0.111707
4 0 0.346989 0.118620 0.072482 0.014422 0.447487
4 0 0.312993 0.117301 0.067052 0.010203 0.492451
4 1 0.334726 0.116690 0.069787 0.013003 0.465794
4 0 0.331651 0.116213 0.069125 0.012664 0.470347
0 0 0.383643 0.189407 0.131040 0.014558 0.281352
4 1 0.195434 0.206764 0.174344 0.015256 0.408203
4 1 0.092655 0.188840 0.191383 0.006717 0.520405
4 2 0.033807 0.129296 0.227960 0.009850 0.599088
2 2 0.009217 0.071620 0.758534 0.023337 0.137293
2 2 0.001597 0.019176 0.918507 0.040883 0.019837
2 2 0.000929 0.013800 0.930192 0.041475 0.013603
2 2 0.000667 0.012825 0.952313 0.019220 0.014975
2 2 0.000506 0.011836 0.953891 0.015785 0.017982
2 2 0.000980 0.019029 0.926199 0.009079 0.044713
2 2 0.001630 0.033848 0.864233 0.004719 0.095569
2 2 0.000911 0.021533 0.940079 0.005994 0.031483
2 2 0.000961 0.025005 0.939044 0.004521 0.030470
2 2 0.000772 0.022348 0.951987 0.003909 0.020984
2 2 0.001073 0.035941 0.916400 0.002004 0.044582
2 2 0.000268 0.012854 0.970270 0.002890 0.013718
2 2 0.001905 0.025890 0.893358 0.011588 0.067259
2 2 0.001969 0.023869 0.885045 0.014667 0.074450
2 2 0.001743 0.024866 0.880442 0.010843 0.082105
2 2 0.000941 0.017253 0.926677 0.011752 0.043377
2 2 0.000486 0.012949 0.957874 0.008777 0.019913
2 2 0.000279 0.009541 0.973650 0.006290 0.010239
2 2 0.000108 0.004830 0.985373 0.006441 0.003247
2 2 0.000119 0.005734 0.985728 0.004855 0.003564
2 2 0.000303 0.013481 0.967272 0.003003 0.015940
2 2 0.000278 0.010522 0.973796 0.004601 0.010803
2 2 0.000316 0.008356 0.972043 0.009187 0.010098
2 2 0.003831 0.029389 0.837669 0.022614 0.106498
4 2 0.012899 0.059293 0.447373 0.009896 0.470539
4 2 0.013237 0.061452 0.300969 0.004713 0.619629
4 2 0.013350 0.057363 0.182867 0.002201 0.744219
4 4 0.014170 0.052385 0.078320 0.000698 0.854427
4 4 0.013863 0.034661 0.027032 0.000198 0.924245
4 4 0.020560 0.047538 0.044544 0.000488 0.886870
4 4 0.020846 0.050965 0.052884 0.000603 0.874703
4 4 0.021517 0.051082 0.051846 0.000605 0.874951
4 2 0.009615 0.094729 0.176904 0.000320 0.718432
4 2 0.009138 0.086519 0.134935 0.000203 0.769205
4 4 0.014434 0.062777 0.072891 0.000321 0.849576
4 4 0.018552 0.086827 0.104468 0.000411 0.789742
4 4 0.012374 0.115122 0.202871 0.000368 0.669265
4 4 0.012017 0.094597 0.161315 0.000391 0.731681
4 4 0.007594 0.092417 0.201705 0.000307 0.697977
4 4 0.012566 0.053400 0.063029 0.000302 0.870703
4 4 0.011605 0.049680 0.068390 0.000409 0.869917
4 4 0.008804 0.059351 0.083342 0.000212 0.848290
4 4 0.007010 0.047084 0.067570 0.000182 0.878153
4 2 0.004974 0.076385 0.229195 0.000366 0.689080
4 2 0.005009 0.079618 0.241394 0.000364 0.673614
2 2 0.002202 0.078123 0.754197 0.000796 0.164681
2 2 0.000286 0.024326 0.950032 0.000700 0.024656
2 2 0.000223 0.020152 0.962340 0.000734 0.016551
2 2 0.000179 0.020407 0.963443 0.000494 0.015478
2 2 0.000095 0.015029 0.974503 0.000382 0.009991
2 2 0.000086 0.014770 0.974566 0.000341 0.010237
2 2 0.000146 0.024187 0.955375 0.000241 0.020050
2 2 0.000271 0.024755 0.954418 0.000572 0.019984
2 2 0.000319 0.029247 0.945460 0.000484 0.024490
2 2 0.000232 0.022354 0.958838 0.000601 0.017975
2 2 0.000110 0.010740 0.982697 0.001046 0.005407
2 2 0.000437 0.016447 0.968202 0.003833 0.011080
2 2 0.007011 0.067973 0.801960 0.007745 0.115311
2 2 0.030264 0.114466 0.563521 0.012598 0.279151
2 1 0.039946 0.131834 0.599632 0.015107 0.213481
2 2 0.023028 0.129000 0.716594 0.008952 0.122426
2 2 0.019755 0.143965 0.698943 0.004866 0.132472
2 2 0.010076 0.113394 0.612069 0.002407 0.262053
2 2 0.001072 0.035836 0.921436 0.002104 0.039553
2 2 0.000625 0.030702 0.939516 0.001327 0.027829
2 2 0.002010 0.052218 0.867743 0.002175 0.075854
2 2 0.003176 0.066649 0.805558 0.002242 0.122375
2 2 0.001580 0.047125 0.888773 0.001906 0.060616
2 2 0.000214 0.013479 0.976220 0.001712 0.008375
2 2 0.000181 0.010943 0.981362 0.002172 0.005342
2 2 0.000303 0.012654 0.975196 0.003369 0.008477
2 2 0.000105 0.007568 0.987895 0.001900 0.002532
2 2 0.010151 0.084830 0.642992 0.005682 0.256345
2 2 0.029414 0.093501 0.539912 0.018770 0.318403
2 2 0.052734 0.119259 0.575955 0.026008 0.226043
4 2 0.162991 0.184645 0.294132 0.013982 0.344249
4 2 0.252235 0.257783 0.221584 0.006797 0.261601
2 1 0.086900 0.208057 0.402668 0.007376 0.294999
2 1 0.062681 0.177344 0.486766 0.009981 0.263228
2 2 0.011424 0.069175 0.771395 0.014609 0.133396
2 2 0.003859 0.039064 0.890919 0.012414 0.053744
2 2 0.001352 0.020974 0.949055 0.010722 0.017897
2 2 0.000709 0.014997 0.965465 0.008332 0.010498
2 2 0.000409 0.010078 0.975163 0.008741 0.005608
2 2 0.000139 0.006228 0.985937 0.004884 0.002811
2 2 0.000104 0.006321 0.987787 0.002932 0.002857
2 2 0.000359 0.011847 0.974902 0.005603 0.007288
2 2 0.000343 0.012091 0.976880 0.004740 0.005946
2 2 0.000593 0.017448 0.970064 0.004564 0.007332
2 2 0.000197 0.008792 0.984038 0.004014 0.002959
2 2 0.000347 0.010320 0.977873 0.006610 0.004850
2 2 0.000219 0.007620 0.982773 0.006123 0.003266
2 2 0.000112 0.009550 0.980334 0.001388 0.008616
2 2 0.000162 0.009883 0.979088 0.002150 0.008718
2 2 0.000207 0.007623 0.980424 0.005705 0.006040
2 2 0.000104 0.004942 0.986486 0.005253 0.003215
2 2 0.000084 0.005198 0.988248 0.003370 0.003100
2 2 0.000016 0.001559 0.994234 0.003662 0.000529
2 2 0.000011 0.001607 0.995773 0.002051 0.000558
2 2 0.000010 0.001377 0.995582 0.002588 0.000443
2 2 0.000016 0.001951 0.995023 0.002308 0.000702
2 2 0.000026 0.002776 0.993364 0.002424 0.001410
2 2 0.000021 0.002067 0.993297 0.003711 0.000904
2 2 0.000020 0.002213 0.993989 0.002784 0.000995
2 2 0.000019 0.002308 0.994411 0.002323 0.000940
2 2 0.000011 0.001630 0.995874 0.002032 0.000453
2 2 0.000030 0.002701 0.993734 0.002789 0.000747
2 2 0.000030 0.001918 0.991864 0.005781 0.000407
2 2 0.000041 0.002026 0.988462 0.009161 0.000309
2 2 0.000024 0.001377 0.985975 0.012445 0.000179
2 2 0.000019 0.001159 0.961180 0.037489 0.000153
2 2 0.000040 0.001636 0.956671 0.041363 0.000291
2 2 0.000055 0.002263 0.971836 0.024889 0.000956
2 2 0.000135 0.002989 0.882915 0.112511 0.001449
2 2 0.000323 0.004316 0.775970 0.216989 0.002402
2 2 0.000293 0.003590 0.658766 0.335526 0.001825
2 2 0.000248 0.002918 0.651620 0.343897 0.001318
2 2 0.000215 0.003542 0.847875 0.146953 0.001414
2 2 0.000121 0.002498 0.868141 0.128277 0.000963
2 2 0.000063 0.002031 0.925336 0.071987 0.000583
2 2 0.000074 0.002078 0.846418 0.150851 0.000579
2 2 0.000132 0.002838 0.777215 0.219034 0.000782
2 2 0.000279 0.005032 0.797143 0.195625 0.001921
2 2 0.000211 0.003882 0.838909 0.155390 0.001609
2 2 0.000230 0.004409 0.940410 0.053017 0.001934
2 2 0.000190 0.003592 0.946318 0.048443 0.001458
2 2 0.000177 0.003983 0.949764 0.044519 0.001557
2 2 0.000122 0.002915 0.910463 0.085661 0.000838
2 3 0.000239 0.003438 0.771477 0.223492 0.001353
2 3 0.000330 0.003769 0.684332 0.309974 0.001595
3 3 0.000219 0.002294 0.493186 0.503297 0.001003
3 3 0.000540 0.004427 0.477225 0.514811 0.002997
2 3 0.000342 0.006443 0.766267 0.224534 0.002414
2 3 0.000294 0.003919 0.617309 0.376722 0.001756
2 3 0.000339 0.003238 0.521551 0.473294 0.001579
2 3 0.000642 0.004877 0.593768 0.397880 0.002834
2 3 0.000894 0.005486 0.532142 0.458625 0.002853
2 3 0.001524 0.009006 0.636979 0.346001 0.006491
2 3 0.000478 0.004308 0.504081 0.489248 0.001885
3 3 0.000225 0.002672 0.459758 0.536077 0.001267
3 3 0.000156 0.002093 0.348109 0.648791 0.000851
3 3 0.000184 0.002100 0.345088 0.651555 0.001074
3 3 0.000145 0.001548 0.288686 0.708802 0.000819
3 3 0.000195 0.001388 0.189849 0.807866 0.000701
3 3 0.000512 0.003339 0.411798 0.582549 0.001802
2 3 0.000954 0.005260 0.525502 0.465954 0.002330
2 3 0.007818 0.021713 0.803559 0.148771 0.018140
2 2 0.007837 0.027500 0.856049 0.085044 0.023569
2 2 0.004426 0.025646 0.906932 0.045260 0.017736
2 2 0.003248 0.037605 0.912065 0.011062 0.036019
2 2 0.009893 0.051923 0.839436 0.026803 0.071945
2 1 0.064031 0.088028 0.486881 0.058834 0.302226
2 2 0.005326 0.088289 0.667464 0.001915 0.237006
2 2 0.000834 0.025802 0.948098 0.003235 0.022031
2 2 0.001499 0.034090 0.927128 0.003974 0.033310
2 2 0.000917 0.026910 0.946178 0.003252 0.022744
2 2 0.000426 0.011882 0.973473 0.006758 0.007460
2 2 0.000717 0.008800 0.956358 0.029084 0.005040
2 2 0.006191 0.033535 0.886786 0.033119 0.040370
2 2 0.014211 0.064554 0.777052 0.020430 0.123752
2 2 0.008548 0.060454 0.866572 0.011751 0.052675
2 2 0.006873 0.054972 0.874453 0.012312 0.051391
2 2 0.006689 0.082175 0.830221 0.004028 0.076888
2 2 0.000946 0.025897 0.946006 0.003529 0.023621
2 2 0.000567 0.014974 0.965057 0.006054 0.013349
2 2 0.000506 0.010738 0.968235 0.011282 0.009238
2 2 0.000847 0.012939 0.958399 0.015427 0.012388
2 2 0.000875 0.013830 0.961383 0.012906 0.011007
2 2 0.000792 0.013056 0.957731 0.015278 0.013142
2 2 0.000506 0.011815 0.965351 0.011219 0.011110
2 2 0.000236 0.007538 0.977178 0.006922 0.008126
2 2 0.000115 0.006065 0.984658 0.003929 0.005233
2 2 0.000371 0.018294 0.964784 0.002138 0.014413
2 2 0.000350 0.016259 0.969594 0.002498 0.011298
2 2 0.000234 0.011233 0.978825 0.002995 0.006713
2 2 0.000154 0.006280 0.985113 0.005464 0.002989
2 2 0.000302 0.009339 0.979723 0.005788 0.004849
2 2 0.000112 0.004499 0.987001 0.006442 0.001947
2 2 0.000063 0.002967 0.988827 0.006902 0.001241
2 2 0.000040 0.002565 0.991160 0.004967 0.001268
2 2 0.000032 0.002819 0.992710 0.003070 0.001369
2 2 0.000030 0.003074 0.993201 0.002301 0.001394
2 2 0.000037 0.003839 0.992504 0.001927 0.001693
2 2 0.000044 0.004150 0.992155 0.002123 0.001529
2 2 0.000029 0.003083 0.994011 0.002005 0.000872
2 2 0.000022 0.002443 0.994798 0.002234 0.000503
2 2 0.000038 0.003145 0.992932 0.003094 0.000791
2 2 0.000070 0.005479 0.990555 0.002221 0.001675
2 2 0.000067 0.005225 0.990489 0.002301 0.001918
2 2 0.000037 0.003878 0.992727 0.001847 0.001512
2 2 0.000105 0.005845 0.987142 0.003940 0.002968
2 2 0.000138 0.005732 0.984418 0.006286 0.003426
2 2 0.000024 0.002007 0.993342 0.004011 0.000617
2 2 0.000052 0.003718 0.991341 0.003381 0.001508
2 2 0.000057 0.004232 0.991154 0.003014 0.001544
2 2 0.000079 0.006790 0.988426 0.001709 0.002996
2 2 0.000095 0.008071 0.986899 0.001488 0.003447
2 2 0.000115 0.007883 0.986683 0.002088 0.003230
2 2 0.000104 0.006654 0.987959 0.002588 0.002695
2 2 0.000123 0.006490 0.987141 0.003459 0.002787
2 2 0.000299 0.010378 0.978012 0.004979 0.006333
2 2 0.000207 0.008949 0.981559 0.004080 0.005204
2 2 0.000121 0.005104 0.986331 0.006220 0.002224
2 2 0.000087 0.004835 0.988471 0.004282 0.002326
2 2 0.000073 0.003676 0.989367 0.005617 0.001267
2 2 0.000083 0.003337 0.987179 0.008385 0.001016
2 2 0.000088 0.004346 0.988817 0.004977 0.001772
2 2 0.000051 0.002349 0.988142 0.008605 0.000852
2 2 0.000024 0.001737 0.992457 0.005349 0.000433
2 2 0.000020 0.001114 0.972222 0.026459 0.000185
2 2 0.000458 0.005696 0.922222 0.068912 0.002712
2 2 0.001481 0.010736 0.867700 0.110929 0.009155
2 2 0.069027 0.069399 0.612794 0.145566 0.103214
2 1 0.024977 0.055878 0.794323 0.075019 0.049804
2 2 0.017818 0.048084 0.819850 0.068368 0.045880
2 2 0.004630 0.033820 0.911626 0.024700 0.025224
2 2 0.001660 0.014432 0.939579 0.038469 0.005860
2 2 0.001820 0.019824 0.947661 0.020468 0.010227
2 2 0.000614 0.010252 0.968989 0.016173 0.003973
2 2 0.000300 0.008801 0.977728 0.007680 0.005490
2 2 0.000466 0.013724 0.965843 0.005994 0.013973
2 2 0.000412 0.015561 0.963881 0.003846 0.016300
2 2 0.004931 0.044284 0.844258 0.014669 0.091858
2 2 0.013317 0.055885 0.780797 0.029027 0.120975
2 2 0.069547 0.141039 0.447598 0.014294 0.327522
4 2 0.126136 0.177890 0.225668 0.006572 0.463733
2 2 0.036661 0.161908 0.546691 0.005676 0.249065
2 2 0.012151 0.103914 0.735746 0.004804 0.143385
2 2 0.002064 0.052935 0.857472 0.001976 0.085552
2 2 0.000659 0.023803 0.954796 0.002482 0.018260
2 2 0.000622 0.023921 0.952300 0.002208 0.020948
2 2 0.000299 0.010360 0.977082 0.005232 0.007026
2 2 0.000117 0.007152 0.986646 0.002895 0.003191
2 2 0.000125 0.007350 0.986228 0.003050 0.003246
2 2 0.000748 0.021734 0.955758 0.004268 0.017492
2 2 0.001498 0.027656 0.937562 0.007376 0.025908
2 2 0.004696 0.053982 0.840693 0.008061 0.092568
2 2 0.003371 0.044445 0.877221 0.007753 0.067209
2 2 0.001187 0.019614 0.943799 0.010921 0.024479
2 2 0.003775 0.036262 0.885644 0.014135 0.060184
2 2 0.023141 0.063901 0.729645 0.047670 0.135643
4 2 0.117268 0.119805 0.343480 0.040570 0.378877
4 1 0.369926 0.122734 0.086186 0.020688 0.400465
0 1 0.387479 0.123300 0.102943 0.030028 0.356250
4 2 0.195408 0.193764 0.234767 0.014346 0.361714
2 2 0.033277 0.144898 0.637194 0.008649 0.175982
2 2 0.004824 0.057741 0.839335 0.005585 0.092516
2 2 0.005061 0.057569 0.837170 0.005971 0.094229
2 2 0.000358 0.010247 0.977861 0.006627 0.004907
2 2 0.000233 0.009958 0.979840 0.003823 0.006145
2 2 0.000186 0.011251 0.980027 0.001934 0.006601
2 2 0.000140 0.010563 0.980546 0.001377 0.007375
2 2 0.000042 0.002858 0.991971 0.004186 0.000944
2 2 0.000009 0.001010 0.994433 0.004321 0.000227
2 2 0.000013 0.001814 0.995638 0.001951 0.000583
2 2 0.000013 0.001903 0.995721 0.001722 0.000642
2 2 0.000037 0.002443 0.991161 0.005417 0.000942
2 2 0.000064 0.002697 0.987003 0.009448 0.000788
2 2 0.000144 0.003473 0.976584 0.018490 0.001308
2 2 0.000107 0.003456 0.980882 0.014253 0.001303
2 2 0.000083 0.002617 0.972202 0.024434 0.000665
2 2 0.000689 0.010169 0.960934 0.021011 0.007197
2 2 0.000882 0.010667 0.953552 0.026406 0.008493
2 2 0.002323 0.020578 0.931374 0.025856 0.019868
2 2 0.006823 0.031316 0.881229 0.048374 0.032258
2 2 0.031002 0.083473 0.762574 0.035918 0.087033
2 2 0.036611 0.118780 0.719440 0.015822 0.109347
2 2 0.012737 0.084145 0.831414 0.008193 0.063511
2 2 0.000655 0.015765 0.970314 0.005134 0.008132
2 2 0.001571 0.016068 0.950809 0.021000 0.010553
2 2 0.009123 0.036299 0.868576 0.042639 0.043364
2 2 0.010011 0.033563 0.873311 0.047023 0.036092
2 2 0.031434 0.066555 0.703857 0.060460 0.137695
0 2 0.304178 0.094506 0.258655 0.167436 0.175226
0 2 0.499115 0.112019 0.136236 0.126557 0.126074
0 0 0.535690 0.116968 0.114660 0.100274 0.132409
0 0 0.535690 0.116968 0.114660 0.100274 0.132409
0 0 0.535690 0.116968 0.114660 0.100274 0.132409
0 0 0.535690 0.116968 0.114660 0.100274 0.132409
0 0 0.500555 0.166274 0.140443 0.043325 0.149403
4 0 0.193965 0.146862 0.080265 0.002962 0.575946
4 0 0.124668 0.072547 0.033371 0.001688 0.767727
4 0 0.265416 0.103995 0.054974 0.006962 0.568653
4 0 0.345096 0.118238 0.072019 0.014211 0.450437
0 0 0.398848 0.124630 0.083668 0.022383 0.370472
4 0 0.316548 0.113751 0.065884 0.011106 0.492711
4 0 0.303021 0.111381 0.062989 0.009853 0.512756
4 0 0.136512 0.088674 0.053560 0.003241 0.718014
4 0 0.048322 0.047053 0.022027 0.000445 0.882153
4 0 0.048415 0.038824 0.013458 0.000255 0.899048
4 0 0.058122 0.038800 0.011684 0.000254 0.891140
4 0 0.097525 0.055449 0.019782 0.000732 0.826512
4 0 0.051038 0.035418 0.010237 0.000196 0.903111
4 0 0.118379 0.063160 0.024098 0.001100 0.793263
4 0 0.159734 0.076797 0.032707 0.002107 0.728655
4 0 0.185021 0.084226 0.038001 0.002932 0.689820
4 0 0.200971 0.088597 0.041351 0.003547 0.665534
4 0 0.197285 0.087608 0.040576 0.003398 0.671133
4 1 0.173210 0.080835 0.035525 0.002525 0.707905
4 1 0.049343 0.034587 0.009892 0.000183 0.905996
4 1 0.043496 0.032154 0.009062 0.000149 0.915138
4 1 0.040958 0.037999 0.014501 0.000241 0.906302
4 1 0.037770 0.040125 0.017743 0.000282 0.904080
4 2 0.029288 0.086485 0.065062 0.000306 0.818859
4 2 0.025777 0.129631 0.131866 0.000455 0.712271
4 2 0.010190 0.170257 0.342811 0.000987 0.475755
2 2 0.005119 0.129972 0.577351 0.001002 0.286556
2 2 0.001876 0.063321 0.823247 0.001152 0.110404
2 2 0.000478 0.026661 0.939332 0.001159 0.032369
2 2 0.000224 0.015500 0.969961 0.001211 0.013104
2 2 0.000083 0.007952 0.986266 0.001187 0.004513
2 2 0.000090 0.007527 0.986861 0.001566 0.003957
2 2 0.000040 0.004944 0.991686 0.001196 0.002134
2 2 0.000026 0.002766 0.993993 0.002211 0.001004
2 2 0.000029 0.002726 0.994114 0.002354 0.000778
2 2 0.000021 0.001922 0.994512 0.003031 0.000514
2 2 0.000024 0.002189 0.994085 0.003067 0.000636
2 2 0.000031 0.002341 0.992842 0.004050 0.000736
2 2 0.000034 0.002562 0.992732 0.003790 0.000882
2 2 0.000022 0.001627 0.992840 0.005078 0.000434
2 2 0.000028 0.001996 0.992715 0.004712 0.000549
2 2 0.000041 0.003480 0.993002 0.002579 0.000898
2 2 0.000036 0.003473 0.993300 0.002379 0.000811
2 2 0.000044 0.006086 0.991195 0.000954 0.001720
2 2 0.000051 0.007006 0.990063 0.000860 0.002020
2 2 0.000056 0.009384 0.986674 0.000512 0.003374
2 2 0.000035 0.006402 0.990193 0.000565 0.002806
2 2 0.000039 0.007092 0.988900 0.000517 0.003452
2 2 0.000017 0.003028 0.994990 0.000948 0.001017
2 2 0.000031 0.003663 0.993632 0.001443 0.001231
2 2 0.000024 0.002824 0.994821 0.001586 0.000746
2 2 0.000021 0.003032 0.995147 0.001060 0.000741
2 2 0.000016 0.002861 0.995257 0.000942 0.000925
2 2 0.000009 0.001474 0.996469 0.001666 0.000382
2 2 0.000009 0.001667 0.996591 0.001331 0.000402
2 2 0.000004 0.000989 0.997445 0.001380 0.000182
2 2 0.000004 0.000943 0.997607 0.001285 0.000161
2 2 0.000007 0.001093 0.996602 0.002065 0.000233
2 2 0.000006 0.000885 0.996432 0.002492 0.000186
2 2 0.000004 0.000761 0.996767 0.002316 0.000152
2 2 0.000005 0.000862 0.996699 0.002230 0.000204
2 2 0.000004 0.000853 0.997052 0.001892 0.000199
2 2 0.000005 0.000940 0.996643 0.002175 0.000237
2 2 0.000005 0.000738 0.996053 0.003075 0.000129
2 2 0.000018 0.001565 0.993407 0.004668 0.000342
2 2 0.000036 0.002387 0.991960 0.005078 0.000539
2 2 0.000031 0.002157 0.987790 0.009582 0.000439
2 2 0.000024 0.001848 0.991376 0.006329 0.000423
2 2 0.000017 0.001458 0.991411 0.006831 0.000283
2 2 0.000013 0.001226 0.993576 0.004934 0.000250
2 2 0.000014 0.001228 0.993160 0.005376 0.000222
2 2 0.000023 0.001619 0.991918 0.006079 0.000361
2 2 0.000152 0.003088 0.929530 0.066166 0.001065
2 2 0.000095 0.002335 0.952119 0.044789 0.000663
2 2 0.000075 0.002094 0.964789 0.032466 0.000576
2 2 0.000057 0.001900 0.948925 0.048737 0.000382
2 2 0.000115 0.002644 0.938073 0.058505 0.000664
2 2 0.000199 0.003883 0.938825 0.055853 0.001240
2 3 0.000236 0.004232 0.913847 0.080259 0.001426
2 3 0.000271 0.004279 0.890379 0.103417 0.001654
2 3 0.000265 0.003851 0.746150 0.248358 0.001376
2 3 0.000420 0.004904 0.790984 0.201609 0.002083
2 3 0.000387 0.004374 0.734107 0.259442 0.001691
2 3 0.000243 0.003329 0.775008 0.220188 0.001232
2 3 0.000277 0.003475 0.741871 0.252735 0.001641
2 3 0.000468 0.004104 0.655731 0.337301 0.002395
2 3 0.000362 0.003242 0.597276 0.397288 0.001832
2 3 0.000283 0.002985 0.619269 0.376225 0.001238
2 3 0.000181 0.002415 0.580207 0.416357 0.000840
2 3 0.000224 0.002959 0.621196 0.374508 0.001112
3 3 0.000245 0.002310 0.354366 0.642085 0.000993
3 3 0.000389 0.002694 0.266942 0.728734 0.001240
3 3 0.000503 0.003445 0.189119 0.804883 0.002050
3 3 0.000380 0.002666 0.182317 0.813173 0.001465
3 3 0.000605 0.005210 0.340568 0.650487 0.003130
3 3 0.000537 0.005425 0.474012 0.516939 0.003085
2 3 0.000464 0.005167 0.565770 0.425347 0.003253
2 3 0.000514 0.005037 0.517132 0.473884 0.003433
3 3 0.000715 0.005314 0.417019 0.572971 0.003982
3 3 0.000557 0.004544 0.410762 0.580785 0.003352
3 3 0.000317 0.002254 0.259317 0.736781 0.001330
3 3 0.000404 0.002582 0.273820 0.721520 0.001673
3 3 0.000492 0.002826 0.298937 0.695998 0.001747
3 3 0.000366 0.002262 0.258949 0.737130 0.001294
3 3 0.000361 0.002460 0.293432 0.702512 0.001236
3 3 0.000289 0.002156 0.254925 0.741594 0.001036
3 3 0.000149 0.001333 0.214942 0.783092 0.000483
3 3 0.000245 0.001755 0.243400 0.753858 0.000742
3 3 0.000167 0.001024 0.147789 0.850551 0.000469
3 3 0.000308 0.001587 0.157437 0.839825 0.000843
3 3 0.000245 0.001465 0.164084 0.833420 0.000786
3 3 0.000103 0.000795 0.125276 0.873475 0.000351
3 3 0.000690 0.002985 0.091280 0.903394 0.001651
3 3 0.000528 0.002271 0.082021 0.913962 0.001218
3 3 0.000869 0.003242 0.129311 0.864492 0.002086
3 3 0.001197 0.004794 0.257389 0.732518 0.004102
3 3 0.001200 0.005856 0.405817 0.583035 0.004092
3 3 0.001800 0.006680 0.430527 0.557506 0.003486
3 3 0.003043 0.009126 0.458996 0.525144 0.003692
3 3 0.002958 0.008612 0.393890 0.591224 0.003317
2 3 0.001780 0.007855 0.525760 0.462144 0.002461
3 3 0.002171 0.009401 0.462722 0.520296 0.005411
2 3 0.003303 0.014560 0.556939 0.414732 0.010467
3 3 0.001319 0.006868 0.428149 0.558591 0.005073
3 3 0.001472 0.007206 0.322597 0.663318 0.005407
3 3 0.002229 0.010386 0.348731 0.629803 0.008852
3 3 0.002538 0.010028 0.296546 0.682693 0.008195
3 3 0.003168 0.010757 0.277083 0.700028 0.008964
3 3 0.002867 0.010367 0.249500 0.728755 0.008511
3 3 0.002157 0.008845 0.241808 0.740094 0.007096
3 3 0.000821 0.004452 0.214614 0.777131 0.002982
3 3 0.001321 0.006905 0.319514 0.666214 0.006046
3 3 0.000326 0.001505 0.080407 0.917189 0.000573
3 3 0.000391 0.001722 0.096115 0.901075 0.000697
3 3 0.001738 0.006517 0.342046 0.645641 0.004059
2 3 0.005312 0.023522 0.792635 0.158463 0.020068
2 3 0.004054 0.025299 0.910425 0.038734 0.021489
2 3 0.001137 0.022436 0.954808 0.007756 0.013863
2 2 0.001082 0.022494 0.958424 0.006662 0.011339
2 2 0.000891 0.026071 0.955354 0.002992 0.014692
2 2 0.000162 0.008147 0.985782 0.002851 0.003058
2 2 0.000038 0.002535 0.992738 0.004086 0.000602
2 2 0.000022 0.001887 0.993975 0.003661 0.000456
2 2 0.000026 0.002183 0.993078 0.003747 0.000966
2 2 0.000034 0.003212 0.992395 0.002431 0.001928
2 2 0.000155 0.008806 0.974620 0.002857 0.013562
2 2 0.000632 0.021478 0.919218 0.003213 0.055460
2 2 0.002821 0.051505 0.746476 0.003034 0.196164
2 2 0.003807 0.048909 0.771123 0.005541 0.170620
2 2 0.007914 0.069601 0.716767 0.006654 0.199064
4 2 0.016502 0.095774 0.383571 0.003453 0.500700
4 2 0.015501 0.083863 0.358656 0.004185 0.537796
4 4 0.027083 0.022587 0.005376 0.000056 0.944898
4 4 0.026153 0.022030 0.005189 0.000052 0.946575
4 4 0.016758 0.016002 0.003302 0.000022 0.963916
4 4 0.019432 0.017801 0.003837 0.000029 0.958900
4 4 0.024878 0.021255 0.004932 0.000048 0.948887
4 4 0.019387 0.017772 0.003828 0.000029 0.958984
4 4 0.028079 0.023178 0.005577 0.000060 0.943105
4 4 0.022126 0.019541 0.004378 0.000038 0.953917
4 4 0.014447 0.014378 0.002840 0.000017 0.968318
4 4 0.012130 0.012674 0.002378 0.000012 0.972807
4 4 0.017541 0.016537 0.003458 0.000024 0.962440
4 4 0.017398 0.016439 0.003430 0.000024 0.962710
4 4 0.012974 0.013305 0.002546 0.000013 0.971162
4 4 0.013969 0.014033 0.002744 0.000015 0.969238
4 4 0.017992 0.016842 0.003549 0.000025 0.961593
4 4 0.022265 0.019629 0.004406 0.000038 0.953661
4 4 0.020983 0.018811 0.004149 0.000034 0.956024
4 4 0.018913 0.017458 0.003733 0.000028 0.959869
4 4 0.052021 0.035897 0.010438 0.000204 0.901441
4 4 0.070313 0.044302 0.014180 0.000374 0.870831
4 4 0.015050 0.020652 0.006817 0.000045 0.957435
4 4 0.011935 0.012526 0.002339 0.000011 0.973188
4 4 0.010726 0.011595 0.002099 0.000009 0.975571
4 4 0.010538 0.011447 0.002061 0.000009 0.975945
4 4 0.010162 0.011150 0.001986 0.000008 0.976693
4 4 0.009413 0.010549 0.001838 0.000007 0.978194
4 4 0.010844 0.011687 0.002122 0.000009 0.975337
4 4 0.022255 0.019623 0.004404 0.000038 0.953680
4 4 0.028050 0.023161 0.005572 0.000060 0.943157
4 4 0.025153 0.021423 0.004987 0.000049 0.948388
4 4 0.020593 0.018559 0.004070 0.000033 0.956744
4 4 0.020019 0.018186 0.003955 0.000031 0.957809
4 4 0.021546 0.019172 0.004262 0.000036 0.954985
4 4 0.020287 0.018361 0.004009 0.000032 0.957312
4 4 0.027887 0.023065 0.005539 0.000059 0.943450
4 4 0.036586 0.027989 0.007298 0.000101 0.928025
4 4 0.071806 0.048451 0.017548 0.000485 0.861710
4 1 0.105726 0.061933 0.024834 0.001024 0.806482
4 1 0.159892 0.089866 0.036959 0.001654 0.711629
4 2 0.255381 0.190983 0.088629 0.002532 0.462475
4 2 0.023349 0.020311 0.004624 0.000042 0.951674
4 4 0.017637 0.016602 0.003478 0.000024 0.962259
4 4 0.020965 0.018800 0.004145 0.000034 0.956056
4 4 0.013503 0.013694 0.002651 0.000014 0.970136
4 4 0.016062 0.015520 0.003162 0.000020 0.965235
4 4 0.020417 0.018445 0.004035 0.000032 0.957070
4 4 0.024190 0.020832 0.004793 0.000045 0.950140
4 4 0.030118 0.024368 0.005989 0.000069 0.939456
4 4 0.021151 0.018919 0.004182 0.000035 0.955714
4 4 0.020635 0.018586 0.004079 0.000033 0.956667
4 4 0.020938 0.018782 0.004140 0.000034 0.956106
4 4 0.020243 0.018332 0.004000 0.000032 0.957394
4 4 0.020620 0.018577 0.004076 0.000033 0.956695
4 4 0.021950 0.019430 0.004343 0.000037 0.954240
4 4 0.017984 0.016837 0.003547 0.000025 0.961607
4 4 0.015029 0.014794 0.002956 0.000018 0.967204
4 4 0.013276 0.013528 0.002606 0.000014 0.970576
4 4 0.018664 0.017292 0.003683 0.000027 0.960333
4 4 0.014993 0.014768 0.002949 0.000018 0.967272
4 4 0.011959 0.012544 0.002344 0.000011 0.973142
2 2 0.027566 0.180404 0.459860 0.001792 0.330378
4 2 0.049426 0.221312 0.256944 0.000940 0.471378
4 2 0.020620 0.193656 0.372480 0.000705 0.412539
4 2 0.020169 0.165686 0.365825 0.001118 0.447202
2 2 0.007589 0.145685 0.460418 0.000587 0.385721
2 2 0.005659 0.158217 0.477158 0.000328 0.358639
2 2 0.005499 0.163179 0.485376 0.000268 0.345678
2 2 0.003948 0.142785 0.528046 0.000203 0.325018
2 2 0.003192 0.130705 0.588134 0.000238 0.277731
2 2 0.000906 0.070910 0.846832 0.000278 0.081074
2 2 0.001279 0.095953 0.793635 0.000202 0.108931
2 2 0.000956 0.085625 0.847794 0.000358 0.065267
2 2 0.000975 0.086136 0.841256 0.000455 0.071179
2 2 0.000878 0.073091 0.859966 0.000542 0.065523
2 2 0.000718 0.060754 0.872356 0.000455 0.065718
2 2 0.002650 0.113510 0.661905 0.000335 0.221600
2 2 0.004189 0.137219 0.533571 0.000268 0.324752
2 2 0.004686 0.159501 0.481196 0.000153 0.354464
2 2 0.004620 0.164545 0.518076 0.000159 0.312599
2 2 0.004134 0.153473 0.543951 0.000185 0.298257
2 2 0.001673 0.093846 0.739390 0.000542 0.164550
2 2 0.001011 0.060006 0.857875 0.000467 0.080641
2 2 0.006541 0.077693 0.855611 0.005437 0.054718
2 2 0.019528 0.068772 0.855562 0.029869 0.026269
2 2 0.159269 0.139946 0.597618 0.065845 0.037322
2 2 0.140803 0.189078 0.617313 0.023897 0.028909
2 2 0.037152 0.254367 0.660700 0.002416 0.045365
2 2 0.014683 0.235557 0.687483 0.000752 0.061525
2 2 0.001961 0.114977 0.729409 0.000232 0.153421
2 2 0.000568 0.063113 0.880187 0.000193 0.055939
2 2 0.000294 0.045123 0.920140 0.000158 0.034286
2 2 0.000316 0.054259 0.902182 0.000107 0.043135
2 2 0.000340 0.055094 0.893595 0.000114 0.050857
2 2 0.000189 0.035062 0.938894 0.000141 0.025715
2 2 0.000174 0.029633 0.950307 0.000182 0.019704
2 2 0.000140 0.027172 0.956101 0.000160 0.016427
2 2 0.000092 0.020050 0.967756 0.000173 0.011929
2 2 0.000098 0.024387 0.960667 0.000121 0.014727
2 2 0.000114 0.024370 0.961293 0.000158 0.014065
2 2 0.000100 0.023570 0.967089 0.000133 0.009109
2 2 0.000206 0.041159 0.937448 0.000112 0.021076
2 2 0.000175 0.031823 0.953514 0.000161 0.014328
2 2 0.000161 0.028009 0.959640 0.000184 0.012006
2 2 0.000127 0.020114 0.971633 0.000275 0.007851
2 2 0.000084 0.015215 0.978335 0.000273 0.006093
2 2 0.000067 0.011929 0.982391 0.000339 0.005274
2 2 0.000109 0.018554 0.970559 0.000271 0.010507
2 2 0.000137 0.022283 0.962923 0.000268 0.014390
2 2 0.000124 0.022130 0.964541 0.000236 0.012970
2 2 0.000124 0.024212 0.962548 0.000183 0.012933
2 2 0.000130 0.027170 0.958612 0.000149 0.013938
2 2 0.000201 0.037790 0.940717 0.000132 0.021159
2 2 0.000082 0.019806 0.972586 0.000154 0.007372
2 2 0.000058 0.013338 0.981997 0.000219 0.004389
2 2 0.000075 0.015071 0.979333 0.000245 0.005277
2 2 0.000063 0.011528 0.983959 0.000349 0.004101
2 2 0.000050 0.009274 0.986499 0.000412 0.003765
2 2 0.000050 0.009151 0.986072 0.000434 0.004293
2 2 0.000080 0.012662 0.979884 0.000432 0.006941
2 2 0.000125 0.019100 0.968821 0.000340 0.011614
2 2 0.000029 0.004398 0.993114 0.000953 0.001505
2 2 0.000027 0.004461 0.993414 0.000829 0.001269
2 2 0.000020 0.003972 0.994200 0.000717 0.001091
2 2 0.000028 0.005452 0.992123 0.000563 0.001835
2 2 0.000021 0.004706 0.993252 0.000494 0.001527
2 2 0.000018 0.004428 0.993989 0.000428 0.001139
2 2 0.000009 0.002360 0.996466 0.000631 0.000534
2 2 0.000012 0.003101 0.995748 0.000526 0.000613
2 2 0.000020 0.004595 0.993796 0.000451 0.001138
2 2 0.000030 0.006209 0.991559 0.000443 0.001759
2 2 0.000026 0.005352 0.992415 0.000510 0.001696
2 2 0.000039 0.007463 0.989471 0.000443 0.002584
2 2 0.000057 0.009543 0.986037 0.000456 0.003908
2 2 0.000036 0.006067 0.991437 0.000645 0.001815
2 2 0.000023 0.003936 0.993945 0.000859 0.001237
2 2 0.000018 0.002807 0.995252 0.001228 0.000694
2 2 0.000021 0.002409 0.994943 0.002042 0.000586
2 2 0.000063 0.002981 0.988934 0.007287 0.000736
2 1 0.000320 0.005192 0.966082 0.027075 0.001332
2 2 0.000824 0.009435 0.958396 0.029056 0.002288
2 2 0.000092 0.008612 0.988508 0.001104 0.001684
2 2 0.000041 0.004991 0.992960 0.001165 0.000843
2 2 0.000019 0.002668 0.995341 0.001550 0.000421
2 2 0.000045 0.005261 0.992182 0.001237 0.001275
2 2 0.000097 0.010365 0.984983 0.000813 0.003742
2 2 0.000078 0.009166 0.985753 0.000777 0.004226
2 2 0.000054 0.007080 0.988607 0.000841 0.003419
2 2 0.000047 0.007500 0.987798 0.000608 0.004047
2 2 0.000088 0.013356 0.977868 0.000439 0.008249
2 2 0.000109 0.015595 0.973236 0.000426 0.010633
2 2 0.000086 0.012894 0.979157 0.000430 0.007432
2 2 0.000078 0.011526 0.981327 0.000462 0.006607
2 2 0.000041 0.006685 0.990001 0.000556 0.002717
2 2 0.000032 0.005264 0.991740 0.000683 0.002282
2 2 0.000023 0.003452 0.994192 0.001135 0.001199
2 2 0.000013 0.002090 0.995862 0.001453 0.000582
2 2 0.000016 0.002540 0.995447 0.001188 0.000809
2 2 0.000015 0.001740 0.995359 0.002404 0.000482
2 2 0.000011 0.001488 0.995983 0.002091 0.000428
2 2 0.000019 0.001439 0.992450 0.005728 0.000364
2 2 0.000151 0.007551 0.985522 0.003834 0.002942
2 2 0.000127 0.008470 0.985594 0.002254 0.003555
2 2 0.000085 0.005109 0.989491 0.003815 0.001500
2 2 0.000105 0.006540 0.988369 0.002979 0.002007
2 2 0.000072 0.005374 0.990732 0.002468 0.001354
2 2 0.000093 0.006585 0.989267 0.002429 0.001626
2 2 0.000113 0.007613 0.987825 0.002425 0.002025
2 2 0.000113 0.006994 0.988549 0.002930 0.001413
2 2 0.000107 0.007515 0.988237 0.002280 0.001861
2 2 0.000199 0.011861 0.983126 0.002040 0.002774
2 2 0.000160 0.011524 0.983860 0.001527 0.002929
2 2 0.000217 0.014657 0.978338 0.001467 0.005321
2 2 0.000134 0.009657 0.984393 0.001801 0.004014
2 2 0.000188 0.012945 0.978045 0.001480 0.007341
2 2 0.000141 0.007523 0.985082 0.003207 0.004047
2 2 0.000087 0.004544 0.988617 0.004458 0.002295
2 2 0.000068 0.004304 0.990471 0.003360 0.001797
2 2 0.000022 0.002130 0.994179 0.002984 0.000685
2 2 0.000018 0.002196 0.994966 0.002178 0.000641
2 2 0.000025 0.002449 0.993766 0.002992 0.000768
2 2 0.000073 0.002773 0.986184 0.010020 0.000949
2 2 0.000108 0.002632 0.973875 0.022022 0.001363
2 2 0.000150 0.003057 0.955087 0.040234 0.001472
2 2 0.000232 0.004057 0.959083 0.033404 0.003224
2 2 0.000253 0.004134 0.952038 0.040754 0.002820
2 2 0.000237 0.004280 0.968476 0.024249 0.002758
2 2 0.000192 0.005156 0.981144 0.011060 0.002448
2 2 0.000083 0.002847 0.980758 0.015249 0.001062
2 2 0.000141 0.004366 0.983409 0.009910 0.002174
2 2 0.000151 0.003690 0.964414 0.030222 0.001524
2 2 0.000082 0.002237 0.955236 0.041780 0.000665
2 2 0.000071 0.001843 0.914493 0.083121 0.000471
2 2 0.000041 0.001335 0.913117 0.085219 0.000287
2 2 0.000043 0.001451 0.917272 0.080850 0.000384
2 2 0.000026 0.001094 0.939805 0.058806 0.000268
2 2 0.000032 0.001147 0.919587 0.078963 0.000272
2 2 0.000055 0.001641 0.947752 0.050056 0.000496
2 2 0.000062 0.001581 0.953108 0.044753 0.000495
2 2 0.000038 0.001325 0.978416 0.019840 0.000381
2 2 0.000056 0.002103 0.984186 0.013025 0.000630
2 2 0.000114 0.003009 0.977592 0.018237 0.001048
2 2 0.000128 0.003331 0.977767 0.017684 0.001090
2 2 0.000091 0.003009 0.982702 0.013543 0.000655
2 2 0.000092 0.003993 0.987701 0.007403 0.000810
2 2 0.000023 0.001494 0.991194 0.007082 0.000208
2 2 0.000013 0.000953 0.991230 0.007672 0.000131
2 2 0.000015 0.001092 0.991217 0.007520 0.000157
2 2 0.000006 0.000851 0.995522 0.003511 0.000109
2 2 0.000019 0.001805 0.994179 0.003709 0.000289
2 2 0.000375 0.011612 0.977138 0.006381 0.004495
2 2 0.002084 0.026895 0.949054 0.013125 0.008842
2 1 0.008073 0.057650 0.901448 0.017214 0.015616
2 2 0.019151 0.090840 0.837432 0.019968 0.032610
2 2 0.041494 0.136419 0.742554 0.021895 0.057638
2 2 0.028836 0.149926 0.673424 0.008122 0.139692
2 2 0.006928 0.071251 0.882636 0.007549 0.031636
2 2 0.001817 0.033596 0.947898 0.005680 0.011010
2 2 0.000646 0.016999 0.972837 0.005360 0.004159
2 2 0.002699 0.038755 0.924015 0.007398 0.027133
2 0 0.007988 0.051069 0.799830 0.017929 0.123184
