0.645556 0
0.731922 0
0.415742 0
0.042034 0
0.280516 0
0.282270 0
0.501530 0
0.050414 0
0.058342 0
0.069670 0
0.822790 0
0.444841 0
0.072820 0
0.262585 0
0.127648 0
0.077870 0
0.085277 0
0.120531 0
0.068270 0
0.082702 0
0.105990 0
0.107285 0
0.238492 0
0.125319 0
0.086898 0
0.061366 0
0.338769 0
0.146374 0
0.064976 0
0.084074 0
0.562043 0
0.520821 0
0.520416 0
0.519383 0
0.519383 0
0.519383 0
0.519383 0
0.519383 0
0.519383 0
0.521078 0
0.519383 0
0.523717 0
0.519383 0
0.520196 0
0.519383 0
0.968428 0
0.721585 0
0.430896 0
0.430801 0
0.872917 0
0.954944 0
0.943584 0
0.422760 0
0.129631 0
0.200383 0
0.158246 0
0.208054 0
0.856088 0
0.503800 0
0.183240 0
0.564739 0
0.107878 0
0.129434 0
0.143611 0
0.169865 0
0.156708 0
0.144337 0
0.132492 0
0.061074 0
0.120165 0
0.251599 0
0.145203 0
0.171078 0
0.055083 0
0.189658 0
0.267179 0
0.347840 0
0.284100 0
0.116377 0
0.124956 0
0.327314 0
0.637856 0
0.165601 0
0.251487 0
0.249160 0
0.163417 0
0.119490 0
0.635192 0
0.879913 0
0.808922 0
0.112745 0
0.101399 0
0.115973 0
0.466793 0
0.318468 0
0.456274 0
0.030457 0
0.014429 0
0.011982 0
0.137324 0
0.017850 0
0.045157 0
0.940426 0
0.838443 0
0.840666 0
0.931464 0
0.798168 0
0.787990 0
0.777100 0
0.461784 0
0.623191 0
0.945162 0
0.797763 0
0.703912 0
0.937757 0
0.434389 0
0.209877 0
0.988325 0
0.970450 0
0.875869 0
0.971781 0
0.995000 0
0.994337 0
0.870198 0
0.927411 0
0.889358 0
0.912417 0
0.801993 0
0.884356 0
0.995634 0
0.826251 0
0.946154 0
0.748435 0
0.819704 0
0.836134 0
0.793856 0
0.912919 0
0.781923 0
0.782150 0
0.944941 0
0.989775 0
0.758363 0
0.965837 0
0.987414 0
0.996278 0
0.774521 0
0.983715 0
0.922828 0
0.597915 0
0.616110 0
0.975591 0
0.986412 0
0.965737 0
0.914876 0
0.994369 0
0.864170 0
0.682976 0
0.940428 0
0.986844 0
0.992822 0
0.774984 0
0.994317 0
0.472175 0
0.137187 0
0.421920 0
0.583360 0
0.154333 0
0.138947 0
0.077955 0
0.289812 0
0.357634 0
0.584613 0
0.685880 0
0.778865 0
0.265777 0
0.521989 0
0.461735 0
0.097412 0
0.091461 0
0.015180 0
0.025758 0
0.009987 0
0.014037 0
0.035685 0
0.333293 0
0.025233 0
0.015083 0
0.049298 0
0.262696 0
0.075004 0
0.392126 0
0.338061 0
0.310436 0
0.723467 0
0.345172 0
0.547772 0
0.220025 0
0.384030 0
0.385735 0
0.435113 0
0.193559 0
0.281913 0
0.227458 0
0.111298 0
0.088076 0
0.100155 0
0.051012 0
0.075931 0
0.372038 0
0.020804 0
0.015683 0
0.459247 0
0.103867 0
0.108284 0
0.071352 0
0.036597 0
0.073469 0
0.062066 0
0.773878 0
0.508030 0
0.961581 0
0.724612 0
0.817315 0
0.661848 0
0.643164 0
0.678222 0
0.958508 0
0.925517 0
0.904671 0
0.943942 0
0.843204 0
0.657353 0
0.982707 0
0.447566 0
0.407161 0
0.971570 0
0.940871 0
0.355396 0
0.747936 0
0.641204 0
0.994578 0
0.992641 0
0.381476 0
0.968435 0
0.996646 0
0.963146 0
0.488873 0
0.597607 0
0.697380 0
0.488873 0
0.488873 0
0.488873 0
0.488873 0
0.488873 0
0.488873 0
0.488873 0
0.488873 0
0.497644 0
0.488873 0
0.488873 0
0.488873 0
0.468703 0
0.416444 0
0.815510 0
0.784946 0
0.490033 0
0.860696 0
0.405986 0
0.319781 0
0.447477 0
0.911115 0
0.807622 0
0.257666 0
0.981116 0
0.976676 0
0.472072 0
0.452077 0
0.359501 0
0.385690 0
0.733595 0
0.787303 0
0.888882 0
0.418785 0
0.787624 0
0.768516 0
0.662520 0
0.720398 0
0.503668 0
0.800559 0
0.812197 0
0.930841 0
0.362431 0
0.537799 0
0.379411 0
0.940472 0
0.695068 0
0.946354 0
0.914154 0
0.939561 0
0.951461 0
0.932480 0
0.931642 0
0.948832 0
0.616531 0
0.952660 0
0.955972 0
0.920100 0
0.845747 0
0.735568 0
0.867209 0
0.797297 0
0.846646 0
0.893385 0
0.818351 0
0.832925 0
0.800060 0
0.870809 0
0.756861 0
0.829228 0
0.883797 0
0.573785 0
0.888787 0
0.122593 0
0.821410 0
0.176377 0
0.908210 0
0.622278 0
0.215993 0
0.515397 0
0.620249 0
0.428613 0
0.589293 0
0.472521 0
0.510230 0
0.421015 0
0.469503 0
0.764745 0
0.906801 1
0.909799 1
0.906741 1
0.905878 1
0.906317 1
0.905409 1
0.921559 1
0.887907 1
0.901263 1
0.907303 1
0.903947 1
0.903120 1
0.917619 1
0.903739 1
0.905120 1
0.902898 1
0.907395 1
0.896694 1
0.893236 1
0.982836 1
0.908655 1
0.954747 1
0.382597 1
0.680415 1
0.286601 1
0.188797 1
0.217524 1
0.289710 1
0.912908 1
0.931033 1
0.602323 1
0.208468 1
0.395527 1
0.113122 1
0.815139 1
0.889915 1
0.166424 1
0.775570 1
0.940458 1
0.947482 1
0.780734 1
0.966374 1
0.964213 1
0.961436 1
0.338092 1
0.914765 1
0.844846 1
0.964919 1
0.644230 1
0.913645 1
0.605568 1
0.959419 1
0.930801 1
0.989486 1
0.970340 1
0.958037 1
0.992184 1
0.968021 1
0.981584 1
0.981702 1
0.879336 1
0.198689 1
0.627114 1
0.806172 1
0.863639 1
0.954856 1
0.961909 1
0.891866 1
0.943904 1
0.877507 1
0.419122 1
0.989355 1
0.989582 1
0.987979 1
0.920407 1
0.991622 1
0.991588 1
0.993137 1
0.952159 1
0.970255 1
0.986977 1
0.988477 1
0.990287 1
0.994837 1
0.992613 1
0.994931 1
0.975958 1
0.986224 1
0.993856 1
0.982987 1
0.604152 1
0.882033 1
0.990441 1
0.986543 1
0.999048 1
0.985393 1
0.961357 1
0.906029 1
0.965208 1
0.954551 1
0.620436 1
0.986471 1
0.695283 1
0.555344 1
0.857696 1
0.965181 1
0.902161 1
0.974061 1
0.979626 1
0.907970 1
0.846764 1
0.925333 1
0.809253 1
0.999749 1
0.972719 1
0.996477 1
0.884773 1
0.990458 1
0.878329 1
0.904445 1
0.972522 1
0.959400 1
0.997783 1
0.952303 1
0.923796 1
0.896945 1
0.939313 1
0.957973 1
0.921112 1
0.946212 1
0.944807 1
0.939074 1
0.934845 1
0.899024 1
0.947201 1
0.913139 1
0.928880 1
0.923146 1
0.933987 1
0.916381 1
0.919447 1
0.872857 1
0.650596 1
0.903055 1
0.650288 1
0.936752 1
0.924822 1
0.804905 1
0.625773 1
0.612719 1
0.645227 1
0.835065 1
0.653976 1
0.614964 1
0.533724 1
0.856816 1
0.572870 1
0.542714 1
0.902697 1
0.951863 1
0.996111 1
0.939431 1
0.896838 1
0.922421 1
0.929768 1
0.682549 1
0.625624 1
0.697199 1
0.613666 1
0.681729 1
0.448654 1
0.890571 1
0.854941 1
0.842499 1
0.660036 1
0.906853 1
0.777358 1
0.684604 1
0.673785 1
0.795908 1
0.972343 1
0.657549 1
0.948583 1
0.971814 1
0.936676 1
0.919233 1
0.592623 1
0.968761 1
0.785245 1
0.921030 1
0.290695 1
0.830167 1
0.613554 1
0.656675 1
0.910078 1
0.532470 1
0.867956 1
0.626735 1
0.809061 1
0.616644 1
0.562685 1
0.959303 1
0.922574 1
0.890687 1
0.942805 1
0.881679 1
0.922670 1
0.923188 1
0.931050 1
0.449724 1
0.669439 1
0.412288 1
0.474859 1
0.883199 1
0.341732 1
0.379182 1
0.813334 1
0.603355 1
0.383662 1
0.928870 1
0.575069 1
0.786848 1
0.401405 1
0.664459 1
0.854076 1
0.481755 1
0.483736 1
0.549964 1
0.574164 1
0.508844 1
0.425171 1
0.453739 1
0.811767 1
0.478725 1
0.601106 1
0.514855 1
0.512744 1
0.465654 1
0.657937 1
0.479156 1
0.650111 1
0.915010 1
0.912186 1
0.909498 1
0.989749 1
0.991817 1
0.994456 1
0.887233 1
0.911557 1
0.873796 1
0.875838 1
0.860385 1
0.960140 1
0.817211 1
0.853516 1
0.896346 1
0.867024 1
0.785069 1
0.770375 1
0.899280 1
0.982916 1
0.967881 1
0.991863 1
0.943926 1
0.927168 1
0.989107 1
0.989121 1
0.964581 1
0.972171 1
0.965378 1
0.975884 1
0.697963 1
0.995836 1
0.642602 1
0.978900 1
0.927568 1
0.985483 1
0.957903 1
0.965375 1
0.712235 1
0.987001 1
0.851332 1
0.840884 1
0.872886 1
0.882659 1
0.961005 1
0.814304 1
0.812011 1
0.895230 1
0.971155 1
0.881834 1
0.904291 1
0.917720 1
0.868343 1
0.892249 1
0.821543 1
0.885067 1
0.817011 1
0.810700 1
0.817403 1
0.817454 1
0.741412 1
0.809907 1
0.802073 1
0.817807 1
0.784800 1
0.816160 1
0.817832 1
0.817291 1
0.818121 1
0.816646 1
0.750551 1
0.775940 1
0.820462 1
0.815258 1
0.580824 1
0.931013 1
0.975991 1
0.536668 1
0.946288 1
0.937049 1
0.983484 1
0.958971 1
0.983289 1
0.983166 1
0.919496 1
0.857007 1
0.969477 1
0.981137 1
0.870499 1
0.987166 1
0.992885 1
0.935411 1
0.981092 1
0.971075 1
0.979797 1
0.970163 1
0.994260 1
0.997869 1
0.967068 1
0.868508 1
0.925112 1
0.982554 1
0.984107 1
0.994245 1
0.943563 1
0.763219 1
0.999471 1
0.998144 1
0.475989 1
0.899504 1
0.860528 1
0.342521 1
0.967037 1
0.505351 1
0.958230 1
0.925112 1
0.525019 1
0.961723 1
0.823874 1
0.716664 1
0.508621 1
0.957894 1
0.917954 1
0.947021 1
0.258833 1
0.812756 1
0.940682 1
0.928976 1
0.607030 1
0.957195 1
0.915229 1
0.982013 1
0.953685 1
0.882805 1
0.901176 1
0.961029 1
0.997579 1
0.937508 1
0.999014 1
0.989038 1
0.975365 1
0.970121 1
0.999448 1
0.948693 1
0.999990 1
0.969334 1
0.999518 1
0.974042 1
0.990694 1
0.975741 1
0.974662 1
0.973044 1
0.945256 1
0.917436 1
0.888267 1
0.930011 1
0.913630 1
0.944023 1
0.929021 1
0.961441 1
0.967254 1
0.959504 1
0.911665 1
0.915242 1
0.956200 1
0.915350 1
0.936126 1
0.966494 1
0.928614 1
0.951827 1
0.982408 1
0.982003 1
0.924615 1
0.978576 1
0.983056 1
0.982272 1
0.950429 1
0.771403 1
0.983934 1
0.985235 1
0.849334 1
0.983936 1
0.960094 1
0.981637 1
0.982764 1
0.774073 1
0.952444 1
0.923165 1
0.959059 1
0.913900 1
0.958405 1
0.943630 1
0.959431 1
0.855869 1
0.960250 1
0.911779 1
0.957705 1
0.958338 1
0.955053 1
0.957902 1
0.959504 1
0.947418 1
0.954998 1
0.891372 1
0.979741 1
0.981741 1
0.981774 1
0.980117 1
0.930695 1
0.980064 1
0.981647 1
0.939685 1
0.984786 1
0.982378 1
0.981342 1
0.980148 1
0.979892 1
0.981648 1
0.947842 1
0.980159 1
0.943857 1
0.978525 1
0.974688 1
0.243968 1
0.428985 1
0.204619 1
0.194336 1
0.763444 1
0.538136 1
0.380996 1
0.243176 1
0.852154 1
0.353257 1
0.872025 1
0.200972 1
0.302290 1
0.269589 1
0.219893 1
0.210724 1
0.247579 1
0.269302 1
0.255732 1
0.359448 1
0.159636 1
0.126420 1
0.216900 1
0.155504 1
0.642766 1
0.167912 1
0.088035 1
0.373699 1
0.702079 1
0.447402 1
0.191233 1
0.711535 1
0.635482 1
0.498889 1
0.434376 1
0.489751 1
0.548336 1
0.990265 1
0.991453 1
0.988203 1
0.238915 1
0.585929 1
0.631466 1
0.595679 1
0.818085 1
0.995399 1
0.529581 1
0.898756 1
0.736562 1
0.357711 1
0.344807 1
0.898991 1
0.899807 1
0.892945 1
0.901702 1
0.906364 1
0.712230 1
0.771480 1
0.899589 1
0.926694 1
0.854763 1
0.764906 1
0.870679 1
0.913761 1
0.797147 1
0.836291 1
0.852323 1
0.763798 1
0.662716 1
0.388936 1
0.753629 1
0.259990 1
0.309977 1
0.274455 1
0.633561 1
0.570259 1
0.702420 1
0.198784 1
0.327123 1
0.328490 1
0.525207 1
0.683184 1
0.681648 1
0.162966 1
0.317704 1
0.630227 1
0.529882 1
0.634877 1
0.669999 1
0.981720 1
0.891417 1
0.986313 1
0.977857 1
0.984394 1
0.988480 1
0.977490 1
0.983719 1
0.925722 1
0.977716 1
0.980724 1
0.983418 1
0.960993 1
0.987750 1
0.938010 1
0.981006 1
0.981907 1
0.926919 1
0.582226 1
0.936393 1
0.632366 1
0.800793 1
0.879118 1
0.947173 1
0.912974 1
0.784447 1
0.952734 1
0.943385 1
0.936201 1
0.393072 1
0.952659 1
0.806326 1
0.952960 1
0.933526 1
0.991192 1
0.936156 1
0.508597 1
0.687271 1
0.990365 1
0.994958 1
0.963522 1
0.975724 1
0.923158 1
0.989478 1
0.941027 1
0.997316 1
0.999348 1
0.990030 1
0.985964 1
0.998699 1
0.979228 1
0.964647 1
0.645625 1
0.829362 1
0.922190 1
0.923406 1
0.951273 1
0.952129 1
0.979573 1
0.848252 1
0.835127 1
0.802052 1
0.974671 1
0.956404 1
0.873997 1
0.939529 1
0.961838 1
0.766386 1
0.946890 1
0.887027 1
0.753543 1
0.919219 1
0.937015 1
0.868083 1
0.796767 1
0.731594 1
0.733682 1
0.796117 1
0.983919 1
0.878850 1
0.663769 1
0.551193 1
0.854096 1
0.729000 1
0.399671 1
0.838732 1
0.960202 1
0.767912 1
0.895681 1
0.974351 1
0.969970 1
0.928813 1
0.855305 1
0.772997 1
0.936281 1
0.967021 1
0.972999 1
0.972720 1
0.891044 1
0.949753 1
0.973505 1
0.952170 1
0.868860 1
0.874291 1
0.844843 1
0.923009 1
0.377037 1
0.845467 1
0.708339 1
0.777883 1
0.863591 1
0.932551 1
0.436490 1
0.792003 1
0.463085 1
0.738965 1
0.965355 1
0.971814 1
0.800770 1
0.819169 1
0.926281 1
0.646705 1
0.661626 1
0.975849 1
0.975701 1
0.964954 1
0.775756 1
0.631227 1
0.967962 1
0.899242 1
0.959064 1
0.961360 1
0.870044 1
0.759384 1
0.935926 1
0.977599 1
0.931066 1
0.901945 1
0.970683 1
0.850058 1
0.933030 1
0.849818 1
0.914885 1
0.764546 1
0.344002 1
0.760658 1
0.958252 1
0.366179 1
0.589159 1
0.869054 1
0.970152 1
0.965814 1
0.964426 1
0.577545 1
0.198586 1
0.400202 1
0.964787 1
0.970915 1
0.970496 1
0.970168 1
0.511401 1
0.948635 1
0.301910 1
0.385588 1
0.576838 1
0.705786 1
0.383353 1
0.355035 1
0.679977 1
0.993770 1
0.967170 1
0.897465 1
0.984915 1
0.989182 1
0.989695 1
0.722709 1
0.966834 1
0.928173 1
0.994605 1
0.982394 1
0.680771 1
0.477508 1
0.605954 1
0.984141 1
0.844301 1
0.501983 1
0.979355 1
0.883196 1
0.315630 1
0.608937 1
0.929807 1
0.743695 1
0.359218 1
0.390463 1
0.034130 1
0.061025 1
0.146618 1
0.188554 1
0.162855 1
0.070847 1
0.102880 1
0.142176 1
0.031041 1
0.063534 1
0.094733 1
0.114974 1
0.152795 1
0.103855 1
0.159862 1
0.076406 1
0.226691 1
0.991935 1
1.000000 1
1.000000 1
0.981021 1
1.000000 1
0.999999 1
0.994155 1
0.968566 1
1.000000 1
0.987902 1
1.000000 1
1.000000 1
1.000000 1
0.988268 1
0.998167 1
0.998957 1
0.993338 1
0.999962 1
0.464697 1
0.716211 1
0.294161 1
0.776394 1
0.197880 1
0.909759 1
0.323309 1
0.614819 1
0.916860 1
0.222424 1
0.558248 1
0.470326 1
0.785705 1
0.261807 1
0.416542 1
0.508369 1
0.523525 1
0.549008 1
0.605027 1
0.616654 1
0.868859 1
0.842460 1
0.526991 1
0.795886 1
0.835879 1
0.838575 1
0.630941 1
0.578494 1
0.762897 1
0.919464 1
0.615550 1
0.786298 1
0.558188 1
0.843320 1
0.443433 1
0.467459 1
0.426017 1
0.600271 1
0.417159 1
0.441395 1
0.624381 1
0.507382 1
0.331841 1
0.478289 1
0.519447 1
0.540112 1
0.491898 1
0.583112 1
0.388793 1
0.530920 1
0.675730 1
0.684671 1
0.894699 1
0.964488 1
0.973925 1
0.604146 1
0.858414 1
0.856858 1
0.768605 1
0.972062 1
0.668689 1
0.922900 1
0.962563 1
0.731174 1
0.941238 1
0.938139 1
0.968823 1
0.958078 1
0.966219 1
0.950190 1
0.709424 1
0.848321 1
0.674712 1
0.758222 1
0.343439 1
0.936907 1
0.914156 1
0.679608 1
0.452934 1
0.832274 1
0.690303 1
0.508568 1
0.213547 1
0.368626 1
0.717133 1
0.417738 1
0.541093 1
0.273479 1
0.601566 1
0.624629 1
0.633959 1
0.867852 1
0.618753 1
0.605908 1
0.694700 1
0.289141 1
0.736467 1
0.623685 1
0.640366 1
0.558463 1
0.582413 1
0.640747 1
0.672957 1
0.615579 1
0.573136 1
0.626582 1
0.898907 1
0.978388 1
0.985524 1
0.998356 1
0.989996 1
0.997703 1
0.993273 1
0.988667 1
0.994039 1
0.988417 1
0.948636 1
0.983926 1
0.989677 1
0.995967 1
0.983969 1
0.956327 1
0.942391 1
0.983545 1
0.991089 1
0.987315 1
0.983502 1
0.982898 1
0.703334 1
0.986570 1
0.931923 1
0.869056 1
0.967596 1
0.887771 1
0.834657 1
0.988908 1
0.937996 1
0.834581 1
0.944956 1
0.843979 1
0.869290 1
0.898718 1
0.967840 1
0.967828 1
0.965115 1
0.958974 1
0.972004 1
0.971687 1
0.971836 1
0.969327 1
0.962902 1
0.968141 1
0.972255 1
0.973355 1
0.968382 1
0.963437 1
0.966284 1
0.972151 1
0.971381 1
0.958629 1
0.751609 1
0.917452 1
0.528619 1
0.835562 1
0.985742 1
0.996048 1
0.541158 1
0.608007 1
0.574487 1
0.541382 1
0.771877 1
0.999260 1
0.995339 1
0.831205 1
0.616493 1
0.998518 1
0.998532 1
0.994568 1
0.982107 1
0.985117 1
0.909477 1
