0 0 0.966029 0.016389 0.002200 0.001812 0.013570
0 0 0.972923 0.010249 0.002322 0.010405 0.004102
0 0 0.955958 0.018230 0.003797 0.009010 0.013005
0 0 0.953894 0.021675 0.003859 0.004632 0.015939
0 0 0.980384 0.007332 0.001373 0.006860 0.004051
0 0 0.982139 0.006804 0.001254 0.006301 0.003502
0 0 0.967970 0.011286 0.002435 0.011252 0.007058
0 0 0.969498 0.012131 0.002528 0.008958 0.006884
0 0 0.963275 0.014793 0.003028 0.008808 0.010096
0 0 0.952016 0.021001 0.004985 0.011365 0.010633
0 0 0.918001 0.039702 0.008375 0.006767 0.027155
0 0 0.970848 0.012307 0.002587 0.008288 0.005970
0 0 0.970803 0.010426 0.002408 0.011826 0.004537
0 0 0.975558 0.009840 0.001881 0.006977 0.005744
0 0 0.971638 0.011442 0.002277 0.007856 0.006787
0 0 0.953559 0.020482 0.003620 0.005042 0.017297
0 0 0.976702 0.007616 0.001270 0.006548 0.007864
0 0 0.981109 0.007693 0.001107 0.003276 0.006815
0 0 0.968158 0.012518 0.002190 0.006014 0.011120
0 0 0.967338 0.015872 0.002602 0.003525 0.010663
0 0 0.627598 0.017986 0.002234 0.006502 0.345681
0 0 0.560194 0.019768 0.002419 0.005409 0.412210
0 0 0.583020 0.017964 0.002119 0.005241 0.391656
0 0 0.702370 0.012950 0.001374 0.004844 0.278461
0 0 0.696775 0.012355 0.001333 0.005458 0.284079
0 0 0.539593 0.019665 0.002352 0.004895 0.433495
0 0 0.726708 0.014355 0.001793 0.008102 0.249042
0 0 0.634725 0.017678 0.002191 0.006572 0.338834
0 0 0.584055 0.023255 0.003232 0.007640 0.381817
4 0 0.421503 0.024828 0.003141 0.004084 0.546443
0 0 0.495653 0.021679 0.002655 0.004636 0.475376
4 0 0.414465 0.021165 0.002416 0.003166 0.558788
0 0 0.641385 0.019657 0.002629 0.007934 0.328394
0 0 0.502473 0.037630 0.006590 0.010676 0.442631
4 0 0.287069 0.023621 0.002725 0.002090 0.684496
0 0 0.561786 0.022860 0.002958 0.005793 0.406603
4 1 0.483922 0.022145 0.002723 0.004542 0.486668
4 1 0.319980 0.034274 0.005034 0.004118 0.636594
4 2 0.228464 0.044511 0.007500 0.003787 0.715739
4 2 0.145846 0.053348 0.010063 0.002912 0.787830
1 2 0.045768 0.496900 0.370316 0.000288 0.086728
2 2 0.003059 0.108849 0.844598 0.000519 0.042974
2 2 0.033423 0.379711 0.493732 0.000723 0.092411
2 2 0.000034 0.006704 0.991599 0.000155 0.001508
2 2 0.011684 0.296856 0.635739 0.000164 0.055557
2 2 0.005242 0.187025 0.747525 0.000192 0.060016
2 2 0.005084 0.073681 0.906176 0.003121 0.011938
1 2 0.071430 0.482023 0.231369 0.000606 0.214572
2 2 0.009129 0.237745 0.708794 0.000243 0.044090
2 2 0.000234 0.019961 0.970866 0.000510 0.008429
2 2 0.005842 0.188818 0.751876 0.000237 0.053227
2 2 0.002313 0.090859 0.890286 0.000399 0.016142
2 2 0.000744 0.038329 0.951953 0.000660 0.008314
2 2 0.000010 0.002077 0.996649 0.000614 0.000650
2 2 0.000237 0.022528 0.971116 0.000266 0.005853
2 2 0.000014 0.002469 0.996035 0.000824 0.000657
2 2 0.000063 0.006839 0.990380 0.000854 0.001865
2 2 0.000004 0.000627 0.990956 0.008153 0.000260
2 2 0.015958 0.220460 0.733285 0.001393 0.028904
2 2 0.000282 0.025507 0.964685 0.000299 0.009227
2 2 0.000000 0.000112 0.990337 0.009535 0.000016
2 1 0.017254 0.156630 0.808330 0.006592 0.011194
2 2 0.000611 0.024088 0.966438 0.002605 0.006258
2 2 0.002738 0.048229 0.932765 0.008031 0.008237
2 2 0.000025 0.001953 0.991402 0.006409 0.000211
2 2 0.000001 0.000140 0.992158 0.007677 0.000024
2 2 0.000002 0.000293 0.981596 0.018057 0.000052
2 2 0.000066 0.003299 0.982544 0.013461 0.000630
2 2 0.001357 0.039096 0.953992 0.002106 0.003449
2 2 0.000000 0.000018 0.932278 0.067700 0.000004
2 2 0.000001 0.000120 0.863258 0.136590 0.000031
2 2 0.000002 0.000251 0.991706 0.008014 0.000027
2 2 0.000001 0.000086 0.961311 0.038589 0.000014
2 2 0.000000 0.000027 0.899964 0.100002 0.000006
2 3 0.000000 0.000018 0.872722 0.127256 0.000004
2 3 0.000000 0.000021 0.870355 0.129619 0.000004
2 3 0.000000 0.000045 0.883411 0.116534 0.000010
2 3 0.000000 0.000015 0.861756 0.138226 0.000003
2 3 0.000000 0.000019 0.821123 0.178854 0.000004
2 3 0.000000 0.000028 0.796219 0.203746 0.000006
2 3 0.000000 0.000002 0.679352 0.320645 0.000000
3 3 0.000000 0.000006 0.326246 0.673747 0.000001
3 3 0.000000 0.000002 0.227103 0.772895 0.000000
3 3 0.000000 0.000002 0.175716 0.824282 0.000000
3 3 0.000000 0.000003 0.114295 0.885701 0.000001
3 3 0.000000 0.000006 0.406692 0.593301 0.000001
3 3 0.000000 0.000009 0.199160 0.800829 0.000002
3 3 0.000013 0.000119 0.171476 0.828352 0.000040
2 3 0.003323 0.019207 0.606850 0.360739 0.009880
2 3 0.000067 0.001477 0.734651 0.263272 0.000533
2 3 0.000002 0.000153 0.763658 0.236146 0.000041
2 3 0.000000 0.000010 0.853968 0.146019 0.000002
2 3 0.000003 0.000188 0.795057 0.204700 0.000052
2 3 0.000000 0.000007 0.828434 0.171558 0.000001
2 3 0.000000 0.000003 0.603052 0.396944 0.000000
2 3 0.000001 0.000070 0.809933 0.189979 0.000017
2 3 0.000000 0.000006 0.665642 0.334350 0.000001
2 3 0.000000 0.000004 0.560139 0.439857 0.000001
3 3 0.000000 0.000002 0.259565 0.740433 0.000000
3 3 0.000000 0.000004 0.213660 0.786335 0.000001
3 3 0.000000 0.000004 0.279466 0.720529 0.000001
3 3 0.000000 0.000010 0.144669 0.855319 0.000002
3 3 0.000000 0.000003 0.166346 0.833650 0.000001
3 3 0.000002 0.000052 0.266966 0.732968 0.000013
3 3 0.000000 0.000005 0.336232 0.663763 0.000001
3 3 0.000000 0.000005 0.144448 0.855546 0.000001
3 3 0.000000 0.000004 0.071324 0.928670 0.000001
3 3 0.000000 0.000001 0.112125 0.887874 0.000000
3 3 0.000011 0.000134 0.160577 0.839236 0.000041
3 3 0.000039 0.000631 0.430937 0.568179 0.000212
2 2 0.000000 0.000050 0.822929 0.177009 0.000011
2 2 0.000038 0.001050 0.771210 0.227341 0.000361
2 2 0.000001 0.000077 0.741393 0.258511 0.000019
2 2 0.000001 0.000101 0.862772 0.137100 0.000026
2 2 0.000074 0.001730 0.783454 0.214106 0.000636
2 2 0.000006 0.000350 0.861198 0.138342 0.000104
2 2 0.000000 0.000020 0.821328 0.178648 0.000004
2 2 0.000002 0.000127 0.829082 0.170757 0.000033
2 2 0.000008 0.000429 0.867527 0.131905 0.000131
2 2 0.000001 0.000065 0.837547 0.162371 0.000016
2 2 0.000051 0.001991 0.979062 0.018515 0.000381
2 2 0.012458 0.154610 0.810827 0.003365 0.018740
2 2 0.000058 0.003972 0.989262 0.005580 0.001128
2 2 0.000072 0.005820 0.990971 0.001946 0.001191
2 2 0.000013 0.001041 0.982798 0.015905 0.000243
2 2 0.003175 0.045716 0.931556 0.013816 0.005737
2 2 0.053690 0.328581 0.459675 0.005170 0.152883
2 2 0.000265 0.015077 0.979734 0.001637 0.003287
2 2 0.000010 0.000930 0.985386 0.013398 0.000277
2 2 0.000109 0.007227 0.988331 0.002712 0.001622
2 2 0.000252 0.015778 0.979429 0.001219 0.003322
2 2 0.000001 0.000246 0.984339 0.015327 0.000086
2 2 0.000214 0.009229 0.982724 0.006032 0.001802
2 2 0.000003 0.000309 0.970309 0.029300 0.000079
2 2 0.000043 0.002319 0.977444 0.019648 0.000546
2 2 0.000454 0.019418 0.973384 0.002557 0.004187
2 2 0.000001 0.000175 0.984635 0.015134 0.000055
2 2 0.002621 0.039885 0.934227 0.016007 0.007261
2 2 0.000005 0.000592 0.983716 0.015444 0.000242
2 2 0.000024 0.001444 0.974467 0.023711 0.000353
2 2 0.000001 0.000165 0.965172 0.034620 0.000042
2 2 0.000009 0.000588 0.934279 0.064935 0.000188
2 2 0.000501 0.008140 0.871386 0.116295 0.003678
2 2 0.000012 0.000766 0.959575 0.039487 0.000161
2 2 0.000023 0.001059 0.916869 0.081682 0.000366
2 2 0.000002 0.000158 0.840571 0.159226 0.000042
2 2 0.000004 0.000315 0.937016 0.062573 0.000093
2 2 0.000005 0.000402 0.957972 0.041534 0.000087
2 2 0.022268 0.177000 0.762225 0.009705 0.028801
2 2 0.000001 0.000132 0.981144 0.018671 0.000052
2 2 0.000040 0.002011 0.971491 0.026024 0.000433
2 2 0.000002 0.000275 0.976096 0.023573 0.000054
2 2 0.000150 0.006215 0.982905 0.009765 0.000966
2 2 0.000001 0.000091 0.938629 0.061257 0.000023
2 2 0.000008 0.000613 0.962412 0.036753 0.000214
2 2 0.000001 0.000122 0.940332 0.059514 0.000032
2 2 0.000007 0.000698 0.981267 0.017836 0.000192
2 2 0.000001 0.000109 0.945425 0.054437 0.000028
2 2 0.000003 0.000256 0.910366 0.089302 0.000073
2 2 0.000002 0.000155 0.920194 0.079608 0.000041
2 2 0.000001 0.000044 0.641648 0.358298 0.000010
2 2 0.000000 0.000032 0.672299 0.327662 0.000007
2 2 0.000000 0.000014 0.628102 0.371881 0.000003
2 2 0.000001 0.000085 0.703650 0.296242 0.000021
3 2 0.000021 0.000413 0.444401 0.555034 0.000131
2 2 0.000000 0.000022 0.528772 0.471201 0.000005
2 2 0.000000 0.000031 0.601988 0.397974 0.000007
2 3 0.000001 0.000035 0.531984 0.467973 0.000008
2 3 0.000000 0.000006 0.517228 0.482765 0.000001
3 3 0.000000 0.000005 0.153079 0.846915 0.000001
3 3 0.000004 0.000076 0.185381 0.814518 0.000021
3 3 0.000000 0.000008 0.161477 0.838514 0.000002
3 3 0.000004 0.000033 0.087922 0.912032 0.000010
3 3 0.000000 0.000006 0.093759 0.906234 0.000001
3 3 0.000000 0.000004 0.062785 0.937211 0.000001
3 3 0.000008 0.000041 0.053799 0.946139 0.000014
3 3 0.000000 0.000001 0.187050 0.812949 0.000000
3 3 0.000000 0.000004 0.051632 0.948362 0.000001
3 3 0.000000 0.000001 0.022725 0.977274 0.000000
3 3 0.000001 0.000005 0.046162 0.953831 0.000001
3 3 0.000000 0.000001 0.026087 0.973911 0.000000
3 3 0.000001 0.000006 0.024225 0.975766 0.000002
3 3 0.000002 0.000004 0.012845 0.987148 0.000001
3 3 0.000000 0.000001 0.011994 0.988004 0.000000
3 3 0.000002 0.000008 0.024998 0.974989 0.000003
3 3 0.000001 0.000007 0.031136 0.968854 0.000002
3 3 0.000000 0.000002 0.048680 0.951317 0.000001
3 3 0.000001 0.000004 0.029323 0.970671 0.000001
3 3 0.000000 0.000001 0.027533 0.972466 0.000000
3 3 0.000000 0.000003 0.030615 0.969382 0.000001
3 3 0.000003 0.000008 0.021958 0.978029 0.000003
3 3 0.000003 0.000007 0.018008 0.981980 0.000003
3 3 0.000001 0.000003 0.013924 0.986070 0.000001
3 3 0.000005 0.000011 0.017373 0.982608 0.000004
3 3 0.000001 0.000005 0.027822 0.972171 0.000001
3 3 0.000002 0.000007 0.020640 0.979348 0.000002
3 3 0.000002 0.000007 0.026692 0.973297 0.000002
3 3 0.000000 0.000002 0.016689 0.983308 0.000001
3 3 0.000000 0.000001 0.009643 0.990356 0.000000
3 3 0.000001 0.000003 0.014730 0.985264 0.000001
3 3 0.000001 0.000001 0.010122 0.989876 0.000000
3 3 0.000000 0.000001 0.040231 0.959767 0.000000
3 3 0.000000 0.000002 0.020524 0.979473 0.000001
3 3 0.000000 0.000002 0.021196 0.978800 0.000001
3 3 0.000001 0.000003 0.020334 0.979661 0.000001
3 3 0.000002 0.000006 0.014339 0.985650 0.000002
3 3 0.000001 0.000002 0.013114 0.986884 0.000001
3 3 0.000001 0.000003 0.015388 0.984606 0.000001
3 3 0.000002 0.000007 0.018219 0.981770 0.000002
3 3 0.000000 0.000001 0.014232 0.985767 0.000000
3 3 0.000003 0.000008 0.017831 0.982155 0.000003
3 3 0.000001 0.000005 0.031176 0.968817 0.000001
3 3 0.000001 0.000003 0.017250 0.982745 0.000001
3 3 0.000000 0.000001 0.012253 0.987746 0.000000
3 3 0.000000 0.000001 0.017176 0.982823 0.000000
3 3 0.000005 0.000006 0.009791 0.990196 0.000002
3 3 0.000001 0.000003 0.022864 0.977131 0.000001
3 3 0.000001 0.000002 0.020958 0.979038 0.000001
3 3 0.000001 0.000003 0.020699 0.979297 0.000001
3 3 0.000001 0.000002 0.013010 0.986987 0.000001
3 3 0.000011 0.000018 0.017046 0.982917 0.000007
3 3 0.000000 0.000001 0.031432 0.968567 0.000000
3 3 0.000000 0.000001 0.026930 0.973069 0.000000
3 3 0.000000 0.000001 0.015523 0.984476 0.000000
3 3 0.000001 0.000002 0.010817 0.989178 0.000001
3 3 0.000002 0.000005 0.012625 0.987366 0.000002
3 3 0.000002 0.000006 0.020036 0.979955 0.000002
3 3 0.000000 0.000001 0.034825 0.965173 0.000000
3 3 0.000002 0.000008 0.022483 0.977504 0.000003
3 3 0.000000 0.000001 0.056421 0.943578 0.000000
3 3 0.000002 0.000004 0.010698 0.989294 0.000002
3 3 0.000001 0.000002 0.017112 0.982884 0.000001
3 3 0.000002 0.000005 0.015042 0.984949 0.000002
3 3 0.000002 0.000007 0.023217 0.976772 0.000002
3 3 0.000000 0.000001 0.023668 0.976330 0.000000
3 3 0.000001 0.000006 0.027298 0.972693 0.000002
3 3 0.000000 0.000002 0.017486 0.982511 0.000000
3 3 0.000000 0.000002 0.032030 0.967967 0.000001
3 3 0.000000 0.000001 0.012922 0.987076 0.000000
3 3 0.000009 0.000023 0.024671 0.975289 0.000008
3 3 0.000019 0.000034 0.029807 0.970125 0.000015
3 3 0.000008 0.000022 0.036730 0.963232 0.000008
3 3 0.000011 0.000017 0.019047 0.980918 0.000007
3 3 0.000020 0.000024 0.017830 0.982115 0.000011
3 3 0.000014 0.000021 0.021215 0.978741 0.000009
3 3 0.000006 0.000007 0.013254 0.986730 0.000003
3 3 0.000030 0.000033 0.017775 0.982147 0.000015
3 3 0.000021 0.000052 0.037393 0.962514 0.000021
3 3 0.000007 0.000016 0.028108 0.971863 0.000006
3 3 0.000014 0.000030 0.033226 0.966717 0.000012
3 3 0.000042 0.000062 0.027356 0.972513 0.000028
3 3 0.000048 0.000054 0.022591 0.977281 0.000026
3 3 0.000502 0.000830 0.079453 0.918796 0.000419
3 3 0.000105 0.000911 0.267053 0.731594 0.000337
3 3 0.008564 0.028805 0.441861 0.505878 0.014892
2 3 0.023956 0.089106 0.639725 0.204121 0.043092
2 2 0.019146 0.072574 0.635459 0.240345 0.032476
2 2 0.085444 0.058113 0.433419 0.413130 0.009894
3 2 0.034839 0.074188 0.391531 0.455860 0.043582
2 1 0.074287 0.141981 0.455307 0.272321 0.056104
1 0 0.206088 0.473276 0.247651 0.005278 0.067706
1 0 0.099808 0.434231 0.307035 0.003661 0.155266
1 1 0.105994 0.490750 0.237302 0.001532 0.164424
1 0 0.126391 0.447083 0.333856 0.005657 0.087012
1 0 0.138732 0.460726 0.261577 0.004651 0.134313
1 1 0.138466 0.505876 0.230844 0.002300 0.122515
1 1 0.060577 0.454379 0.383138 0.001030 0.100876
2 2 0.006026 0.076203 0.877338 0.014047 0.026386
2 2 0.000593 0.027404 0.959116 0.001818 0.011070
2 2 0.005711 0.152986 0.797582 0.000566 0.043155
2 2 0.000132 0.008604 0.983328 0.003319 0.004618
2 2 0.000819 0.031483 0.959299 0.001823 0.006577
2 2 0.000608 0.030566 0.959323 0.001065 0.008438
2 2 0.000352 0.018989 0.964296 0.002342 0.014021
2 2 0.076770 0.359676 0.455769 0.007582 0.100202
2 2 0.002266 0.084404 0.878130 0.000697 0.034503
2 2 0.000226 0.010243 0.978700 0.006608 0.004222
2 2 0.000217 0.012624 0.976247 0.003008 0.007904
2 2 0.000140 0.008049 0.984556 0.004389 0.002866
2 2 0.000399 0.030200 0.957598 0.000397 0.011405
2 2 0.000205 0.013326 0.973259 0.002367 0.010843
2 2 0.002967 0.083963 0.865288 0.001695 0.046087
2 2 0.001343 0.051455 0.927900 0.001222 0.018081
2 2 0.000563 0.028733 0.946975 0.001655 0.022073
2 2 0.004204 0.163927 0.759737 0.000207 0.071925
2 2 0.000618 0.034603 0.945287 0.000867 0.018625
2 2 0.001650 0.073156 0.895083 0.000534 0.029577
2 2 0.000758 0.027074 0.955502 0.003959 0.012708
2 2 0.000245 0.019478 0.968404 0.000724 0.011149
2 2 0.000357 0.029237 0.954812 0.000381 0.015214
2 2 0.018082 0.255116 0.427636 0.000920 0.298245
2 2 0.000191 0.011389 0.982256 0.002408 0.003756
2 2 0.001837 0.077364 0.879394 0.000637 0.040768
2 2 0.013924 0.218983 0.427503 0.000916 0.338674
2 2 0.010273 0.220670 0.656779 0.000589 0.111689
4 4 0.019282 0.138153 0.266554 0.007833 0.568177
4 4 0.015902 0.206977 0.371772 0.001421 0.403927
2 4 0.007866 0.129182 0.531355 0.002996 0.328601
2 4 0.014774 0.121558 0.447543 0.017812 0.398313
2 4 0.011950 0.296672 0.605831 0.000189 0.085358
2 2 0.012736 0.363302 0.517953 0.000075 0.105934
1 2 0.039176 0.509360 0.200826 0.000075 0.250563
4 4 0.026768 0.127636 0.054023 0.001006 0.790566
2 4 0.013146 0.362423 0.434923 0.000074 0.189434
2 4 0.019559 0.387502 0.431267 0.000150 0.161521
1 4 0.020506 0.382389 0.251208 0.000081 0.345816
2 4 0.008725 0.298781 0.580575 0.000081 0.111839
2 4 0.003822 0.225702 0.670375 0.000037 0.100064
4 4 0.023519 0.354463 0.246290 0.000161 0.375566
2 4 0.009576 0.326241 0.548415 0.000064 0.115703
4 4 0.017696 0.130287 0.190279 0.004069 0.657670
2 2 0.000859 0.068138 0.899475 0.000128 0.031401
2 2 0.001448 0.076521 0.889667 0.000315 0.032049
2 2 0.004782 0.220044 0.680974 0.000075 0.094125
2 2 0.000349 0.031287 0.949264 0.000306 0.018793
2 2 0.000076 0.009496 0.979157 0.000663 0.010608
2 2 0.000259 0.022295 0.962914 0.000525 0.014006
2 2 0.000248 0.025931 0.950916 0.000288 0.022617
2 2 0.000061 0.008581 0.979744 0.000602 0.011012
2 2 0.000302 0.025262 0.949683 0.000555 0.024198
2 2 0.000021 0.002966 0.994744 0.001190 0.001079
2 2 0.000036 0.004096 0.992011 0.001766 0.002090
2 2 0.000783 0.019439 0.966562 0.010036 0.003180
2 2 0.000074 0.006346 0.991127 0.001365 0.001088
2 2 0.000060 0.007219 0.990541 0.000529 0.001650
2 2 0.000029 0.003528 0.993708 0.001440 0.001295
2 2 0.000088 0.007064 0.989675 0.001612 0.001562
2 1 0.068884 0.325425 0.569188 0.008357 0.028146
2 2 0.009695 0.164333 0.811780 0.001117 0.013076
2 2 0.000062 0.006826 0.991453 0.000620 0.001039
2 2 0.000061 0.005419 0.992015 0.001554 0.000950
2 2 0.001762 0.055680 0.935562 0.001130 0.005866
2 2 0.000401 0.026102 0.969792 0.000449 0.003256
2 2 0.000016 0.002166 0.995709 0.001674 0.000435
2 2 0.000686 0.024764 0.962819 0.003718 0.008013
2 2 0.000066 0.005458 0.991825 0.001766 0.000885
2 2 0.000010 0.001304 0.995997 0.002497 0.000192
2 2 0.000053 0.004430 0.992574 0.002246 0.000697
2 2 0.000295 0.010632 0.979691 0.007587 0.001796
2 2 0.000008 0.000724 0.983702 0.015443 0.000124
2 2 0.000435 0.014334 0.977912 0.005768 0.001551
2 2 0.000037 0.003497 0.994377 0.001722 0.000368
2 2 0.000529 0.014517 0.978835 0.004800 0.001318
2 2 0.002300 0.073143 0.918821 0.000633 0.005103
2 2 0.001759 0.019598 0.970089 0.006879 0.001675
1 1 0.151958 0.527558 0.286049 0.002156 0.032279
2 1 0.009884 0.144113 0.833003 0.001891 0.011110
2 2 0.000298 0.014770 0.982106 0.001593 0.001234
2 2 0.004931 0.121131 0.865630 0.000580 0.007728
2 2 0.000072 0.004246 0.989919 0.005284 0.000479
2 2 0.000010 0.000578 0.986681 0.012679 0.000053
2 2 0.000134 0.007526 0.986859 0.003838 0.001645
2 2 0.000017 0.001376 0.989473 0.008964 0.000170
2 2 0.000235 0.013378 0.984436 0.001010 0.000940
2 2 0.000004 0.000671 0.996221 0.003038 0.000065
2 2 0.006366 0.128178 0.857865 0.000868 0.006723
2 2 0.000003 0.000384 0.988730 0.010824 0.000058
2 2 0.000013 0.001552 0.995454 0.002728 0.000253
2 2 0.000013 0.001118 0.988893 0.009819 0.000158
2 2 0.000023 0.001297 0.967864 0.030533 0.000283
2 2 0.000003 0.000403 0.984509 0.014987 0.000098
2 2 0.000010 0.000861 0.981312 0.017616 0.000201
2 2 0.000007 0.000595 0.971600 0.027579 0.000220
2 2 0.000006 0.000532 0.979318 0.020050 0.000094
2 2 0.000139 0.004645 0.963800 0.030222 0.001194
2 2 0.000002 0.000290 0.981517 0.018118 0.000073
2 2 0.000009 0.000832 0.987567 0.011439 0.000153
2 2 0.000010 0.001201 0.992996 0.005474 0.000320
2 2 0.000007 0.000501 0.951147 0.048237 0.000108
2 2 0.000019 0.001200 0.967175 0.031217 0.000389
2 2 0.000005 0.000412 0.957924 0.041548 0.000111
2 2 0.000002 0.000231 0.973326 0.026376 0.000065
2 2 0.000003 0.000305 0.943473 0.056129 0.000090
2 2 0.000002 0.000182 0.946054 0.053712 0.000050
2 2 0.000002 0.000228 0.975366 0.024355 0.000050
2 2 0.000000 0.000066 0.915209 0.084709 0.000016
2 2 0.000004 0.000337 0.938992 0.060566 0.000100
2 2 0.000003 0.000361 0.975241 0.024315 0.000080
2 2 0.000002 0.000209 0.920800 0.078931 0.000058
2 2 0.000008 0.000545 0.935464 0.063810 0.000173
2 2 0.000000 0.000052 0.925563 0.074373 0.000012
2 2 0.000002 0.000163 0.893632 0.106159 0.000044
2 2 0.000002 0.000175 0.879223 0.120552 0.000048
2 2 0.000002 0.000144 0.870429 0.129387 0.000038
2 2 0.000005 0.000237 0.771919 0.227772 0.000067
2 2 0.000006 0.000353 0.881478 0.118058 0.000105
2 2 0.000001 0.000068 0.863159 0.136756 0.000016
2 2 0.000001 0.000085 0.844161 0.155733 0.000021
2 2 0.000002 0.000174 0.917354 0.082422 0.000047
2 2 0.000001 0.000110 0.841796 0.158064 0.000028
2 2 0.000001 0.000104 0.846631 0.153237 0.000026
2 2 0.000000 0.000018 0.856444 0.143535 0.000004
2 2 0.000000 0.000066 0.905027 0.094891 0.000016
2 2 0.000000 0.000033 0.894288 0.105672 0.000007
2 2 0.000002 0.000148 0.863398 0.136413 0.000039
2 2 0.000007 0.000372 0.841149 0.158360 0.000111
2 3 0.000007 0.000229 0.572927 0.426771 0.000066
2 3 0.000001 0.000073 0.814252 0.185657 0.000017
2 3 0.000000 0.000044 0.837780 0.162166 0.000010
2 3 0.000004 0.000192 0.752130 0.247622 0.000053
2 3 0.000003 0.000212 0.873604 0.126122 0.000059
2 3 0.000009 0.000422 0.822124 0.177316 0.000128
2 3 0.000002 0.000113 0.782837 0.217021 0.000029
2 3 0.000003 0.000200 0.788777 0.210965 0.000055
2 3 0.000002 0.000135 0.787244 0.212584 0.000035
2 3 0.000007 0.000300 0.754350 0.245255 0.000088
2 3 0.000007 0.000318 0.775007 0.224575 0.000093
2 3 0.000051 0.001194 0.724546 0.273790 0.000419
2 3 0.000026 0.000934 0.846880 0.151843 0.000316
2 3 0.000006 0.000322 0.807779 0.191798 0.000094
2 3 0.000003 0.000194 0.817328 0.182421 0.000053
2 3 0.000001 0.000098 0.814431 0.185446 0.000025
3 3 0.000032 0.000596 0.484121 0.515053 0.000197
2 3 0.008705 0.072967 0.862317 0.038504 0.017508
2 3 0.000033 0.001469 0.959042 0.039210 0.000245
2 2 0.000192 0.006529 0.974310 0.017664 0.001305
2 2 0.000000 0.000051 0.902034 0.097902 0.000012
2 2 0.000021 0.001628 0.991378 0.006784 0.000189
2 2 0.007453 0.063499 0.877304 0.040728 0.011016
2 1 0.048049 0.205058 0.702086 0.030280 0.014528
2 2 0.009884 0.167613 0.772698 0.001686 0.048119
2 2 0.002569 0.059946 0.930795 0.002042 0.004648
2 2 0.000417 0.022881 0.971486 0.001029 0.004187
2 2 0.001391 0.051610 0.937938 0.000935 0.008126
2 2 0.000036 0.002825 0.993209 0.003658 0.000272
2 2 0.000577 0.021000 0.973957 0.002520 0.001947
2 2 0.000035 0.004646 0.993725 0.000653 0.000940
2 2 0.000002 0.000349 0.991607 0.007990 0.000051
2 2 0.020515 0.181676 0.776003 0.005756 0.016051
2 2 0.000149 0.010993 0.985261 0.001176 0.002421
2 2 0.000007 0.000802 0.991406 0.007626 0.000159
2 2 0.004478 0.072440 0.910299 0.004955 0.007828
2 2 0.000007 0.000950 0.995900 0.003044 0.000099
2 2 0.000132 0.005876 0.984670 0.008448 0.000875
2 2 0.000113 0.006963 0.987690 0.003581 0.001653
2 2 0.000043 0.002908 0.990746 0.005903 0.000400
2 2 0.000130 0.006801 0.988621 0.003816 0.000632
2 2 0.000019 0.001392 0.986033 0.012320 0.000237
2 2 0.000035 0.002469 0.989739 0.007321 0.000436
2 2 0.000037 0.003294 0.993348 0.002736 0.000585
2 2 0.000002 0.000345 0.989649 0.009944 0.000060
2 2 0.000040 0.002699 0.990617 0.006304 0.000341
2 2 0.000013 0.001061 0.985377 0.013400 0.000150
2 2 0.001551 0.040842 0.951967 0.002466 0.003174
2 2 0.000697 0.027622 0.966006 0.001685 0.003990
2 2 0.000050 0.003029 0.992406 0.004299 0.000217
2 2 0.000035 0.001958 0.979442 0.018262 0.000303
2 2 0.000354 0.013505 0.980786 0.003878 0.001477
2 2 0.000038 0.002907 0.992713 0.004022 0.000319
2 2 0.000018 0.001335 0.984334 0.014037 0.000275
2 2 0.000007 0.000929 0.995124 0.003826 0.000114
2 2 0.000003 0.000344 0.979274 0.020303 0.000077
2 2 0.000002 0.000204 0.970436 0.029310 0.000048
2 2 0.000013 0.001302 0.992230 0.006214 0.000242
2 2 0.000002 0.000351 0.993441 0.006164 0.000042
2 2 0.000052 0.003232 0.988884 0.007274 0.000558
2 2 0.000006 0.000753 0.992190 0.006942 0.000109
2 2 0.000011 0.001193 0.994016 0.004641 0.000139
2 2 0.000271 0.006418 0.944099 0.047907 0.001305
2 2 0.000041 0.002483 0.987689 0.009491 0.000296
2 2 0.000004 0.000421 0.985804 0.013705 0.000066
2 2 0.000001 0.000091 0.920331 0.079555 0.000023
2 2 0.000003 0.000273 0.955142 0.044513 0.000068
2 2 0.000004 0.000357 0.949246 0.050286 0.000107
2 2 0.000023 0.001656 0.986957 0.011098 0.000266
2 2 0.000020 0.001450 0.984854 0.013404 0.000271
2 2 0.000041 0.002671 0.988977 0.007888 0.000423
2 2 0.000006 0.000624 0.987561 0.011703 0.000106
2 2 0.000024 0.001347 0.968695 0.029625 0.000310
2 2 0.000033 0.001904 0.978735 0.018906 0.000422
2 2 0.000006 0.000444 0.943583 0.055833 0.000134
2 2 0.000011 0.000857 0.978671 0.020266 0.000195
2 2 0.000007 0.000480 0.929154 0.070215 0.000143
2 2 0.000016 0.000841 0.928146 0.070715 0.000282
2 2 0.000004 0.000314 0.934325 0.065267 0.000090
2 2 0.000162 0.006556 0.983041 0.009364 0.000877
2 2 0.000018 0.000973 0.943114 0.055627 0.000267
2 2 0.000002 0.000169 0.918553 0.081230 0.000046
2 2 0.000607 0.007939 0.823318 0.165981 0.002155
2 2 0.000005 0.000590 0.986402 0.012898 0.000105
2 2 0.000079 0.004748 0.989009 0.005336 0.000829
2 1 0.019083 0.147676 0.797635 0.014770 0.020836
2 2 0.020360 0.187362 0.769143 0.005008 0.018126
2 2 0.001530 0.047654 0.947295 0.001068 0.002453
2 2 0.000482 0.018030 0.977574 0.002601 0.001312
2 2 0.039026 0.320093 0.626250 0.001648 0.012983
2 2 0.000786 0.027052 0.967847 0.002072 0.002244
2 2 0.000071 0.003667 0.988043 0.007935 0.000284
2 2 0.000065 0.004617 0.992316 0.002572 0.000431
2 2 0.000044 0.004552 0.993725 0.001095 0.000584
2 2 0.008843 0.120605 0.852308 0.003965 0.014280
2 2 0.009932 0.123705 0.847767 0.004636 0.013960
1 2 0.155628 0.519390 0.270274 0.002691 0.052016
2 2 0.000229 0.015475 0.980392 0.000906 0.002998
2 2 0.036850 0.286482 0.642114 0.003447 0.031108
2 2 0.000133 0.007574 0.988800 0.002707 0.000787
2 2 0.000093 0.005024 0.988704 0.005556 0.000623
2 2 0.000009 0.001565 0.996758 0.001299 0.000368
2 2 0.000421 0.014359 0.981347 0.002990 0.000883
2 2 0.008425 0.175233 0.795646 0.000662 0.020034
2 2 0.000025 0.002376 0.994094 0.003156 0.000349
2 2 0.000004 0.000520 0.992894 0.006529 0.000053
2 2 0.000112 0.005779 0.988218 0.005228 0.000663
2 2 0.000501 0.026781 0.966346 0.000935 0.005437
2 2 0.001931 0.057569 0.932167 0.001318 0.007015
2 2 0.000839 0.027000 0.967356 0.002620 0.002185
2 2 0.003538 0.102819 0.886723 0.000470 0.006450
2 2 0.002286 0.081535 0.910339 0.000392 0.005448
2 2 0.000214 0.012912 0.984346 0.001212 0.001316
2 2 0.001365 0.030666 0.956687 0.007182 0.004100
1 1 0.175004 0.543849 0.243224 0.001013 0.036910
1 1 0.116400 0.557966 0.244782 0.000889 0.079963
2 2 0.033428 0.335080 0.604678 0.001071 0.025743
2 2 0.000276 0.013254 0.983654 0.001878 0.000937
2 2 0.000461 0.018705 0.977390 0.002002 0.001442
2 2 0.006524 0.166410 0.809619 0.000418 0.017029
2 2 0.000228 0.014859 0.978940 0.001306 0.004667
2 2 0.000806 0.034195 0.959539 0.001050 0.004410
2 2 0.000013 0.002004 0.996297 0.001295 0.000390
2 2 0.000369 0.021480 0.972372 0.000998 0.004781
2 2 0.000358 0.018006 0.978179 0.001385 0.002072
2 2 0.000006 0.000567 0.978027 0.021294 0.000106
2 2 0.000003 0.000426 0.993302 0.006210 0.000060
2 2 0.000023 0.002417 0.995097 0.002182 0.000281
2 2 0.000005 0.000704 0.995327 0.003895 0.000069
2 2 0.000024 0.001924 0.991445 0.006336 0.000271
2 2 0.000465 0.014449 0.974390 0.008131 0.002565
2 2 0.005201 0.111599 0.869487 0.001243 0.012470
2 2 0.000002 0.000336 0.989895 0.009720 0.000047
2 2 0.000032 0.003282 0.994726 0.001570 0.000390
2 2 0.000011 0.001025 0.989273 0.009548 0.000141
1 2 0.098281 0.456637 0.408301 0.002645 0.034135
2 2 0.000255 0.016568 0.980233 0.000793 0.002151
2 2 0.000016 0.001581 0.994708 0.003559 0.000136
2 2 0.023965 0.209716 0.740945 0.004710 0.020665
2 2 0.000267 0.015109 0.981964 0.001167 0.001492
2 2 0.000011 0.001972 0.997095 0.000696 0.000225
2 2 0.000102 0.005903 0.990115 0.003362 0.000517
2 2 0.043621 0.301804 0.630848 0.003515 0.020211
2 2 0.000007 0.000845 0.993841 0.005221 0.000087
2 2 0.016026 0.092133 0.871401 0.010956 0.009484
2 2 0.022307 0.084925 0.859696 0.022152 0.010920
2 2 0.070181 0.143321 0.745204 0.021374 0.019920
0 0 0.555100 0.212803 0.149422 0.039928 0.042747
0 0 0.779341 0.139681 0.046955 0.009119 0.024904
0 0 0.950184 0.028195 0.010296 0.007307 0.004018
0 0 0.843922 0.095480 0.032432 0.011691 0.016475
0 0 0.842046 0.093634 0.023980 0.006367 0.033973
0 0 0.796641 0.125984 0.037992 0.007949 0.031434
0 0 0.834102 0.104135 0.029307 0.006767 0.025689
0 0 0.820004 0.110153 0.031703 0.007690 0.030450
0 0 0.677433 0.191284 0.066919 0.010955 0.053409
0 0 0.674571 0.177050 0.089637 0.025301 0.033441
0 0 0.634502 0.235631 0.063675 0.003241 0.062950
0 0 0.524680 0.306427 0.094466 0.003541 0.070886
0 0 0.717715 0.154419 0.046800 0.010112 0.070954
0 0 0.515309 0.304791 0.079766 0.002261 0.097873
0 0 0.543212 0.277603 0.086378 0.004944 0.087862
0 0 0.863210 0.076398 0.019619 0.007989 0.032783
0 0 0.694773 0.192669 0.063957 0.007585 0.041016
4 0 0.202786 0.172281 0.045264 0.004108 0.575561
4 0 0.215337 0.065679 0.014179 0.006227 0.698578
4 0 0.325890 0.240555 0.049980 0.001610 0.381965
4 0 0.086804 0.215690 0.057225 0.001185 0.639097
0 0 0.495634 0.183419 0.047451 0.006930 0.266565
4 0 0.247544 0.170427 0.046356 0.005866 0.529806
4 1 0.105690 0.177202 0.045460 0.001699 0.669948
4 1 0.196397 0.129293 0.032356 0.004667 0.637287
4 1 0.079455 0.181711 0.052038 0.001789 0.685007
4 1 0.074133 0.339973 0.098183 0.000701 0.487011
1 1 0.070328 0.468487 0.112763 0.000180 0.348242
1 2 0.064534 0.398825 0.147404 0.000519 0.388718
1 2 0.060369 0.473701 0.151972 0.000203 0.313755
1 2 0.031221 0.378799 0.295816 0.000345 0.293819
2 2 0.016814 0.253693 0.542504 0.001035 0.185954
2 2 0.017348 0.281401 0.518912 0.000654 0.181685
2 2 0.003781 0.097079 0.805547 0.002056 0.091538
2 2 0.000727 0.030627 0.931610 0.003061 0.033975
2 2 0.001949 0.056490 0.882898 0.003400 0.055262
2 2 0.001073 0.044811 0.906731 0.001809 0.045576
2 2 0.000217 0.012058 0.982783 0.002276 0.002666
2 2 0.000042 0.005795 0.992535 0.000448 0.001181
2 2 0.000117 0.014541 0.981423 0.000211 0.003707
2 2 0.000033 0.004782 0.993783 0.000473 0.000929
2 2 0.000015 0.002069 0.996062 0.001463 0.000391
2 2 0.000015 0.001790 0.995237 0.002655 0.000303
2 2 0.000046 0.004263 0.993735 0.001488 0.000468
2 2 0.000005 0.001249 0.997839 0.000532 0.000375
2 2 0.000045 0.002910 0.989416 0.007150 0.000479
2 2 0.000041 0.005093 0.992487 0.000808 0.001572
2 2 0.001034 0.027995 0.964552 0.003956 0.002463
2 2 0.000033 0.003220 0.994898 0.001260 0.000590
2 2 0.000005 0.001289 0.997578 0.000740 0.000387
2 2 0.000002 0.000715 0.998337 0.000680 0.000266
2 2 0.000008 0.001574 0.996879 0.001078 0.000461
2 2 0.000003 0.000811 0.997998 0.000837 0.000352
2 2 0.000020 0.003026 0.994727 0.001016 0.001211
2 2 0.000022 0.002122 0.994683 0.002952 0.000221
2 2 0.000008 0.001081 0.997284 0.001501 0.000126
2 2 0.000012 0.002329 0.996400 0.000615 0.000644
2 2 0.000001 0.000312 0.996703 0.002935 0.000049
2 2 0.000001 0.000199 0.982982 0.016772 0.000046
2 2 0.000020 0.002157 0.995785 0.001876 0.000161
2 2 0.000001 0.000199 0.991991 0.007784 0.000025
2 2 0.000000 0.000072 0.984182 0.015735 0.000012
2 2 0.000003 0.000481 0.992087 0.007322 0.000107
2 2 0.000000 0.000043 0.964441 0.035505 0.000010
2 2 0.000002 0.000219 0.975376 0.024363 0.000040
2 2 0.000001 0.000123 0.986370 0.013484 0.000022
2 2 0.000000 0.000092 0.989480 0.010416 0.000012
2 2 0.000000 0.000103 0.988190 0.011689 0.000018
2 2 0.000001 0.000101 0.962447 0.037426 0.000026
2 2 0.000000 0.000038 0.985087 0.014868 0.000007
2 2 0.000000 0.000083 0.966747 0.033152 0.000017
2 2 0.000000 0.000110 0.989112 0.010764 0.000013
2 2 0.000001 0.000094 0.959224 0.040664 0.000017
2 2 0.000000 0.000030 0.975016 0.024949 0.000005
2 2 0.000000 0.000081 0.976723 0.023181 0.000015
2 2 0.000001 0.000096 0.964124 0.035760 0.000020
2 2 0.000001 0.000093 0.954973 0.044910 0.000024
2 2 0.000000 0.000017 0.893018 0.106961 0.000003
2 2 0.000000 0.000015 0.899592 0.100390 0.000003
2 2 0.000000 0.000024 0.877554 0.122417 0.000005
2 2 0.000000 0.000012 0.737096 0.262889 0.000002
2 2 0.000000 0.000020 0.876925 0.123051 0.000004
2 2 0.000000 0.000008 0.833918 0.166073 0.000001
2 3 0.000000 0.000018 0.806960 0.193019 0.000004
2 3 0.000000 0.000052 0.888837 0.111098 0.000012
2 3 0.000000 0.000013 0.795523 0.204462 0.000002
2 3 0.000000 0.000014 0.904435 0.095548 0.000003
2 3 0.000000 0.000011 0.771114 0.228873 0.000002
2 3 0.000000 0.000023 0.712647 0.287324 0.000005
2 3 0.000000 0.000017 0.852368 0.147611 0.000003
2 3 0.000000 0.000021 0.674751 0.325224 0.000004
3 3 0.000001 0.000067 0.494197 0.505718 0.000016
2 3 0.000000 0.000008 0.730482 0.269509 0.000001
2 3 0.000000 0.000003 0.686625 0.313372 0.000000
2 3 0.000000 0.000012 0.799118 0.200868 0.000002
2 3 0.000004 0.000163 0.604031 0.395758 0.000044
2 3 0.000000 0.000005 0.713302 0.286692 0.000001
2 3 0.000000 0.000022 0.602657 0.397316 0.000005
2 3 0.000000 0.000019 0.692836 0.307141 0.000004
2 3 0.000000 0.000004 0.630512 0.369484 0.000001
2 3 0.000000 0.000007 0.608532 0.391460 0.000001
2 3 0.000000 0.000013 0.540929 0.459055 0.000003
2 3 0.000000 0.000003 0.726641 0.273356 0.000001
2 3 0.000000 0.000001 0.646587 0.353411 0.000000
2 3 0.000000 0.000011 0.564257 0.435730 0.000002
3 3 0.000002 0.000041 0.215355 0.784592 0.000011
2 3 0.000000 0.000010 0.760319 0.239669 0.000002
3 3 0.000000 0.000002 0.323899 0.676099 0.000000
3 3 0.000000 0.000015 0.423750 0.576232 0.000003
2 3 0.000000 0.000024 0.677114 0.322858 0.000005
3 3 0.000000 0.000026 0.445926 0.554042 0.000006
2 3 0.000015 0.000374 0.529259 0.470238 0.000115
3 3 0.000000 0.000002 0.481893 0.518105 0.000000
2 3 0.000000 0.000018 0.574592 0.425387 0.000004
2 3 0.000000 0.000004 0.651249 0.348747 0.000001
2 3 0.000000 0.000003 0.512027 0.487970 0.000000
3 3 0.000000 0.000002 0.405987 0.594012 0.000000
2 3 0.000000 0.000030 0.552188 0.447775 0.000007
3 3 0.000000 0.000005 0.477057 0.522938 0.000001
3 3 0.000000 0.000016 0.251158 0.748821 0.000004
3 3 0.000000 0.000009 0.318244 0.681745 0.000002
3 3 0.000000 0.000013 0.375770 0.624214 0.000003
2 3 0.000000 0.000007 0.567040 0.432952 0.000001
3 3 0.000000 0.000003 0.465235 0.534761 0.000001
2 3 0.000000 0.000009 0.626388 0.373602 0.000002
3 3 0.000000 0.000008 0.168328 0.831661 0.000002
3 3 0.000000 0.000015 0.305430 0.694551 0.000003
2 3 0.000000 0.000005 0.529626 0.470369 0.000001
3 3 0.000001 0.000040 0.218346 0.781603 0.000010
3 3 0.000000 0.000007 0.473136 0.526855 0.000001
2 3 0.000000 0.000025 0.580910 0.419059 0.000005
3 3 0.000009 0.000145 0.221355 0.778448 0.000043
3 3 0.000001 0.000037 0.335724 0.664230 0.000009
3 3 0.000000 0.000023 0.326915 0.673057 0.000005
3 3 0.000001 0.000033 0.301246 0.698712 0.000008
3 3 0.000000 0.000011 0.447431 0.552556 0.000002
3 3 0.000000 0.000019 0.409002 0.590974 0.000004
2 3 0.000016 0.000573 0.771090 0.228139 0.000182
2 3 0.000003 0.000121 0.548226 0.451617 0.000032
2 3 0.000002 0.000101 0.594347 0.405524 0.000027
2 3 0.000673 0.005673 0.553973 0.437184 0.002497
2 3 0.000969 0.014861 0.916927 0.062699 0.004545
2 3 0.006022 0.072425 0.899170 0.012393 0.009990
2 2 0.000293 0.013588 0.979282 0.003416 0.003421
2 2 0.000027 0.001706 0.981948 0.015979 0.000341
2 2 0.000020 0.001447 0.985956 0.012340 0.000238
2 2 0.000349 0.012161 0.977008 0.007925 0.002557
2 2 0.000031 0.002068 0.987519 0.010082 0.000300
2 2 0.000011 0.000946 0.983783 0.015042 0.000219
2 2 0.000448 0.030575 0.959445 0.000489 0.009043
2 2 0.015997 0.309657 0.612700 0.000308 0.061338
2 2 0.002258 0.047808 0.921090 0.007508 0.021336
2 2 0.043202 0.308984 0.460906 0.004057 0.182851
2 2 0.029035 0.367015 0.547018 0.000569 0.056363
2 2 0.011085 0.137171 0.808464 0.005761 0.037519
2 2 0.035745 0.218178 0.398474 0.010683 0.336920
2 2 0.029972 0.210003 0.644495 0.012847 0.102684
4 4 0.111471 0.026430 0.003263 0.000815 0.858021
4 4 0.244046 0.026594 0.003264 0.001988 0.724108
4 4 0.101168 0.028187 0.003638 0.000807 0.866200
4 4 0.244236 0.016259 0.001480 0.001009 0.737016
4 4 0.421487 0.017060 0.001714 0.002417 0.557323
4 4 0.225783 0.021046 0.002233 0.001304 0.749633
4 4 0.142658 0.014186 0.001190 0.000450 0.841516
4 4 0.143704 0.026270 0.003196 0.001055 0.825775
4 4 0.477530 0.010251 0.000784 0.001518 0.509917
4 4 0.170441 0.033556 0.004725 0.001790 0.789489
4 4 0.189436 0.016419 0.001496 0.000753 0.791897
4 4 0.244803 0.016647 0.001537 0.001046 0.735967
4 4 0.151339 0.027419 0.003419 0.001184 0.816639
4 4 0.145934 0.020876 0.002208 0.000782 0.830200
4 4 0.238083 0.018630 0.001839 0.001178 0.740270
4 4 0.235549 0.027671 0.003474 0.002008 0.731297
4 4 0.105614 0.030294 0.004076 0.000932 0.859084
4 4 0.273298 0.016824 0.001573 0.001224 0.707081
4 4 0.449609 0.025549 0.003351 0.004800 0.516692
4 4 0.198897 0.053919 0.010222 0.004217 0.732746
4 4 0.069530 0.020208 0.002189 0.000354 0.907719
4 4 0.056977 0.031236 0.004478 0.000533 0.906776
4 4 0.050802 0.014001 0.001249 0.000160 0.933788
4 4 0.076948 0.017160 0.001671 0.000312 0.903909
4 4 0.047218 0.031921 0.004714 0.000461 0.915687
4 4 0.164826 0.008567 0.000530 0.000266 0.825812
4 4 0.083457 0.013193 0.001091 0.000236 0.902023
4 4 0.089899 0.015543 0.001411 0.000317 0.892829
4 4 0.058583 0.017131 0.001704 0.000240 0.922342
4 4 0.083873 0.015941 0.001476 0.000307 0.898403
4 4 0.080563 0.019670 0.002073 0.000393 0.897302
4 4 0.058230 0.009834 0.000702 0.000112 0.931121
4 4 0.047657 0.012908 0.001103 0.000135 0.938197
4 4 0.047054 0.021354 0.002472 0.000264 0.928856
4 4 0.047786 0.021168 0.002434 0.000265 0.928348
4 4 0.060712 0.022217 0.002576 0.000354 0.914142
4 4 0.071112 0.034364 0.005129 0.000752 0.888643
4 1 0.140561 0.048428 0.008602 0.002434 0.799975
4 1 0.048708 0.030159 0.004290 0.000438 0.916404
4 2 0.025240 0.043000 0.008104 0.000395 0.923262
4 2 0.014522 0.032313 0.005416 0.000162 0.947587
4 4 0.026342 0.012017 0.001043 0.000071 0.960527
4 4 0.016956 0.018068 0.002095 0.000083 0.962797
4 4 0.013531 0.014366 0.001488 0.000050 0.970565
4 4 0.032795 0.009928 0.000752 0.000067 0.956458
4 4 0.015713 0.012562 0.001181 0.000048 0.970497
4 4 0.013986 0.021627 0.002853 0.000090 0.961445
4 4 0.017230 0.017588 0.002003 0.000082 0.963097
4 4 0.018541 0.011329 0.000984 0.000048 0.969098
4 4 0.039561 0.010533 0.000811 0.000086 0.949009
4 4 0.024366 0.009195 0.000686 0.000046 0.965708
4 4 0.017344 0.014897 0.001535 0.000066 0.966158
4 4 0.016830 0.016560 0.001824 0.000074 0.964713
4 4 0.019127 0.007526 0.000511 0.000028 0.972807
4 4 0.020280 0.016252 0.001735 0.000085 0.961648
4 4 0.017181 0.020529 0.002567 0.000101 0.959622
4 4 0.023040 0.012594 0.001139 0.000067 0.963159
4 4 0.051003 0.006659 0.000381 0.000059 0.941898
4 4 0.020586 0.008798 0.000650 0.000037 0.969928
4 4 0.009778 0.042604 0.008836 0.000168 0.938614
2 2 0.006442 0.181792 0.442030 0.000280 0.369456
4 2 0.006950 0.146129 0.175930 0.000163 0.670828
4 2 0.054271 0.315469 0.230718 0.002271 0.397271
2 2 0.011815 0.334560 0.335522 0.000057 0.318046
2 2 0.009937 0.327801 0.411380 0.000054 0.250828
4 2 0.012575 0.293589 0.286003 0.000094 0.407739
4 2 0.008685 0.137225 0.104923 0.000138 0.749028
2 2 0.007788 0.188855 0.551716 0.000537 0.251105
4 2 0.006974 0.140758 0.345286 0.000703 0.506279
4 2 0.007675 0.242902 0.370608 0.000092 0.378724
2 2 0.006314 0.205533 0.483147 0.000174 0.304831
2 2 0.004571 0.136518 0.581415 0.000597 0.276900
2 2 0.005129 0.141928 0.511818 0.000577 0.340549
2 2 0.005684 0.183899 0.487662 0.000220 0.322535
2 2 0.004532 0.218558 0.508468 0.000058 0.268385
2 2 0.005812 0.247769 0.446700 0.000053 0.299665
4 2 0.007664 0.052987 0.021207 0.000214 0.917928
2 2 0.006839 0.231341 0.411538 0.000099 0.350182
4 2 0.006176 0.151054 0.371392 0.000423 0.470955
4 2 0.008096 0.217952 0.327689 0.000139 0.446123
2 2 0.005063 0.240120 0.690501 0.000053 0.064263
2 2 0.015886 0.427362 0.439362 0.000051 0.117338
2 2 0.005952 0.171665 0.777616 0.000372 0.044395
2 2 0.002226 0.136424 0.816991 0.000076 0.044282
2 2 0.000861 0.065164 0.916520 0.000122 0.017333
0 2 0.897011 0.066722 0.009979 0.000930 0.025359
1 2 0.045592 0.486122 0.406361 0.000326 0.061598
2 2 0.000398 0.036840 0.950695 0.000168 0.011898
2 2 0.000111 0.014888 0.982637 0.000131 0.002233
2 2 0.000166 0.020897 0.971133 0.000159 0.007645
2 2 0.000048 0.008748 0.987298 0.000176 0.003730
2 2 0.000047 0.008706 0.987128 0.000182 0.003936
2 2 0.000052 0.008384 0.986161 0.000299 0.005104
2 2 0.000257 0.024913 0.968105 0.000220 0.006504
2 2 0.000040 0.008458 0.987172 0.000133 0.004196
2 2 0.000076 0.010667 0.985444 0.000251 0.003561
2 2 0.000925 0.040365 0.948835 0.000394 0.009482
2 2 0.000085 0.014858 0.978586 0.000104 0.006368
2 2 0.000056 0.008445 0.988177 0.000283 0.003039
2 2 0.000035 0.005557 0.992098 0.000427 0.001883
2 2 0.000123 0.011865 0.982308 0.000523 0.005182
2 2 0.000007 0.001843 0.997139 0.000404 0.000607
2 2 0.000050 0.006535 0.990918 0.000435 0.002062
2 2 0.000057 0.007574 0.989192 0.000465 0.002712
2 2 0.000039 0.005521 0.992579 0.000515 0.001345
2 2 0.000085 0.010830 0.985385 0.000328 0.003371
2 2 0.000008 0.001120 0.996753 0.002003 0.000116
2 2 0.000034 0.005871 0.992509 0.000256 0.001331
2 2 0.000020 0.003446 0.993822 0.000747 0.001965
2 2 0.000025 0.004414 0.993604 0.000400 0.001556
2 2 0.000028 0.004374 0.992636 0.000679 0.002284
2 2 0.000228 0.016220 0.979909 0.000739 0.002903
2 2 0.000083 0.009813 0.986620 0.000393 0.003091
2 2 0.000052 0.008687 0.988350 0.000199 0.002712
2 2 0.000022 0.002836 0.995417 0.001191 0.000536
2 2 0.000038 0.004713 0.993264 0.000844 0.001140
2 2 0.000028 0.002967 0.994345 0.002100 0.000560
2 2 0.000016 0.003278 0.995602 0.000336 0.000768
2 2 0.000015 0.002664 0.995700 0.000699 0.000922
2 2 0.000022 0.003400 0.995292 0.000631 0.000654
2 2 0.000019 0.001833 0.992679 0.005074 0.000394
2 2 0.000027 0.002288 0.994565 0.002912 0.000207
2 2 0.000025 0.002237 0.993559 0.003903 0.000276
2 2 0.000012 0.001416 0.993882 0.004285 0.000405
2 2 0.000008 0.001200 0.996322 0.002182 0.000289
2 2 0.000004 0.000695 0.994636 0.004473 0.000192
2 2 0.000016 0.002104 0.996166 0.001449 0.000265
2 2 0.000020 0.002003 0.994226 0.003445 0.000305
2 2 0.000007 0.000889 0.995805 0.003211 0.000088
2 2 0.000004 0.000699 0.995927 0.003184 0.000186
2 2 0.000002 0.000380 0.996877 0.002684 0.000057
2 2 0.000004 0.000553 0.993072 0.006252 0.000119
2 2 0.000010 0.001045 0.994736 0.004077 0.000132
2 2 0.000004 0.000567 0.994398 0.004968 0.000063
2 2 0.000001 0.000201 0.982582 0.017175 0.000041
2 2 0.000010 0.001290 0.994600 0.003815 0.000285
2 2 0.000005 0.000566 0.985137 0.014193 0.000099
2 2 0.000241 0.008625 0.981435 0.008750 0.000949
2 1 0.075212 0.453333 0.454311 0.001190 0.015954
2 2 0.000922 0.033863 0.962969 0.000796 0.001450
2 2 0.000027 0.002568 0.996104 0.001125 0.000176
2 2 0.000027 0.002658 0.995036 0.002029 0.000251
2 2 0.000012 0.001046 0.989092 0.009705 0.000146
2 2 0.000033 0.003696 0.994981 0.000960 0.000329
2 2 0.000011 0.001745 0.997036 0.001038 0.000169
2 2 0.000016 0.001537 0.992663 0.005516 0.000268
2 2 0.000023 0.003205 0.994975 0.000969 0.000828
2 2 0.000059 0.005623 0.992433 0.001106 0.000779
2 2 0.000033 0.004365 0.993977 0.000740 0.000885
2 2 0.000032 0.004027 0.993928 0.001001 0.001012
2 2 0.000003 0.000538 0.996844 0.002550 0.000065
2 2 0.000004 0.000704 0.996481 0.002679 0.000133
2 2 0.000010 0.001110 0.991366 0.007196 0.000318
2 2 0.000010 0.001480 0.996407 0.001892 0.000211
2 2 0.000004 0.000756 0.996810 0.002139 0.000291
2 2 0.000002 0.000306 0.991616 0.008033 0.000043
2 2 0.000004 0.000710 0.994232 0.004776 0.000278
2 2 0.000015 0.001124 0.983395 0.015258 0.000209
2 2 0.000006 0.001127 0.996928 0.001647 0.000292
2 2 0.000052 0.002938 0.986857 0.009782 0.000371
2 2 0.000002 0.000263 0.983263 0.016420 0.000052
2 2 0.000007 0.000725 0.994348 0.004841 0.000079
2 2 0.000403 0.013220 0.979496 0.005832 0.001049
2 2 0.000018 0.001716 0.990948 0.006769 0.000548
2 2 0.000002 0.000504 0.996908 0.002479 0.000107
2 2 0.000016 0.000900 0.981873 0.017109 0.000102
2 2 0.000756 0.032642 0.963078 0.000835 0.002689
2 2 0.000020 0.001730 0.992392 0.005651 0.000207
2 2 0.000013 0.001481 0.995501 0.002861 0.000145
2 2 0.000008 0.001014 0.994810 0.004033 0.000134
2 2 0.000032 0.002620 0.993465 0.003617 0.000266
2 2 0.000029 0.003646 0.994997 0.000837 0.000492
2 2 0.000012 0.001466 0.995148 0.003134 0.000241
2 2 0.000019 0.002000 0.995349 0.002430 0.000202
2 2 0.000056 0.003818 0.993111 0.002695 0.000319
2 2 0.000001 0.000212 0.995723 0.004039 0.000025
2 2 0.000007 0.000825 0.993291 0.005758 0.000119
2 2 0.000008 0.001072 0.995543 0.003243 0.000133
2 2 0.000003 0.000531 0.994280 0.005071 0.000115
2 2 0.000006 0.000693 0.990806 0.008405 0.000090
2 2 0.000003 0.000421 0.986517 0.012991 0.000067
2 2 0.000001 0.000102 0.968848 0.031027 0.000023
2 2 0.000000 0.000081 0.972137 0.027765 0.000016
2 2 0.000002 0.000199 0.948853 0.050898 0.000049
2 2 0.000001 0.000147 0.924626 0.075186 0.000039
2 2 0.000007 0.000405 0.893933 0.105532 0.000123
2 2 0.000001 0.000139 0.980511 0.019327 0.000023
2 2 0.000005 0.000391 0.942044 0.057450 0.000110
2 2 0.000000 0.000024 0.943234 0.056737 0.000005
2 2 0.000001 0.000079 0.917023 0.082879 0.000019
2 2 0.000001 0.000080 0.918276 0.081624 0.000019
2 2 0.000000 0.000013 0.900679 0.099305 0.000003
2 2 0.000001 0.000104 0.920049 0.079820 0.000026
2 2 0.000001 0.000136 0.916877 0.082950 0.000036
2 2 0.000001 0.000121 0.934875 0.064971 0.000031
2 2 0.000002 0.000171 0.962125 0.037671 0.000030
2 2 0.000001 0.000168 0.945541 0.054244 0.000046
2 2 0.000000 0.000017 0.901171 0.098809 0.000003
2 2 0.000001 0.000109 0.964788 0.035078 0.000025
2 2 0.000000 0.000018 0.921499 0.078479 0.000004
2 2 0.000004 0.000401 0.979964 0.019553 0.000078
2 2 0.000007 0.000466 0.927204 0.072211 0.000112
2 2 0.000008 0.000423 0.878812 0.120628 0.000129
2 2 0.000013 0.000974 0.985972 0.012900 0.000141
2 2 0.000351 0.009329 0.968406 0.020489 0.001426
2 2 0.000634 0.015294 0.963439 0.016884 0.003749
2 2 0.000075 0.003772 0.984905 0.010637 0.000611
2 2 0.000011 0.001037 0.991163 0.007649 0.000140
2 2 0.000013 0.001039 0.985429 0.013373 0.000147
2 2 0.000152 0.003552 0.989411 0.006586 0.000299
2 2 0.000424 0.010352 0.971957 0.016099 0.001168
1 1 0.093594 0.487249 0.371417 0.001647 0.046092
2 2 0.005606 0.099727 0.884615 0.002115 0.007937
2 2 0.000087 0.005608 0.991477 0.002428 0.000400
1 2 0.119146 0.471034 0.382196 0.002554 0.025071
2 2 0.027994 0.325095 0.620230 0.000797 0.025885
2 2 0.000607 0.019008 0.973906 0.004543 0.001936
2 2 0.000077 0.005624 0.992049 0.001686 0.000564
2 2 0.002196 0.043641 0.947341 0.004467 0.002355
0 0 0.521246 0.282723 0.136660 0.016274 0.043097
