0 0 0.859563 0.040383 0.026286 0.002163 0.071605
0 0 0.876890 0.055467 0.023834 0.000445 0.043364
0 0 0.762538 0.112661 0.042479 0.000923 0.081398
0 0 0.842196 0.052982 0.014630 0.000178 0.090014
0 0 0.610605 0.138254 0.139840 0.007004 0.104297
0 0 0.913281 0.020281 0.007614 0.000156 0.058668
0 0 0.940456 0.020596 0.004958 0.000022 0.033968
0 0 0.908373 0.032808 0.006739 0.000027 0.052054
0 0 0.739774 0.081155 0.027788 0.000861 0.150422
0 0 0.955043 0.011176 0.003329 0.000025 0.030427
0 0 0.944005 0.012553 0.002232 0.000006 0.041204
0 0 0.907207 0.024769 0.007664 0.000097 0.060262
0 0 0.941765 0.016846 0.003409 0.000011 0.037969
0 0 0.921450 0.025417 0.006652 0.000045 0.046436
0 0 0.955326 0.012945 0.003545 0.000020 0.028164
0 0 0.936759 0.020625 0.007540 0.000093 0.034983
0 0 0.918511 0.025362 0.008294 0.000098 0.047734
0 0 0.837243 0.075680 0.016677 0.000090 0.070310
0 0 0.847807 0.066535 0.018794 0.000180 0.066685
0 0 0.568090 0.194919 0.027613 0.000134 0.209244
4 0 0.090004 0.175809 0.018057 0.000358 0.715771
4 0 0.080159 0.126396 0.017406 0.000360 0.775680
4 0 0.055567 0.195321 0.021216 0.000646 0.727250
4 0 0.031090 0.236443 0.030838 0.001015 0.700614
4 1 0.012919 0.155292 0.043734 0.000486 0.787570
4 1 0.032722 0.177749 0.016550 0.000519 0.772460
4 1 0.104660 0.132068 0.013879 0.000290 0.749103
4 1 0.040768 0.118537 0.018214 0.000285 0.822196
4 1 0.049761 0.137017 0.016852 0.000774 0.795596
4 1 0.074953 0.217082 0.022304 0.000460 0.685201
4 0 0.031272 0.250579 0.041640 0.001424 0.675086
4 0 0.068795 0.087131 0.014513 0.000169 0.829392
4 1 0.046082 0.113785 0.019961 0.000301 0.819871
4 1 0.034569 0.139007 0.022127 0.000681 0.803616
4 0 0.136286 0.178748 0.159754 0.007950 0.517262
4 0 0.083723 0.134614 0.013285 0.000279 0.768099
4 1 0.023019 0.115625 0.031882 0.000604 0.828870
4 0 0.059223 0.208899 0.110217 0.002015 0.619646
4 0 0.049718 0.193147 0.050167 0.002576 0.704392
4 0 0.027639 0.119996 0.014301 0.000336 0.837729
0 0 0.398875 0.337414 0.084952 0.001605 0.177154
1 1 0.265904 0.485346 0.111719 0.001639 0.135392
1 1 0.166024 0.523280 0.167784 0.007238 0.135673
1 1 0.112529 0.557795 0.176178 0.009687 0.143810
1 1 0.198081 0.479324 0.179571 0.010086 0.132938
2 0 0.311869 0.201867 0.324553 0.096338 0.065373
0 0 0.769608 0.083320 0.075458 0.010545 0.061069
0 0 0.652176 0.127950 0.125253 0.020301 0.074321
0 0 0.530591 0.131347 0.164900 0.059286 0.113876
0 0 0.922189 0.026317 0.015530 0.000589 0.035375
0 0 0.891969 0.034179 0.016348 0.000537 0.056967
0 0 0.677088 0.163621 0.049903 0.000827 0.108561
0 0 0.786452 0.108296 0.042817 0.000820 0.061614
0 0 0.853816 0.048351 0.034004 0.002864 0.060965
0 0 0.854652 0.063340 0.029217 0.000744 0.052048
0 0 0.861316 0.061714 0.028135 0.000654 0.048181
0 0 0.828266 0.077603 0.028574 0.000498 0.065058
0 0 0.832377 0.065745 0.029267 0.000898 0.071713
0 0 0.767276 0.094702 0.041924 0.001561 0.094537
1 0 0.306943 0.392825 0.165975 0.009346 0.124911
1 1 0.173470 0.540383 0.185470 0.006740 0.093937
0 1 0.538364 0.247614 0.148471 0.007912 0.057639
0 0 0.921629 0.034477 0.023534 0.000741 0.019619
0 0 0.893592 0.041968 0.029377 0.001498 0.033565
0 0 0.887803 0.039915 0.026849 0.001571 0.043862
0 0 0.908950 0.040953 0.026104 0.000781 0.023212
0 0 0.949660 0.022417 0.013526 0.000258 0.014139
0 0 0.926469 0.029518 0.018692 0.000610 0.024711
0 0 0.937646 0.025970 0.016011 0.000418 0.019955
0 0 0.909239 0.039552 0.028073 0.001051 0.022085
0 0 0.910646 0.039718 0.028454 0.001009 0.020172
0 0 0.937277 0.025994 0.016007 0.000423 0.020298
0 0 0.932743 0.029059 0.018721 0.000512 0.018964
0 0 0.772233 0.071282 0.104524 0.015446 0.036514
0 0 0.595913 0.086160 0.201879 0.072211 0.043836
0 0 0.408926 0.090622 0.316241 0.160305 0.023906
0 0 0.569189 0.084010 0.217821 0.086789 0.042190
0 0 0.742114 0.071442 0.128779 0.023181 0.034484
0 0 0.722015 0.070939 0.132042 0.030118 0.044887
0 0 0.901427 0.042748 0.031039 0.001279 0.023507
0 0 0.857488 0.046834 0.021581 0.000768 0.073328
0 0 0.854191 0.048356 0.019293 0.000507 0.077652
0 0 0.560905 0.170808 0.061818 0.002887 0.203583
0 0 0.698041 0.108953 0.064027 0.002967 0.126012
0 0 0.703261 0.079586 0.059491 0.000925 0.156738
0 0 0.857831 0.039194 0.023898 0.000826 0.078251
0 0 0.816881 0.045616 0.035705 0.002111 0.099689
0 0 0.857103 0.042587 0.028532 0.002319 0.069459
0 0 0.678662 0.076196 0.056455 0.007598 0.181089
0 0 0.782444 0.041677 0.021929 0.002113 0.151838
0 0 0.745399 0.073075 0.034336 0.002243 0.144946
1 1 0.333898 0.346574 0.153480 0.011216 0.154832
1 1 0.175840 0.313739 0.160217 0.038036 0.312169
1 1 0.102039 0.517514 0.189422 0.018356 0.172669
1 2 0.083897 0.429314 0.228844 0.051826 0.206119
1 2 0.060908 0.448717 0.151679 0.025074 0.313620
1 2 0.058713 0.536319 0.149705 0.014149 0.241115
1 2 0.054397 0.351747 0.311491 0.037543 0.244821
2 2 0.028186 0.300024 0.405823 0.055594 0.210372
2 2 0.096032 0.309998 0.343031 0.064041 0.186899
1 2 0.067000 0.396989 0.394515 0.065680 0.075817
2 2 0.044363 0.277197 0.567457 0.065385 0.045597
2 2 0.031379 0.290479 0.575692 0.047698 0.054753
2 2 0.029242 0.187182 0.664704 0.076996 0.041876
2 3 0.023861 0.215849 0.613759 0.079221 0.067310
3 3 0.098951 0.101130 0.330163 0.442675 0.027082
2 3 0.101653 0.247424 0.518221 0.089543 0.043159
2 3 0.023985 0.245314 0.597362 0.068887 0.064451
2 3 0.014641 0.172558 0.703210 0.061160 0.048431
2 3 0.011717 0.132598 0.754985 0.061991 0.038710
2 2 0.017069 0.168424 0.721235 0.054572 0.038701
2 2 0.018173 0.135646 0.770563 0.049082 0.026536
2 2 0.015454 0.155719 0.736078 0.055833 0.036917
2 2 0.006880 0.070473 0.826391 0.072970 0.023285
2 3 0.013524 0.102273 0.718532 0.135805 0.029866
2 3 0.006361 0.062728 0.774360 0.134043 0.022508
2 3 0.015010 0.079314 0.627334 0.252833 0.025510
2 3 0.016533 0.091649 0.670418 0.181596 0.039803
2 3 0.227975 0.093180 0.341261 0.314741 0.022844
2 3 0.060970 0.116687 0.647102 0.139575 0.035665
0 3 0.812615 0.068030 0.066879 0.007328 0.045149
0 0 0.827307 0.066760 0.054063 0.004940 0.046929
0 0 0.801608 0.073200 0.050678 0.004423 0.070091
0 0 0.798654 0.087266 0.025849 0.000342 0.087889
0 1 0.511819 0.197855 0.071195 0.003537 0.215595
0 0 0.814146 0.060466 0.045570 0.005273 0.074546
0 0 0.827485 0.075436 0.039609 0.001443 0.056028
0 0 0.900068 0.036246 0.015107 0.000306 0.048273
0 0 0.917624 0.032786 0.019484 0.000622 0.029483
0 0 0.775983 0.064160 0.074337 0.001860 0.083660
0 0 0.951992 0.013021 0.004217 0.000038 0.030733
0 0 0.877619 0.050989 0.012217 0.000073 0.059103
0 0 0.515076 0.287762 0.055269 0.000398 0.141495
0 1 0.537259 0.232440 0.046483 0.000463 0.183354
1 1 0.152824 0.516767 0.103748 0.002317 0.224345
1 1 0.297695 0.453151 0.113699 0.001916 0.133539
0 0 0.744049 0.128705 0.036294 0.000424 0.090529
0 0 0.746305 0.083622 0.026249 0.000627 0.143197
0 0 0.848154 0.061559 0.020329 0.000297 0.069660
0 0 0.925174 0.020187 0.006517 0.000078 0.048044
0 0 0.833092 0.026546 0.009011 0.000165 0.131186
0 0 0.683889 0.081666 0.013833 0.000113 0.220499
1 1 0.232020 0.451974 0.064652 0.000554 0.250800
0 0 0.718984 0.095205 0.035775 0.001179 0.148857
0 0 0.717534 0.064678 0.033977 0.000720 0.183091
0 0 0.848181 0.036729 0.008705 0.000090 0.106295
0 0 0.536927 0.088561 0.019390 0.000498 0.354624
0 0 0.807592 0.030692 0.006230 0.000065 0.155421
0 1 0.581156 0.201632 0.032438 0.000189 0.184586
0 0 0.841745 0.024705 0.008497 0.000265 0.124788
0 0 0.696518 0.067693 0.010254 0.000067 0.225467
0 0 0.791366 0.074271 0.022701 0.000408 0.111255
0 0 0.678782 0.080749 0.029287 0.001446 0.209737
0 0 0.683899 0.055397 0.024072 0.002153 0.234480
0 0 0.823884 0.028643 0.008646 0.000149 0.138678
0 0 0.839134 0.044556 0.007155 0.000029 0.109126
0 0 0.373504 0.354877 0.053683 0.000364 0.217571
0 0 0.598253 0.146798 0.029156 0.000346 0.225447
0 0 0.720940 0.079818 0.016797 0.000193 0.182252
0 0 0.854937 0.035087 0.009983 0.000152 0.099840
0 1 0.637637 0.185986 0.030203 0.000142 0.146032
0 0 0.859718 0.031425 0.008572 0.000121 0.100165
0 1 0.693486 0.156404 0.026095 0.000112 0.123902
0 1 0.548010 0.280232 0.036469 0.000096 0.135193
0 0 0.815604 0.061620 0.013313 0.000104 0.109358
0 0 0.897457 0.038486 0.011358 0.000107 0.052593
0 0 0.594724 0.234698 0.041237 0.000212 0.129129
0 0 0.915195 0.024434 0.004942 0.000021 0.055408
0 0 0.947889 0.011612 0.005160 0.000114 0.035225
0 0 0.746974 0.055196 0.033967 0.000363 0.163499
0 0 0.727855 0.137509 0.018977 0.000049 0.115611
0 0 0.763046 0.098413 0.015063 0.000054 0.123425
0 0 0.903674 0.034984 0.009347 0.000069 0.051926
0 0 0.936264 0.013130 0.003042 0.000018 0.047546
0 0 0.909282 0.025416 0.015734 0.000506 0.049062
0 0 0.897446 0.013568 0.003573 0.000046 0.085367
0 0 0.894909 0.034312 0.010300 0.000115 0.060364
0 0 0.827165 0.065471 0.014932 0.000114 0.092319
0 0 0.885749 0.025910 0.010213 0.000236 0.077892
0 0 0.749460 0.065189 0.012192 0.000103 0.173056
0 0 0.905254 0.026007 0.010153 0.000218 0.058368
0 0 0.862984 0.028997 0.014746 0.000349 0.092924
0 0 0.830735 0.055747 0.009250 0.000037 0.104230
0 0 0.867536 0.037089 0.006768 0.000032 0.088576
0 0 0.880876 0.027846 0.005596 0.000033 0.085648
0 0 0.922824 0.016449 0.006338 0.000080 0.054308
0 0 0.919161 0.020505 0.005921 0.000060 0.054353
0 0 0.936107 0.016084 0.005249 0.000061 0.042498
0 0 0.784044 0.092952 0.021961 0.000189 0.100854
0 0 0.852330 0.058383 0.010796 0.000044 0.078448
0 0 0.915103 0.025839 0.006112 0.000036 0.052911
0 0 0.830814 0.066041 0.011062 0.000040 0.092043
0 0 0.513448 0.320475 0.030465 0.000038 0.135574
0 0 0.859592 0.047518 0.010709 0.000075 0.082106
0 0 0.912307 0.021314 0.011285 0.000494 0.054600
0 0 0.931451 0.016238 0.004152 0.000030 0.048130
0 0 0.938897 0.014946 0.004365 0.000039 0.041753
0 0 0.898595 0.020694 0.004525 0.000032 0.076154
0 0 0.816246 0.047019 0.008825 0.000059 0.127851
0 0 0.721246 0.082020 0.012825 0.000072 0.183837
0 0 0.812785 0.083230 0.019914 0.000152 0.083919
1 0 0.376274 0.403694 0.070372 0.000478 0.149182
1 1 0.356216 0.370718 0.081879 0.001260 0.189928
1 1 0.170907 0.560480 0.112517 0.001697 0.154398
1 1 0.232653 0.497888 0.105093 0.001575 0.162790
0 0 0.810166 0.075993 0.059441 0.005138 0.049262
0 0 0.939624 0.021407 0.006169 0.000040 0.032759
0 1 0.437681 0.328105 0.064681 0.000619 0.168914
0 0 0.871289 0.046814 0.028328 0.001453 0.052117
0 0 0.901614 0.024950 0.009845 0.000235 0.063357
0 0 0.799505 0.067243 0.036660 0.002339 0.094252
0 0 0.942834 0.018040 0.007675 0.000127 0.031324
0 0 0.954197 0.009185 0.002888 0.000028 0.033702
0 0 0.853515 0.060480 0.016445 0.000150 0.069410
0 0 0.925444 0.030300 0.008652 0.000056 0.035548
0 0 0.922221 0.030084 0.011496 0.000152 0.036046
0 0 0.906541 0.036622 0.011306 0.000105 0.045426
0 0 0.681250 0.140520 0.034763 0.000448 0.143019
0 0 0.885820 0.029478 0.011459 0.000289 0.072955
0 0 0.821812 0.065272 0.039477 0.002531 0.070908
4 0 0.175466 0.294430 0.035218 0.000443 0.494443
4 0 0.223232 0.241141 0.053282 0.002556 0.479788
4 1 0.099181 0.332985 0.042816 0.000938 0.524079
4 1 0.087767 0.196573 0.036575 0.002870 0.676215
4 0 0.138754 0.176011 0.102143 0.013008 0.570085
4 0 0.320561 0.125206 0.094504 0.002020 0.457708
1 1 0.104893 0.481507 0.060784 0.000826 0.351990
4 1 0.253181 0.269334 0.050046 0.001299 0.426139
4 1 0.037687 0.233660 0.026502 0.001070 0.701080
4 1 0.045721 0.221457 0.026442 0.001087 0.705293
4 1 0.033207 0.244039 0.031788 0.001141 0.689825
4 0 0.158316 0.167925 0.023851 0.000674 0.649234
4 1 0.085306 0.192411 0.025792 0.000794 0.695696
4 1 0.090726 0.198860 0.025192 0.000775 0.684447
4 1 0.126858 0.229886 0.039988 0.001031 0.602236
4 4 0.067524 0.070939 0.015800 0.000214 0.845523
4 4 0.173696 0.124769 0.015705 0.000347 0.685482
4 4 0.051961 0.079151 0.020160 0.000618 0.848110
4 4 0.064614 0.048019 0.010076 0.000233 0.877058
4 4 0.070741 0.241720 0.030196 0.000976 0.656367
4 4 0.026041 0.093504 0.278918 0.004349 0.597188
4 4 0.023778 0.226920 0.098386 0.002529 0.648387
4 4 0.013594 0.189658 0.123367 0.001668 0.671714
4 4 0.024295 0.229532 0.131914 0.003657 0.610602
4 1 0.066815 0.344518 0.202747 0.038675 0.347245
1 1 0.051667 0.424773 0.128248 0.014340 0.380973
1 1 0.050219 0.515772 0.136129 0.014275 0.283606
1 1 0.044963 0.474185 0.187636 0.030095 0.263121
4 1 0.015841 0.328449 0.195024 0.004810 0.455876
4 1 0.017366 0.331393 0.179356 0.004761 0.467124
2 1 0.004103 0.205059 0.419282 0.002981 0.368575
2 2 0.006368 0.333480 0.350940 0.005075 0.304137
2 2 0.001850 0.072650 0.678918 0.003456 0.243126
4 2 0.007390 0.239203 0.312533 0.003490 0.437383
4 2 0.005699 0.221789 0.358832 0.003238 0.410442
4 2 0.014282 0.354496 0.241391 0.006423 0.383409
2 2 0.002821 0.161055 0.497965 0.002585 0.335574
2 2 0.008041 0.199444 0.514134 0.010560 0.267821
2 2 0.002586 0.120256 0.604966 0.003763 0.268429
2 2 0.003164 0.207947 0.528694 0.004213 0.255982
2 2 0.024571 0.308978 0.592205 0.013241 0.061005
2 2 0.019769 0.191343 0.718387 0.022028 0.048471
2 2 0.025455 0.221304 0.713239 0.009110 0.030893
2 3 0.019990 0.150681 0.788777 0.017734 0.022817
2 3 0.024421 0.245349 0.615060 0.035553 0.079616
2 3 0.111205 0.265187 0.564224 0.025382 0.034001
0 0 0.722308 0.088121 0.134961 0.021917 0.032693
0 0 0.631449 0.118828 0.204803 0.026878 0.018042
0 0 0.658364 0.166756 0.116735 0.004966 0.053179
0 1 0.439967 0.338473 0.137048 0.003993 0.080519
1 1 0.211757 0.528387 0.194106 0.005140 0.060611
1 1 0.169411 0.469578 0.281036 0.019245 0.060730
1 1 0.133290 0.459877 0.350809 0.011041 0.044982
1 1 0.122296 0.599843 0.199187 0.005965 0.072709
1 1 0.156841 0.548114 0.220673 0.008349 0.066024
0 1 0.422496 0.249802 0.233474 0.009830 0.084398
1 1 0.304616 0.423235 0.178170 0.007299 0.086680
0 1 0.682938 0.112239 0.142481 0.024359 0.037984
1 0 0.255329 0.372818 0.262742 0.027739 0.081372
1 1 0.091922 0.554950 0.273025 0.013822 0.066281
2 1 0.037991 0.388549 0.469004 0.015387 0.089068
2 1 0.021686 0.296208 0.562498 0.028863 0.090745
2 1 0.013795 0.252383 0.618829 0.018891 0.096101
2 2 0.014775 0.269731 0.567779 0.013542 0.134173
2 2 0.002116 0.041566 0.855764 0.063974 0.036579
2 2 0.003185 0.108166 0.769174 0.029550 0.089924
2 2 0.005816 0.175701 0.700096 0.015125 0.103262
2 2 0.004927 0.139402 0.731188 0.016222 0.108261
2 2 0.006839 0.099018 0.849458 0.013826 0.030859
2 2 0.046528 0.142964 0.684331 0.072817 0.053361
2 2 0.032339 0.154975 0.706349 0.015112 0.091225
2 2 0.022858 0.265879 0.580298 0.029297 0.101668
2 2 0.010332 0.180436 0.719391 0.021775 0.068066
2 2 0.003493 0.132227 0.726942 0.021299 0.116040
2 3 0.000905 0.026683 0.913110 0.027878 0.031424
2 3 0.001274 0.025380 0.932653 0.027733 0.012960
2 3 0.001067 0.025293 0.929414 0.026353 0.017872
2 3 0.001467 0.028477 0.893967 0.053099 0.022990
2 3 0.002403 0.045501 0.843045 0.071036 0.038015
2 3 0.003028 0.026583 0.751151 0.199873 0.019365
2 3 0.000107 0.001824 0.530964 0.466453 0.000652
3 3 0.000132 0.001560 0.369033 0.628801 0.000473
3 3 0.000216 0.001385 0.197430 0.800614 0.000355
3 3 0.000259 0.001396 0.168057 0.829941 0.000348
3 3 0.000300 0.001342 0.136718 0.861320 0.000320
3 3 0.000202 0.001120 0.152392 0.846023 0.000262
3 3 0.000136 0.000539 0.071260 0.927969 0.000097
3 3 0.000271 0.001284 0.140867 0.857273 0.000305
3 3 0.000159 0.000793 0.112285 0.886597 0.000165
3 3 0.000299 0.001101 0.100306 0.898053 0.000241
3 3 0.000342 0.001015 0.076767 0.921666 0.000210
3 3 0.000131 0.000559 0.078536 0.920670 0.000103
3 3 0.000348 0.001338 0.117278 0.880724 0.000312
3 3 0.000155 0.000846 0.127605 0.871211 0.000182
3 3 0.000636 0.001669 0.090528 0.906777 0.000391
3 3 0.000184 0.000550 0.053898 0.945272 0.000096
3 3 0.000173 0.000425 0.037780 0.961554 0.000068
3 3 0.000187 0.000606 0.062049 0.937048 0.000110
3 3 0.000158 0.000579 0.068604 0.930554 0.000106
3 3 0.000221 0.000650 0.058593 0.940418 0.000119
3 3 0.000418 0.001181 0.079862 0.918286 0.000254
3 3 0.000243 0.000838 0.079809 0.918942 0.000168
3 3 0.000317 0.000933 0.072250 0.926312 0.000188
3 3 0.000209 0.000765 0.080458 0.918418 0.000151
3 3 0.000253 0.000825 0.074808 0.923950 0.000164
3 3 0.000341 0.000810 0.053412 0.945284 0.000153
3 3 0.000160 0.000444 0.043901 0.955423 0.000073
3 3 0.000517 0.001267 0.071867 0.926077 0.000272
3 3 0.003705 0.004524 0.074246 0.916267 0.001258
3 3 0.000564 0.000864 0.035204 0.963212 0.000157
3 3 0.002104 0.002752 0.059511 0.934960 0.000672
3 3 0.002202 0.003818 0.096141 0.896776 0.001064
3 3 0.072751 0.050009 0.255044 0.607569 0.014627
3 3 0.010746 0.029755 0.333090 0.612836 0.013572
3 3 0.003088 0.018597 0.477899 0.492168 0.008249
3 3 0.002152 0.009156 0.350350 0.634530 0.003812
3 3 0.000766 0.005051 0.397294 0.594907 0.001982
2 3 0.002723 0.026981 0.738331 0.214364 0.017601
3 2 0.001298 0.008227 0.456932 0.529923 0.003619
3 3 0.000358 0.003575 0.474198 0.520476 0.001393
2 3 0.006375 0.121199 0.686600 0.025438 0.160388
2 3 0.005645 0.179674 0.634139 0.019495 0.161047
2 3 0.004344 0.148097 0.682727 0.016565 0.148267
2 3 0.002456 0.108682 0.684390 0.006422 0.198051
2 3 0.010826 0.226061 0.431320 0.005700 0.326093
2 3 0.005970 0.265487 0.366961 0.004086 0.357495
2 2 0.008586 0.175087 0.407411 0.005714 0.403203
4 2 0.006543 0.202361 0.342108 0.003243 0.445745
2 2 0.005034 0.210652 0.463357 0.005290 0.315668
2 2 0.011372 0.187046 0.487913 0.002623 0.311046
2 2 0.006406 0.326250 0.387872 0.006777 0.272695
2 2 0.007546 0.278611 0.425206 0.008374 0.280263
2 2 0.006451 0.224452 0.478118 0.008144 0.282834
2 2 0.005487 0.259290 0.383764 0.004022 0.347437
2 2 0.005883 0.248375 0.456405 0.006787 0.282550
2 2 0.023182 0.300951 0.366366 0.005723 0.303777
4 2 0.017907 0.201807 0.191445 0.003946 0.584895
2 2 0.005749 0.267584 0.458642 0.007440 0.260585
4 2 0.017018 0.134830 0.309252 0.007233 0.531666
2 2 0.041180 0.248186 0.510455 0.013416 0.186763
0 2 0.466515 0.156317 0.278410 0.068570 0.030188
0 2 0.422625 0.133351 0.298458 0.114580 0.030985
0 0 0.750149 0.086037 0.110698 0.015918 0.037199
0 0 0.648317 0.140199 0.077258 0.006420 0.127806
0 0 0.380301 0.328377 0.219439 0.015698 0.056185
1 0 0.161545 0.522649 0.240511 0.011070 0.064226
1 1 0.097085 0.484470 0.327027 0.027684 0.063734
1 1 0.130033 0.553490 0.243331 0.009920 0.063225
1 1 0.130126 0.510474 0.292356 0.015048 0.051996
0 1 0.498764 0.157932 0.198962 0.059677 0.084664
1 1 0.191718 0.443514 0.283837 0.021747 0.059184
1 1 0.163199 0.464874 0.298427 0.019961 0.053538
1 1 0.119579 0.575592 0.217598 0.008747 0.078483
1 1 0.160012 0.468540 0.272056 0.022823 0.076569
2 1 0.095511 0.265787 0.387073 0.150973 0.100656
0 1 0.619287 0.174826 0.116566 0.010190 0.079131
1 1 0.186333 0.537079 0.169849 0.005174 0.101565
1 1 0.329671 0.393915 0.147505 0.005866 0.123043
0 0 0.659353 0.099790 0.137815 0.037239 0.065802
0 1 0.660603 0.130154 0.061910 0.003980 0.143354
1 1 0.124904 0.504116 0.123738 0.005430 0.241812
1 1 0.162002 0.480338 0.137116 0.006708 0.213836
0 1 0.618698 0.114698 0.152273 0.042210 0.072121
0 1 0.592002 0.165573 0.051964 0.001576 0.188885
0 1 0.360562 0.348764 0.140266 0.007258 0.143150
1 1 0.169788 0.478185 0.135089 0.006190 0.210748
1 1 0.259975 0.400146 0.148533 0.009228 0.182118
1 1 0.148524 0.502308 0.134490 0.005792 0.208886
1 1 0.255116 0.430079 0.126032 0.004470 0.184302
0 1 0.360084 0.287498 0.154114 0.010935 0.187368
0 0 0.575961 0.141268 0.054656 0.003317 0.224799
1 1 0.207328 0.477747 0.118386 0.003255 0.193283
1 1 0.145409 0.500627 0.123865 0.004761 0.225337
1 1 0.149360 0.512463 0.116455 0.003479 0.218243
1 1 0.151272 0.483216 0.125489 0.005500 0.234522
1 1 0.143619 0.463442 0.140241 0.009524 0.243173
0 0 0.525085 0.138293 0.098031 0.002151 0.236440
0 0 0.569461 0.161707 0.066444 0.004124 0.198264
0 0 0.546749 0.119969 0.176927 0.022396 0.133959
0 0 0.874929 0.034491 0.021297 0.001505 0.067778
0 0 0.807051 0.067543 0.049118 0.004951 0.071337
0 0 0.709553 0.080905 0.045381 0.002019 0.162142
0 0 0.745914 0.050503 0.022989 0.001775 0.178819
0 0 0.651827 0.065719 0.025432 0.001839 0.255183
0 0 0.856304 0.044488 0.026215 0.001665 0.071327
0 0 0.784360 0.053891 0.026830 0.001929 0.132990
0 0 0.322863 0.311115 0.111127 0.007421 0.247475
0 0 0.575119 0.080199 0.068135 0.006034 0.270513
0 0 0.471295 0.106581 0.164540 0.012162 0.245422
0 0 0.488892 0.280337 0.089155 0.002214 0.139403
0 0 0.366319 0.312900 0.101786 0.004457 0.214539
0 0 0.381222 0.251448 0.102843 0.009165 0.255322
1 0 0.145078 0.486844 0.106735 0.003450 0.257893
4 1 0.136461 0.352763 0.078596 0.004424 0.427756
1 1 0.311621 0.313284 0.094192 0.004646 0.276257
4 1 0.088336 0.261779 0.050496 0.003669 0.595720
4 1 0.098201 0.370330 0.073042 0.003924 0.454503
1 1 0.140675 0.392074 0.083359 0.003659 0.380232
1 1 0.132664 0.472192 0.095237 0.003009 0.296899
1 1 0.131775 0.471664 0.094325 0.002952 0.299284
1 1 0.111046 0.530445 0.169938 0.008224 0.180347
1 1 0.061326 0.493184 0.247448 0.018119 0.179923
1 1 0.087871 0.524375 0.245288 0.015912 0.126555
2 1 0.013421 0.272383 0.508031 0.023553 0.182612
1 2 0.134605 0.403003 0.275074 0.011141 0.176177
2 2 0.039454 0.343469 0.383933 0.011353 0.221791
2 2 0.021303 0.184754 0.621576 0.014193 0.158174
2 2 0.027257 0.370175 0.371759 0.019587 0.211223
2 2 0.022771 0.243022 0.532249 0.024645 0.177313
2 2 0.031971 0.134802 0.769372 0.032085 0.031770
0 0 0.465455 0.180019 0.273342 0.029218 0.051966
1 0 0.077529 0.487622 0.321072 0.017409 0.096369
2 0 0.197661 0.297840 0.365051 0.028317 0.111131
2 0 0.126738 0.157094 0.622253 0.029105 0.064810
1 0 0.287277 0.440748 0.165126 0.005958 0.100891
2 0 0.307532 0.161469 0.422177 0.019595 0.089226
0 0 0.374628 0.154351 0.302129 0.033080 0.135813
4 0 0.170879 0.307498 0.194888 0.014866 0.311869
1 0 0.093778 0.569648 0.184823 0.011272 0.140479
1 0 0.066625 0.512639 0.289160 0.016756 0.114820
1 1 0.171966 0.579835 0.197443 0.003944 0.046813
1 1 0.150346 0.602203 0.190317 0.003817 0.053316
2 1 0.266936 0.293857 0.365750 0.045848 0.027609
2 0 0.277230 0.331623 0.347216 0.015492 0.028440
2 0 0.196190 0.270858 0.364003 0.110423 0.058525
1 1 0.177553 0.554428 0.216482 0.005346 0.046191
1 1 0.158107 0.581022 0.197331 0.004960 0.058580
1 1 0.156283 0.594423 0.192966 0.003979 0.052349
1 1 0.095926 0.588750 0.247104 0.008542 0.059679
1 1 0.148348 0.513197 0.288767 0.010669 0.039019
1 1 0.163007 0.493690 0.283421 0.013327 0.046555
0 1 0.520909 0.121753 0.252437 0.074169 0.030732
1 1 0.326348 0.359124 0.246708 0.016551 0.051269
0 0 0.839511 0.057439 0.046075 0.004260 0.052715
2 0 0.314339 0.309603 0.319887 0.025574 0.030597
1 1 0.123069 0.573209 0.240769 0.007780 0.055173
0 1 0.549472 0.188347 0.175160 0.021424 0.065596
0 0 0.426587 0.168166 0.301797 0.071338 0.032112
0 0 0.766511 0.104517 0.113119 0.005379 0.010474
0 0 0.787087 0.079206 0.116188 0.007265 0.010255
0 0 0.755155 0.176220 0.057930 0.000156 0.010538
0 1 0.705824 0.257102 0.022859 0.000003 0.014211
0 1 0.714831 0.232352 0.040549 0.000026 0.012242
0 1 0.735040 0.225384 0.022648 0.000005 0.016922
0 1 0.689781 0.263484 0.030202 0.000009 0.016523
0 1 0.716893 0.227834 0.039364 0.000031 0.015878
0 2 0.669828 0.277678 0.035816 0.000015 0.016663
0 2 0.591700 0.348065 0.042361 0.000016 0.017858
0 2 0.689565 0.255371 0.041140 0.000025 0.013899
0 2 0.687600 0.262175 0.033554 0.000013 0.016658
0 2 0.695192 0.255165 0.032203 0.000013 0.017428
0 2 0.662195 0.281416 0.040759 0.000021 0.015609
0 2 0.542772 0.387960 0.054074 0.000026 0.015168
0 2 0.640107 0.298884 0.043853 0.000025 0.017131
0 2 0.681093 0.268854 0.030872 0.000011 0.019170
0 2 0.698318 0.240177 0.042954 0.000042 0.018509
0 2 0.619068 0.322674 0.038577 0.000015 0.019665
0 2 0.596263 0.340083 0.045790 0.000023 0.017841
0 2 0.591370 0.333448 0.057566 0.000052 0.017565
0 2 0.490672 0.394174 0.105122 0.000182 0.009850
1 3 0.310251 0.370577 0.305170 0.003826 0.010176
2 3 0.096008 0.252741 0.641860 0.002792 0.006599
2 3 0.334275 0.150532 0.475614 0.033493 0.006086
0 3 0.472731 0.227585 0.278202 0.012677 0.008805
2 3 0.368501 0.231927 0.378709 0.008768 0.012096
2 3 0.027155 0.120610 0.837182 0.006822 0.008232
0 3 0.615222 0.143732 0.218120 0.016139 0.006787
1 0 0.080434 0.473867 0.393285 0.003517 0.048897
1 0 0.117903 0.492865 0.358408 0.005681 0.025143
1 1 0.115652 0.521563 0.328939 0.005463 0.028382
2 1 0.019330 0.248862 0.704570 0.004756 0.022482
2 1 0.046436 0.375281 0.547585 0.005556 0.025141
2 2 0.035688 0.345106 0.594683 0.002684 0.021839
1 2 0.085868 0.546026 0.336762 0.002203 0.029141
2 2 0.014383 0.123945 0.846008 0.005431 0.010233
2 2 0.012836 0.177537 0.782945 0.008761 0.017921
2 2 0.036530 0.255640 0.688014 0.003891 0.015924
2 2 0.020060 0.228546 0.729238 0.003583 0.018572
2 3 0.042448 0.196664 0.737423 0.011355 0.012110
2 3 0.054026 0.224322 0.698440 0.008938 0.014275
1 3 0.239394 0.551108 0.190957 0.001430 0.017111
2 3 0.151899 0.159628 0.646724 0.030193 0.011556
2 3 0.150122 0.171652 0.641090 0.029955 0.007181
2 3 0.134551 0.303066 0.536206 0.013023 0.013153
0 3 0.526006 0.115941 0.318706 0.034756 0.004592
0 3 0.673326 0.124560 0.188873 0.008929 0.004312
0 2 0.393852 0.339699 0.260470 0.000997 0.004982
0 2 0.500990 0.280348 0.212197 0.002078 0.004388
2 1 0.077702 0.199475 0.719625 0.000329 0.002869
0 1 0.776080 0.105809 0.104028 0.002457 0.011626
0 1 0.532272 0.375411 0.086381 0.000066 0.005871
0 1 0.512646 0.397941 0.081585 0.000060 0.007769
0 1 0.743773 0.176557 0.072165 0.000244 0.007261
0 1 0.607600 0.303395 0.082887 0.000093 0.006025
0 1 0.598783 0.318133 0.076429 0.000068 0.006586
0 1 0.617755 0.302170 0.072106 0.000073 0.007897
0 1 0.626552 0.300015 0.065439 0.000053 0.007942
0 1 0.542801 0.345453 0.104788 0.000175 0.006783
1 1 0.437402 0.438692 0.117909 0.000143 0.005854
0 1 0.597270 0.320686 0.073945 0.000070 0.008029
0 1 0.618363 0.319407 0.044416 0.000023 0.017791
0 1 0.684030 0.263662 0.036010 0.000017 0.016281
0 1 0.613192 0.318682 0.052020 0.000037 0.016069
0 1 0.685362 0.260976 0.040957 0.000021 0.012683
0 1 0.658904 0.288502 0.036262 0.000014 0.016317
0 1 0.664196 0.282111 0.035973 0.000015 0.017705
0 1 0.606576 0.328219 0.051920 0.000030 0.013256
0 1 0.590573 0.321851 0.075423 0.000104 0.012048
0 1 0.638880 0.303917 0.039692 0.000018 0.017493
0 1 0.639302 0.297952 0.047610 0.000031 0.015105
0 1 0.692120 0.258847 0.035262 0.000014 0.013757
0 1 0.605325 0.330290 0.049904 0.000027 0.014455
0 1 0.659271 0.284252 0.039531 0.000020 0.016926
0 1 0.665076 0.281231 0.036550 0.000016 0.017127
2 1 0.214262 0.166774 0.604781 0.007036 0.007146
0 1 0.799187 0.091372 0.099312 0.003539 0.006590
1 1 0.105103 0.730743 0.114870 0.000482 0.048802
1 1 0.064570 0.712917 0.137664 0.001992 0.082856
1 1 0.078517 0.737831 0.137173 0.000974 0.045505
1 1 0.069414 0.715013 0.160028 0.001219 0.054326
2 1 0.005942 0.161972 0.667440 0.028015 0.136631
2 1 0.004885 0.150977 0.740708 0.012263 0.091167
2 1 0.005832 0.147270 0.742204 0.017920 0.086774
2 1 0.003855 0.148193 0.697223 0.018994 0.131735
2 1 0.011406 0.192837 0.709435 0.017352 0.068970
2 1 0.004000 0.127783 0.747590 0.025542 0.095086
2 1 0.005564 0.117118 0.734689 0.052146 0.090484
2 2 0.001794 0.060702 0.850459 0.033850 0.053194
2 2 0.002148 0.071691 0.829412 0.024247 0.072503
2 2 0.001224 0.038869 0.906168 0.023361 0.030379
2 2 0.001301 0.054286 0.889673 0.012692 0.042048
2 2 0.001325 0.039163 0.899394 0.021838 0.038279
2 2 0.000482 0.014508 0.932233 0.036999 0.015779
2 2 0.002638 0.075186 0.819377 0.033303 0.069496
2 2 0.000715 0.015929 0.936063 0.034041 0.013253
2 2 0.001229 0.015733 0.851285 0.117988 0.013765
2 2 0.001078 0.016231 0.854334 0.114944 0.013413
2 2 0.001866 0.016616 0.754208 0.215141 0.012170
2 2 0.001437 0.015115 0.782981 0.189284 0.011183
2 2 0.001690 0.014935 0.732580 0.240484 0.010312
3 2 0.000133 0.001312 0.286941 0.711254 0.000360
3 3 0.000269 0.002211 0.319541 0.677288 0.000691
3 3 0.000121 0.000839 0.161085 0.837768 0.000187
3 3 0.000166 0.001246 0.217384 0.780887 0.000318
3 3 0.000116 0.000767 0.146019 0.852931 0.000166
3 3 0.000125 0.001049 0.219855 0.778711 0.000259
3 3 0.000097 0.000596 0.118316 0.880873 0.000118
3 3 0.000058 0.000417 0.112939 0.886510 0.000077
3 3 0.000150 0.000794 0.119292 0.879596 0.000167
3 3 0.000042 0.000260 0.073977 0.925681 0.000041
3 3 0.000137 0.000707 0.109215 0.889798 0.000143
3 3 0.000083 0.000524 0.111736 0.887556 0.000100
3 3 0.000113 0.000487 0.073094 0.926220 0.000087
3 3 0.000088 0.000393 0.066961 0.932493 0.000066
3 3 0.000126 0.000410 0.049175 0.950222 0.000067
3 3 0.000096 0.000386 0.058912 0.940543 0.000064
3 3 0.000152 0.000848 0.131204 0.867613 0.000183
3 3 0.000113 0.000327 0.038099 0.961412 0.000049
3 3 0.000048 0.000217 0.047417 0.952286 0.000031
3 3 0.000193 0.000802 0.094021 0.904821 0.000163
3 3 0.000123 0.000411 0.050797 0.948601 0.000067
3 3 0.000032 0.000173 0.050684 0.949088 0.000024
3 3 0.000109 0.000473 0.072573 0.926762 0.000084
3 3 0.000084 0.000369 0.063615 0.935872 0.000061
3 3 0.000093 0.000313 0.043607 0.955939 0.000048
3 3 0.000117 0.000430 0.057618 0.941763 0.000072
3 3 0.000107 0.000433 0.063528 0.935858 0.000074
3 3 0.000088 0.000304 0.044274 0.955288 0.000046
3 3 0.000065 0.000308 0.061173 0.938404 0.000049
3 3 0.000064 0.000273 0.051327 0.948294 0.000041
3 3 0.000094 0.000378 0.058624 0.940842 0.000062
3 3 0.000092 0.000353 0.053273 0.946226 0.000056
3 3 0.000064 0.000311 0.063249 0.936326 0.000050
3 3 0.000141 0.000458 0.052548 0.946776 0.000077
3 3 0.000100 0.000346 0.047496 0.952004 0.000054
3 3 0.000151 0.000466 0.050506 0.948799 0.000078
3 3 0.000091 0.000282 0.037604 0.961982 0.000041
3 3 0.000134 0.000330 0.032434 0.967054 0.000049
3 3 0.000088 0.000367 0.059926 0.939559 0.000060
3 3 0.000126 0.000423 0.052047 0.947335 0.000070
3 3 0.000166 0.000555 0.060832 0.938349 0.000099
3 3 0.000181 0.000596 0.062360 0.936754 0.000108
3 3 0.000286 0.000622 0.041685 0.957299 0.000108
3 3 0.000378 0.000897 0.056690 0.941860 0.000174
3 3 0.000375 0.000935 0.061188 0.937317 0.000185
3 3 0.000257 0.000462 0.028629 0.970580 0.000072
3 3 0.000216 0.000770 0.078815 0.920048 0.000152
3 3 0.000230 0.000583 0.046976 0.952109 0.000101
3 3 0.000182 0.000441 0.037932 0.961373 0.000071
3 3 0.000112 0.000389 0.051111 0.948323 0.000063
3 3 0.000434 0.000966 0.055467 0.942943 0.000190
3 3 0.000163 0.000458 0.045112 0.954191 0.000075
3 3 0.002601 0.003316 0.064684 0.928548 0.000850
3 3 0.008565 0.010798 0.190233 0.788395 0.002009
3 3 0.005155 0.006046 0.084324 0.902662 0.001814
3 3 0.009789 0.013312 0.173975 0.796736 0.006188
3 3 0.008000 0.021093 0.473019 0.491227 0.006661
2 3 0.008401 0.031315 0.641651 0.307984 0.010648
2 3 0.007468 0.034879 0.635292 0.308700 0.013662
2 3 0.003222 0.039106 0.806263 0.133934 0.017476
1 2 0.013608 0.359750 0.344820 0.014315 0.267507
1 2 0.060327 0.416597 0.195221 0.008817 0.319039
2 2 0.012629 0.229866 0.512344 0.024934 0.220226
2 2 0.018078 0.208070 0.587800 0.039202 0.146850
2 2 0.055236 0.162583 0.700363 0.014796 0.067021
2 2 0.018054 0.114216 0.729459 0.028780 0.109491
1 2 0.091491 0.386122 0.278283 0.017433 0.226670
2 2 0.025074 0.372888 0.411990 0.014680 0.175368
2 2 0.020282 0.337005 0.399701 0.028780 0.214232
4 2 0.030023 0.222877 0.368557 0.004182 0.374361
2 2 0.032876 0.332499 0.395186 0.007705 0.231735
4 2 0.070867 0.176363 0.270992 0.010452 0.471326
4 2 0.025692 0.230125 0.180354 0.005762 0.558066
2 2 0.029280 0.157507 0.557730 0.015785 0.239698
4 2 0.024961 0.182737 0.245471 0.007757 0.539074
4 2 0.087420 0.152983 0.139104 0.004868 0.615624
2 2 0.008449 0.255559 0.505372 0.013262 0.217356
2 2 0.015640 0.231952 0.388337 0.014503 0.349567
4 2 0.047252 0.112929 0.264617 0.006284 0.568919
0 2 0.479534 0.111384 0.216266 0.121183 0.071632
2 2 0.034684 0.176058 0.454260 0.056429 0.278569
4 2 0.083184 0.200715 0.249717 0.018770 0.447614
4 2 0.032761 0.105457 0.239547 0.009759 0.612476
4 1 0.013270 0.262353 0.172529 0.002861 0.548987
4 1 0.050389 0.102220 0.334352 0.011681 0.501358
4 1 0.010009 0.230098 0.247837 0.003299 0.508757
4 1 0.019496 0.303568 0.165597 0.004523 0.506816
4 1 0.029417 0.304053 0.132613 0.005356 0.528561
4 1 0.015211 0.118952 0.136198 0.001821 0.727819
4 1 0.020560 0.201456 0.161804 0.003688 0.612491
4 1 0.015119 0.074811 0.107374 0.001251 0.801444
4 1 0.025855 0.165808 0.095774 0.002377 0.710186
4 1 0.024891 0.107067 0.155689 0.003590 0.708763
4 1 0.014766 0.134832 0.106029 0.001372 0.743001
4 1 0.013508 0.175334 0.150191 0.002030 0.658938
4 1 0.015782 0.195920 0.109061 0.001719 0.677518
4 1 0.014145 0.223129 0.141319 0.002190 0.619218
4 2 0.018279 0.221435 0.163991 0.003451 0.592843
4 2 0.024218 0.138285 0.093562 0.002042 0.741893
4 2 0.010371 0.219842 0.193444 0.002323 0.574021
4 2 0.035639 0.278967 0.160796 0.008002 0.516596
4 2 0.029790 0.331612 0.199022 0.010081 0.429496
1 2 0.031994 0.453592 0.269079 0.012568 0.232766
4 2 0.034959 0.330417 0.175416 0.010047 0.449160
1 2 0.098971 0.359112 0.178859 0.011622 0.351436
4 2 0.073525 0.341393 0.190191 0.008481 0.386411
1 2 0.071405 0.403632 0.169971 0.006508 0.348484
2 2 0.060403 0.273132 0.489776 0.023904 0.152785
1 2 0.086431 0.318921 0.295953 0.018923 0.279773
4 2 0.069234 0.243825 0.267754 0.006490 0.412697
4 2 0.013840 0.300977 0.277510 0.006682 0.400992
4 2 0.053716 0.347254 0.161576 0.007562 0.429891
4 2 0.123007 0.199164 0.241053 0.019515 0.417260
1 1 0.182157 0.312903 0.301421 0.038905 0.164614
4 1 0.030372 0.261305 0.262880 0.015708 0.429735
1 1 0.035195 0.423913 0.166598 0.012398 0.361896
4 1 0.048921 0.275488 0.274395 0.012285 0.388911
1 1 0.195303 0.362217 0.236888 0.008133 0.197459
1 1 0.044179 0.400332 0.223381 0.015288 0.316820
0 0 0.539507 0.157717 0.182062 0.044101 0.076614
1 0 0.245897 0.301553 0.254208 0.065633 0.132710
0 0 0.520278 0.116647 0.247961 0.082502 0.032612
0 0 0.635836 0.098482 0.067473 0.011416 0.186793
1 0 0.195391 0.344895 0.115019 0.011166 0.333530
1 1 0.129612 0.482735 0.144155 0.009713 0.233785
1 1 0.075835 0.445079 0.142351 0.019679 0.317056
1 1 0.140310 0.473771 0.144557 0.009723 0.231640
1 1 0.136809 0.512738 0.145821 0.007266 0.197366
1 1 0.125751 0.426573 0.185415 0.025740 0.236520
0 1 0.469478 0.222227 0.114106 0.011977 0.182212
0 1 0.617267 0.134258 0.106710 0.021199 0.120565
0 0 0.678160 0.062572 0.068661 0.005690 0.184918
0 0 0.513149 0.101569 0.075155 0.007755 0.302372
0 0 0.728834 0.037329 0.015029 0.001092 0.217716
0 0 0.691557 0.038827 0.014397 0.001000 0.254219
0 0 0.318452 0.298681 0.094601 0.005369 0.282898
1 0 0.073902 0.444510 0.263236 0.017517 0.200835
1 1 0.101147 0.426468 0.183972 0.022449 0.265963
1 1 0.083345 0.500595 0.153729 0.015180 0.247151
1 1 0.109645 0.477549 0.162850 0.016312 0.233644
1 1 0.109941 0.423943 0.268450 0.017408 0.180258
0 0 0.437887 0.120448 0.267289 0.103329 0.071047
0 0 0.573891 0.095114 0.173118 0.016172 0.141706
0 0 0.691578 0.077505 0.031944 0.002029 0.196945
0 0 0.531881 0.104613 0.040766 0.002912 0.319828
0 0 0.408505 0.282968 0.100595 0.004963 0.202969
1 0 0.119414 0.458917 0.119868 0.007516 0.294284
1 1 0.069234 0.531751 0.221364 0.014512 0.163137
1 1 0.102931 0.525739 0.177712 0.014334 0.179284
2 1 0.301137 0.200114 0.398918 0.015492 0.084339
1 1 0.080533 0.585343 0.150983 0.007348 0.175793
0 1 0.497997 0.264137 0.152272 0.009604 0.075991
1 0 0.306692 0.403001 0.117441 0.003461 0.169406
1 1 0.149032 0.531694 0.160852 0.007041 0.151381
1 1 0.255643 0.358674 0.124466 0.006404 0.254812
1 1 0.240857 0.395371 0.124788 0.006738 0.232247
1 1 0.184668 0.451064 0.187742 0.015976 0.160549
0 1 0.399570 0.195450 0.248951 0.073670 0.082358
1 1 0.193003 0.497697 0.163719 0.007023 0.138559
1 1 0.115775 0.528765 0.171938 0.011648 0.171875
4 1 0.018020 0.253557 0.258300 0.007062 0.463061
2 1 0.009745 0.290303 0.362863 0.007852 0.329237
4 1 0.023357 0.306426 0.243454 0.002992 0.423772
4 1 0.012865 0.281064 0.282445 0.005993 0.417633
4 1 0.010272 0.326731 0.306416 0.006277 0.350304
2 1 0.041340 0.383224 0.423996 0.008595 0.142846
1 1 0.019021 0.353191 0.287994 0.009454 0.330340
2 1 0.016030 0.244668 0.404503 0.004790 0.330009
2 1 0.005043 0.194302 0.520339 0.003366 0.276950
2 1 0.008304 0.276650 0.460185 0.012105 0.242755
1 1 0.013362 0.358723 0.332764 0.012000 0.283151
4 2 0.013223 0.304816 0.322277 0.008356 0.351328
4 2 0.029811 0.274187 0.229404 0.006541 0.460058
2 2 0.008519 0.291226 0.428766 0.010259 0.261230
2 2 0.005922 0.222375 0.552140 0.012348 0.207214
2 2 0.009600 0.260656 0.496543 0.018853 0.214348
2 2 0.007888 0.305692 0.415333 0.009427 0.261660
2 2 0.035761 0.219375 0.566479 0.007245 0.171141
1 2 0.026929 0.401853 0.215895 0.006117 0.349206
2 2 0.023215 0.259112 0.570955 0.005803 0.140914
2 2 0.027889 0.101810 0.808241 0.040769 0.021291
2 2 0.010348 0.220942 0.669336 0.015973 0.083401
2 2 0.003851 0.096557 0.797378 0.029339 0.072875
2 2 0.005857 0.164933 0.719669 0.019969 0.089573
2 2 0.006672 0.246615 0.571895 0.012552 0.162266
2 2 0.003926 0.114863 0.803789 0.013701 0.063721
2 2 0.005790 0.169524 0.712816 0.015220 0.096649
2 2 0.003933 0.144170 0.759966 0.009857 0.082074
2 2 0.001740 0.038713 0.917104 0.020089 0.022354
2 2 0.001855 0.072331 0.867941 0.011131 0.046743
2 2 0.004025 0.120251 0.787318 0.014396 0.074011
2 2 0.000740 0.022957 0.955816 0.008547 0.011941
2 2 0.005318 0.144653 0.758007 0.014674 0.077348
2 2 0.010650 0.113640 0.798754 0.021618 0.055338
2 2 0.011021 0.163872 0.746993 0.017832 0.060282
2 2 0.005291 0.165319 0.663745 0.020833 0.144812
2 2 0.005335 0.120963 0.806304 0.013595 0.053804
2 2 0.010331 0.199052 0.707758 0.013554 0.069305
2 2 0.005398 0.159176 0.726872 0.016855 0.091699
2 2 0.003488 0.083468 0.875997 0.007389 0.029658
2 2 0.001605 0.028139 0.911334 0.044109 0.014813
2 2 0.001306 0.035915 0.909560 0.027883 0.025335
2 2 0.000551 0.017116 0.957143 0.013156 0.012034
2 2 0.000924 0.021751 0.947912 0.017410 0.012004
2 2 0.000600 0.014585 0.950593 0.025646 0.008576
2 3 0.001503 0.034319 0.911745 0.028931 0.023501
2 3 0.000975 0.018625 0.959117 0.013364 0.007918
2 3 0.001553 0.026807 0.859096 0.090323 0.022221
2 3 0.000839 0.024508 0.911736 0.037859 0.025058
2 3 0.002633 0.101632 0.783034 0.024711 0.087991
2 3 0.002692 0.071594 0.822576 0.040580 0.062558
2 3 0.002123 0.069305 0.840163 0.029735 0.058675
2 3 0.000701 0.012235 0.865447 0.111771 0.009846
2 3 0.005667 0.055355 0.749854 0.147951 0.041173
2 3 0.018618 0.123944 0.769218 0.019527 0.068693
2 3 0.003539 0.109014 0.765873 0.039867 0.081707
2 3 0.005401 0.166855 0.654275 0.020175 0.153294
2 3 0.004378 0.138150 0.718587 0.027223 0.111663
2 3 0.003498 0.121229 0.745219 0.025152 0.104902
2 3 0.002924 0.052121 0.824051 0.079637 0.041267
2 3 0.001322 0.026540 0.874025 0.075616 0.022497
2 3 0.001371 0.032617 0.893680 0.035601 0.036731
2 3 0.000498 0.018851 0.930364 0.030904 0.019383
2 3 0.002425 0.039110 0.877623 0.057869 0.022974
2 3 0.000357 0.006039 0.785976 0.203930 0.003698
2 3 0.001758 0.026821 0.831861 0.119365 0.020195
2 3 0.000903 0.017487 0.857471 0.111324 0.012815
2 3 0.003012 0.018714 0.670216 0.296780 0.011278
2 3 0.000891 0.013539 0.834607 0.140987 0.009975
2 3 0.001277 0.033828 0.896488 0.038240 0.030167
2 3 0.000491 0.008717 0.884418 0.100457 0.005917
2 3 0.001484 0.024068 0.866022 0.087107 0.021318
2 3 0.000682 0.011344 0.873026 0.105166 0.009781
2 3 0.001815 0.021719 0.787383 0.173913 0.015170
2 3 0.000414 0.007258 0.828062 0.159260 0.005006
2 3 0.002069 0.020457 0.750125 0.213446 0.013903
2 3 0.000448 0.007927 0.843939 0.141906 0.005779
2 3 0.001046 0.017397 0.888887 0.080654 0.012017
2 3 0.001539 0.025619 0.812459 0.143760 0.016623
2 3 0.000901 0.012976 0.847732 0.127799 0.010592
2 3 0.001054 0.010948 0.730651 0.250329 0.007018
2 3 0.000735 0.006368 0.561036 0.429061 0.002801
2 3 0.000586 0.008066 0.773707 0.212565 0.005076
2 3 0.000550 0.005923 0.614063 0.376561 0.002904
2 3 0.001447 0.011829 0.722751 0.259421 0.004552
2 3 0.000503 0.004671 0.503928 0.488928 0.001970
2 3 0.000779 0.007895 0.800476 0.188270 0.002580
2 3 0.000407 0.004467 0.561767 0.431421 0.001937
2 3 0.000765 0.007434 0.690460 0.298257 0.003083
2 3 0.000481 0.006221 0.847312 0.144035 0.001951
2 3 0.001505 0.010237 0.567157 0.416021 0.005079
2 3 0.000338 0.003595 0.574081 0.420896 0.001090
2 3 0.000500 0.006285 0.788560 0.202268 0.002387
2 3 0.000390 0.004612 0.595531 0.397359 0.002109
3 3 0.000774 0.005715 0.461546 0.529542 0.002424
3 3 0.000263 0.002136 0.310911 0.686032 0.000658
2 3 0.000763 0.006285 0.522555 0.467535 0.002863
3 3 0.000410 0.004044 0.495988 0.497913 0.001646
3 3 0.000896 0.004147 0.263005 0.730550 0.001402
3 3 0.005253 0.020067 0.476797 0.486640 0.011244
2 3 0.010146 0.065655 0.597873 0.289358 0.036968
2 3 0.008018 0.097261 0.777111 0.079135 0.038476
2 3 0.010495 0.099293 0.798444 0.045223 0.046546
2 3 0.245248 0.110901 0.363999 0.260877 0.018975
2 3 0.051423 0.322091 0.477349 0.006037 0.143101
1 2 0.018135 0.385734 0.343217 0.016748 0.236165
2 2 0.008555 0.210925 0.590973 0.032698 0.156849
2 2 0.011084 0.115975 0.749805 0.036040 0.087096
2 2 0.019097 0.253482 0.526043 0.013804 0.187574
1 2 0.023697 0.377165 0.322536 0.017088 0.259514
2 2 0.035611 0.327989 0.526201 0.016230 0.093968
2 2 0.036898 0.402756 0.421213 0.017727 0.121406
4 2 0.035855 0.267888 0.268864 0.009015 0.418378
1 2 0.091201 0.376485 0.351443 0.010605 0.170266
2 2 0.046413 0.352654 0.443425 0.028416 0.129091
1 4 0.060025 0.434739 0.279087 0.009851 0.216298
2 4 0.042409 0.194565 0.473748 0.006327 0.282951
2 4 0.029098 0.235787 0.562880 0.010596 0.161638
4 4 0.085194 0.251981 0.179615 0.007422 0.475789
2 4 0.031485 0.364803 0.415858 0.028760 0.159095
4 4 0.009643 0.148826 0.085793 0.000713 0.755025
4 4 0.009665 0.023812 0.017198 0.000103 0.949221
4 4 0.012327 0.031028 0.022652 0.000180 0.933813
4 4 0.015042 0.041018 0.013307 0.000137 0.930497
4 4 0.010813 0.045740 0.027288 0.000198 0.915961
4 4 0.006922 0.038033 0.032866 0.000146 0.922033
4 4 0.010329 0.109280 0.091719 0.000761 0.787912
4 4 0.017707 0.049404 0.021753 0.000269 0.910867
4 4 0.013518 0.032887 0.021491 0.000190 0.931915
4 4 0.019573 0.066109 0.031230 0.000447 0.882641
4 4 0.012805 0.025304 0.015123 0.000123 0.946645
4 4 0.019164 0.046355 0.019403 0.000259 0.914819
4 4 0.021981 0.019239 0.018252 0.000255 0.940273
4 4 0.009667 0.081260 0.050198 0.000355 0.858520
4 4 0.015981 0.029604 0.019209 0.000200 0.935006
4 4 0.010606 0.046577 0.030791 0.000219 0.911807
4 4 0.015577 0.091884 0.047827 0.000572 0.844140
4 4 0.066341 0.047581 0.039415 0.002026 0.844637
4 4 0.017813 0.059056 0.039829 0.000507 0.882795
4 4 0.010769 0.042105 0.016662 0.000120 0.930343
1 4 0.065626 0.431065 0.232796 0.004733 0.265779
4 4 0.074446 0.124433 0.045428 0.000787 0.754906
4 4 0.026648 0.163763 0.066384 0.001646 0.741559
1 4 0.097800 0.411067 0.106650 0.004844 0.379640
4 4 0.120922 0.156287 0.062375 0.002198 0.658218
4 4 0.154502 0.196864 0.043708 0.001597 0.603329
1 4 0.092294 0.509020 0.094823 0.003094 0.300770
1 4 0.216898 0.363025 0.278039 0.005151 0.136887
4 4 0.045337 0.305172 0.158972 0.005363 0.485155
1 4 0.128799 0.424036 0.279934 0.004599 0.162632
4 4 0.035450 0.238583 0.193515 0.002703 0.529749
4 4 0.020226 0.177758 0.297371 0.002978 0.501666
1 4 0.173162 0.364062 0.356495 0.004852 0.101430
2 4 0.059504 0.323721 0.452829 0.004382 0.159563
1 4 0.077223 0.412770 0.197413 0.007702 0.304892
4 1 0.072069 0.414970 0.089799 0.003149 0.420013
1 1 0.087386 0.434786 0.099422 0.003852 0.374554
1 1 0.040816 0.419758 0.203651 0.005918 0.329857
1 1 0.058795 0.538199 0.105700 0.003869 0.293437
2 1 0.025707 0.307115 0.461107 0.010797 0.195273
1 1 0.051921 0.564469 0.229197 0.009006 0.145407
1 1 0.054496 0.553935 0.256209 0.005901 0.129459
2 1 0.159425 0.325712 0.442162 0.013964 0.058737
2 1 0.022701 0.347289 0.550119 0.005292 0.074599
1 1 0.066063 0.619072 0.181431 0.005300 0.128133
1 1 0.042585 0.440147 0.408133 0.006793 0.102342
1 1 0.036927 0.507511 0.293024 0.006226 0.156312
1 1 0.067962 0.451210 0.398872 0.006363 0.075593
2 1 0.062160 0.370189 0.521214 0.007746 0.038692
2 1 0.033575 0.424528 0.461978 0.006156 0.073763
2 1 0.081622 0.378977 0.494354 0.006811 0.038237
2 1 0.048506 0.365503 0.534757 0.008146 0.043087
2 1 0.043197 0.312836 0.600025 0.008183 0.035758
2 1 0.028308 0.249764 0.696106 0.002675 0.023147
2 1 0.009336 0.312274 0.540271 0.010606 0.127513
2 1 0.019079 0.275618 0.635459 0.014810 0.055033
2 1 0.009459 0.217394 0.717054 0.006778 0.049315
2 1 0.015322 0.353046 0.486718 0.012027 0.132888
2 2 0.013630 0.355017 0.477748 0.013301 0.140304
2 2 0.013303 0.282509 0.611032 0.014883 0.078273
2 2 0.029411 0.327436 0.523860 0.027373 0.091920
2 2 0.018162 0.158975 0.786363 0.016999 0.019501
2 2 0.023861 0.207175 0.696546 0.026073 0.046345
2 2 0.007190 0.140182 0.748763 0.046167 0.057697
2 3 0.010038 0.135278 0.798472 0.018599 0.037614
2 3 0.021653 0.246250 0.653505 0.025872 0.052719
2 3 0.026891 0.262348 0.629472 0.022269 0.059021
2 3 0.015386 0.176780 0.743053 0.024156 0.040624
2 3 0.009202 0.086191 0.862482 0.024269 0.017855
0 0 0.495182 0.142267 0.302073 0.050279 0.010198
0 0 0.438895 0.165563 0.242232 0.013085 0.140226
2 1 0.138842 0.337335 0.462074 0.014596 0.047153
1 1 0.096133 0.433855 0.348663 0.037142 0.084207
0 1 0.476077 0.202115 0.261875 0.029505 0.030428
2 1 0.201624 0.168306 0.450039 0.079016 0.101015
0 1 0.599481 0.142768 0.176666 0.031499 0.049586
0 0 0.344306 0.216755 0.275211 0.009068 0.154659
1 0 0.136196 0.535148 0.246980 0.010665 0.071011
2 0 0.019109 0.275995 0.626291 0.012093 0.066512
1 1 0.041260 0.441180 0.390530 0.016905 0.110125
2 1 0.010969 0.351108 0.441335 0.013794 0.182794
2 1 0.010993 0.302931 0.525526 0.013125 0.147426
1 1 0.032303 0.471324 0.348283 0.013474 0.134616
2 1 0.015701 0.276654 0.588603 0.022916 0.096126
2 1 0.018466 0.372890 0.451437 0.016710 0.140498
2 1 0.009618 0.264188 0.571119 0.016825 0.138250
2 2 0.019109 0.400900 0.441397 0.012294 0.126299
2 2 0.022247 0.214046 0.692542 0.009104 0.062062
2 2 0.053248 0.295182 0.605549 0.006519 0.039502
2 2 0.048792 0.279141 0.635304 0.007455 0.029308
2 2 0.027551 0.203881 0.737388 0.008160 0.023020
2 2 0.024262 0.288379 0.630798 0.007691 0.048870
2 2 0.020279 0.194982 0.724916 0.014332 0.045491
2 2 0.011280 0.178566 0.747029 0.011788 0.051337
2 2 0.019924 0.249856 0.642310 0.018420 0.069489
1 2 0.019144 0.398445 0.372422 0.011568 0.198421
2 2 0.006116 0.154252 0.680796 0.034178 0.124657
2 2 0.022232 0.373507 0.434961 0.017074 0.152226
2 2 0.008772 0.253713 0.554535 0.015315 0.167665
2 2 0.015923 0.327944 0.480224 0.019918 0.155991
2 2 0.001885 0.031789 0.858854 0.079528 0.027944
2 2 0.001774 0.035861 0.868846 0.060859 0.032660
2 2 0.002073 0.028997 0.839645 0.104967 0.024318
2 2 0.000677 0.008610 0.755830 0.229455 0.005428
2 2 0.001412 0.020218 0.837871 0.124584 0.015915
2 2 0.000831 0.012075 0.814464 0.164129 0.008501
2 2 0.000905 0.017069 0.884755 0.082175 0.015097
2 2 0.000227 0.006490 0.920873 0.066601 0.005809
2 2 0.000596 0.007316 0.710546 0.277360 0.004181
2 2 0.000477 0.008946 0.873479 0.109838 0.007261
2 2 0.000215 0.004036 0.744948 0.248669 0.002132
2 3 0.000332 0.005726 0.782537 0.207959 0.003446
2 3 0.001290 0.010472 0.628279 0.354085 0.005874
2 3 0.000476 0.005319 0.604399 0.387280 0.002526
2 3 0.000251 0.003778 0.646217 0.348009 0.001746
2 3 0.000733 0.008011 0.685779 0.300950 0.004527
2 3 0.001465 0.010106 0.557176 0.426010 0.005243
2 3 0.002842 0.018387 0.642705 0.324453 0.011614
2 3 0.001657 0.011170 0.569856 0.411326 0.005991
2 3 0.000137 0.002778 0.694982 0.300830 0.001274
3 3 0.000248 0.002629 0.432453 0.563740 0.000931
3 3 0.000302 0.001956 0.241416 0.755768 0.000559
3 3 0.000107 0.001384 0.374295 0.623802 0.000411
3 3 0.000216 0.001495 0.221789 0.776103 0.000397
3 3 0.000394 0.001960 0.187515 0.809599 0.000532
3 3 0.000575 0.003053 0.253847 0.741562 0.000963
3 3 0.000280 0.001260 0.132752 0.865413 0.000296
3 3 0.000225 0.001617 0.239652 0.758062 0.000444
3 3 0.000723 0.003976 0.301319 0.692605 0.001376
3 3 0.000161 0.000646 0.079910 0.919159 0.000123
3 3 0.000222 0.001340 0.182780 0.815322 0.000336
3 3 0.000208 0.000922 0.109077 0.889596 0.000197
3 3 0.000198 0.001147 0.161579 0.836804 0.000273
3 3 0.000235 0.001033 0.115502 0.883002 0.000228
3 3 0.000226 0.000762 0.073793 0.925070 0.000148
3 3 0.000261 0.001187 0.129373 0.868905 0.000274
3 3 0.000335 0.001147 0.095407 0.902860 0.000251
3 3 0.000369 0.001282 0.103168 0.894890 0.000290
3 3 0.000226 0.000969 0.108657 0.889939 0.000209
3 3 0.000294 0.001095 0.101124 0.897248 0.000239
3 3 0.000134 0.000446 0.053173 0.946173 0.000075
3 3 0.000322 0.000823 0.058091 0.940606 0.000158
3 3 0.000282 0.000845 0.069544 0.929162 0.000167
3 3 0.000190 0.000654 0.068968 0.930065 0.000122
3 3 0.000161 0.000831 0.119731 0.879100 0.000177
3 3 0.000315 0.000986 0.079750 0.918746 0.000204
3 3 0.000340 0.001093 0.086971 0.911362 0.000234
3 3 0.000117 0.000482 0.069586 0.929730 0.000085
3 3 0.000206 0.000718 0.073943 0.924996 0.000138
3 3 0.000128 0.000556 0.079225 0.919988 0.000103
3 3 0.000240 0.000839 0.081159 0.917593 0.000169
3 3 0.000140 0.000724 0.110882 0.888107 0.000148
3 3 0.000355 0.001077 0.081314 0.917027 0.000227
3 3 0.000118 0.000489 0.070520 0.928786 0.000087
3 3 0.000153 0.000491 0.054099 0.945173 0.000084
3 3 0.000225 0.000635 0.055207 0.943819 0.000115
3 3 0.000174 0.000570 0.060587 0.938567 0.000102
3 3 0.000178 0.000608 0.065682 0.933421 0.000111
3 3 0.000290 0.000680 0.047455 0.951453 0.000122
3 3 0.000264 0.000661 0.049898 0.949058 0.000119
