0 0 0.993516 0.005174 0.000203 0.000643 0.000465
0 0 0.983306 0.012873 0.000855 0.001167 0.001799
0 0 0.979357 0.012415 0.000528 0.000732 0.006969
0 0 0.924103 0.040364 0.002362 0.000373 0.032796
0 0 0.937106 0.033080 0.003328 0.002873 0.023614
0 0 0.906620 0.051322 0.004996 0.001179 0.035883
0 0 0.988219 0.009055 0.000410 0.000689 0.001627
0 0 0.994721 0.004280 0.000131 0.000427 0.000441
0 0 0.968115 0.020809 0.001515 0.001457 0.008104
0 0 0.965425 0.020805 0.000547 0.000070 0.013153
0 0 0.892244 0.055332 0.002581 0.000106 0.049736
0 0 0.900142 0.057259 0.005609 0.000928 0.036062
0 0 0.974715 0.015990 0.000665 0.000427 0.008203
0 0 0.881035 0.061974 0.005069 0.000518 0.051403
0 0 0.674508 0.202578 0.029292 0.000835 0.092788
0 0 0.979486 0.014624 0.000821 0.000893 0.004176
0 0 0.958877 0.027828 0.002511 0.001635 0.009150
0 0 0.979305 0.014983 0.000946 0.001130 0.003637
0 0 0.954700 0.029156 0.001396 0.000247 0.014501
0 0 0.781047 0.130091 0.014060 0.000447 0.074355
0 0 0.887957 0.063225 0.004307 0.000250 0.044260
0 0 0.955269 0.031434 0.002747 0.001130 0.009420
0 0 0.939437 0.040521 0.003662 0.000961 0.015418
0 0 0.882033 0.065838 0.011098 0.003927 0.037103
0 0 0.795098 0.119447 0.013470 0.000508 0.071477
0 0 0.982938 0.012780 0.000709 0.000868 0.002705
0 0 0.683930 0.190162 0.019675 0.000293 0.105940
0 0 0.863746 0.076155 0.010593 0.001697 0.047808
0 0 0.924621 0.045673 0.004159 0.000996 0.024551
0 0 0.974317 0.017858 0.001381 0.001749 0.004694
0 0 0.980037 0.013664 0.000720 0.000910 0.004669
0 0 0.919897 0.042639 0.002711 0.000442 0.034310
0 0 0.809358 0.124176 0.010260 0.000296 0.055910
0 0 0.974452 0.017139 0.000920 0.000740 0.006749
0 0 0.807019 0.059611 0.003153 0.000204 0.130013
1 0 0.297341 0.564278 0.027534 0.000005 0.110842
1 0 0.256668 0.590923 0.055798 0.000025 0.096585
0 0 0.586489 0.232267 0.013425 0.000041 0.167779
0 0 0.921618 0.054246 0.006058 0.001236 0.016842
0 0 0.930191 0.044316 0.005396 0.002262 0.017835
0 0 0.881423 0.074291 0.007890 0.000879 0.035517
0 0 0.973713 0.018890 0.001495 0.001571 0.004331
0 0 0.961399 0.027443 0.002992 0.002325 0.005841
0 0 0.890009 0.082894 0.012733 0.003162 0.011202
0 0 0.915983 0.053584 0.005533 0.001272 0.023627
0 0 0.951566 0.032967 0.003631 0.002192 0.009645
0 0 0.946228 0.033048 0.004405 0.004604 0.011715
0 0 0.829125 0.126998 0.013226 0.000700 0.029951
0 0 0.965342 0.025003 0.001876 0.001164 0.006616
0 0 0.971599 0.020100 0.002035 0.002687 0.003579
0 0 0.967122 0.022492 0.001230 0.000497 0.008660
0 0 0.970442 0.020902 0.000825 0.000186 0.007645
0 0 0.940778 0.038612 0.002413 0.000352 0.017845
0 0 0.930895 0.041135 0.003944 0.001435 0.022591
0 0 0.962440 0.024456 0.001879 0.001366 0.009859
0 0 0.937750 0.035834 0.003749 0.002458 0.020209
0 0 0.959449 0.026172 0.001955 0.001163 0.011261
0 0 0.820888 0.128589 0.019554 0.001980 0.028989
0 0 0.961983 0.026991 0.002946 0.002383 0.005697
0 0 0.618606 0.310083 0.027316 0.000126 0.043868
0 0 0.872323 0.092054 0.007813 0.000461 0.027349
0 0 0.919009 0.049012 0.003171 0.000301 0.028507
0 0 0.961907 0.026716 0.001829 0.000710 0.008837
0 0 0.970285 0.020525 0.001739 0.001916 0.005534
0 0 0.962297 0.025237 0.001834 0.001040 0.009593
0 0 0.980565 0.014485 0.000810 0.000776 0.003364
0 0 0.947839 0.034992 0.003296 0.001355 0.012517
0 0 0.977609 0.015790 0.000770 0.000552 0.005279
0 0 0.979536 0.014365 0.000839 0.001061 0.004199
0 0 0.975784 0.018361 0.001276 0.000969 0.003610
0 0 0.979792 0.014802 0.001253 0.002076 0.002077
0 0 0.987693 0.008617 0.000480 0.001546 0.001664
0 0 0.952445 0.031218 0.003034 0.001850 0.011454
0 0 0.970130 0.020133 0.000841 0.000265 0.008632
0 0 0.987191 0.008688 0.000492 0.001744 0.001885
0 0 0.964317 0.024575 0.002180 0.001753 0.007175
0 0 0.979414 0.015444 0.000838 0.000643 0.003661
0 0 0.874413 0.077059 0.004958 0.000254 0.043316
0 0 0.928547 0.044461 0.004347 0.001230 0.021415
0 0 0.976408 0.017097 0.001197 0.001260 0.004038
0 0 0.914611 0.044857 0.003363 0.000698 0.036471
0 0 0.944550 0.042276 0.004692 0.001699 0.006784
0 0 0.952702 0.033526 0.003479 0.001617 0.008676
0 0 0.969000 0.019264 0.000895 0.000469 0.010371
0 0 0.912549 0.042570 0.004342 0.002227 0.038312
0 0 0.964300 0.024429 0.001270 0.000374 0.009627
0 0 0.905981 0.052852 0.004879 0.000916 0.035371
0 0 0.902880 0.058499 0.006512 0.001221 0.030889
1 0 0.302217 0.479916 0.078154 0.000138 0.139576
1 0 0.219941 0.537465 0.053013 0.000023 0.189558
1 0 0.366453 0.442925 0.067090 0.000157 0.123374
1 0 0.131993 0.662858 0.106582 0.000036 0.098531
0 0 0.758983 0.123545 0.012899 0.000426 0.104148
1 0 0.287374 0.411086 0.067033 0.000201 0.234307
1 0 0.154122 0.465287 0.059801 0.000034 0.320757
0 0 0.754907 0.167134 0.034925 0.002921 0.040113
0 0 0.932337 0.048676 0.004394 0.000582 0.014011
0 0 0.899856 0.061879 0.005814 0.000623 0.031828
0 0 0.875888 0.069741 0.007684 0.000964 0.045724
0 0 0.489098 0.401283 0.041057 0.000102 0.068460
4 0 0.015195 0.014436 0.000497 0.000000 0.969871
4 0 0.004888 0.024589 0.000818 0.000000 0.969705
4 0 0.002626 0.036545 0.001320 0.000000 0.959509
4 0 0.000158 0.153984 0.006696 0.000000 0.839162
4 1 0.000244 0.105897 0.003744 0.000000 0.890115
4 1 0.000340 0.099762 0.003832 0.000000 0.896066
4 1 0.000297 0.083905 0.002558 0.000000 0.913240
4 1 0.000443 0.080013 0.002773 0.000000 0.916771
4 1 0.000203 0.099205 0.003031 0.000000 0.897560
4 1 0.000324 0.081496 0.002509 0.000000 0.915671
4 1 0.000173 0.099666 0.002849 0.000000 0.897313
4 4 0.003562 0.018594 0.000421 0.000000 0.977424
4 4 0.001560 0.020135 0.000341 0.000000 0.977963
4 4 0.002338 0.020006 0.000402 0.000000 0.977253
4 4 0.003136 0.012288 0.000183 0.000000 0.984392
4 4 0.001277 0.033869 0.000835 0.000000 0.964019
4 4 0.000186 0.107802 0.003447 0.000000 0.888565
4 4 0.000416 0.050984 0.001123 0.000000 0.947477
4 4 0.000153 0.165498 0.007689 0.000000 0.826661
4 4 0.000488 0.156662 0.011374 0.000000 0.831476
4 4 0.000165 0.150949 0.006541 0.000000 0.842345
4 4 0.000302 0.113411 0.004714 0.000000 0.881574
4 4 0.001016 0.041590 0.001118 0.000000 0.956276
4 4 0.000981 0.118375 0.008605 0.000000 0.872040
4 4 0.000487 0.128861 0.007542 0.000000 0.863111
4 4 0.000497 0.142421 0.009371 0.000000 0.847712
4 4 0.000106 0.226656 0.013069 0.000000 0.760169
4 4 0.000323 0.128517 0.006271 0.000000 0.864889
4 4 0.001812 0.047401 0.001848 0.000000 0.948939
4 4 0.000402 0.114161 0.005415 0.000000 0.880022
4 4 0.000356 0.136716 0.007434 0.000000 0.855495
4 4 0.000361 0.090774 0.003257 0.000000 0.905608
4 4 0.000218 0.230890 0.018805 0.000000 0.750086
4 4 0.000135 0.142782 0.005328 0.000000 0.851755
4 4 0.000227 0.164271 0.009000 0.000000 0.826501
4 4 0.000110 0.261472 0.018587 0.000000 0.719831
4 4 0.000162 0.273406 0.024612 0.000000 0.701820
4 4 0.000061 0.331544 0.025960 0.000000 0.642435
4 4 0.000134 0.283862 0.024817 0.000000 0.691187
4 4 0.000235 0.352462 0.057974 0.000000 0.589329
2 4 0.000379 0.200418 0.757704 0.000116 0.041383
2 4 0.000177 0.179367 0.794093 0.000064 0.026300
2 4 0.000460 0.198930 0.756729 0.000154 0.043727
2 2 0.000144 0.160944 0.818313 0.000072 0.020527
2 2 0.003350 0.164888 0.751747 0.003362 0.076652
2 2 0.002068 0.211440 0.685370 0.000655 0.100467
2 2 0.000219 0.050770 0.937646 0.002051 0.009314
2 2 0.000012 0.012096 0.985749 0.001101 0.001042
2 2 0.000252 0.039736 0.947230 0.003803 0.008980
2 2 0.000020 0.010774 0.985579 0.002400 0.001228
2 2 0.000003 0.007320 0.991855 0.000441 0.000382
2 2 0.000001 0.001842 0.997136 0.000933 0.000089
2 2 0.000002 0.004196 0.994536 0.001006 0.000261
2 2 0.000005 0.010043 0.988750 0.000570 0.000632
2 2 0.000056 0.020226 0.974331 0.002564 0.002824
2 2 0.000469 0.039826 0.948939 0.005911 0.004856
2 2 0.000331 0.069779 0.915370 0.001913 0.012606
2 2 0.000002 0.005785 0.993342 0.000560 0.000311
2 2 0.000002 0.006636 0.992677 0.000371 0.000314
2 2 0.000001 0.004059 0.995380 0.000389 0.000171
2 2 0.000001 0.000444 0.977718 0.021819 0.000018
2 2 0.000000 0.000139 0.984169 0.015687 0.000005
2 2 0.000001 0.000403 0.969576 0.029988 0.000033
2 2 0.000000 0.000080 0.972219 0.027699 0.000003
2 2 0.000000 0.000234 0.968808 0.030950 0.000008
2 2 0.000000 0.000104 0.908300 0.091591 0.000005
2 2 0.000000 0.000056 0.966346 0.033597 0.000001
2 2 0.000000 0.000111 0.977101 0.022784 0.000004
2 2 0.000000 0.000061 0.920464 0.079473 0.000002
2 2 0.000000 0.000025 0.820972 0.179001 0.000001
2 2 0.000001 0.000219 0.833464 0.166294 0.000023
2 2 0.000000 0.000060 0.891471 0.108466 0.000003
2 2 0.000000 0.000080 0.848745 0.151170 0.000005
2 2 0.000001 0.000121 0.693256 0.306611 0.000011
2 3 0.000000 0.000068 0.891643 0.108285 0.000003
2 3 0.000000 0.000142 0.886026 0.113824 0.000008
2 3 0.000001 0.000196 0.820968 0.178821 0.000014
2 3 0.000000 0.000007 0.645411 0.354581 0.000000
2 3 0.000000 0.000046 0.648847 0.351104 0.000003
2 3 0.000001 0.000152 0.681803 0.318030 0.000013
3 3 0.000000 0.000009 0.320112 0.679879 0.000000
3 3 0.000000 0.000021 0.329053 0.670925 0.000001
2 3 0.000000 0.000048 0.551851 0.448099 0.000002
3 3 0.000000 0.000056 0.492255 0.507687 0.000003
3 3 0.000001 0.000072 0.345115 0.654804 0.000008
3 3 0.000002 0.000074 0.278013 0.721903 0.000007
3 3 0.000001 0.000068 0.415275 0.584652 0.000004
3 3 0.000001 0.000081 0.380501 0.619410 0.000007
3 3 0.000000 0.000009 0.205100 0.794890 0.000000
3 3 0.000001 0.000055 0.328054 0.671885 0.000004
3 3 0.000000 0.000021 0.243786 0.756192 0.000001
3 3 0.000000 0.000040 0.486113 0.513844 0.000002
3 3 0.000005 0.000108 0.214100 0.785776 0.000011
3 3 0.000001 0.000051 0.321046 0.678899 0.000004
3 3 0.000001 0.000032 0.158137 0.841827 0.000002
3 3 0.000000 0.000009 0.072115 0.927875 0.000001
3 3 0.000000 0.000003 0.109253 0.890743 0.000000
3 3 0.000001 0.000026 0.143810 0.856160 0.000002
3 3 0.000001 0.000026 0.205884 0.794087 0.000002
3 3 0.000002 0.000030 0.112733 0.887233 0.000003
3 3 0.000001 0.000044 0.198697 0.801254 0.000004
3 3 0.000000 0.000015 0.151794 0.848190 0.000001
3 3 0.000000 0.000024 0.215875 0.784099 0.000001
3 3 0.000001 0.000028 0.148182 0.851786 0.000002
3 3 0.000001 0.000039 0.223902 0.776056 0.000003
3 3 0.000000 0.000013 0.215471 0.784515 0.000001
3 3 0.000003 0.000044 0.121817 0.878131 0.000005
3 3 0.000000 0.000002 0.141325 0.858672 0.000000
3 3 0.000000 0.000012 0.143376 0.856611 0.000001
3 3 0.000000 0.000003 0.100292 0.899705 0.000000
3 3 0.000001 0.000037 0.182627 0.817331 0.000004
3 3 0.000001 0.000017 0.104740 0.895241 0.000001
3 3 0.000000 0.000003 0.078169 0.921829 0.000000
3 3 0.000000 0.000013 0.099883 0.900103 0.000001
3 3 0.000000 0.000012 0.218535 0.781452 0.000001
3 3 0.000001 0.000020 0.085541 0.914436 0.000002
3 3 0.000000 0.000013 0.176347 0.823639 0.000000
3 3 0.000000 0.000009 0.096414 0.903576 0.000001
3 3 0.000000 0.000005 0.080029 0.919965 0.000000
3 3 0.000002 0.000043 0.158369 0.841583 0.000004
3 3 0.000001 0.000010 0.032302 0.967685 0.000001
3 3 0.000001 0.000012 0.086274 0.913712 0.000001
3 3 0.000005 0.000035 0.071089 0.928865 0.000006
3 3 0.000005 0.000027 0.040770 0.959193 0.000004
3 3 0.000000 0.000015 0.145335 0.854648 0.000001
3 3 0.000003 0.000034 0.091764 0.908195 0.000004
3 3 0.000001 0.000024 0.093496 0.906476 0.000002
3 3 0.000003 0.000049 0.131187 0.868757 0.000005
3 3 0.000003 0.000046 0.127378 0.872569 0.000005
3 3 0.000001 0.000025 0.126818 0.873154 0.000002
3 3 0.000000 0.000008 0.161298 0.838694 0.000000
3 3 0.000000 0.000003 0.049118 0.950879 0.000000
3 3 0.000003 0.000009 0.015317 0.984669 0.000002
3 3 0.000029 0.000418 0.276045 0.723445 0.000062
3 3 0.000007 0.000104 0.155293 0.844584 0.000013
3 3 0.000016 0.000405 0.366632 0.632904 0.000043
2 3 0.000004 0.000254 0.512239 0.487487 0.000016
2 3 0.000001 0.000100 0.611892 0.388001 0.000006
2 3 0.000038 0.001126 0.637006 0.361728 0.000101
2 3 0.000004 0.000380 0.716072 0.283526 0.000018
2 2 0.000254 0.003189 0.569838 0.425752 0.000967
2 2 0.000007 0.000575 0.723624 0.275738 0.000056
2 2 0.000029 0.001086 0.691852 0.306831 0.000203
2 2 0.000075 0.001949 0.690004 0.307740 0.000231
2 2 0.000002 0.000134 0.558701 0.441151 0.000012
2 2 0.000006 0.000406 0.680876 0.318651 0.000060
2 2 0.001229 0.007519 0.610232 0.380478 0.000542
3 2 0.000194 0.001904 0.398688 0.598866 0.000347
2 2 0.000001 0.000141 0.709237 0.290611 0.000011
2 2 0.000001 0.000137 0.607364 0.392489 0.000008
2 2 0.000329 0.005563 0.724727 0.268949 0.000433
2 2 0.000001 0.000138 0.746305 0.253549 0.000008
2 2 0.000014 0.000847 0.748885 0.250192 0.000062
2 2 0.000002 0.000176 0.641468 0.358338 0.000017
2 2 0.000002 0.000166 0.521911 0.477908 0.000013
2 2 0.000008 0.000330 0.501665 0.497954 0.000043
2 2 0.000000 0.000091 0.732148 0.267756 0.000004
2 2 0.000006 0.000373 0.615675 0.383901 0.000045
3 2 0.000002 0.000135 0.468940 0.530912 0.000011
2 2 0.000001 0.000133 0.715367 0.284490 0.000010
2 2 0.000009 0.000367 0.539527 0.460047 0.000050
2 2 0.000000 0.000085 0.760966 0.238944 0.000004
2 2 0.000002 0.000249 0.702421 0.297307 0.000020
2 2 0.000010 0.000892 0.857416 0.141600 0.000082
2 2 0.000039 0.003196 0.939871 0.056621 0.000272
2 2 0.000093 0.004034 0.891392 0.104188 0.000293
2 2 0.000020 0.001464 0.868987 0.129400 0.000128
2 2 0.000065 0.002636 0.801125 0.195683 0.000490
2 2 0.000018 0.001443 0.870987 0.127337 0.000216
2 2 0.000023 0.002093 0.925337 0.072294 0.000254
2 2 0.000032 0.002578 0.927810 0.069381 0.000198
2 2 0.000009 0.001404 0.955242 0.043274 0.000071
2 2 0.000045 0.001555 0.754172 0.243829 0.000399
3 2 0.000075 0.001001 0.437653 0.560975 0.000296
2 2 0.000090 0.003628 0.889297 0.106774 0.000211
2 2 0.003094 0.015890 0.718779 0.261369 0.000868
2 2 0.000509 0.006843 0.747629 0.244448 0.000571
2 2 0.000030 0.001155 0.656259 0.342414 0.000141
2 2 0.000004 0.000278 0.656643 0.343045 0.000031
2 2 0.000046 0.002531 0.864599 0.132531 0.000292
2 2 0.000042 0.002136 0.839922 0.157505 0.000395
2 2 0.000056 0.005636 0.963824 0.030101 0.000383
2 2 0.000003 0.000839 0.949278 0.049794 0.000085
2 2 0.000006 0.000672 0.855586 0.143662 0.000075
2 2 0.000037 0.003566 0.944438 0.051540 0.000418
2 2 0.000001 0.000583 0.970662 0.028730 0.000023
2 2 0.000020 0.002006 0.925696 0.071951 0.000328
2 2 0.000011 0.001463 0.929791 0.068574 0.000162
2 2 0.000241 0.005957 0.834743 0.156978 0.002081
2 2 0.000004 0.000595 0.904153 0.095173 0.000076
2 2 0.000038 0.001907 0.838190 0.159451 0.000415
2 2 0.000006 0.000713 0.857923 0.141264 0.000093
2 2 0.000008 0.000828 0.865298 0.133747 0.000118
2 2 0.000015 0.001005 0.800783 0.198035 0.000161
2 2 0.000012 0.000772 0.789825 0.209243 0.000148
2 2 0.000105 0.002542 0.716342 0.280333 0.000678
2 2 0.000103 0.002120 0.657163 0.340190 0.000424
3 2 0.000021 0.000559 0.468180 0.531171 0.000069
2 2 0.000004 0.000699 0.885521 0.113724 0.000052
2 2 0.000014 0.000457 0.529661 0.469791 0.000077
2 2 0.005466 0.049841 0.839227 0.077099 0.028367
2 0 0.195484 0.264058 0.450947 0.036090 0.053421
0 0 0.401285 0.248471 0.283610 0.041755 0.024878
0 0 0.841928 0.083667 0.031210 0.021850 0.021345
0 0 0.415738 0.163165 0.254536 0.102138 0.064424
2 0 0.187993 0.213345 0.493789 0.058292 0.046581
1 0 0.125675 0.496390 0.244570 0.000814 0.132552
1 0 0.039830 0.512743 0.364332 0.000436 0.082658
2 0 0.254966 0.306969 0.315369 0.017924 0.104772
0 0 0.914339 0.054673 0.010376 0.005259 0.015353
0 0 0.731278 0.118527 0.028683 0.004714 0.116798
1 0 0.238290 0.483690 0.144335 0.000553 0.133132
1 0 0.054779 0.591202 0.277876 0.000202 0.075941
1 1 0.021942 0.548314 0.381385 0.000167 0.048192
2 1 0.015469 0.395051 0.497855 0.000669 0.090956
1 1 0.022584 0.489183 0.391919 0.000298 0.096017
2 1 0.022873 0.432134 0.466656 0.000693 0.077644
0 0 0.459776 0.303565 0.106588 0.002532 0.127540
1 0 0.065525 0.573518 0.295025 0.000324 0.065608
2 0 0.021721 0.447694 0.453614 0.000535 0.076436
1 0 0.051245 0.432941 0.428097 0.001615 0.086102
1 1 0.057410 0.495995 0.353474 0.000737 0.092383
2 1 0.002374 0.304043 0.616374 0.000222 0.076986
2 1 0.001969 0.274871 0.583811 0.000226 0.139123
2 1 0.002150 0.312149 0.533224 0.000135 0.152342
2 1 0.001025 0.241282 0.674814 0.000196 0.082683
2 1 0.001289 0.217199 0.740723 0.000426 0.040362
2 1 0.001583 0.236518 0.667794 0.000368 0.093738
2 1 0.001752 0.233013 0.670121 0.000446 0.094668
2 1 0.000721 0.191723 0.759149 0.000321 0.048086
2 1 0.000291 0.061751 0.924587 0.002044 0.011327
2 1 0.071960 0.371067 0.484551 0.005534 0.066888
2 1 0.013661 0.400207 0.446607 0.000434 0.139091
2 2 0.006225 0.267379 0.643871 0.001354 0.081172
2 2 0.002620 0.266639 0.583786 0.000365 0.146589
2 2 0.001208 0.206721 0.725535 0.000466 0.066070
2 2 0.001642 0.154962 0.789610 0.001759 0.052026
2 2 0.001066 0.209002 0.725176 0.000380 0.064377
2 2 0.000895 0.123576 0.835955 0.001263 0.038312
2 2 0.000354 0.116318 0.859746 0.000501 0.023081
2 2 0.000134 0.030444 0.960796 0.003240 0.005386
2 2 0.000140 0.052333 0.940660 0.001091 0.005777
2 2 0.000097 0.026400 0.966704 0.002859 0.003939
2 2 0.065016 0.293540 0.598306 0.011541 0.031598
2 2 0.004664 0.240911 0.697870 0.001504 0.055050
2 2 0.010791 0.218989 0.694247 0.005202 0.070771
2 2 0.003629 0.143530 0.830790 0.004223 0.017827
2 2 0.026112 0.343484 0.574591 0.002820 0.052993
2 2 0.000666 0.098405 0.876820 0.001518 0.022591
2 2 0.010678 0.120259 0.823263 0.020553 0.025247
2 2 0.013544 0.340711 0.590073 0.001309 0.054362
2 2 0.001322 0.097615 0.876575 0.004209 0.020278
2 2 0.003410 0.206422 0.739774 0.001859 0.048534
2 2 0.001543 0.151887 0.805696 0.001923 0.038951
2 2 0.000937 0.108696 0.879848 0.001607 0.008912
2 2 0.003338 0.194245 0.767841 0.001687 0.032889
2 2 0.023545 0.293945 0.563184 0.004290 0.115035
2 2 0.003090 0.194684 0.716350 0.001957 0.083919
2 2 0.000674 0.056510 0.920159 0.006766 0.015892
2 2 0.000724 0.069691 0.904727 0.004225 0.020634
2 2 0.003551 0.300125 0.466944 0.000221 0.229161
2 2 0.001511 0.238806 0.642970 0.000245 0.116468
2 2 0.001615 0.343140 0.426116 0.000040 0.229089
2 2 0.001543 0.283725 0.575927 0.000138 0.138666
2 2 0.003940 0.287181 0.488956 0.000318 0.219605
4 1 0.048484 0.318661 0.185393 0.000536 0.446926
4 1 0.033885 0.357966 0.121310 0.000075 0.486765
4 1 0.005853 0.281919 0.171357 0.000040 0.540831
4 1 0.006809 0.342583 0.294756 0.000107 0.355746
4 1 0.002115 0.342142 0.193254 0.000008 0.462481
4 1 0.004548 0.309906 0.225292 0.000043 0.460211
4 1 0.002261 0.323007 0.153231 0.000005 0.521495
4 4 0.009549 0.207628 0.086922 0.000034 0.695867
4 4 0.004473 0.285219 0.148469 0.000019 0.561821
4 4 0.014485 0.181476 0.076606 0.000064 0.727369
4 4 0.005369 0.260726 0.121893 0.000019 0.611993
4 4 0.011758 0.246698 0.167646 0.000146 0.573752
4 4 0.007257 0.259236 0.144181 0.000044 0.589283
4 4 0.014555 0.215406 0.122434 0.000130 0.647475
4 4 0.011144 0.206997 0.093736 0.000051 0.688072
4 4 0.012264 0.007989 0.000150 0.000000 0.979597
4 4 0.010559 0.008520 0.000158 0.000000 0.980763
4 4 0.002448 0.045758 0.001968 0.000000 0.949826
4 4 0.001233 0.050069 0.001736 0.000000 0.946962
4 4 0.012423 0.008113 0.000155 0.000000 0.979309
4 4 0.008166 0.024333 0.001005 0.000000 0.966497
4 4 0.007677 0.017697 0.000537 0.000000 0.974088
4 4 0.014126 0.009463 0.000219 0.000000 0.976193
4 4 0.005503 0.019150 0.000538 0.000000 0.974808
4 4 0.000520 0.073668 0.002527 0.000000 0.923285
4 4 0.011031 0.009551 0.000199 0.000000 0.979219
4 4 0.007837 0.011779 0.000253 0.000000 0.980131
4 4 0.006707 0.010105 0.000177 0.000000 0.983010
4 4 0.018386 0.012980 0.000445 0.000000 0.968188
4 4 0.000437 0.106778 0.004901 0.000000 0.887883
4 4 0.000861 0.102320 0.006042 0.000000 0.890777
4 4 0.002161 0.056553 0.002804 0.000000 0.938482
4 4 0.014421 0.009701 0.000231 0.000000 0.975647
4 4 0.000716 0.134106 0.009699 0.000000 0.855479
4 4 0.001668 0.057282 0.002568 0.000000 0.938482
4 4 0.003207 0.333327 0.287982 0.000041 0.375443
2 4 0.001390 0.337498 0.461058 0.000042 0.200012
2 4 0.000987 0.372255 0.395186 0.000013 0.231559
2 2 0.001072 0.313332 0.539967 0.000054 0.145575
2 2 0.002102 0.328273 0.440886 0.000071 0.228668
2 2 0.000833 0.285988 0.605937 0.000068 0.107175
2 2 0.002824 0.320124 0.427514 0.000106 0.249433
2 2 0.002213 0.262883 0.602119 0.000327 0.132458
2 2 0.001469 0.342170 0.441243 0.000039 0.215079
2 2 0.001690 0.310920 0.512565 0.000091 0.174734
2 2 0.000770 0.196491 0.734562 0.000223 0.067954
2 2 0.001896 0.294550 0.542767 0.000145 0.160642
2 2 0.000529 0.273231 0.644045 0.000049 0.082147
2 2 0.000562 0.248510 0.680850 0.000080 0.069997
2 2 0.000097 0.056204 0.936081 0.000595 0.007022
2 2 0.000401 0.188868 0.772466 0.000157 0.038108
2 2 0.000636 0.292062 0.606437 0.000044 0.100820
2 2 0.000819 0.325020 0.532386 0.000033 0.141742
2 2 0.000544 0.205073 0.737645 0.000142 0.056595
2 0 0.002533 0.086196 0.868997 0.011479 0.030795
2 0 0.162685 0.277027 0.478712 0.028330 0.053246
2 0 0.017175 0.140121 0.751132 0.029503 0.062070
2 0 0.111562 0.361033 0.371682 0.005972 0.149750
2 1 0.003404 0.294412 0.617614 0.000404 0.084165
2 1 0.004172 0.254514 0.641174 0.000950 0.099191
2 1 0.001789 0.225155 0.704169 0.000555 0.068332
2 1 0.002163 0.240784 0.640755 0.000455 0.115843
2 1 0.001531 0.144924 0.817741 0.001654 0.034150
2 1 0.001493 0.275105 0.640511 0.000185 0.082706
2 2 0.001829 0.242040 0.652094 0.000394 0.103643
2 2 0.001636 0.216593 0.700818 0.000564 0.080390
2 2 0.000218 0.068987 0.918815 0.001105 0.010876
2 2 0.002494 0.175030 0.736683 0.001607 0.084186
2 2 0.001247 0.200866 0.733832 0.000546 0.063509
2 2 0.000061 0.028326 0.966650 0.001473 0.003490
2 2 0.000159 0.077661 0.911715 0.000605 0.009860
2 2 0.000469 0.063069 0.917915 0.003230 0.015316
2 2 0.000063 0.030254 0.964642 0.001360 0.003681
2 2 0.000412 0.037556 0.943479 0.008406 0.010147
2 2 0.002193 0.212364 0.749431 0.000892 0.035119
2 2 0.000726 0.066540 0.923604 0.003234 0.005895
2 2 0.000186 0.029147 0.962594 0.004267 0.003806
2 2 0.000259 0.019225 0.957367 0.017449 0.005699
2 2 0.000012 0.004389 0.988226 0.006791 0.000582
2 2 0.000045 0.012182 0.982941 0.003795 0.001037
2 2 0.000045 0.010816 0.982772 0.005192 0.001175
2 2 0.000164 0.018821 0.970632 0.007892 0.002491
2 2 0.000137 0.024122 0.968581 0.004225 0.002934
2 2 0.006434 0.123209 0.850575 0.008484 0.011299
2 2 0.000637 0.039649 0.946377 0.008295 0.005042
2 2 0.000015 0.004981 0.986968 0.007318 0.000718
2 2 0.000053 0.015682 0.980407 0.002718 0.001141
2 2 0.000011 0.006954 0.989438 0.002845 0.000752
2 2 0.000093 0.017395 0.973492 0.005991 0.003029
2 2 0.000055 0.010778 0.982084 0.006026 0.001057
2 2 0.000050 0.011886 0.979960 0.006083 0.002021
2 2 0.000110 0.017935 0.972474 0.006499 0.002983
2 2 0.000066 0.010049 0.976114 0.011650 0.002121
2 2 0.002469 0.055204 0.917815 0.019065 0.005448
2 2 0.001067 0.028292 0.938333 0.028420 0.003887
2 2 0.001915 0.058241 0.926114 0.009367 0.004363
2 2 0.000003 0.001960 0.991939 0.005897 0.000201
2 2 0.000012 0.004425 0.987472 0.007472 0.000618
2 2 0.000002 0.001188 0.987447 0.011246 0.000116
2 2 0.000029 0.004103 0.967976 0.027146 0.000746
2 2 0.000014 0.004078 0.985826 0.009631 0.000451
2 2 0.000027 0.004851 0.977726 0.016552 0.000845
2 2 0.000007 0.002399 0.986294 0.010967 0.000334
2 2 0.000038 0.004778 0.966743 0.027504 0.000937
2 2 0.000001 0.000997 0.991534 0.007386 0.000082
2 2 0.000005 0.001789 0.984089 0.013863 0.000253
2 2 0.000031 0.006871 0.982348 0.009546 0.001205
2 2 0.000033 0.005687 0.976981 0.016421 0.000879
2 2 0.000002 0.000850 0.978618 0.020425 0.000104
2 2 0.000047 0.003075 0.919899 0.076452 0.000528
2 2 0.000009 0.002114 0.977259 0.020253 0.000365
2 2 0.000037 0.004278 0.964456 0.030295 0.000935
2 2 0.000005 0.000869 0.930427 0.068580 0.000119
2 2 0.000152 0.006929 0.928852 0.061581 0.002486
2 2 0.000016 0.000708 0.649849 0.349326 0.000102
2 2 0.000004 0.000629 0.901451 0.097844 0.000073
2 2 0.002060 0.018338 0.823389 0.151313 0.004901
2 2 0.032655 0.113897 0.772667 0.063710 0.017070
2 2 0.002446 0.089062 0.887955 0.007972 0.012565
2 2 0.001815 0.058606 0.907315 0.021553 0.010712
2 2 0.001950 0.055882 0.907918 0.020128 0.014121
2 2 0.000122 0.020902 0.973241 0.004566 0.001168
2 2 0.000010 0.002394 0.979487 0.017729 0.000380
2 2 0.001262 0.036296 0.934189 0.023550 0.004702
2 2 0.022352 0.211097 0.746460 0.009582 0.010510
2 2 0.000567 0.036906 0.938169 0.013566 0.010792
2 2 0.000012 0.004838 0.988424 0.006106 0.000621
2 2 0.000019 0.004383 0.982198 0.012639 0.000761
2 2 0.000010 0.003360 0.987027 0.009128 0.000476
2 2 0.000011 0.004346 0.988612 0.006457 0.000574
2 2 0.000006 0.002684 0.988730 0.008236 0.000343
2 2 0.000055 0.010167 0.978736 0.009096 0.001947
2 2 0.000005 0.002979 0.991302 0.005383 0.000330
2 2 0.000029 0.006798 0.982923 0.009085 0.001165
2 2 0.000006 0.003096 0.990020 0.006504 0.000374
2 2 0.000006 0.002614 0.988667 0.008391 0.000322
2 2 0.000031 0.004372 0.974048 0.020946 0.000603
2 2 0.000020 0.004027 0.980034 0.015182 0.000737
2 2 0.000011 0.001924 0.965084 0.032620 0.000361
2 2 0.000011 0.003704 0.987628 0.008215 0.000442
2 2 0.000023 0.001590 0.877547 0.120498 0.000342
2 2 0.000029 0.002667 0.939339 0.057361 0.000604
2 2 0.000684 0.015889 0.892552 0.084038 0.006838
2 2 0.000011 0.001733 0.953038 0.044969 0.000249
2 2 0.001416 0.011266 0.700229 0.285777 0.001313
2 2 0.003498 0.037230 0.866177 0.090581 0.002514
2 2 0.000627 0.013062 0.906821 0.078464 0.001026
2 2 0.000035 0.002302 0.882825 0.114615 0.000223
2 2 0.001563 0.034541 0.934848 0.027333 0.001714
2 2 0.020203 0.110797 0.827156 0.038114 0.003730
2 2 0.001295 0.045324 0.931526 0.016259 0.005596
2 2 0.000078 0.005031 0.928735 0.065031 0.001125
2 2 0.000072 0.003049 0.839024 0.157189 0.000666
2 2 0.000002 0.001045 0.984731 0.014140 0.000082
2 2 0.000103 0.009242 0.966912 0.022554 0.001189
2 2 0.000015 0.005226 0.987043 0.007003 0.000713
2 2 0.003763 0.070578 0.901858 0.017940 0.005861
2 2 0.004508 0.061271 0.885144 0.033660 0.015417
2 2 0.006787 0.125283 0.851858 0.008609 0.007463
2 2 0.001027 0.063983 0.923245 0.005113 0.006632
2 2 0.114640 0.375250 0.480727 0.011081 0.018301
2 2 0.004794 0.144562 0.809920 0.007132 0.033592
2 2 0.002119 0.091588 0.885786 0.008431 0.012076
2 2 0.000269 0.015275 0.951676 0.029980 0.002800
2 2 0.000153 0.007934 0.927857 0.062084 0.001972
2 2 0.000035 0.010963 0.984697 0.003532 0.000772
2 2 0.000041 0.005727 0.971123 0.022471 0.000639
2 2 0.000046 0.006207 0.971277 0.021280 0.001190
2 2 0.000037 0.012033 0.983888 0.003132 0.000911
2 2 0.000087 0.010905 0.976627 0.011499 0.000882
2 2 0.000149 0.019033 0.975701 0.004295 0.000823
2 2 0.000543 0.043696 0.944450 0.006551 0.004760
2 2 0.000006 0.002021 0.983276 0.014473 0.000225
2 2 0.000008 0.004209 0.990457 0.004835 0.000491
2 2 0.000003 0.001335 0.987751 0.010754 0.000157
2 2 0.000047 0.010200 0.981490 0.006786 0.001477
2 2 0.000006 0.003243 0.990302 0.006063 0.000386
2 2 0.000003 0.002535 0.992705 0.004506 0.000250
2 2 0.000005 0.002362 0.988456 0.008940 0.000237
2 2 0.000005 0.002044 0.984321 0.013400 0.000230
2 2 0.000054 0.008553 0.975362 0.014573 0.001457
2 2 0.000048 0.008217 0.978028 0.012145 0.001561
2 2 0.000007 0.002597 0.987124 0.009917 0.000355
2 2 0.000024 0.004146 0.972718 0.022468 0.000644
2 2 0.000008 0.003258 0.988654 0.007654 0.000426
2 2 0.000001 0.000619 0.980578 0.018748 0.000054
2 2 0.000011 0.003225 0.984443 0.011818 0.000502
2 2 0.000000 0.000518 0.991160 0.008278 0.000043
2 2 0.000526 0.022266 0.937102 0.032118 0.007989
2 2 0.000006 0.001533 0.966410 0.031864 0.000186
2 2 0.000006 0.002257 0.987591 0.009851 0.000296
2 2 0.000023 0.003048 0.959599 0.036769 0.000560
2 2 0.000004 0.001528 0.980925 0.017359 0.000184
2 2 0.000030 0.008307 0.983739 0.006602 0.001322
2 2 0.000014 0.002478 0.971869 0.025150 0.000489
2 2 0.000053 0.003781 0.943938 0.051915 0.000313
2 2 0.000025 0.001702 0.903823 0.094305 0.000146
2 2 0.000091 0.003819 0.844385 0.150963 0.000743
2 2 0.000010 0.000832 0.837573 0.161441 0.000143
2 2 0.000696 0.005813 0.588409 0.404578 0.000504
2 2 0.000010 0.001463 0.939144 0.059192 0.000190
2 2 0.000047 0.001614 0.747302 0.250649 0.000389
2 2 0.000006 0.000951 0.913222 0.085717 0.000104
2 2 0.000030 0.002151 0.884535 0.112903 0.000380
2 2 0.000011 0.001278 0.930861 0.067745 0.000106
2 2 0.000035 0.001717 0.806822 0.191102 0.000324
2 2 0.000023 0.001225 0.782295 0.216242 0.000214
2 2 0.000143 0.004549 0.852048 0.142410 0.000851
2 2 0.000009 0.000394 0.611976 0.387594 0.000028
2 2 0.000258 0.003122 0.585041 0.411217 0.000363
2 2 0.000689 0.006903 0.672862 0.319109 0.000437
2 2 0.000013 0.000732 0.721102 0.278045 0.000108
2 2 0.000040 0.002528 0.873510 0.123706 0.000215
2 2 0.000001 0.000318 0.932616 0.067040 0.000025
2 2 0.000000 0.000124 0.807137 0.192732 0.000006
2 2 0.000390 0.014426 0.931515 0.047846 0.005824
2 2 0.000508 0.016368 0.925786 0.050050 0.007288
2 2 0.000643 0.011427 0.864498 0.116659 0.006772
2 2 0.000182 0.009551 0.945381 0.041517 0.003369
2 2 0.000407 0.015291 0.933807 0.044171 0.006324
2 2 0.001047 0.041273 0.920594 0.018998 0.018089
2 2 0.010117 0.151199 0.680329 0.010452 0.147903
2 2 0.001919 0.055127 0.892731 0.020151 0.030072
2 2 0.002488 0.071297 0.868802 0.014520 0.042893
2 2 0.031109 0.115190 0.565006 0.044006 0.244688
2 2 0.006276 0.170137 0.691705 0.004666 0.127217
4 4 0.095512 0.108037 0.086087 0.004363 0.706001
4 4 0.042220 0.231654 0.251374 0.002795 0.471956
4 4 0.103692 0.123978 0.140794 0.011172 0.620364
4 4 0.110844 0.105579 0.062346 0.003248 0.717983
4 4 0.085251 0.162712 0.295525 0.029428 0.427083
4 4 0.047791 0.202093 0.275927 0.006507 0.467681
4 4 0.047803 0.182072 0.254934 0.005912 0.509279
4 4 0.095949 0.127572 0.156232 0.011425 0.608822
4 4 0.099822 0.119533 0.128415 0.009004 0.643226
4 4 0.034993 0.028163 0.002579 0.000009 0.934256
4 4 0.008758 0.057789 0.005416 0.000001 0.928036
4 4 0.020983 0.015211 0.000636 0.000001 0.963169
4 4 0.017332 0.012092 0.000379 0.000000 0.970196
4 4 0.020100 0.014446 0.000566 0.000001 0.964888
4 4 0.012197 0.029272 0.001705 0.000001 0.956826
4 4 0.019343 0.013795 0.000510 0.000000 0.966352
4 4 0.021198 0.015399 0.000653 0.000001 0.962749
4 4 0.029422 0.022845 0.001598 0.000004 0.946131
4 4 0.006649 0.028960 0.001275 0.000000 0.963116
4 4 0.010733 0.031969 0.001903 0.000001 0.955394
4 4 0.005539 0.128456 0.022043 0.000002 0.843959
4 4 0.005134 0.063405 0.005119 0.000000 0.926341
4 4 0.002199 0.113915 0.011346 0.000000 0.872539
4 4 0.007508 0.064114 0.006193 0.000001 0.922184
4 4 0.006599 0.066303 0.006245 0.000001 0.920853
4 4 0.003787 0.074409 0.006128 0.000000 0.915676
4 4 0.002550 0.100403 0.009364 0.000000 0.887683
4 4 0.003362 0.056679 0.003416 0.000000 0.936542
4 4 0.002431 0.174231 0.029381 0.000001 0.793957
4 4 0.006037 0.030549 0.001353 0.000000 0.962061
4 4 0.009182 0.015385 0.000447 0.000000 0.974986
4 4 0.002558 0.086406 0.006936 0.000000 0.904100
4 4 0.005847 0.021942 0.000714 0.000000 0.971497
4 4 0.009520 0.006157 0.000082 0.000000 0.984241
4 4 0.012689 0.008322 0.000164 0.000000 0.978826
4 4 0.013265 0.028063 0.001634 0.000001 0.957037
4 4 0.013253 0.010998 0.000281 0.000000 0.975467
4 4 0.010098 0.006331 0.000089 0.000000 0.983482
4 4 0.010024 0.007000 0.000107 0.000000 0.982869
4 4 0.009987 0.006249 0.000086 0.000000 0.983678
4 4 0.006706 0.012143 0.000250 0.000000 0.980901
4 4 0.010285 0.006472 0.000093 0.000000 0.983149
4 4 0.014596 0.009842 0.000239 0.000000 0.975324
4 4 0.013898 0.009281 0.000209 0.000000 0.976611
4 4 0.011246 0.007202 0.000119 0.000000 0.981433
4 4 0.003971 0.022999 0.000658 0.000000 0.972372
4 4 0.002067 0.039076 0.001352 0.000000 0.957506
4 4 0.010476 0.006616 0.000098 0.000000 0.982809
4 4 0.011691 0.007544 0.000132 0.000000 0.980633
4 4 0.018078 0.012720 0.000425 0.000000 0.968777
4 4 0.012965 0.008539 0.000174 0.000000 0.978322
4 4 0.007248 0.024294 0.000951 0.000000 0.967507
4 4 0.018265 0.012878 0.000437 0.000000 0.968420
4 4 0.010637 0.016277 0.000531 0.000000 0.972555
4 4 0.004205 0.054719 0.003520 0.000000 0.937555
4 4 0.005385 0.041413 0.002296 0.000000 0.950907
4 4 0.008039 0.018361 0.000588 0.000000 0.973012
4 4 0.002195 0.081753 0.005810 0.000000 0.910243
4 4 0.011557 0.039350 0.002923 0.000001 0.946170
4 4 0.001085 0.125421 0.010132 0.000000 0.863362
4 4 0.002119 0.111833 0.010748 0.000000 0.875301
4 4 0.001153 0.162967 0.018116 0.000000 0.817763
4 4 0.001897 0.114642 0.010771 0.000000 0.872688
4 4 0.002324 0.044185 0.001799 0.000000 0.951692
4 4 0.004308 0.066536 0.005206 0.000000 0.923949
4 4 0.001250 0.145145 0.014650 0.000000 0.838955
4 4 0.000660 0.169007 0.015301 0.000000 0.815032
4 4 0.002168 0.061571 0.003312 0.000000 0.932950
4 4 0.000813 0.108011 0.006577 0.000000 0.884599
4 4 0.001152 0.353948 0.142252 0.000001 0.502647
4 4 0.001183 0.371285 0.185316 0.000002 0.442213
4 4 0.000974 0.374418 0.164431 0.000001 0.460176
1 4 0.000809 0.401483 0.231858 0.000002 0.365848
4 4 0.000689 0.385008 0.145752 0.000001 0.468551
1 4 0.000482 0.429544 0.259375 0.000001 0.310598
1 4 0.000720 0.406138 0.302084 0.000003 0.291054
4 4 0.000766 0.391163 0.172505 0.000001 0.435566
4 4 0.003629 0.327182 0.301872 0.000057 0.367260
4 4 0.001293 0.365110 0.181383 0.000003 0.452212
4 4 0.009985 0.216298 0.099565 0.000045 0.674107
4 4 0.000713 0.398322 0.181711 0.000001 0.419253
1 4 0.000592 0.418735 0.240252 0.000001 0.340420
1 1 0.000678 0.410812 0.284882 0.000003 0.303626
2 1 0.001049 0.367199 0.403935 0.000016 0.227801
2 1 0.001942 0.327763 0.452554 0.000069 0.217672
2 2 0.000886 0.330776 0.501250 0.000027 0.167060
1 2 0.000735 0.405811 0.224711 0.000002 0.368741
1 2 0.000692 0.405386 0.320027 0.000004 0.273892
1 2 0.001480 0.363582 0.357837 0.000019 0.277082
2 2 0.001529 0.227536 0.684571 0.000419 0.085945
2 2 0.000080 0.032706 0.961281 0.001499 0.004433
2 2 0.000166 0.039409 0.951095 0.002602 0.006728
2 2 0.000079 0.022316 0.970894 0.003206 0.003505
2 2 0.000027 0.011004 0.984124 0.003395 0.001449
2 2 0.000040 0.014576 0.980168 0.003190 0.002025
2 2 0.000694 0.107088 0.863217 0.001500 0.027501
2 2 0.000214 0.066076 0.921681 0.001138 0.010891
2 2 0.002138 0.263635 0.693197 0.000378 0.040651
2 2 0.000092 0.032665 0.960812 0.001842 0.004590
2 2 0.000150 0.052687 0.938350 0.001285 0.007528
2 2 0.000113 0.052977 0.939476 0.000916 0.006517
2 2 0.004831 0.244103 0.692853 0.001489 0.056724
2 2 0.003367 0.280995 0.652961 0.000512 0.062165
1 2 0.289245 0.304183 0.293225 0.017884 0.095464
2 2 0.001507 0.284937 0.678279 0.000172 0.035106
2 2 0.002921 0.229303 0.655085 0.000889 0.111802
2 2 0.001169 0.211138 0.719465 0.000410 0.067817
2 2 0.001134 0.179470 0.768194 0.000751 0.050452
2 2 0.000198 0.057031 0.932270 0.001528 0.008973
2 2 0.000035 0.017139 0.978811 0.001964 0.002052
2 2 0.000027 0.018082 0.978674 0.001334 0.001883
2 2 0.000029 0.012986 0.982631 0.002716 0.001638
2 2 0.000011 0.007942 0.989140 0.002116 0.000791
2 2 0.000079 0.028610 0.965079 0.001713 0.004519
2 2 0.007129 0.212269 0.762082 0.002862 0.015659
2 2 0.002109 0.185402 0.744249 0.001475 0.066765
2 2 0.001065 0.190083 0.753832 0.000554 0.054465
2 2 0.000376 0.105828 0.871336 0.000686 0.021775
2 2 0.000392 0.111699 0.864611 0.000653 0.022645
2 2 0.000442 0.079589 0.902407 0.002064 0.015498
2 2 0.000060 0.020871 0.973517 0.002597 0.002955
2 2 0.000077 0.039778 0.954471 0.001011 0.004662
2 2 0.000326 0.095747 0.886984 0.000892 0.016051
2 2 0.000212 0.029950 0.957358 0.005920 0.006559
2 2 0.000395 0.134840 0.837467 0.000404 0.026894
2 2 0.000092 0.035898 0.957664 0.001530 0.004816
2 2 0.000778 0.150044 0.829672 0.000623 0.018883
2 2 0.001176 0.169279 0.778536 0.000889 0.050120
2 2 0.002351 0.172425 0.758472 0.001799 0.064952
2 1 0.001434 0.185140 0.756958 0.000906 0.055562
2 1 0.000775 0.074149 0.898275 0.003846 0.022954
2 1 0.001377 0.181689 0.772707 0.000882 0.043346
2 1 0.015770 0.367934 0.582817 0.001122 0.032358
2 1 0.001183 0.178833 0.774722 0.000802 0.044460
2 2 0.001187 0.121634 0.839686 0.002361 0.035132
2 2 0.000265 0.034050 0.951873 0.006015 0.007797
2 2 0.000570 0.061203 0.918198 0.004742 0.015287
2 2 0.000103 0.022676 0.968961 0.004253 0.004008
2 2 0.001715 0.074664 0.882002 0.010576 0.031042
2 2 0.000011 0.009291 0.988276 0.001565 0.000857
2 2 0.000037 0.011008 0.982403 0.004876 0.001676
2 2 0.000028 0.015427 0.980953 0.001844 0.001748
2 2 0.000090 0.028004 0.965283 0.002376 0.004247
2 2 0.000007 0.006321 0.991345 0.001776 0.000551
2 2 0.000036 0.012915 0.981762 0.003489 0.001798
2 2 0.000069 0.024287 0.969906 0.002311 0.003427
2 2 0.000021 0.011700 0.984736 0.002221 0.001322
2 2 0.000065 0.017929 0.975357 0.003813 0.002836
2 2 0.000602 0.057573 0.919922 0.005077 0.016826
2 2 0.000016 0.007202 0.987756 0.004113 0.000911
2 2 0.000041 0.011338 0.981569 0.005257 0.001794
2 2 0.000022 0.008359 0.985981 0.004496 0.001142
2 2 0.000015 0.007060 0.988109 0.003942 0.000873
2 2 0.000021 0.009696 0.986374 0.002890 0.001019
2 2 0.000001 0.001155 0.995831 0.002935 0.000078
2 2 0.000015 0.005537 0.987590 0.006095 0.000763
2 2 0.000054 0.013381 0.978988 0.005344 0.002232
2 2 0.000029 0.008218 0.984209 0.006267 0.001277
2 2 0.000002 0.001837 0.993710 0.004288 0.000163
2 2 0.000019 0.005307 0.985323 0.008524 0.000828
2 2 0.000013 0.004214 0.986880 0.008283 0.000610
2 2 0.000006 0.002533 0.987623 0.009500 0.000338
2 2 0.000056 0.010609 0.978595 0.008719 0.002021
2 2 0.000002 0.001578 0.993154 0.005122 0.000144
2 2 0.000002 0.000724 0.980942 0.018246 0.000087
2 2 0.000001 0.000871 0.994286 0.004776 0.000066
2 2 0.000006 0.002785 0.989283 0.007578 0.000348
2 2 0.000001 0.000576 0.991468 0.007907 0.000048
2 2 0.000013 0.003697 0.984983 0.010733 0.000574
2 2 0.000008 0.001316 0.952777 0.045773 0.000127
2 2 0.000044 0.002568 0.915238 0.081919 0.000231
2 2 0.000034 0.001831 0.835507 0.162279 0.000349
2 2 0.000016 0.001598 0.925967 0.072246 0.000172
2 2 0.000116 0.003087 0.772424 0.223732 0.000641
2 2 0.000027 0.001388 0.805107 0.193237 0.000241
2 2 0.000109 0.003802 0.848954 0.146546 0.000589
2 2 0.000019 0.001010 0.769112 0.229718 0.000141
2 2 0.000015 0.000577 0.617513 0.381792 0.000103
2 2 0.000009 0.000504 0.664209 0.335206 0.000072
2 2 0.000038 0.001092 0.617168 0.381502 0.000200
2 2 0.000010 0.000717 0.789487 0.209678 0.000109
2 2 0.000016 0.000625 0.614287 0.384973 0.000099
2 2 0.000082 0.002176 0.741804 0.255591 0.000347
3 2 0.000025 0.000610 0.492302 0.506941 0.000122
2 2 0.000062 0.001068 0.567281 0.431506 0.000083
2 0 0.005281 0.018377 0.579454 0.395749 0.001139
0 0 0.391248 0.250265 0.273745 0.069218 0.015524
2 0 0.104734 0.117959 0.568331 0.201381 0.007596
2 0 0.252517 0.157312 0.366542 0.209490 0.014139
0 0 0.965579 0.024506 0.002681 0.002608 0.004626
0 0 0.885102 0.088666 0.013696 0.002748 0.009788
0 0 0.674420 0.152507 0.059451 0.009666 0.103956
0 0 0.582370 0.157743 0.109184 0.036434 0.114269
2 0 0.152984 0.111101 0.353514 0.241639 0.140762
0 0 0.339357 0.312246 0.075330 0.000618 0.272450
0 0 0.454352 0.224490 0.032526 0.000276 0.288355
0 0 0.627824 0.174591 0.026005 0.000587 0.170993
1 0 0.186553 0.540456 0.099856 0.000098 0.173037
4 0 0.324967 0.277952 0.040571 0.000166 0.356343
1 0 0.358064 0.429062 0.055106 0.000096 0.157672
0 0 0.768665 0.105181 0.008899 0.000220 0.117035
0 0 0.825204 0.075448 0.008341 0.001118 0.089890
0 0 0.673050 0.085369 0.007517 0.000459 0.233606
0 0 0.786270 0.083977 0.007450 0.000464 0.121839
1 0 0.235977 0.464579 0.070176 0.000090 0.229178
1 0 0.220428 0.465033 0.096596 0.000187 0.217756
0 0 0.644188 0.127449 0.016463 0.000551 0.211349
1 0 0.247189 0.411705 0.119560 0.000684 0.220862
1 0 0.262532 0.375498 0.055013 0.000107 0.306850
1 0 0.005156 0.478293 0.113801 0.000002 0.402747
4 1 0.039548 0.248408 0.097950 0.000170 0.613924
4 1 0.088578 0.340895 0.040973 0.000017 0.529537
4 1 0.061706 0.106418 0.013535 0.000023 0.818318
4 1 0.026704 0.334509 0.068934 0.000015 0.569838
4 1 0.014995 0.384972 0.076555 0.000006 0.523472
4 1 0.147307 0.225718 0.056373 0.000293 0.570309
4 1 0.213454 0.184804 0.009658 0.000008 0.592076
4 1 0.076659 0.219750 0.042929 0.000066 0.660596
4 1 0.125483 0.264391 0.045355 0.000080 0.564691
1 1 0.023865 0.462480 0.096851 0.000011 0.416793
1 1 0.024717 0.507686 0.055805 0.000002 0.411790
4 1 0.109499 0.166763 0.056653 0.000535 0.666549
0 1 0.647981 0.133999 0.018041 0.000550 0.199428
1 1 0.051138 0.599088 0.073627 0.000006 0.276140
1 1 0.024821 0.648196 0.141612 0.000010 0.185360
1 1 0.012321 0.658413 0.139703 0.000004 0.189560
1 1 0.008766 0.540945 0.120740 0.000003 0.329546
1 1 0.005844 0.517131 0.119737 0.000002 0.357285
4 0 0.049641 0.355722 0.143318 0.000196 0.451124
4 1 0.161517 0.303140 0.057264 0.000132 0.477947
4 0 0.062837 0.138284 0.034458 0.000125 0.764296
0 0 0.865603 0.096209 0.018813 0.002758 0.016617
0 0 0.882516 0.078287 0.013896 0.002276 0.023025
1 0 0.235780 0.387290 0.104451 0.000465 0.272015
1 0 0.108377 0.536406 0.055089 0.000011 0.300117
4 0 0.010760 0.446239 0.096007 0.000004 0.446990
4 1 0.003442 0.386893 0.185000 0.000009 0.424656
4 1 0.005151 0.290106 0.176073 0.000033 0.528637
4 1 0.008716 0.255750 0.155245 0.000072 0.580217
1 1 0.008291 0.364997 0.349978 0.000173 0.276561
2 1 0.005363 0.292772 0.431348 0.000341 0.270176
1 1 0.023241 0.354269 0.285373 0.000442 0.336675
4 1 0.005996 0.341854 0.270895 0.000073 0.381183
4 1 0.004518 0.316037 0.275284 0.000068 0.404093
4 1 0.013458 0.243862 0.177364 0.000211 0.565105
4 1 0.010837 0.269296 0.238923 0.000251 0.480693
4 1 0.059815 0.317866 0.168141 0.000549 0.453629
1 1 0.008766 0.513836 0.190411 0.000012 0.286974
4 1 0.019399 0.156755 0.048676 0.000045 0.775125
4 4 0.001088 0.103564 0.006860 0.000000 0.888487
4 4 0.001282 0.042045 0.001263 0.000000 0.955409
4 4 0.010297 0.011284 0.000264 0.000000 0.978155
4 4 0.006661 0.006438 0.000076 0.000000 0.986824
4 4 0.010682 0.006772 0.000103 0.000000 0.982442
4 4 0.009783 0.013929 0.000382 0.000000 0.975906
4 4 0.009674 0.006015 0.000079 0.000000 0.984231
4 4 0.008594 0.005187 0.000057 0.000000 0.986163
4 4 0.008879 0.005429 0.000063 0.000000 0.985629
4 4 0.009144 0.005623 0.000068 0.000000 0.985165
4 4 0.017304 0.012069 0.000377 0.000000 0.970249
4 4 0.008865 0.007419 0.000113 0.000000 0.983603
4 4 0.001005 0.054200 0.001851 0.000000 0.942943
4 4 0.003499 0.021707 0.000559 0.000000 0.974236
4 4 0.002380 0.030141 0.000877 0.000000 0.966602
4 4 0.009865 0.011825 0.000282 0.000000 0.978027
4 4 0.010271 0.006462 0.000093 0.000000 0.983173
4 4 0.008533 0.005177 0.000057 0.000000 0.986233
4 4 0.008061 0.007012 0.000097 0.000000 0.984829
4 4 0.008445 0.005113 0.000055 0.000000 0.986386
4 4 0.007282 0.027003 0.001163 0.000000 0.964552
4 4 0.002652 0.032610 0.001068 0.000000 0.963670
4 4 0.000601 0.100729 0.005005 0.000000 0.893665
4 4 0.001238 0.029559 0.000637 0.000000 0.968567
4 4 0.013339 0.008835 0.000187 0.000000 0.977638
4 4 0.012394 0.015347 0.000509 0.000000 0.971750
4 4 0.012330 0.008041 0.000152 0.000000 0.979477
4 4 0.005325 0.058410 0.004434 0.000000 0.931830
4 4 0.004131 0.035568 0.001529 0.000000 0.958773
4 4 0.008432 0.005103 0.000055 0.000000 0.986409
4 4 0.000844 0.044103 0.001154 0.000000 0.953899
4 4 0.011055 0.007056 0.000113 0.000000 0.981776
4 4 0.011091 0.007084 0.000114 0.000000 0.981710
4 4 0.008013 0.004801 0.000048 0.000000 0.987138
4 4 0.010712 0.006795 0.000104 0.000000 0.982389
4 4 0.000656 0.070669 0.002576 0.000000 0.926098
4 4 0.009702 0.006036 0.000080 0.000000 0.984182
4 4 0.009771 0.006087 0.000082 0.000000 0.984060
4 4 0.014440 0.009716 0.000232 0.000000 0.975612
4 4 0.001474 0.040781 0.001266 0.000000 0.956478
4 4 0.001266 0.181954 0.024079 0.000000 0.792700
4 4 0.004346 0.084646 0.008411 0.000000 0.902596
4 4 0.010579 0.045547 0.003719 0.000001 0.940154
4 4 0.002554 0.092954 0.008022 0.000000 0.896470
4 4 0.003366 0.086886 0.007914 0.000000 0.901834
4 4 0.001249 0.133882 0.012352 0.000000 0.852517
4 4 0.001474 0.225196 0.042340 0.000000 0.730990
4 4 0.001769 0.107944 0.009234 0.000000 0.881053
4 4 0.001536 0.210482 0.036721 0.000000 0.751260
4 4 0.002233 0.189018 0.033990 0.000001 0.774758
4 4 0.024460 0.018290 0.000964 0.000001 0.956285
4 4 0.019992 0.014353 0.000558 0.000001 0.965096
4 4 0.013781 0.024057 0.001243 0.000001 0.960919
4 4 0.028434 0.021924 0.001455 0.000003 0.948184
4 4 0.000887 0.206492 0.027302 0.000000 0.765320
4 4 0.004741 0.165331 0.035548 0.000003 0.794377
4 4 0.000541 0.199347 0.020173 0.000000 0.779939
4 4 0.001001 0.269489 0.055436 0.000000 0.674074
4 4 0.000940 0.279347 0.059191 0.000000 0.660522
4 4 0.001686 0.315625 0.116368 0.000002 0.566318
2 4 0.002504 0.239258 0.643133 0.000606 0.114499
2 0 0.253209 0.226236 0.363057 0.062431 0.095067
2 0 0.100693 0.229400 0.561077 0.039519 0.069311
2 0 0.004755 0.230537 0.687993 0.001688 0.075027
2 1 0.001758 0.270753 0.593724 0.000203 0.133563
2 1 0.001356 0.248068 0.653368 0.000244 0.096963
2 1 0.001257 0.263817 0.628279 0.000166 0.106481
2 1 0.014778 0.282643 0.583294 0.002887 0.116398
2 1 0.001369 0.255028 0.640599 0.000217 0.102788
2 1 0.004633 0.215597 0.617102 0.001287 0.161381
2 1 0.003732 0.247047 0.599147 0.000768 0.149305
2 1 0.001408 0.119768 0.828423 0.002209 0.048192
2 1 0.000358 0.061584 0.921607 0.002282 0.014168
2 1 0.001660 0.183798 0.740313 0.000870 0.073359
2 1 0.002159 0.155697 0.757430 0.001540 0.083174
2 2 0.000343 0.052574 0.931837 0.003175 0.012071
2 2 0.000120 0.048426 0.943502 0.001087 0.006864
2 2 0.000035 0.019051 0.977066 0.001654 0.002194
2 2 0.000044 0.017136 0.977906 0.002614 0.002300
2 2 0.000400 0.075841 0.902873 0.001422 0.019464
2 2 0.000000 0.000600 0.997715 0.001657 0.000027
2 2 0.000001 0.002702 0.996192 0.000958 0.000146
2 2 0.000002 0.001855 0.993977 0.004006 0.000161
2 2 0.000010 0.004907 0.990020 0.004485 0.000579
2 2 0.000000 0.001101 0.996772 0.002063 0.000064
2 2 0.000081 0.009432 0.971441 0.016776 0.002270
2 2 0.000008 0.004023 0.990306 0.005187 0.000477
2 2 0.000000 0.000584 0.997568 0.001822 0.000027
2 2 0.000000 0.000628 0.996897 0.002442 0.000033
2 2 0.000000 0.000564 0.997615 0.001796 0.000026
2 2 0.000000 0.000574 0.996087 0.003305 0.000034
2 2 0.000006 0.003208 0.991165 0.005262 0.000359
2 2 0.000001 0.001227 0.995926 0.002764 0.000082
2 2 0.000001 0.000816 0.993841 0.005279 0.000063
2 2 0.000007 0.002787 0.987881 0.008953 0.000372
2 2 0.000000 0.000751 0.996277 0.002927 0.000045
2 2 0.000004 0.002239 0.991336 0.006178 0.000243
2 2 0.000002 0.001130 0.986369 0.012363 0.000135
2 2 0.000000 0.000490 0.997160 0.002326 0.000024
2 2 0.000015 0.002741 0.974692 0.022040 0.000512
2 2 0.000000 0.000131 0.982724 0.017139 0.000006
2 2 0.000000 0.000165 0.967306 0.032520 0.000010
2 2 0.000007 0.001925 0.977504 0.020285 0.000280
2 2 0.000008 0.001017 0.915542 0.083290 0.000144
2 2 0.000000 0.000134 0.964921 0.034938 0.000007
2 2 0.000002 0.000544 0.962523 0.036873 0.000058
2 2 0.000002 0.000400 0.884163 0.115381 0.000053
2 2 0.000001 0.000256 0.919621 0.080093 0.000028
2 2 0.000001 0.000457 0.951685 0.047808 0.000049
2 2 0.000003 0.000596 0.918872 0.080460 0.000069
2 2 0.000054 0.001047 0.559038 0.439550 0.000311
2 2 0.000001 0.000130 0.822386 0.177473 0.000010
2 2 0.000002 0.000233 0.783653 0.216078 0.000034
2 2 0.000019 0.001306 0.861636 0.136770 0.000269
2 2 0.000001 0.000183 0.834545 0.165255 0.000016
2 2 0.000471 0.004197 0.586702 0.406428 0.002203
2 2 0.000001 0.000087 0.598255 0.401648 0.000009
3 3 0.000011 0.000307 0.442771 0.556849 0.000061
2 3 0.000001 0.000214 0.783446 0.216319 0.000020
2 3 0.000013 0.000424 0.529601 0.469879 0.000083
2 3 0.000146 0.002158 0.562543 0.434524 0.000628
2 3 0.000003 0.000158 0.507544 0.492276 0.000019
3 3 0.000003 0.000126 0.375285 0.624568 0.000018
3 3 0.000005 0.000215 0.464907 0.534841 0.000032
3 3 0.000021 0.000407 0.371076 0.628420 0.000076
3 3 0.000003 0.000122 0.398798 0.601063 0.000013
3 3 0.000006 0.000185 0.371450 0.628332 0.000027
2 3 0.000048 0.001111 0.564002 0.434602 0.000237
2 3 0.000004 0.000211 0.550290 0.449470 0.000025
3 3 0.000014 0.000150 0.167896 0.831909 0.000030
3 3 0.000034 0.000555 0.401020 0.598254 0.000137
3 3 0.000004 0.000128 0.334161 0.665688 0.000019
2 3 0.000003 0.000189 0.514948 0.484839 0.000020
3 3 0.000000 0.000027 0.397117 0.602854 0.000001
3 3 0.000214 0.001107 0.257130 0.741093 0.000457
3 3 0.000002 0.000110 0.409004 0.590871 0.000012
3 3 0.000005 0.000198 0.435701 0.564070 0.000026
3 3 0.000002 0.000068 0.249327 0.750596 0.000007
3 3 0.000007 0.000195 0.378421 0.621346 0.000031
3 3 0.000007 0.000075 0.146161 0.853741 0.000017
3 3 0.000002 0.000078 0.280556 0.719356 0.000008
3 3 0.000001 0.000044 0.239733 0.760217 0.000005
3 3 0.000004 0.000098 0.237834 0.762053 0.000011
3 3 0.000000 0.000020 0.315914 0.684064 0.000001
3 3 0.000097 0.000455 0.164317 0.834967 0.000164
3 3 0.000002 0.000063 0.209875 0.790052 0.000007
3 3 0.000001 0.000016 0.104172 0.895811 0.000002
3 3 0.000013 0.000182 0.214753 0.785018 0.000033
3 3 0.000018 0.000294 0.306132 0.693494 0.000061
3 3 0.000013 0.000179 0.223663 0.776111 0.000034
3 3 0.000021 0.000231 0.215122 0.784575 0.000052
3 3 0.000004 0.000110 0.271001 0.728871 0.000014
3 3 0.000009 0.000155 0.235639 0.764174 0.000024
3 3 0.000001 0.000052 0.263084 0.736859 0.000004
3 3 0.000003 0.000059 0.164928 0.835002 0.000007
3 3 0.000005 0.000122 0.283679 0.716177 0.000017
3 3 0.000020 0.000113 0.096110 0.903729 0.000027
3 3 0.000001 0.000051 0.236255 0.763689 0.000004
3 3 0.000003 0.000067 0.218030 0.781893 0.000008
3 3 0.000001 0.000067 0.364125 0.635802 0.000005
