0 0 0.712689 0.174987 0.058192 0.001780 0.052352
0 0 0.677938 0.194180 0.068530 0.002268 0.057084
0 0 0.676288 0.195738 0.068341 0.002219 0.057415
0 0 0.674459 0.197287 0.068265 0.002181 0.057808
0 0 0.670447 0.200584 0.068107 0.002110 0.058752
0 0 0.671070 0.200544 0.067416 0.002063 0.058906
0 0 0.668334 0.202822 0.067164 0.002011 0.059669
0 0 0.856210 0.072327 0.023723 0.001386 0.046354
1 1 0.141906 0.607262 0.120906 0.000291 0.129635
1 1 0.361115 0.457407 0.053075 0.000084 0.128320
0 1 0.465608 0.335265 0.043913 0.000194 0.155020
1 1 0.130054 0.630409 0.066826 0.000042 0.172670
1 1 0.106629 0.642876 0.104232 0.000137 0.146126
0 1 0.413971 0.364822 0.044304 0.000153 0.176749
1 1 0.188582 0.606352 0.078754 0.000078 0.126234
1 1 0.182377 0.580768 0.070884 0.000080 0.165890
1 4 0.252944 0.523822 0.055938 0.000063 0.167233
0 4 0.664906 0.184278 0.031298 0.000563 0.118954
0 4 0.912845 0.038753 0.005843 0.000124 0.042436
0 0 0.653814 0.205810 0.046270 0.001107 0.092999
0 0 0.416091 0.370589 0.159569 0.003593 0.050158
0 0 0.698749 0.098756 0.044690 0.006591 0.151214
0 0 0.490729 0.158127 0.029074 0.001628 0.320442
0 0 0.446563 0.352963 0.106715 0.001971 0.091789
0 0 0.610029 0.250455 0.066435 0.001369 0.071713
0 0 0.428133 0.401091 0.100016 0.000749 0.070011
1 0 0.145894 0.537269 0.235403 0.002864 0.078570
1 0 0.207423 0.564347 0.145906 0.000584 0.081740
1 0 0.101117 0.548157 0.258147 0.003368 0.089210
1 0 0.068137 0.542222 0.315363 0.004531 0.069748
1 1 0.045145 0.513263 0.373842 0.007093 0.060657
1 1 0.050259 0.493731 0.390635 0.009377 0.055998
2 1 0.059186 0.356904 0.513684 0.021915 0.048311
2 1 0.059460 0.327651 0.565140 0.007546 0.040202
2 2 0.023652 0.076471 0.874276 0.013764 0.011837
2 2 0.055286 0.129832 0.792264 0.008073 0.014545
2 2 0.054351 0.221579 0.686493 0.005578 0.031999
2 2 0.054412 0.092202 0.833839 0.005377 0.014170
2 2 0.062496 0.133162 0.777845 0.008041 0.018456
2 2 0.066501 0.075349 0.828250 0.019442 0.010457
2 2 0.004289 0.009650 0.971890 0.013406 0.000764
2 2 0.007060 0.014534 0.952745 0.024469 0.001191
2 2 0.004733 0.006909 0.942476 0.045372 0.000509
2 2 0.007203 0.021293 0.940348 0.029184 0.001972
2 2 0.009444 0.019534 0.959576 0.009829 0.001616
2 2 0.010329 0.010284 0.955086 0.023579 0.000722
2 2 0.009764 0.011570 0.953318 0.024208 0.001139
2 2 0.000903 0.001351 0.944489 0.053145 0.000112
2 2 0.011428 0.011269 0.960858 0.015543 0.000903
2 2 0.003595 0.020568 0.960748 0.012608 0.002481
2 2 0.001620 0.001991 0.899957 0.096175 0.000258
2 2 0.002364 0.003412 0.945435 0.048536 0.000253
2 2 0.038168 0.030678 0.782507 0.146180 0.002468
2 2 0.002239 0.020783 0.939663 0.032720 0.004594
2 2 0.013899 0.010750 0.950866 0.023438 0.001047
2 2 0.005364 0.021432 0.960177 0.011117 0.001910
2 2 0.001442 0.003244 0.979506 0.015510 0.000298
2 2 0.001438 0.007924 0.979510 0.010358 0.000771
2 2 0.001548 0.003054 0.968893 0.026230 0.000276
2 2 0.001478 0.003874 0.974674 0.019590 0.000384
2 2 0.001660 0.001376 0.913771 0.083051 0.000143
2 2 0.003160 0.002165 0.859641 0.134699 0.000336
2 2 0.002800 0.005478 0.861213 0.129596 0.000913
2 2 0.000501 0.000697 0.862327 0.136376 0.000098
2 2 0.001028 0.000678 0.756753 0.241389 0.000151
2 2 0.002410 0.005682 0.801313 0.188898 0.001697
2 2 0.013273 0.009983 0.800719 0.174256 0.001769
2 2 0.009356 0.022566 0.891071 0.074034 0.002972
2 2 0.005074 0.009434 0.933569 0.050940 0.000983
2 2 0.003785 0.011257 0.968711 0.015030 0.001217
2 2 0.003354 0.003382 0.902016 0.090884 0.000364
2 2 0.009044 0.006198 0.911443 0.072712 0.000602
2 2 0.008413 0.006484 0.951105 0.033502 0.000496
2 2 0.008690 0.010421 0.957402 0.022835 0.000651
2 2 0.306128 0.243960 0.403901 0.031513 0.014498
2 0 0.107443 0.081378 0.731255 0.071467 0.008457
2 2 0.016556 0.040144 0.897189 0.039375 0.006737
2 2 0.019216 0.030751 0.935849 0.011534 0.002650
2 2 0.037885 0.178526 0.761078 0.009563 0.012947
2 2 0.006392 0.048800 0.936544 0.005014 0.003249
2 2 0.003966 0.050931 0.932520 0.004205 0.008378
2 2 0.017604 0.090392 0.873932 0.003758 0.014313
2 2 0.028715 0.072948 0.881711 0.007361 0.009265
2 0 0.279946 0.314700 0.360771 0.012593 0.031989
2 0 0.131282 0.284488 0.542209 0.017240 0.024781
2 0 0.136726 0.364885 0.448119 0.011407 0.038862
1 0 0.202793 0.504678 0.246066 0.002944 0.043519
1 0 0.277516 0.414626 0.145400 0.003898 0.158560
1 1 0.166708 0.512523 0.260490 0.003842 0.056437
1 1 0.335829 0.449558 0.148466 0.001522 0.064625
0 0 0.588702 0.269550 0.091785 0.002116 0.047848
1 1 0.056484 0.637753 0.243881 0.000828 0.061053
1 1 0.034702 0.506887 0.409246 0.006260 0.042905
2 1 0.025526 0.345230 0.572316 0.011601 0.045327
1 1 0.194908 0.516993 0.253349 0.002239 0.032510
0 0 0.496141 0.346151 0.107969 0.001316 0.048423
1 0 0.301759 0.471420 0.180883 0.001674 0.044265
0 0 0.796398 0.104799 0.056407 0.005227 0.037169
1 0 0.294888 0.506172 0.136889 0.000659 0.061391
1 0 0.042174 0.621541 0.287344 0.001101 0.047840
1 0 0.251021 0.473733 0.042379 0.000049 0.232819
0 0 0.867392 0.048307 0.010610 0.000423 0.073269
0 0 0.608994 0.084137 0.006769 0.000135 0.299965
0 0 0.625447 0.159531 0.013719 0.000093 0.201210
0 0 0.522440 0.265741 0.033172 0.000218 0.178430
1 0 0.257546 0.433226 0.037168 0.000051 0.272010
1 0 0.178385 0.457523 0.032028 0.000025 0.332039
1 0 0.250492 0.467240 0.059840 0.000158 0.222270
0 0 0.440511 0.222964 0.027653 0.000342 0.308531
0 0 0.405037 0.307161 0.050132 0.000575 0.237094
1 0 0.099805 0.518317 0.047034 0.000042 0.334802
4 0 0.059441 0.418684 0.051614 0.000136 0.470125
1 1 0.041034 0.489056 0.063246 0.000109 0.406556
4 1 0.060083 0.434448 0.046274 0.000080 0.459115
1 1 0.150761 0.424200 0.059181 0.000264 0.365594
1 1 0.070858 0.455624 0.063649 0.000194 0.409675
4 4 0.046860 0.307819 0.067115 0.000304 0.577902
4 4 0.072764 0.400415 0.045114 0.000115 0.481592
4 4 0.068843 0.181462 0.032051 0.000563 0.717080
4 4 0.137466 0.066603 0.007766 0.000339 0.787827
4 4 0.210492 0.169793 0.013211 0.000099 0.606406
4 4 0.240502 0.103644 0.011621 0.000469 0.643764
4 4 0.278782 0.078696 0.006885 0.000221 0.635416
4 4 0.359708 0.095645 0.009926 0.000388 0.534332
0 4 0.661710 0.058507 0.001880 0.000007 0.277895
0 0 0.494083 0.122595 0.004748 0.000011 0.378562
0 0 0.776616 0.042276 0.006456 0.000189 0.174463
0 0 0.944495 0.012999 0.003226 0.000087 0.039193
0 0 0.878972 0.019308 0.004140 0.000125 0.097455
0 0 0.608364 0.112708 0.005774 0.000024 0.273130
4 0 0.107800 0.362300 0.017871 0.000009 0.512019
4 0 0.115773 0.374167 0.020779 0.000014 0.489268
1 0 0.097623 0.450559 0.045928 0.000078 0.405811
4 0 0.203874 0.216586 0.009664 0.000013 0.569863
4 0 0.100772 0.350702 0.026928 0.000042 0.521555
4 0 0.088630 0.344509 0.025697 0.000037 0.541128
4 0 0.079989 0.387851 0.040696 0.000098 0.491365
4 1 0.037881 0.441115 0.048755 0.000073 0.472176
4 1 0.039523 0.415337 0.035371 0.000034 0.509735
4 1 0.056222 0.433579 0.057551 0.000161 0.452487
1 1 0.011802 0.442634 0.338850 0.003169 0.203544
1 1 0.020813 0.416883 0.240711 0.003261 0.318332
1 1 0.020105 0.438274 0.218346 0.002323 0.320952
1 1 0.021767 0.462461 0.234248 0.002618 0.278906
1 1 0.019454 0.402510 0.274054 0.004106 0.299876
1 1 0.013050 0.428801 0.276831 0.001766 0.279552
1 1 0.020392 0.470795 0.214936 0.002428 0.291449
1 1 0.012463 0.385562 0.329471 0.002705 0.269799
1 1 0.012359 0.439432 0.298928 0.002098 0.247183
1 1 0.019712 0.465935 0.204083 0.001911 0.308359
1 1 0.045068 0.500757 0.135392 0.001100 0.317683
1 1 0.027415 0.471775 0.200964 0.001779 0.298068
1 1 0.018020 0.457976 0.242866 0.002579 0.278558
1 1 0.018530 0.459277 0.242836 0.002759 0.276598
1 1 0.015971 0.387452 0.347082 0.003906 0.245590
1 1 0.019160 0.471267 0.227268 0.002327 0.279979
1 1 0.023100 0.434600 0.260029 0.005491 0.276780
1 2 0.023309 0.441265 0.258936 0.005617 0.270873
1 2 0.018019 0.473128 0.243261 0.002693 0.262899
1 2 0.075796 0.462739 0.237032 0.009094 0.215339
1 0 0.246954 0.532643 0.126390 0.000552 0.093461
0 0 0.622320 0.233592 0.073598 0.002113 0.068378
1 0 0.230352 0.576988 0.076618 0.000088 0.115954
1 0 0.059977 0.624447 0.204124 0.000861 0.110590
1 0 0.092550 0.598242 0.199444 0.001151 0.108613
0 0 0.590796 0.270246 0.074432 0.001325 0.063201
0 0 0.753828 0.072362 0.013270 0.000573 0.159967
0 0 0.808680 0.055411 0.022789 0.002236 0.110884
1 0 0.304647 0.498369 0.091979 0.000298 0.104707
1 0 0.214188 0.533299 0.147112 0.000942 0.104458
1 0 0.075959 0.621776 0.206530 0.000896 0.094839
1 0 0.072649 0.570376 0.256093 0.002596 0.098286
2 1 0.027783 0.388075 0.503829 0.008490 0.071823
1 1 0.085739 0.472868 0.367512 0.003182 0.070700
0 0 0.746785 0.105217 0.029430 0.002297 0.116271
1 0 0.213410 0.560807 0.131205 0.000481 0.094097
1 0 0.040073 0.538623 0.306571 0.002750 0.111983
1 1 0.044235 0.481859 0.385808 0.006714 0.081384
2 1 0.014983 0.062713 0.902888 0.006709 0.012707
2 1 0.036419 0.260594 0.658401 0.004639 0.039947
0 0 0.637940 0.231561 0.025650 0.000106 0.104744
0 0 0.894265 0.027435 0.007103 0.000285 0.070912
0 0 0.892029 0.043274 0.022220 0.002190 0.040287
1 0 0.104534 0.645558 0.088935 0.000085 0.160888
1 0 0.075674 0.620239 0.149560 0.000467 0.154060
2 1 0.031111 0.366260 0.528420 0.001956 0.072254
2 2 0.082055 0.322569 0.469881 0.001355 0.124140
0 0 0.706559 0.168966 0.020742 0.000177 0.103556
0 0 0.865601 0.052337 0.009564 0.000312 0.072186
1 0 0.220698 0.535212 0.072808 0.000136 0.171146
0 0 0.708828 0.154567 0.019748 0.000234 0.116622
0 0 0.792332 0.063306 0.005231 0.000078 0.139053
0 0 0.620301 0.159256 0.013693 0.000094 0.206656
0 0 0.905722 0.034729 0.009492 0.000414 0.049643
0 0 0.873933 0.051676 0.033536 0.004623 0.036232
1 0 0.283023 0.477249 0.093542 0.000482 0.145704
1 0 0.090128 0.616088 0.144502 0.000452 0.148829
1 1 0.120275 0.510097 0.230476 0.003919 0.135233
2 2 0.045600 0.315468 0.545909 0.002954 0.090069
2 2 0.129600 0.253049 0.510398 0.000828 0.106126
0 2 0.816443 0.094315 0.043555 0.004328 0.041360
0 0 0.883616 0.052072 0.030343 0.003566 0.030403
0 0 0.857738 0.043124 0.020342 0.002016 0.076781
1 0 0.085383 0.648740 0.158654 0.000369 0.106853
1 2 0.051894 0.541724 0.308080 0.004557 0.093745
2 2 0.062374 0.192931 0.672725 0.008041 0.063929
0 0 0.868311 0.061005 0.037857 0.004689 0.028138
0 0 0.885032 0.040972 0.016168 0.001197 0.056632
0 0 0.630647 0.122751 0.028357 0.002169 0.216075
0 0 0.772680 0.085161 0.063390 0.013879 0.064891
1 0 0.146593 0.626502 0.130673 0.000262 0.095970
1 0 0.056159 0.433437 0.415513 0.003732 0.091159
2 2 0.011139 0.049361 0.915807 0.012803 0.010890
2 2 0.008097 0.133522 0.830402 0.003103 0.024875
2 2 0.021456 0.063131 0.889388 0.003355 0.022671
2 2 0.008957 0.067361 0.907652 0.001751 0.014279
2 2 0.008749 0.042231 0.939466 0.002153 0.007401
2 2 0.009151 0.078920 0.884801 0.001176 0.025952
2 2 0.005044 0.041312 0.943119 0.001234 0.009290
2 2 0.005121 0.020432 0.964053 0.004274 0.006120
2 2 0.002650 0.009409 0.972190 0.014510 0.001241
2 2 0.001179 0.005022 0.962113 0.030834 0.000852
2 2 0.000300 0.002690 0.976615 0.019781 0.000613
2 2 0.001578 0.002183 0.945846 0.050090 0.000302
2 2 0.000411 0.005764 0.984520 0.008397 0.000908
2 2 0.000330 0.001687 0.969181 0.028533 0.000268
2 2 0.000523 0.011161 0.979046 0.007063 0.002208
2 2 0.002770 0.002604 0.949293 0.045011 0.000322
2 2 0.001350 0.003563 0.963994 0.030544 0.000549
2 2 0.001310 0.004325 0.959008 0.034620 0.000736
2 2 0.000545 0.003701 0.972442 0.022535 0.000777
2 2 0.000785 0.001123 0.932573 0.065331 0.000188
2 2 0.001188 0.002917 0.874000 0.121255 0.000640
2 2 0.001411 0.002156 0.939529 0.056551 0.000353
2 2 0.000408 0.000784 0.754483 0.243926 0.000398
2 2 0.001203 0.003679 0.911647 0.082469 0.001002
2 2 0.000484 0.001214 0.933634 0.064436 0.000232
2 2 0.016646 0.012554 0.602209 0.360836 0.007755
0 2 0.303753 0.159937 0.270565 0.178012 0.087733
2 2 0.179793 0.140467 0.384143 0.136836 0.158761
0 0 0.864123 0.046870 0.032129 0.004864 0.052015
2 0 0.050682 0.358458 0.548656 0.010063 0.032141
2 0 0.069248 0.204448 0.675153 0.024921 0.026230
0 0 0.500549 0.234499 0.206085 0.012686 0.046181
0 0 0.835421 0.078479 0.046291 0.006519 0.033290
1 0 0.031198 0.532349 0.392057 0.002733 0.041663
2 2 0.006378 0.066651 0.913463 0.005654 0.007854
1 2 0.134594 0.446922 0.371031 0.009535 0.037918
0 0 0.843288 0.069988 0.050157 0.008407 0.028160
0 0 0.761851 0.081691 0.084175 0.025961 0.046322
2 0 0.021001 0.411368 0.522173 0.008539 0.036920
2 2 0.025330 0.075726 0.852254 0.035031 0.011658
2 2 0.004102 0.079209 0.902727 0.005566 0.008395
2 2 0.005413 0.011028 0.969653 0.012423 0.001483
2 2 0.013018 0.042976 0.936825 0.002325 0.004855
2 2 0.015492 0.027704 0.943950 0.009668 0.003186
2 2 0.012689 0.017957 0.952549 0.014663 0.002143
2 2 0.005543 0.008451 0.958517 0.026370 0.001119
2 2 0.002680 0.005348 0.977534 0.013820 0.000618
2 2 0.006011 0.018079 0.965663 0.008320 0.001926
2 2 0.049092 0.115615 0.799195 0.002974 0.033125
2 2 0.029294 0.074816 0.870849 0.003613 0.021427
2 2 0.012192 0.057472 0.913574 0.005862 0.010901
0 2 0.454773 0.392596 0.102613 0.000669 0.049349
0 0 0.935840 0.032585 0.010656 0.000492 0.020427
0 0 0.869304 0.059325 0.020672 0.001457 0.049243
1 0 0.276744 0.478594 0.103869 0.000648 0.140145
2 2 0.024926 0.125751 0.819293 0.004646 0.025384
1 2 0.267410 0.388833 0.291734 0.004615 0.047408
0 2 0.948239 0.025224 0.014163 0.001067 0.011307
0 0 0.917029 0.037518 0.012865 0.000707 0.031881
0 0 0.958197 0.017727 0.010843 0.000820 0.012414
0 0 0.959250 0.019458 0.010247 0.000647 0.010398
0 0 0.933180 0.032013 0.009496 0.000398 0.024913
0 0 0.919903 0.028542 0.008050 0.000334 0.043172
0 0 0.913562 0.036942 0.010331 0.000453 0.038712
0 0 0.800359 0.105385 0.047012 0.003012 0.044231
1 1 0.130400 0.613173 0.156420 0.000508 0.099499
1 2 0.129312 0.577359 0.189900 0.001253 0.102176
2 2 0.025314 0.168528 0.766525 0.007712 0.031922
2 2 0.268396 0.257975 0.297874 0.026639 0.149116
0 0 0.520128 0.226852 0.065662 0.002835 0.184524
1 0 0.167447 0.405843 0.111971 0.002471 0.312267
1 2 0.068226 0.476095 0.189826 0.004341 0.261513
2 2 0.013858 0.086775 0.818951 0.003105 0.077312
2 2 0.006142 0.096023 0.837518 0.002931 0.057385
1 2 0.037774 0.459166 0.247143 0.002737 0.253180
1 2 0.049593 0.446287 0.112582 0.001151 0.390388
4 4 0.093801 0.393619 0.075905 0.000624 0.436051
4 4 0.101320 0.336929 0.058375 0.000653 0.502723
4 4 0.060315 0.361517 0.072221 0.000594 0.505354
4 4 0.101256 0.134625 0.034124 0.001240 0.728755
4 4 0.197593 0.260791 0.057721 0.001752 0.482142
4 4 0.063660 0.221651 0.076393 0.001565 0.636731
4 4 0.038987 0.390775 0.107484 0.000730 0.462024
4 4 0.116355 0.402952 0.075672 0.000639 0.404381
4 4 0.185723 0.082687 0.009883 0.000619 0.721088
4 4 0.386944 0.039565 0.007950 0.000517 0.565024
4 4 0.174318 0.083308 0.011837 0.000589 0.729948
0 4 0.501172 0.113254 0.049883 0.009645 0.326046
4 4 0.082109 0.047135 0.004300 0.000242 0.866214
4 4 0.086611 0.067382 0.013282 0.000723 0.832003
4 4 0.073235 0.059793 0.010668 0.000687 0.855617
4 4 0.025187 0.037842 0.015726 0.000240 0.921004
4 4 0.067055 0.032956 0.003328 0.000105 0.896556
4 4 0.065343 0.045719 0.005710 0.000249 0.882980
4 4 0.021726 0.182773 0.073438 0.000402 0.721662
4 4 0.054113 0.046064 0.007948 0.000292 0.891582
4 4 0.032768 0.150396 0.067487 0.001072 0.748277
4 4 0.040043 0.051036 0.017619 0.000551 0.890751
4 4 0.089183 0.070053 0.012032 0.001119 0.827614
4 4 0.039686 0.094167 0.018013 0.000245 0.847888
4 4 0.028759 0.168671 0.034451 0.000193 0.767926
4 4 0.026965 0.322530 0.083480 0.000510 0.566516
4 4 0.027702 0.258299 0.122307 0.001410 0.590283
4 4 0.026098 0.389654 0.061702 0.000235 0.522312
4 4 0.025694 0.334818 0.054972 0.000194 0.584322
4 2 0.026083 0.394341 0.076306 0.000359 0.502911
4 2 0.033601 0.311186 0.123620 0.001968 0.529625
4 2 0.023023 0.338346 0.176103 0.001784 0.460743
1 2 0.015124 0.482576 0.297652 0.003879 0.200768
1 2 0.028287 0.492859 0.264470 0.001975 0.212408
1 2 0.034724 0.525773 0.226861 0.003162 0.209479
1 2 0.040669 0.553768 0.163043 0.001046 0.241473
1 2 0.045636 0.547079 0.223953 0.002624 0.180709
1 2 0.047028 0.561895 0.124709 0.000469 0.265899
1 2 0.026218 0.509297 0.268798 0.004535 0.191151
1 2 0.042573 0.474530 0.282796 0.006946 0.193156
1 0 0.337656 0.344180 0.112858 0.004572 0.200734
1 0 0.101895 0.550947 0.130758 0.000731 0.215669
1 0 0.109595 0.511334 0.172131 0.002433 0.204508
0 0 0.458239 0.194061 0.064874 0.005841 0.276985
0 0 0.440624 0.214668 0.057379 0.004319 0.283010
4 0 0.198277 0.252073 0.038455 0.000683 0.510512
1 1 0.124948 0.471046 0.147199 0.002541 0.254267
0 0 0.700383 0.104646 0.044127 0.006034 0.144810
1 0 0.017958 0.567325 0.208101 0.001241 0.205375
1 1 0.016037 0.484806 0.290607 0.004080 0.204469
1 1 0.023957 0.469085 0.313715 0.010671 0.182573
2 1 0.022607 0.393214 0.433660 0.013790 0.136729
2 1 0.002754 0.077224 0.852809 0.047491 0.019723
2 1 0.001125 0.067869 0.893900 0.019731 0.017375
2 2 0.001392 0.011758 0.970632 0.014129 0.002089
2 2 0.001752 0.010287 0.978953 0.007261 0.001746
2 2 0.000227 0.007161 0.983690 0.007172 0.001749
2 2 0.001062 0.003259 0.976466 0.018658 0.000555
2 2 0.000778 0.004238 0.979546 0.014508 0.000930
2 2 0.000265 0.001960 0.973288 0.023880 0.000608
2 2 0.002316 0.008345 0.979354 0.008913 0.001072
2 2 0.002253 0.008633 0.967564 0.020525 0.001025
2 2 0.000241 0.000794 0.927905 0.070854 0.000205
2 2 0.002982 0.004413 0.954823 0.037132 0.000650
2 2 0.000559 0.001008 0.949443 0.048815 0.000175
2 2 0.000774 0.003236 0.973423 0.022009 0.000557
2 2 0.000318 0.000600 0.825656 0.173227 0.000199
2 2 0.000266 0.000863 0.823461 0.175072 0.000337
2 2 0.000062 0.000166 0.650042 0.349587 0.000143
2 2 0.000413 0.000601 0.637691 0.360956 0.000339
2 2 0.000368 0.001661 0.665805 0.331015 0.001151
2 2 0.000378 0.000929 0.841429 0.156745 0.000519
3 2 0.000073 0.000139 0.409838 0.589815 0.000135
3 2 0.000251 0.000529 0.430199 0.568594 0.000427
3 2 0.000072 0.000083 0.258124 0.741645 0.000076
3 2 0.000148 0.000285 0.421165 0.578106 0.000295
3 2 0.000220 0.000218 0.223692 0.775676 0.000194
3 2 0.000565 0.000458 0.189471 0.809057 0.000448
3 2 0.001239 0.000789 0.145194 0.852042 0.000735
3 3 0.000241 0.000195 0.182129 0.817255 0.000180
3 3 0.005360 0.002632 0.109916 0.879663 0.002429
3 3 0.000920 0.000301 0.059006 0.939564 0.000210
3 3 0.000737 0.000348 0.096373 0.902265 0.000277
3 3 0.000712 0.000325 0.091614 0.907094 0.000254
3 3 0.000261 0.000088 0.058424 0.941170 0.000057
3 3 0.000815 0.000202 0.039908 0.958949 0.000125
3 3 0.001004 0.000297 0.051317 0.947183 0.000199
3 3 0.000072 0.000018 0.035512 0.964389 0.000009
3 3 0.003495 0.000727 0.033135 0.962183 0.000460
3 3 0.000760 0.000243 0.056567 0.942265 0.000165
3 3 0.001600 0.000271 0.023885 0.974093 0.000150
3 3 0.000508 0.000145 0.047311 0.951944 0.000092
3 3 0.002407 0.000435 0.026709 0.970194 0.000254
3 3 0.001145 0.000232 0.030339 0.968149 0.000135
3 3 0.000592 0.000180 0.052086 0.947025 0.000118
3 3 0.000231 0.000038 0.020558 0.979155 0.000018
3 3 0.000635 0.000104 0.021859 0.977347 0.000054
3 3 0.002754 0.000438 0.022381 0.974182 0.000246
3 3 0.000316 0.000032 0.010259 0.989381 0.000013
3 3 0.000343 0.000051 0.018127 0.981455 0.000024
3 3 0.000924 0.000163 0.024624 0.974201 0.000089
3 3 0.000283 0.000043 0.018966 0.980688 0.000021
3 3 0.001749 0.000228 0.016448 0.981461 0.000115
3 3 0.000237 0.000020 0.007800 0.991935 0.000007
3 3 0.002361 0.000351 0.020163 0.976936 0.000190
3 3 0.004434 0.000871 0.030886 0.963261 0.000548
3 3 0.009922 0.002799 0.053023 0.932109 0.002147
3 3 0.000605 0.000838 0.313864 0.683949 0.000744
3 3 0.000050 0.000082 0.341305 0.658495 0.000068
3 2 0.000130 0.000195 0.316126 0.683420 0.000129
3 2 0.000115 0.000175 0.462017 0.537588 0.000105
2 2 0.000474 0.001915 0.855337 0.141697 0.000576
2 2 0.001768 0.002740 0.803037 0.191565 0.000890
3 2 0.084854 0.033652 0.375270 0.496441 0.009784
2 0 0.197400 0.079418 0.391909 0.319264 0.012009
0 0 0.570646 0.096680 0.166371 0.116605 0.049698
2 2 0.015286 0.069135 0.862019 0.043646 0.009913
2 2 0.003343 0.006990 0.905697 0.082774 0.001196
2 2 0.002047 0.004120 0.959985 0.033337 0.000511
2 2 0.002291 0.003253 0.949249 0.044866 0.000341
2 2 0.033744 0.039949 0.902018 0.020727 0.003563
2 2 0.008790 0.019919 0.957493 0.012324 0.001473
2 2 0.009036 0.061484 0.917176 0.007676 0.004628
2 2 0.279673 0.233976 0.404665 0.058244 0.023441
2 2 0.053475 0.060332 0.784606 0.093902 0.007686
2 2 0.006469 0.024404 0.936786 0.028149 0.004192
2 2 0.007961 0.010183 0.939088 0.041827 0.000942
2 2 0.003871 0.002832 0.932161 0.060861 0.000275
2 2 0.002252 0.002183 0.942261 0.053056 0.000249
2 2 0.001424 0.002048 0.903406 0.092785 0.000336
2 2 0.001947 0.063379 0.921609 0.004843 0.008221
2 2 0.004460 0.194191 0.758775 0.009094 0.033481
2 2 0.012260 0.317288 0.486556 0.007515 0.176381
1 2 0.020564 0.441069 0.371837 0.005878 0.160651
2 2 0.016085 0.350259 0.414314 0.006727 0.212615
1 2 0.029768 0.456948 0.255790 0.002716 0.254778
4 4 0.098852 0.129372 0.125005 0.035568 0.611203
2 4 0.031937 0.296638 0.349664 0.009509 0.312251
1 4 0.039868 0.451272 0.210744 0.004889 0.293227
4 4 0.115958 0.225367 0.068338 0.006263 0.584074
1 4 0.041503 0.403952 0.209779 0.006120 0.338645
1 4 0.040621 0.396266 0.196159 0.003794 0.363160
4 4 0.078204 0.292858 0.160725 0.006177 0.462037
1 4 0.019852 0.459273 0.256399 0.003880 0.260597
1 4 0.132438 0.379397 0.168829 0.009221 0.310116
1 4 0.028167 0.475896 0.191017 0.002599 0.302321
1 4 0.031165 0.521436 0.229678 0.003287 0.214434
1 4 0.042556 0.504039 0.197163 0.003034 0.253208
0 0 0.582933 0.156135 0.110512 0.022200 0.128220
1 0 0.115092 0.492503 0.199950 0.004429 0.188026
0 0 0.351868 0.319614 0.111908 0.006264 0.210346
0 0 0.479912 0.290554 0.091076 0.002695 0.135763
1 0 0.099584 0.621325 0.106807 0.000189 0.172096
1 0 0.197629 0.543800 0.104882 0.000377 0.153313
0 0 0.573214 0.233558 0.057260 0.001829 0.134140
0 0 0.540752 0.289697 0.067084 0.001044 0.101423
1 0 0.066010 0.642646 0.135526 0.000275 0.155543
1 2 0.059572 0.585766 0.201008 0.001382 0.152273
1 2 0.074558 0.514587 0.295066 0.006879 0.108909
1 2 0.282773 0.445189 0.160461 0.002991 0.108586
0 2 0.823407 0.071823 0.021802 0.001518 0.081451
1 0 0.123927 0.539870 0.157664 0.001378 0.177161
1 0 0.066996 0.508241 0.298535 0.004813 0.121415
1 0 0.083452 0.425000 0.388160 0.007166 0.096222
1 0 0.269459 0.470143 0.160653 0.002166 0.097580
0 0 0.814863 0.078981 0.064230 0.009636 0.032289
1 0 0.097621 0.645384 0.108829 0.000151 0.148015
1 0 0.194702 0.470263 0.120353 0.001387 0.213295
1 0 0.235107 0.449226 0.171351 0.004127 0.140189
0 0 0.870369 0.051118 0.037482 0.005961 0.035069
1 0 0.152729 0.577764 0.174113 0.000946 0.094447
1 2 0.044928 0.566887 0.220714 0.002002 0.165469
2 2 0.008070 0.171717 0.754970 0.034753 0.030490
2 2 0.013412 0.316081 0.605261 0.016418 0.048827
2 2 0.021849 0.034275 0.934128 0.007286 0.002462
2 2 0.046641 0.067481 0.871340 0.008302 0.006236
2 2 0.003141 0.039501 0.948911 0.002698 0.005749
2 2 0.001299 0.008401 0.984814 0.004596 0.000890
2 2 0.009970 0.042427 0.941240 0.002610 0.003753
2 2 0.003014 0.027748 0.963951 0.002014 0.003273
2 2 0.004433 0.013704 0.976645 0.004227 0.000990
2 2 0.010449 0.033634 0.950035 0.003578 0.002303
2 2 0.004292 0.019733 0.970221 0.003900 0.001853
2 2 0.003191 0.019094 0.970774 0.005176 0.001765
2 2 0.002021 0.020790 0.970631 0.003745 0.002814
2 2 0.006178 0.028282 0.952317 0.010632 0.002590
2 2 0.003675 0.010027 0.977887 0.007546 0.000864
2 2 0.005826 0.016979 0.971035 0.004549 0.001611
2 2 0.001285 0.004915 0.982436 0.010892 0.000471
2 2 0.001980 0.010256 0.976933 0.009520 0.001311
2 2 0.001425 0.011723 0.977154 0.007905 0.001793
2 2 0.002469 0.044787 0.944305 0.003090 0.005349
2 2 0.000218 0.000808 0.931401 0.067420 0.000152
2 2 0.001402 0.002808 0.962610 0.032779 0.000401
2 2 0.001897 0.004814 0.978650 0.014176 0.000462
2 2 0.000272 0.004727 0.988377 0.005859 0.000765
2 2 0.000320 0.002507 0.969361 0.027395 0.000417
2 2 0.001080 0.002822 0.961934 0.033832 0.000332
2 2 0.002470 0.003999 0.935338 0.057466 0.000727
2 2 0.000384 0.002575 0.973852 0.022890 0.000299
2 2 0.000508 0.001458 0.951763 0.046083 0.000188
2 2 0.001455 0.001856 0.943901 0.052623 0.000164
2 2 0.000568 0.005373 0.937400 0.055488 0.001170
2 2 0.001502 0.002368 0.922719 0.073159 0.000252
2 2 0.001012 0.002633 0.934213 0.061675 0.000468
2 2 0.000113 0.000454 0.857431 0.141876 0.000126
2 2 0.000501 0.003443 0.970513 0.024811 0.000732
2 2 0.000208 0.000708 0.894285 0.104560 0.000239
2 2 0.000304 0.000566 0.763785 0.235180 0.000166
2 2 0.001753 0.002011 0.948784 0.047191 0.000261
2 2 0.000617 0.001257 0.895097 0.102822 0.000208
2 2 0.000285 0.001717 0.929226 0.068316 0.000456
2 2 0.000300 0.000359 0.855117 0.144179 0.000046
2 2 0.000174 0.000677 0.888175 0.110845 0.000129
2 2 0.000202 0.001172 0.762322 0.235748 0.000556
2 2 0.000108 0.000252 0.834669 0.164896 0.000076
2 2 0.000174 0.000348 0.617106 0.382230 0.000141
2 2 0.000371 0.001510 0.642351 0.355163 0.000605
2 2 0.000216 0.001175 0.792672 0.205399 0.000538
2 2 0.000210 0.004532 0.917604 0.076129 0.001525
2 2 0.000079 0.000259 0.578625 0.420897 0.000141
2 2 0.000109 0.000277 0.553138 0.446308 0.000168
2 2 0.000456 0.001224 0.815017 0.182839 0.000464
2 2 0.000534 0.001612 0.753205 0.244146 0.000503
2 2 0.000110 0.000427 0.722405 0.276858 0.000200
2 2 0.000586 0.001552 0.525251 0.471137 0.001474
2 2 0.000353 0.000462 0.586341 0.412626 0.000219
2 2 0.000162 0.000605 0.625051 0.373639 0.000543
2 2 0.000408 0.000934 0.627845 0.370383 0.000430
2 2 0.000294 0.001737 0.753910 0.243429 0.000631
3 2 0.008874 0.005252 0.421833 0.562539 0.001502
3 2 0.004324 0.006740 0.456244 0.528708 0.003984
2 2 0.003794 0.016677 0.872341 0.103876 0.003312
2 2 0.000914 0.001113 0.837862 0.159878 0.000233
2 2 0.000413 0.000606 0.810838 0.188041 0.000101
2 2 0.001020 0.007623 0.953184 0.036697 0.001475
2 2 0.003538 0.004622 0.847669 0.143492 0.000680
2 2 0.000444 0.000976 0.938405 0.060047 0.000127
2 2 0.000747 0.001047 0.932949 0.065181 0.000077
2 2 0.002280 0.004272 0.914026 0.078856 0.000566
2 2 0.003266 0.005164 0.948329 0.042557 0.000685
2 2 0.002352 0.003593 0.943305 0.050422 0.000327
2 2 0.000462 0.001063 0.911412 0.086906 0.000157
2 2 0.001164 0.003339 0.931607 0.063469 0.000422
2 2 0.000893 0.001899 0.951674 0.045372 0.000162
2 2 0.036315 0.044051 0.871370 0.044799 0.003465
2 2 0.032922 0.048971 0.843427 0.067393 0.007287
2 2 0.219128 0.264102 0.455017 0.042234 0.019518
2 2 0.212020 0.335530 0.359584 0.038105 0.054762
2 2 0.002537 0.072244 0.889080 0.020778 0.015361
2 2 0.001964 0.010150 0.960172 0.026769 0.000944
2 2 0.002199 0.003942 0.914070 0.079178 0.000611
2 2 0.001659 0.013111 0.958152 0.024175 0.002902
2 2 0.014149 0.034496 0.878524 0.064948 0.007883
2 2 0.004635 0.014740 0.936556 0.041179 0.002889
2 2 0.004240 0.013459 0.962367 0.017967 0.001968
2 2 0.002375 0.003854 0.922501 0.070389 0.000881
2 2 0.005232 0.015213 0.952375 0.024269 0.002911
2 2 0.005116 0.041080 0.934605 0.010854 0.008345
2 2 0.002383 0.006833 0.905679 0.083250 0.001854
2 2 0.009578 0.092465 0.845470 0.034895 0.017592
2 2 0.001976 0.127895 0.820304 0.010330 0.039494
2 4 0.012512 0.263736 0.596451 0.038369 0.088932
2 4 0.008837 0.328138 0.564398 0.013823 0.084804
2 4 0.027952 0.254837 0.397090 0.038535 0.281586
4 4 0.072215 0.213095 0.268054 0.086136 0.360499
2 4 0.019563 0.242592 0.527519 0.051423 0.158903
2 4 0.047846 0.261099 0.482535 0.037754 0.170766
2 4 0.024974 0.270352 0.444538 0.040158 0.219978
2 4 0.084294 0.395274 0.441600 0.027089 0.051743
4 4 0.053267 0.234831 0.184986 0.018102 0.508814
2 4 0.022408 0.251658 0.475587 0.039850 0.210497
4 4 0.054968 0.152730 0.063651 0.003072 0.725579
4 4 0.096053 0.105816 0.050884 0.003561 0.743685
4 4 0.064375 0.359176 0.109522 0.003181 0.463746
4 4 0.063504 0.298314 0.171977 0.004678 0.461528
1 4 0.033233 0.447858 0.118273 0.001116 0.399521
1 4 0.123584 0.373063 0.155799 0.008584 0.338971
4 4 0.094266 0.289040 0.093613 0.005474 0.517608
4 4 0.078656 0.127160 0.058141 0.004364 0.731679
4 4 0.058135 0.286052 0.087799 0.003229 0.564786
4 4 0.036029 0.335295 0.155839 0.002544 0.470293
4 4 0.098048 0.177948 0.055963 0.007983 0.660058
4 4 0.047105 0.315657 0.073461 0.001360 0.562416
4 4 0.091384 0.203821 0.067557 0.003497 0.633741
4 4 0.272658 0.168638 0.036681 0.003189 0.518834
4 4 0.070027 0.093942 0.043874 0.003871 0.788285
4 4 0.068503 0.245144 0.089111 0.003539 0.593703
4 4 0.036062 0.324628 0.156816 0.003880 0.478613
1 4 0.020469 0.499280 0.189753 0.001817 0.288683
1 4 0.033543 0.428946 0.147709 0.002723 0.387080
1 4 0.037562 0.471869 0.104166 0.000615 0.385787
1 1 0.155238 0.405484 0.176554 0.009244 0.253480
4 1 0.072181 0.411942 0.098330 0.001265 0.416282
1 2 0.063070 0.548821 0.128384 0.000642 0.259083
1 2 0.112948 0.470323 0.145501 0.002452 0.268776
1 2 0.071008 0.535420 0.109778 0.000478 0.283317
1 2 0.080420 0.513901 0.178627 0.002511 0.224541
1 2 0.076935 0.574514 0.110780 0.000336 0.237435
1 0 0.187270 0.414769 0.153722 0.005539 0.238701
1 0 0.074349 0.526496 0.116819 0.000640 0.281695
1 0 0.059970 0.584860 0.145734 0.000623 0.208813
0 0 0.702095 0.100826 0.055795 0.010351 0.130933
1 0 0.050104 0.534742 0.110729 0.000441 0.303985
1 2 0.028790 0.536768 0.169753 0.001222 0.263467
1 2 0.039674 0.537608 0.176808 0.001536 0.244374
1 2 0.144566 0.522743 0.112692 0.000655 0.219345
1 2 0.087818 0.544284 0.113990 0.000515 0.253393
0 0 0.479860 0.100544 0.012345 0.000508 0.406743
0 0 0.907498 0.030113 0.023470 0.003355 0.035564
0 0 0.424248 0.158171 0.035189 0.002726 0.379666
1 0 0.054977 0.558944 0.088570 0.000180 0.297329
1 0 0.029361 0.546488 0.216928 0.002114 0.205109
1 0 0.022241 0.539883 0.211563 0.001912 0.224400
1 0 0.066074 0.527859 0.195816 0.002611 0.207641
1 0 0.104859 0.522432 0.144364 0.001327 0.227017
1 0 0.299540 0.357666 0.092285 0.002275 0.248235
1 0 0.039544 0.549303 0.160961 0.001047 0.249146
1 0 0.104781 0.478593 0.164780 0.003140 0.248706
1 1 0.072852 0.573393 0.173939 0.001174 0.178642
4 1 0.216087 0.354395 0.069592 0.001066 0.358860
0 0 0.504540 0.083926 0.019297 0.001571 0.390665
0 0 0.459987 0.237721 0.093251 0.009269 0.199772
1 0 0.031640 0.539182 0.195577 0.001816 0.231785
1 1 0.022788 0.539797 0.187214 0.001405 0.248796
1 1 0.055732 0.495839 0.235950 0.005679 0.206800
1 1 0.044366 0.490450 0.286057 0.008510 0.170616
1 1 0.019581 0.511993 0.292971 0.005150 0.170304
1 1 0.201516 0.474430 0.154583 0.002558 0.166912
0 0 0.644395 0.135053 0.071520 0.013041 0.135991
1 1 0.029155 0.592184 0.171139 0.000702 0.206821
1 1 0.057403 0.534955 0.206419 0.002652 0.198571
1 1 0.066072 0.544194 0.233118 0.003201 0.153415
4 0 0.302866 0.264076 0.080697 0.005510 0.346851
0 0 0.455443 0.253597 0.132672 0.011460 0.146827
0 0 0.576238 0.206866 0.053803 0.002497 0.160595
1 4 0.047686 0.577224 0.200565 0.001451 0.173073
1 4 0.047300 0.569447 0.177538 0.001169 0.204545
1 2 0.050338 0.489863 0.298445 0.009075 0.152278
1 2 0.066655 0.593755 0.197243 0.001219 0.141128
1 2 0.051206 0.538464 0.264810 0.004184 0.141336
1 2 0.058287 0.528458 0.227611 0.003606 0.182037
1 2 0.040173 0.537410 0.258800 0.003844 0.159773
1 2 0.124874 0.542332 0.194701 0.002191 0.135901
1 2 0.068345 0.580094 0.202608 0.001535 0.147417
1 2 0.218828 0.485431 0.147097 0.001844 0.146800
0 2 0.479237 0.215408 0.038840 0.001122 0.265394
1 2 0.058113 0.565348 0.209254 0.001925 0.165361
1 2 0.128301 0.526403 0.194909 0.002690 0.147697
1 0 0.288781 0.401194 0.131681 0.003517 0.174828
0 0 0.501642 0.198663 0.074560 0.007879 0.217256
0 0 0.827912 0.043146 0.025770 0.003596 0.099577
1 0 0.108872 0.485357 0.307741 0.009939 0.088090
1 0 0.025051 0.528782 0.364161 0.005291 0.076715
2 0 0.111309 0.278861 0.325240 0.044403 0.240187
0 0 0.314279 0.307784 0.218332 0.030026 0.129578
1 0 0.031958 0.499976 0.378604 0.008837 0.080625
2 0 0.012226 0.375438 0.529801 0.012620 0.069915
2 1 0.005288 0.415791 0.510999 0.008217 0.059705
2 1 0.010951 0.340450 0.526114 0.025335 0.097150
2 1 0.008937 0.357526 0.528645 0.019072 0.085820
2 2 0.004352 0.080504 0.873401 0.017456 0.024286
2 2 0.004598 0.051560 0.918568 0.011614 0.013661
2 2 0.005897 0.038936 0.930097 0.016364 0.008706
2 2 0.002156 0.010094 0.975445 0.010572 0.001734
2 2 0.012422 0.346531 0.507986 0.027473 0.105589
2 2 0.002084 0.013148 0.971034 0.010989 0.002746
2 2 0.002104 0.053997 0.915940 0.014586 0.013372
2 2 0.002515 0.075348 0.889074 0.013691 0.019372
2 2 0.001850 0.032044 0.956730 0.003448 0.005928
2 2 0.004211 0.032838 0.939880 0.016421 0.006650
2 2 0.002271 0.023958 0.964724 0.004400 0.004647
1 2 0.316058 0.424785 0.199262 0.004325 0.055570
0 0 0.638144 0.125702 0.042476 0.005082 0.188597
1 0 0.148296 0.416920 0.188706 0.008350 0.237729
1 2 0.048960 0.532597 0.334856 0.005546 0.078041
1 2 0.116215 0.535835 0.180081 0.002028 0.165841
1 2 0.087625 0.487920 0.315731 0.010482 0.098242
0 0 0.786826 0.075075 0.081570 0.023389 0.033139
1 0 0.226559 0.428381 0.207709 0.008615 0.128736
1 0 0.048980 0.584804 0.231440 0.001796 0.132981
1 1 0.049926 0.541820 0.275504 0.004236 0.128514
2 1 0.020969 0.359127 0.530661 0.013099 0.076143
2 1 0.014732 0.179970 0.753164 0.012968 0.039165
1 1 0.169146 0.453695 0.250929 0.010303 0.115927
0 0 0.729627 0.107187 0.058486 0.009297 0.095403
0 0 0.569752 0.153249 0.049195 0.005315 0.222490
1 0 0.060277 0.550613 0.275768 0.003817 0.109525
1 2 0.035531 0.586087 0.272873 0.002107 0.103401
1 2 0.032165 0.455675 0.418560 0.009960 0.083640
2 2 0.006177 0.134843 0.829076 0.005762 0.024142
2 2 0.016035 0.128750 0.825471 0.004797 0.024946
2 2 0.001199 0.010087 0.962765 0.024482 0.001467
2 2 0.000838 0.002480 0.968690 0.027642 0.000350
2 2 0.000727 0.004224 0.980362 0.014120 0.000567
2 2 0.001832 0.003271 0.966960 0.027446 0.000492
2 2 0.001747 0.009747 0.967041 0.019710 0.001755
2 2 0.003669 0.008079 0.963946 0.023151 0.001155
2 2 0.001492 0.001770 0.956593 0.039950 0.000194
2 2 0.002037 0.018784 0.949401 0.026623 0.003155
2 2 0.000566 0.011306 0.977930 0.008409 0.001788
2 2 0.001336 0.006239 0.908355 0.081900 0.002170
2 2 0.000364 0.001228 0.892929 0.105143 0.000336
2 2 0.001201 0.010203 0.882327 0.103450 0.002820
2 2 0.009146 0.295177 0.596425 0.029678 0.069573
2 2 0.001322 0.008532 0.933818 0.051998 0.004330
2 2 0.001282 0.006054 0.984363 0.007534 0.000767
2 2 0.000690 0.004867 0.967412 0.025846 0.001185
2 2 0.000971 0.009683 0.968521 0.019355 0.001470
2 2 0.006034 0.026831 0.948268 0.016074 0.002793
2 2 0.001957 0.002800 0.965375 0.029518 0.000351
2 2 0.001266 0.003808 0.974455 0.019919 0.000552
2 2 0.000617 0.001148 0.935407 0.062634 0.000193
2 2 0.001214 0.005270 0.971744 0.020885 0.000887
2 2 0.001375 0.002994 0.962654 0.032448 0.000530
2 2 0.000209 0.000663 0.981245 0.017818 0.000066
2 2 0.000470 0.000643 0.927384 0.071442 0.000061
2 2 0.001886 0.006176 0.959339 0.031254 0.001345
2 2 0.001184 0.002819 0.945783 0.049898 0.000317
2 2 0.002316 0.004409 0.918354 0.073912 0.001009
2 2 0.001080 0.003319 0.957070 0.038043 0.000487
2 2 0.000265 0.001338 0.968618 0.029587 0.000193
2 2 0.000393 0.001157 0.924871 0.073276 0.000304
2 2 0.000297 0.001865 0.980426 0.017065 0.000347
2 2 0.000454 0.000664 0.808726 0.189944 0.000211
2 2 0.000307 0.001558 0.700185 0.296812 0.001137
2 2 0.001866 0.002732 0.833176 0.161578 0.000648
2 2 0.000108 0.000360 0.916228 0.083189 0.000115
2 2 0.000253 0.000799 0.825783 0.172873 0.000292
2 2 0.000121 0.000910 0.770673 0.227839 0.000457
2 2 0.000067 0.000157 0.749267 0.250421 0.000088
2 2 0.000357 0.000587 0.650272 0.348461 0.000322
3 2 0.000852 0.001119 0.320514 0.676252 0.001264
3 2 0.000290 0.000594 0.434197 0.564374 0.000546
3 2 0.000355 0.000495 0.331209 0.667395 0.000546
2 2 0.000109 0.000355 0.557732 0.441548 0.000255
3 2 0.000879 0.000735 0.200060 0.797576 0.000750
3 2 0.000199 0.000160 0.179938 0.819558 0.000145
3 3 0.001362 0.000816 0.134923 0.862153 0.000746
3 3 0.000186 0.000100 0.107528 0.892109 0.000077
3 3 0.000540 0.000223 0.079192 0.919881 0.000165
3 3 0.002018 0.000548 0.047128 0.949933 0.000373
3 3 0.000879 0.000292 0.060143 0.938481 0.000204
3 3 0.001221 0.000347 0.049075 0.949125 0.000232
3 3 0.000382 0.000140 0.066502 0.932879 0.000097
3 3 0.001873 0.000536 0.050572 0.946649 0.000371
3 3 0.000610 0.000105 0.023357 0.975872 0.000055
3 3 0.001670 0.000487 0.051560 0.945947 0.000336
3 3 0.000274 0.000082 0.049284 0.950309 0.000051
3 3 0.002211 0.000524 0.039092 0.957833 0.000340
3 3 0.001015 0.000153 0.019765 0.978988 0.000079
3 3 0.001343 0.000353 0.044119 0.953954 0.000230
3 3 0.001950 0.000273 0.018279 0.979357 0.000142
3 3 0.001544 0.000191 0.015111 0.983061 0.000093
3 3 0.000209 0.000028 0.015182 0.984569 0.000012
3 3 0.001445 0.000224 0.020941 0.977270 0.000119
3 3 0.000955 0.000096 0.010899 0.988009 0.000042
3 3 0.001108 0.000163 0.019176 0.979469 0.000084
3 3 0.000918 0.000147 0.021364 0.977495 0.000077
3 3 0.000737 0.000074 0.010744 0.988414 0.000031
3 3 0.000458 0.000060 0.015304 0.984150 0.000027
3 3 0.001233 0.000138 0.012971 0.985593 0.000064
3 3 0.001523 0.000187 0.014973 0.983226 0.000091
3 3 0.000571 0.000046 0.007678 0.991688 0.000018
3 3 0.001214 0.000140 0.013543 0.985038 0.000065
3 3 0.000520 0.000092 0.024110 0.975229 0.000048
3 3 0.001397 0.000165 0.014119 0.984241 0.000079
3 3 0.000443 0.000040 0.008926 0.990576 0.000016
3 3 0.000390 0.000027 0.005922 0.993651 0.000009
3 3 0.000369 0.000025 0.005929 0.993668 0.000009
3 3 0.001696 0.000218 0.016106 0.981871 0.000109
3 3 0.000562 0.000045 0.007598 0.991778 0.000017
3 3 0.000548 0.000043 0.007468 0.991924 0.000016
3 3 0.000507 0.000039 0.007081 0.992358 0.000014
3 3 0.000894 0.000087 0.010417 0.988565 0.000037
3 3 0.001086 0.000146 0.016787 0.981909 0.000072
3 3 0.000342 0.000039 0.012316 0.987286 0.000016
3 3 0.000695 0.000061 0.008774 0.990447 0.000024
3 3 0.000578 0.000056 0.010023 0.989321 0.000023
3 3 0.000395 0.000044 0.012041 0.987502 0.000019
3 3 0.001002 0.000103 0.011259 0.987592 0.000045
3 3 0.000998 0.000102 0.011227 0.987628 0.000045
3 3 0.000203 0.000010 0.003794 0.995990 0.000003
3 3 0.000766 0.000070 0.009375 0.989761 0.000029
3 3 0.000240 0.000019 0.007447 0.992286 0.000007
3 3 0.000495 0.000049 0.010245 0.989192 0.000020
3 3 0.000564 0.000045 0.007616 0.991757 0.000017
3 3 0.000528 0.000041 0.007274 0.992142 0.000015
3 3 0.000479 0.000037 0.007320 0.992149 0.000014
3 3 0.000553 0.000053 0.009863 0.989509 0.000022
3 3 0.000594 0.000083 0.017293 0.981990 0.000040
3 3 0.000872 0.000084 0.010242 0.988767 0.000036
3 3 0.001436 0.000172 0.014388 0.983921 0.000082
3 3 0.002272 0.000333 0.019648 0.977569 0.000178
3 3 0.001801 0.000238 0.016777 0.981064 0.000120
3 3 0.000630 0.000053 0.008208 0.991089 0.000021
3 3 0.002726 0.000519 0.028889 0.967555 0.000312
3 3 0.000690 0.000100 0.018362 0.980799 0.000049
3 3 0.000726 0.000065 0.009045 0.990138 0.000026
3 3 0.001250 0.000141 0.013087 0.985457 0.000065
3 3 0.000765 0.000070 0.009372 0.989764 0.000029
3 3 0.018014 0.006700 0.078579 0.890720 0.005986
3 3 0.008263 0.004395 0.123555 0.859474 0.004313
3 3 0.012826 0.017877 0.335223 0.614265 0.019810
2 3 0.023676 0.055840 0.457036 0.412150 0.051297
2 3 0.008004 0.026675 0.574326 0.368045 0.022950
2 3 0.048817 0.166528 0.585600 0.170542 0.028512
2 2 0.027139 0.203122 0.599703 0.114927 0.055108
2 2 0.012312 0.098820 0.671490 0.179438 0.037940
2 2 0.007080 0.092336 0.758471 0.102805 0.039310
2 2 0.072372 0.218698 0.612995 0.076902 0.019033
2 2 0.019575 0.207878 0.592318 0.117533 0.062696
4 2 0.063896 0.132728 0.030650 0.001272 0.771453
4 2 0.037479 0.114232 0.029132 0.000410 0.818747
4 2 0.058804 0.181171 0.028384 0.000632 0.731009
4 2 0.047929 0.167358 0.043266 0.000956 0.740490
4 4 0.038870 0.056999 0.025628 0.000885 0.877619
4 4 0.038012 0.051198 0.019379 0.000581 0.890830
4 4 0.033997 0.055092 0.018098 0.000360 0.892453
4 4 0.042318 0.041153 0.008553 0.000224 0.907752
4 4 0.106881 0.042187 0.004782 0.000300 0.845850
4 4 0.109186 0.075310 0.023389 0.002838 0.789277
4 4 0.073331 0.037269 0.002600 0.000103 0.886697
4 4 0.033134 0.033240 0.006843 0.000116 0.926667
4 4 0.080078 0.055789 0.007343 0.000479 0.856311
4 4 0.049806 0.035913 0.004393 0.000116 0.909772
4 4 0.020543 0.026842 0.008049 0.000073 0.944492
4 4 0.058058 0.023229 0.000957 0.000019 0.917736
4 4 0.094832 0.041151 0.005956 0.000320 0.857741
4 4 0.074205 0.038943 0.002900 0.000122 0.883829
4 4 0.167244 0.033963 0.005682 0.000433 0.792678
4 4 0.060126 0.039190 0.004166 0.000144 0.896374
4 4 0.043977 0.087482 0.074789 0.005060 0.788693
4 4 0.116908 0.093110 0.020531 0.003512 0.765939
4 4 0.069091 0.297942 0.180233 0.008539 0.444195
1 4 0.027219 0.447026 0.230629 0.004223 0.290904
4 4 0.071546 0.218475 0.094708 0.004890 0.610381
4 4 0.107914 0.126113 0.019439 0.000963 0.745572
1 4 0.037696 0.481652 0.114078 0.000739 0.365835
1 4 0.059445 0.405002 0.167300 0.006150 0.362103
1 4 0.041830 0.497362 0.153781 0.001613 0.305413
4 4 0.110596 0.354796 0.080633 0.001526 0.452449
1 4 0.034807 0.471081 0.173902 0.002830 0.317379
1 4 0.045260 0.467801 0.144076 0.001875 0.340987
1 4 0.055771 0.435801 0.124758 0.001855 0.381816
4 4 0.055474 0.272252 0.078102 0.001296 0.592875
1 4 0.050355 0.484509 0.146257 0.001710 0.317169
1 4 0.046823 0.519944 0.168519 0.001723 0.262991
1 4 0.037532 0.452232 0.168430 0.003265 0.338540
0 0 0.589594 0.117187 0.046617 0.007147 0.239455
1 0 0.139566 0.415961 0.113821 0.002268 0.328384
1 1 0.018936 0.506445 0.148584 0.000802 0.325232
4 1 0.035574 0.412842 0.132916 0.002422 0.416246
4 4 0.101396 0.356871 0.063891 0.000681 0.477162
4 4 0.101137 0.090142 0.022401 0.002536 0.783784
4 4 0.034632 0.082201 0.038540 0.000890 0.843738
4 4 0.043390 0.048986 0.013684 0.000439 0.893500
4 4 0.092675 0.256385 0.073223 0.004187 0.573529
4 4 0.078783 0.127362 0.040251 0.003596 0.750009
4 4 0.062260 0.132369 0.051840 0.003266 0.750265
4 4 0.044030 0.070155 0.038555 0.001900 0.845360
4 4 0.039510 0.098942 0.066077 0.002643 0.792829
4 4 0.063969 0.282479 0.054710 0.000944 0.597898
4 4 0.187762 0.139693 0.059419 0.006712 0.606414
1 4 0.029036 0.433160 0.110687 0.001000 0.426118
4 4 0.048770 0.240405 0.072960 0.001545 0.636320
4 4 0.074422 0.252216 0.078354 0.002250 0.592757
4 4 0.025145 0.429288 0.107588 0.000675 0.437305
4 4 0.024971 0.389981 0.134155 0.001035 0.449858
4 4 0.028421 0.410221 0.084958 0.000541 0.475860
4 2 0.040570 0.368384 0.092570 0.001070 0.497406
1 2 0.028869 0.431042 0.177311 0.003030 0.359748
1 2 0.123731 0.390060 0.247355 0.007174 0.231681
1 2 0.126903 0.473675 0.114157 0.001171 0.284094
1 2 0.091477 0.409124 0.153441 0.005231 0.340727
1 2 0.065615 0.542262 0.096846 0.000297 0.294979
1 2 0.039501 0.528891 0.167853 0.001457 0.262298
1 2 0.083506 0.454391 0.210151 0.007223 0.244728
1 2 0.106851 0.519612 0.167299 0.002049 0.204188
4 2 0.073924 0.362414 0.101835 0.002558 0.459270
1 2 0.036929 0.442445 0.257493 0.011354 0.251779
0 2 0.356256 0.349296 0.121994 0.004920 0.167536
1 2 0.045829 0.559145 0.117465 0.000400 0.277162
1 2 0.027864 0.495312 0.187979 0.002054 0.286791
1 2 0.027943 0.588126 0.149172 0.000495 0.234263
1 2 0.152943 0.501118 0.136099 0.001431 0.208409
0 2 0.440997 0.252316 0.073539 0.003449 0.229699
1 2 0.079186 0.421902 0.150955 0.004353 0.343603
0 0 0.537549 0.083327 0.012509 0.000581 0.366034
1 0 0.051077 0.536717 0.127944 0.000673 0.283589
1 0 0.113592 0.466606 0.157320 0.003196 0.259285
1 2 0.017485 0.531841 0.202551 0.001679 0.246444
1 2 0.023325 0.527797 0.113484 0.000371 0.335022
1 2 0.067428 0.495395 0.083946 0.000307 0.352924
1 4 0.177515 0.405504 0.058307 0.000318 0.358355
4 4 0.413231 0.066455 0.005770 0.000151 0.514393
4 0 0.444789 0.082037 0.007352 0.000181 0.465640
1 0 0.193288 0.409684 0.087824 0.001115 0.308090
1 0 0.048173 0.474847 0.069580 0.000183 0.407217
1 0 0.044673 0.525522 0.067820 0.000099 0.361886
4 0 0.303163 0.222817 0.035357 0.000889 0.437774
1 0 0.199844 0.425208 0.106162 0.001647 0.267139
1 0 0.164467 0.399026 0.069978 0.000613 0.365916
1 0 0.076028 0.530522 0.067029 0.000110 0.326312
4 1 0.123885 0.323699 0.051013 0.000532 0.500871
1 4 0.080883 0.495278 0.165738 0.002524 0.255578
1 4 0.038991 0.475920 0.201790 0.004255 0.279045
4 4 0.246706 0.247774 0.055671 0.002534 0.447316
0 0 0.653146 0.127708 0.051031 0.007284 0.160831
0 0 0.597246 0.097969 0.010155 0.000291 0.294339
0 0 0.486794 0.100877 0.010898 0.000381 0.401050
4 0 0.112310 0.410416 0.056806 0.000253 0.420215
4 0 0.155281 0.312839 0.013337 0.000007 0.518535
4 0 0.097650 0.368011 0.016317 0.000006 0.518016
0 0 0.811161 0.042647 0.004123 0.000066 0.142003
0 0 0.842621 0.014492 0.002086 0.000038 0.140763
0 0 0.515167 0.053620 0.002021 0.000016 0.429177
4 0 0.263989 0.114160 0.004599 0.000014 0.617238
0 0 0.519480 0.051938 0.001862 0.000013 0.426707
0 0 0.873548 0.018359 0.001208 0.000009 0.106876
0 0 0.778058 0.030978 0.001576 0.000011 0.189377
4 0 0.338356 0.044272 0.001275 0.000008 0.616089
4 0 0.352543 0.163912 0.006300 0.000010 0.477236
0 0 0.867430 0.037926 0.008245 0.000308 0.086090
4 0 0.139982 0.243453 0.009315 0.000006 0.607244
4 0 0.212574 0.259319 0.009657 0.000006 0.518444
0 0 0.923890 0.006590 0.000810 0.000008 0.068702
0 0 0.946660 0.012053 0.006278 0.000403 0.034606
0 0 0.777659 0.040467 0.002236 0.000019 0.179619
0 0 0.792108 0.014717 0.001132 0.000010 0.192032
0 0 0.767998 0.029057 0.000516 0.000001 0.202428
0 0 0.874631 0.019807 0.001383 0.000011 0.104168
0 0 0.948771 0.014522 0.004468 0.000158 0.032081
0 0 0.893803 0.015035 0.001381 0.000013 0.089768
0 0 0.938356 0.019827 0.002525 0.000035 0.039258
0 0 0.948701 0.008890 0.000653 0.000004 0.041751
0 0 0.811806 0.031699 0.000724 0.000002 0.155768
0 0 0.929761 0.012291 0.001406 0.000015 0.056527
0 0 0.899236 0.018211 0.005722 0.000258 0.076573
1 1 0.042152 0.525194 0.049795 0.000036 0.382823
1 1 0.094858 0.450793 0.047494 0.000086 0.406769
1 1 0.060491 0.474799 0.051802 0.000077 0.412831
1 1 0.040714 0.502719 0.065983 0.000109 0.390475
1 1 0.050892 0.521451 0.045460 0.000029 0.382168
1 4 0.212557 0.387738 0.045270 0.000173 0.354262
1 4 0.048890 0.539218 0.064605 0.000077 0.347210
4 4 0.179859 0.388280 0.030584 0.000047 0.401230
1 4 0.110244 0.490238 0.033153 0.000018 0.366346
4 4 0.121169 0.402770 0.024477 0.000017 0.451567
4 4 0.255440 0.327775 0.028196 0.000079 0.388510
4 4 0.167826 0.383720 0.036525 0.000088 0.411841
1 4 0.216626 0.406487 0.030568 0.000038 0.346281
1 4 0.080071 0.427027 0.145901 0.003359 0.343643
4 4 0.075060 0.390530 0.117720 0.002889 0.413801
4 4 0.047770 0.224191 0.135144 0.006961 0.585934
1 4 0.047796 0.435323 0.177211 0.003017 0.336653
4 4 0.102524 0.345230 0.118949 0.005767 0.427531
1 4 0.144714 0.466129 0.139560 0.002321 0.247275
4 4 0.050817 0.391557 0.142226 0.002045 0.413354
1 4 0.027318 0.466912 0.217545 0.004983 0.283242
1 4 0.021738 0.530001 0.155645 0.000907 0.291709
1 4 0.047667 0.427780 0.156267 0.003776 0.364510
1 4 0.044251 0.514675 0.188866 0.002443 0.249765
1 4 0.029440 0.538679 0.185249 0.001537 0.245096
1 4 0.060631 0.460100 0.165694 0.002626 0.310948
1 4 0.019828 0.500049 0.259515 0.004650 0.215958
1 4 0.032264 0.530303 0.221083 0.002749 0.213602
1 4 0.016300 0.498200 0.243195 0.002301 0.240005
1 4 0.027605 0.534234 0.190965 0.001703 0.245494
1 4 0.032067 0.480829 0.250521 0.006480 0.230103
1 4 0.050251 0.455527 0.269472 0.011944 0.212806
1 4 0.023237 0.505115 0.183295 0.001926 0.286427
1 4 0.043321 0.440615 0.357972 0.010610 0.147482
1 4 0.017839 0.461939 0.364233 0.008638 0.147351
1 4 0.014974 0.484136 0.362134 0.008921 0.129835
1 4 0.070814 0.513143 0.278347 0.006562 0.131134
1 2 0.015341 0.451289 0.389860 0.011155 0.132355
2 2 0.010540 0.408825 0.453048 0.011054 0.116532
1 2 0.123143 0.388941 0.337220 0.034314 0.116382
1 2 0.055093 0.447407 0.256781 0.007322 0.233396
1 2 0.041420 0.425730 0.319829 0.012556 0.200464
1 2 0.022716 0.448313 0.316727 0.010602 0.201642
1 2 0.012430 0.428290 0.419267 0.011023 0.128990
1 2 0.024656 0.473020 0.357804 0.009359 0.135161
2 2 0.015652 0.389253 0.473530 0.013497 0.108068
1 2 0.014245 0.436600 0.432416 0.006369 0.110370
1 2 0.023920 0.479793 0.353230 0.008655 0.134402
1 2 0.015729 0.498151 0.319491 0.006482 0.160147
1 2 0.027814 0.401887 0.362697 0.029916 0.177686
1 2 0.063605 0.490946 0.313276 0.010266 0.121908
1 2 0.060991 0.389075 0.283478 0.015634 0.250822
2 2 0.016389 0.372996 0.460041 0.021765 0.128809
2 2 0.009967 0.218458 0.641575 0.043915 0.086086
2 2 0.012580 0.147685 0.673366 0.103077 0.063291
2 2 0.004223 0.206895 0.703389 0.017947 0.067546
2 2 0.003099 0.047692 0.838025 0.087436 0.023749
2 2 0.008218 0.216526 0.665342 0.038290 0.071625
2 2 0.003791 0.195927 0.718380 0.017009 0.064894
2 2 0.012960 0.122969 0.673614 0.130578 0.059879
2 2 0.001352 0.026745 0.891529 0.066255 0.014119
2 2 0.002298 0.069162 0.859074 0.037790 0.031676
2 2 0.008497 0.170976 0.698087 0.053465 0.068975
2 2 0.003158 0.093510 0.820791 0.035128 0.047413
2 2 0.000360 0.014822 0.949880 0.023055 0.011883
2 2 0.000353 0.004902 0.958333 0.035030 0.001383
2 2 0.003893 0.047890 0.812957 0.107725 0.027535
2 2 0.001130 0.007851 0.908286 0.078726 0.004008
2 2 0.000851 0.002754 0.825833 0.168481 0.002080
2 2 0.005650 0.058898 0.771961 0.134469 0.029022
2 2 0.001134 0.026895 0.903986 0.055388 0.012598
2 2 0.000129 0.002973 0.939730 0.055185 0.001982
2 2 0.000428 0.002624 0.945645 0.050306 0.000997
2 2 0.015048 0.190106 0.620966 0.081320 0.092560
2 2 0.017306 0.223491 0.700261 0.008971 0.049971
1 2 0.093783 0.476880 0.309999 0.012037 0.107301
2 2 0.062462 0.375205 0.396141 0.040899 0.125294
2 2 0.023248 0.359372 0.435898 0.043848 0.137634
1 2 0.225975 0.409860 0.222797 0.012875 0.128495
1 2 0.044012 0.504290 0.351335 0.008769 0.091594
2 2 0.016668 0.399688 0.438479 0.029338 0.115826
2 2 0.017055 0.394105 0.432099 0.025728 0.131013
2 2 0.015810 0.428983 0.432641 0.021221 0.101345
2 2 0.006561 0.291093 0.602521 0.018046 0.081780
2 2 0.011464 0.359319 0.544909 0.013282 0.071026
2 2 0.010357 0.379798 0.510170 0.012312 0.087363
1 2 0.044678 0.517088 0.367350 0.006791 0.064093
1 2 0.017741 0.446913 0.419893 0.016978 0.098476
2 2 0.022153 0.375855 0.440012 0.031732 0.130248
1 2 0.055234 0.482183 0.364729 0.012446 0.085409
1 2 0.080524 0.467148 0.267001 0.009617 0.175710
2 2 0.015285 0.418458 0.432534 0.016873 0.116849
4 2 0.060667 0.286159 0.286766 0.017180 0.349228
1 2 0.075505 0.476517 0.232963 0.007412 0.207603
1 2 0.034908 0.422498 0.251443 0.013241 0.277910
1 2 0.025686 0.387059 0.369281 0.019893 0.198080
1 2 0.018822 0.480741 0.284359 0.005072 0.211007
1 2 0.023858 0.447178 0.297642 0.010177 0.221145
1 2 0.018451 0.472090 0.334022 0.010301 0.165137
1 2 0.055223 0.447309 0.272719 0.013873 0.210876
1 2 0.053741 0.493818 0.297241 0.009068 0.146133
1 2 0.033608 0.505923 0.233072 0.004173 0.223225
1 2 0.022032 0.491190 0.301104 0.007319 0.178355
1 2 0.036336 0.416979 0.236899 0.004659 0.305127
1 2 0.035309 0.413552 0.272881 0.017968 0.260290
1 2 0.034545 0.454219 0.248223 0.008848 0.254165
4 4 0.055396 0.373123 0.147692 0.005028 0.418761
1 4 0.102070 0.451000 0.160269 0.003960 0.282701
4 4 0.167459 0.188437 0.061883 0.004283 0.577937
4 4 0.092730 0.205690 0.060915 0.005766 0.634900
4 4 0.091581 0.319118 0.135651 0.011781 0.441868
1 4 0.037020 0.493308 0.203762 0.003016 0.262895
2 4 0.022009 0.302037 0.336510 0.010355 0.329090
4 4 0.353742 0.076931 0.033849 0.007278 0.528200
4 4 0.248068 0.069053 0.005174 0.000150 0.677555
4 4 0.121602 0.055377 0.005241 0.000188 0.817591
4 4 0.241801 0.059721 0.003922 0.000094 0.694462
4 4 0.138085 0.082102 0.015558 0.000682 0.763574
4 4 0.216497 0.109308 0.009333 0.000178 0.664685
4 4 0.181366 0.042103 0.004510 0.000205 0.771816
4 4 0.122059 0.048787 0.003474 0.000121 0.825560
4 4 0.148636 0.113289 0.011789 0.000306 0.725979
4 4 0.192311 0.053700 0.004354 0.000147 0.749489
4 4 0.129796 0.164159 0.020890 0.000337 0.684818
4 4 0.044582 0.358553 0.071688 0.000527 0.524650
4 4 0.249639 0.168419 0.020907 0.000490 0.560546
4 4 0.189562 0.342557 0.027030 0.000056 0.440796
4 4 0.076431 0.364112 0.035040 0.000078 0.524340
4 4 0.255752 0.046742 0.003768 0.000105 0.693633
4 4 0.179741 0.138007 0.016460 0.000457 0.665336
4 4 0.045485 0.334183 0.039078 0.000131 0.581123
4 4 0.108683 0.350002 0.044530 0.000232 0.496554
4 4 0.095695 0.303058 0.031780 0.000135 0.569331
4 4 0.143429 0.087377 0.011650 0.000801 0.756743
4 4 0.132649 0.146886 0.034609 0.000837 0.685019
1 4 0.207489 0.371009 0.059828 0.000529 0.361144
4 4 0.074186 0.364105 0.064943 0.000589 0.496178
4 4 0.127850 0.388328 0.070398 0.000679 0.412745
4 4 0.208473 0.163059 0.029270 0.001669 0.597529
1 4 0.055366 0.442716 0.118949 0.001481 0.381489
4 4 0.134628 0.257718 0.047991 0.000976 0.558687
4 4 0.075761 0.312403 0.091502 0.001884 0.518450
4 4 0.056908 0.307469 0.069147 0.001355 0.565120
1 4 0.045516 0.438576 0.085476 0.000505 0.429928
4 4 0.155762 0.074101 0.008608 0.000463 0.761066
4 4 0.073144 0.073893 0.022530 0.001435 0.828999
4 4 0.122402 0.164326 0.039969 0.003122 0.670182
4 4 0.184804 0.291693 0.082883 0.004426 0.436194
1 4 0.046771 0.472635 0.137612 0.001572 0.341410
1 4 0.042691 0.451737 0.134228 0.001757 0.369587
1 1 0.070313 0.462872 0.127086 0.001588 0.338141
1 1 0.054331 0.487720 0.129493 0.001181 0.327274
1 1 0.056768 0.466883 0.140439 0.001910 0.334000
2 1 0.018334 0.373709 0.460367 0.008478 0.139112
1 1 0.020907 0.526957 0.306852 0.004686 0.140598
2 2 0.015049 0.405585 0.422224 0.016042 0.141099
1 2 0.015838 0.440299 0.363698 0.006395 0.173769
1 2 0.017495 0.444611 0.395550 0.006594 0.135749
1 0 0.156434 0.424738 0.235235 0.011352 0.172242
1 0 0.026985 0.437231 0.315848 0.005459 0.214478
2 1 0.011384 0.402487 0.442221 0.010414 0.133494
1 1 0.032264 0.488559 0.295429 0.006154 0.177594
1 1 0.016793 0.485135 0.329718 0.008242 0.160111
1 1 0.035493 0.483199 0.313594 0.010207 0.157507
2 2 0.011797 0.390906 0.465414 0.016019 0.115864
2 2 0.022979 0.383430 0.432622 0.020801 0.140168
1 2 0.013548 0.447928 0.406560 0.013409 0.118555
1 2 0.019543 0.421029 0.396659 0.024917 0.137852
1 2 0.017118 0.477456 0.366789 0.007961 0.130676
2 2 0.025044 0.392818 0.458744 0.023406 0.099988
1 2 0.022358 0.447381 0.345242 0.015915 0.169105
1 2 0.047682 0.448153 0.319048 0.016160 0.168957
4 2 0.134126 0.334320 0.165449 0.018948 0.347157
1 2 0.145577 0.468555 0.224464 0.007462 0.153942
1 2 0.045087 0.549094 0.254254 0.003311 0.148253
1 2 0.023653 0.511217 0.303423 0.005932 0.155775
1 2 0.055701 0.504926 0.273916 0.006924 0.158533
1 2 0.038650 0.487698 0.306290 0.009523 0.157841
4 2 0.174742 0.282732 0.168495 0.009758 0.364273
1 2 0.352181 0.380137 0.135084 0.003957 0.128641
1 2 0.045112 0.561051 0.201222 0.001733 0.190882
1 2 0.020738 0.465540 0.353312 0.012626 0.147784
0 0 0.520966 0.202411 0.054240 0.003742 0.218641
1 0 0.025076 0.574370 0.227887 0.001622 0.171044
1 1 0.037163 0.536845 0.260400 0.003829 0.161764
1 1 0.019419 0.542769 0.315052 0.003814 0.118946
1 1 0.040297 0.502702 0.315687 0.008247 0.133066
1 1 0.041441 0.461857 0.199887 0.004958 0.291857
1 1 0.020791 0.522876 0.307503 0.004968 0.143863
1 1 0.068770 0.491536 0.261106 0.007763 0.170825
1 2 0.071963 0.501285 0.282662 0.007879 0.136212
1 2 0.034798 0.475408 0.355846 0.013014 0.120934
2 2 0.022480 0.392201 0.411677 0.035736 0.137906
