0 0 0.939391 0.009864 0.000484 0.000000 0.050260
0 0 0.989885 0.003606 0.001109 0.000213 0.005186
0 0 0.990695 0.004679 0.002430 0.000648 0.001548
0 0 0.989799 0.003294 0.000138 0.000000 0.006768
0 0 0.982498 0.004757 0.000362 0.000001 0.012383
0 0 0.954217 0.007632 0.000292 0.000000 0.037859
0 0 0.896969 0.058912 0.003025 0.000000 0.041094
0 0 0.850729 0.096892 0.006453 0.000000 0.045926
0 0 0.969768 0.003409 0.000223 0.000001 0.026599
0 0 0.914020 0.068693 0.002726 0.000000 0.014560
0 0 0.960880 0.018051 0.000772 0.000000 0.020297
0 0 0.925093 0.000359 0.000036 0.000051 0.074461
0 0 0.817315 0.001769 0.000136 0.000014 0.180766
0 0 0.940194 0.048401 0.001670 0.000000 0.009734
0 0 0.901239 0.068231 0.007431 0.000001 0.023098
0 0 0.699501 0.282484 0.008484 0.000000 0.009531
0 0 0.549131 0.403353 0.028061 0.000000 0.019455
0 0 0.658600 0.300489 0.028295 0.000000 0.012616
0 0 0.872198 0.114234 0.005991 0.000000 0.007577
0 0 0.774760 0.201686 0.010462 0.000000 0.013092
0 0 0.639771 0.212998 0.066192 0.000243 0.080796
0 0 0.811243 0.109842 0.037607 0.000332 0.040975
1 0 0.336113 0.403859 0.144492 0.000311 0.115225
1 0 0.208474 0.503482 0.249399 0.000322 0.038323
0 0 0.499489 0.304636 0.180998 0.000644 0.014234
1 0 0.176401 0.433043 0.378504 0.001286 0.010766
1 1 0.210081 0.474080 0.303899 0.000348 0.011592
0 1 0.404584 0.358588 0.216403 0.000759 0.019666
1 1 0.199252 0.491050 0.275634 0.000498 0.033566
1 1 0.243180 0.496819 0.250928 0.000096 0.008978
1 1 0.219455 0.489323 0.276699 0.000240 0.014282
1 1 0.246460 0.506579 0.235290 0.000083 0.011588
1 1 0.234927 0.498277 0.254679 0.000131 0.011985
1 1 0.216652 0.470446 0.304467 0.000265 0.008170
1 1 0.218387 0.475919 0.296156 0.000250 0.009288
1 1 0.174894 0.417669 0.399408 0.001265 0.006765
1 1 0.198812 0.444890 0.349312 0.000508 0.006477
2 1 0.165548 0.406935 0.418547 0.001832 0.007138
2 1 0.154697 0.391980 0.445261 0.001837 0.006226
1 1 0.172027 0.431526 0.382430 0.001558 0.012459
2 1 0.079507 0.275125 0.638288 0.002739 0.004342
2 1 0.044435 0.201967 0.741056 0.006463 0.006079
2 1 0.092596 0.301429 0.598180 0.002720 0.005075
2 1 0.085801 0.286313 0.621157 0.002485 0.004244
2 2 0.066580 0.247594 0.679047 0.002913 0.003866
2 2 0.048637 0.199110 0.747892 0.002216 0.002145
2 2 0.099423 0.232406 0.658082 0.005076 0.005014
2 2 0.078723 0.274517 0.639282 0.002905 0.004573
2 2 0.027138 0.138196 0.830526 0.002533 0.001607
2 2 0.049786 0.208736 0.734329 0.003552 0.003598
2 2 0.011198 0.079596 0.902138 0.005482 0.001586
2 2 0.040427 0.178045 0.777816 0.001847 0.001864
2 2 0.023420 0.128159 0.842378 0.003970 0.002073
2 2 0.025826 0.110811 0.845184 0.013487 0.004692
2 2 0.026750 0.133817 0.818052 0.014397 0.006984
2 2 0.013802 0.094433 0.879873 0.008833 0.003058
2 2 0.006688 0.058592 0.922029 0.010595 0.002096
2 2 0.003309 0.022459 0.927253 0.044895 0.002085
2 2 0.020437 0.127627 0.835512 0.010202 0.006221
2 2 0.003730 0.027622 0.906645 0.058359 0.003644
2 2 0.001038 0.007730 0.768143 0.220274 0.002815
2 2 0.003164 0.040529 0.866085 0.079987 0.010235
2 2 0.000808 0.006178 0.546312 0.441091 0.005611
2 2 0.001458 0.008533 0.644962 0.340100 0.004946
2 2 0.001054 0.006670 0.609241 0.378494 0.004541
2 2 0.000576 0.006615 0.729230 0.260204 0.003375
2 2 0.002151 0.011050 0.627473 0.352305 0.007021
2 2 0.002517 0.015572 0.669822 0.302473 0.009616
3 2 0.000812 0.003417 0.358000 0.633209 0.004562
2 2 0.003156 0.012231 0.631235 0.346556 0.006821
2 2 0.000738 0.006647 0.620365 0.367390 0.004860
2 2 0.001824 0.011185 0.598124 0.380370 0.008497
2 2 0.008020 0.018509 0.578187 0.383921 0.011362
2 2 0.002304 0.011428 0.516649 0.458613 0.011005
2 3 0.000436 0.004120 0.546068 0.445646 0.003731
3 3 0.000160 0.000655 0.211723 0.786221 0.001242
2 3 0.002211 0.012598 0.573436 0.401166 0.010588
3 3 0.000633 0.002190 0.245521 0.747479 0.004176
3 3 0.000489 0.004287 0.454760 0.535154 0.005310
3 3 0.000213 0.001703 0.341141 0.654310 0.002633
3 3 0.000355 0.001560 0.292890 0.702837 0.002359
3 3 0.000504 0.002887 0.381603 0.611299 0.003707
3 3 0.000072 0.000496 0.225727 0.772722 0.000983
3 3 0.000190 0.001066 0.292708 0.704416 0.001619
3 3 0.000223 0.000945 0.216597 0.780356 0.001879
3 3 0.000296 0.001688 0.326127 0.669470 0.002420
3 3 0.000968 0.003608 0.301000 0.688519 0.005905
3 3 0.000081 0.000645 0.294947 0.703335 0.000991
3 3 0.000514 0.002975 0.441946 0.551540 0.003025
3 3 0.000169 0.001180 0.413854 0.583617 0.001181
3 3 0.000198 0.000891 0.182163 0.814511 0.002237
3 3 0.000113 0.000688 0.211975 0.785716 0.001507
3 3 0.000536 0.002583 0.304467 0.688099 0.004315
3 3 0.000092 0.000741 0.253003 0.744704 0.001460
3 3 0.000184 0.001445 0.302085 0.693723 0.002562
3 3 0.000176 0.001042 0.289366 0.707797 0.001618
3 3 0.000339 0.001770 0.199456 0.793601 0.004834
3 3 0.000235 0.001718 0.326158 0.669156 0.002733
3 3 0.000115 0.000582 0.183523 0.814416 0.001365
3 3 0.000223 0.001411 0.327151 0.669202 0.002012
3 3 0.036112 0.050023 0.267269 0.442794 0.203801
3 3 0.032098 0.027075 0.208758 0.614357 0.117711
3 3 0.026476 0.019317 0.109579 0.676340 0.168289
4 3 0.250372 0.046614 0.051533 0.099108 0.552374
4 3 0.041155 0.228517 0.247769 0.030534 0.452024
4 2 0.094702 0.087287 0.105611 0.089380 0.623021
4 0 0.274722 0.117374 0.088288 0.030839 0.488778
4 0 0.277827 0.009382 0.003397 0.012965 0.696429
4 0 0.300389 0.005363 0.001804 0.012840 0.679604
0 0 0.509775 0.028584 0.008107 0.002193 0.451341
0 0 0.663604 0.017046 0.002916 0.000238 0.316197
4 0 0.231846 0.011973 0.003272 0.002971 0.749937
0 0 0.565401 0.021262 0.004872 0.000935 0.407530
0 1 0.443844 0.165645 0.043813 0.000435 0.346263
4 1 0.113308 0.286441 0.095677 0.000587 0.503987
0 1 0.482385 0.061796 0.016042 0.000895 0.438882
0 0 0.562811 0.015668 0.004149 0.002156 0.415215
4 0 0.332689 0.012708 0.003737 0.004349 0.646517
0 0 0.670891 0.021248 0.005473 0.001325 0.301063
0 0 0.546106 0.005686 0.001256 0.001722 0.445230
4 0 0.093271 0.006016 0.000718 0.000064 0.899930
4 0 0.227514 0.009542 0.001060 0.000053 0.761831
4 0 0.340234 0.014565 0.001592 0.000043 0.643567
0 0 0.537380 0.011498 0.001493 0.000101 0.449529
0 0 0.554419 0.012392 0.000633 0.000001 0.432554
4 0 0.123927 0.006095 0.000751 0.000084 0.869143
0 0 0.558318 0.020536 0.001176 0.000002 0.419969
0 0 0.681208 0.025622 0.001723 0.000002 0.291444
4 0 0.083582 0.003470 0.000595 0.000433 0.911920
4 0 0.225564 0.013916 0.001082 0.000008 0.759431
4 0 0.158731 0.014566 0.001077 0.000006 0.825620
4 0 0.252420 0.022346 0.002146 0.000017 0.723071
4 0 0.212654 0.063560 0.004744 0.000003 0.719039
4 0 0.359255 0.079069 0.005715 0.000002 0.555958
4 1 0.102242 0.286291 0.057318 0.000057 0.554092
4 1 0.100656 0.304324 0.087034 0.000263 0.507723
4 1 0.101166 0.292326 0.067356 0.000105 0.539047
4 1 0.105094 0.300461 0.060830 0.000057 0.533558
4 2 0.084679 0.290104 0.099220 0.000570 0.525428
4 2 0.101159 0.286298 0.059742 0.000069 0.552733
2 2 0.056639 0.232096 0.702315 0.003635 0.005315
2 2 0.039390 0.185563 0.768680 0.002610 0.003757
2 2 0.025752 0.141633 0.821986 0.006727 0.003901
2 2 0.017993 0.103817 0.874687 0.002481 0.001021
2 2 0.045032 0.196776 0.750761 0.003857 0.003574
2 2 0.048673 0.199711 0.747085 0.002299 0.002231
2 2 0.026607 0.140318 0.826274 0.004293 0.002508
2 2 0.062058 0.244164 0.683355 0.004591 0.005831
2 2 0.141877 0.346186 0.499894 0.003179 0.008864
2 2 0.157047 0.409461 0.421098 0.001950 0.010444
2 2 0.127159 0.237879 0.612440 0.011688 0.010834
2 2 0.025249 0.137275 0.829389 0.005173 0.002914
2 2 0.013732 0.095509 0.877002 0.010189 0.003568
2 2 0.081273 0.274920 0.631458 0.004937 0.007411
2 2 0.025756 0.149512 0.801106 0.014592 0.009035
2 2 0.027672 0.147975 0.814095 0.006350 0.003907
2 2 0.061495 0.256442 0.660641 0.008268 0.013154
2 2 0.012112 0.067893 0.906232 0.011483 0.002280
2 2 0.025735 0.145429 0.812925 0.009998 0.005913
2 2 0.013472 0.092054 0.884792 0.007227 0.002454
2 2 0.044665 0.178493 0.726474 0.030088 0.020281
2 2 0.012010 0.093138 0.858402 0.027370 0.009080
2 2 0.002370 0.019344 0.546717 0.409060 0.022509
2 2 0.010071 0.087910 0.822602 0.057921 0.021496
2 2 0.007159 0.066786 0.880163 0.037503 0.008389
2 2 0.015911 0.110194 0.846452 0.019476 0.007968
2 2 0.013926 0.098299 0.869403 0.013518 0.004855
2 2 0.007660 0.066535 0.904532 0.017363 0.003910
2 2 0.019561 0.127477 0.820463 0.021810 0.010688
2 2 0.039876 0.200549 0.726591 0.017297 0.015687
2 2 0.024662 0.150645 0.796729 0.015002 0.012963
2 2 0.014956 0.105534 0.853098 0.019027 0.007385
2 2 0.008566 0.076326 0.858007 0.045245 0.011856
2 2 0.017316 0.126631 0.715892 0.091351 0.048810
2 2 0.100469 0.149272 0.659704 0.066325 0.024231
2 2 0.117489 0.170075 0.645462 0.046151 0.020824
2 2 0.033440 0.188817 0.690668 0.047017 0.040059
2 0 0.078914 0.191856 0.573667 0.049086 0.106478
2 0 0.093605 0.353746 0.481675 0.008998 0.061976
2 1 0.028784 0.166525 0.759624 0.026562 0.018505
2 1 0.058327 0.251412 0.659091 0.013626 0.017544
2 2 0.056797 0.209414 0.704741 0.015478 0.013571
2 2 0.088753 0.256041 0.632335 0.010432 0.012440
2 2 0.090190 0.250071 0.643745 0.007433 0.008561
2 2 0.317083 0.302664 0.358773 0.007655 0.013825
2 2 0.185812 0.197033 0.560576 0.036012 0.020567
2 2 0.093441 0.224512 0.658423 0.012584 0.011041
2 2 0.085922 0.270819 0.624730 0.007767 0.010762
2 2 0.051212 0.121587 0.779092 0.036946 0.011163
2 0 0.027975 0.076050 0.728348 0.143342 0.024284
2 0 0.089275 0.278899 0.549571 0.015906 0.066348
2 1 0.101089 0.354510 0.458652 0.023800 0.061948
2 1 0.018075 0.113825 0.855487 0.008785 0.003829
2 2 0.079907 0.320486 0.534776 0.013505 0.051326
2 2 0.078253 0.288815 0.614703 0.006863 0.011366
2 2 0.033486 0.165761 0.791640 0.005297 0.003816
2 2 0.046657 0.195881 0.752459 0.002581 0.002422
2 2 0.023029 0.127413 0.843052 0.004290 0.002216
2 2 0.012275 0.085803 0.893331 0.006540 0.002051
2 2 0.038205 0.184278 0.764596 0.007088 0.005833
2 2 0.013075 0.089133 0.883910 0.010560 0.003322
2 2 0.002996 0.035935 0.930731 0.027301 0.003037
2 2 0.000714 0.013730 0.937520 0.046245 0.001791
2 2 0.021741 0.133806 0.820879 0.015463 0.008111
2 2 0.004714 0.034575 0.905042 0.051382 0.004287
2 2 0.004371 0.026357 0.836820 0.125678 0.006774
2 2 0.016898 0.060492 0.829386 0.082489 0.010734
2 2 0.016747 0.079324 0.847177 0.046828 0.009924
2 2 0.006159 0.022487 0.671259 0.288332 0.011764
2 2 0.020872 0.065288 0.804738 0.095886 0.013215
2 2 0.004260 0.032940 0.874907 0.081386 0.006508
2 2 0.010820 0.025501 0.813110 0.145350 0.005219
2 2 0.017565 0.113223 0.824082 0.032158 0.012972
2 2 0.005489 0.056894 0.873419 0.054096 0.010102
2 2 0.003548 0.022868 0.839333 0.128253 0.005997
2 2 0.002010 0.028155 0.920692 0.045308 0.003835
2 2 0.001493 0.011996 0.622761 0.354109 0.009641
2 2 0.003018 0.030038 0.898836 0.063126 0.004981
2 2 0.003715 0.034954 0.817940 0.130928 0.012462
2 2 0.005162 0.054857 0.869411 0.059826 0.010744
2 2 0.036225 0.059671 0.469362 0.348505 0.086238
0 2 0.447567 0.099531 0.048151 0.010486 0.394264
4 2 0.253742 0.133341 0.096335 0.032405 0.484177
2 2 0.086413 0.230693 0.522643 0.032769 0.127481
1 2 0.185440 0.314858 0.257077 0.007681 0.234944
0 0 0.644793 0.167457 0.055440 0.000601 0.131708
0 0 0.859384 0.032748 0.008150 0.000364 0.099355
0 0 0.901082 0.008723 0.001597 0.000169 0.088430
0 0 0.864930 0.011910 0.001562 0.000041 0.121557
0 0 0.869754 0.020217 0.003067 0.000053 0.106909
0 0 0.802512 0.013726 0.002668 0.000315 0.180780
0 0 0.920139 0.019221 0.003187 0.000046 0.057407
0 0 0.839178 0.030338 0.010140 0.001723 0.118622
0 0 0.945373 0.008494 0.001269 0.000036 0.044827
0 0 0.816508 0.032954 0.006581 0.000180 0.143777
0 0 0.896061 0.011274 0.001468 0.000032 0.091165
0 0 0.828737 0.018367 0.004231 0.000501 0.148164
0 0 0.893010 0.006289 0.001056 0.000151 0.099493
0 0 0.751815 0.003930 0.000701 0.000541 0.243013
0 0 0.807283 0.022944 0.004817 0.000315 0.164640
4 0 0.218806 0.021653 0.002287 0.000026 0.757228
4 0 0.383304 0.013866 0.000970 0.000006 0.601855
4 0 0.407058 0.028721 0.003147 0.000029 0.561046
4 0 0.141646 0.078233 0.006765 0.000004 0.773353
4 0 0.146407 0.008938 0.000805 0.000018 0.843832
0 0 0.508280 0.020896 0.002210 0.000028 0.468586
4 0 0.216210 0.023083 0.003989 0.000242 0.756476
4 0 0.127120 0.007400 0.000669 0.000019 0.864793
4 0 0.156194 0.009351 0.001087 0.000057 0.833311
4 0 0.446167 0.028929 0.001868 0.000003 0.523033
4 0 0.177421 0.023412 0.001576 0.000003 0.797587
4 0 0.380637 0.033855 0.002233 0.000003 0.583271
4 0 0.346219 0.020209 0.001655 0.000009 0.631908
4 0 0.452952 0.020027 0.001523 0.000007 0.525491
4 0 0.205077 0.015224 0.001717 0.000042 0.777941
4 0 0.345106 0.019398 0.001397 0.000005 0.634094
4 0 0.203339 0.047574 0.003924 0.000005 0.745158
4 0 0.394614 0.021833 0.001596 0.000005 0.581951
4 0 0.423513 0.034935 0.002382 0.000003 0.539168
4 0 0.349272 0.026268 0.002530 0.000017 0.621913
0 0 0.658334 0.017204 0.001535 0.000012 0.322916
0 0 0.815724 0.011253 0.000985 0.000009 0.172030
0 0 0.654734 0.015383 0.001565 0.000023 0.328295
0 0 0.665171 0.010983 0.001233 0.000044 0.322569
0 0 0.606328 0.009944 0.000808 0.000012 0.382909
0 0 0.828253 0.007832 0.000583 0.000005 0.163328
0 0 0.592282 0.024513 0.002157 0.000010 0.381038
4 0 0.303741 0.008064 0.000895 0.000063 0.687237
4 0 0.267291 0.010433 0.001068 0.000037 0.721171
0 0 0.560288 0.035932 0.002480 0.000003 0.401297
0 0 0.570072 0.014637 0.000939 0.000003 0.414348
0 0 0.576908 0.031885 0.002672 0.000007 0.388528
0 0 0.522632 0.067289 0.005092 0.000003 0.404983
0 0 0.602652 0.046377 0.002554 0.000001 0.348416
0 0 0.595809 0.049018 0.003666 0.000003 0.351505
0 0 0.543454 0.037653 0.004206 0.000025 0.414662
0 0 0.698229 0.037474 0.003532 0.000009 0.260756
0 0 0.858518 0.017871 0.001060 0.000001 0.122551
0 0 0.601957 0.020693 0.002504 0.000047 0.374798
4 0 0.387351 0.004118 0.000431 0.000071 0.608029
0 0 0.376064 0.362055 0.119710 0.000301 0.141870
0 0 0.704151 0.166429 0.062701 0.000595 0.066125
0 0 0.589198 0.217006 0.051853 0.000117 0.141826
1 1 0.346372 0.391060 0.091359 0.000066 0.171143
1 1 0.200222 0.505333 0.220908 0.000328 0.073209
1 1 0.180662 0.484194 0.262190 0.000837 0.072116
1 1 0.226064 0.493634 0.266734 0.000185 0.013383
1 1 0.215549 0.479567 0.293021 0.000281 0.011583
1 1 0.196408 0.490813 0.274154 0.000545 0.038080
1 1 0.302152 0.453653 0.166593 0.000210 0.077392
1 1 0.197846 0.455886 0.335969 0.000553 0.009747
1 1 0.201790 0.484832 0.289515 0.000475 0.023387
1 1 0.195376 0.495767 0.256646 0.000510 0.051701
1 1 0.162229 0.457260 0.319218 0.002167 0.059126
1 1 0.204597 0.484602 0.289669 0.000428 0.020705
1 1 0.227986 0.445336 0.315983 0.000533 0.010163
1 1 0.177814 0.419342 0.395419 0.001117 0.006309
1 1 0.216901 0.511379 0.233295 0.000222 0.038203
1 1 0.207673 0.512350 0.205384 0.000226 0.074367
1 1 0.194451 0.493205 0.264325 0.000552 0.047467
1 1 0.132057 0.412621 0.403400 0.004549 0.047373
2 1 0.115310 0.387394 0.426434 0.009299 0.061563
1 1 0.151311 0.450884 0.329805 0.001704 0.066297
1 1 0.134299 0.416075 0.415772 0.001824 0.032031
2 1 0.128056 0.406149 0.429408 0.002513 0.033874
2 1 0.142419 0.397623 0.437875 0.005104 0.016979
1 1 0.144071 0.432670 0.349942 0.004742 0.068575
1 1 0.182053 0.482778 0.287971 0.000638 0.046560
2 1 0.082726 0.324392 0.550506 0.007112 0.035264
2 4 0.125171 0.396394 0.418980 0.009607 0.049848
1 4 0.145324 0.426151 0.378588 0.004943 0.044994
1 4 0.137408 0.422114 0.381914 0.004407 0.054157
1 4 0.142832 0.421212 0.387179 0.005547 0.043231
2 4 0.130269 0.394483 0.448535 0.003792 0.022921
1 4 0.170919 0.471802 0.285778 0.001344 0.070156
2 4 0.124274 0.370099 0.486458 0.005082 0.014087
2 4 0.155324 0.404925 0.427015 0.002440 0.010296
1 4 0.171871 0.447782 0.356196 0.001637 0.022513
2 4 0.113428 0.353303 0.514387 0.005417 0.013465
2 4 0.085926 0.305595 0.588792 0.006942 0.012745
2 4 0.137735 0.367191 0.488405 0.001715 0.004955
2 4 0.097185 0.292979 0.606607 0.001127 0.002102
2 4 0.086650 0.294088 0.609767 0.003438 0.006057
2 4 0.189858 0.398742 0.409208 0.000435 0.001758
1 4 0.195636 0.405467 0.396527 0.000453 0.001917
2 4 0.110364 0.312554 0.574321 0.000816 0.001945
1 2 0.190370 0.405814 0.400871 0.000573 0.002373
2 2 0.130564 0.338716 0.528041 0.000754 0.001925
1 2 0.193936 0.405592 0.397931 0.000488 0.002053
2 2 0.065502 0.232116 0.699452 0.001301 0.001629
2 2 0.195607 0.389592 0.410951 0.000840 0.003010
2 2 0.160144 0.365967 0.472045 0.000440 0.001403
2 2 0.107391 0.311435 0.577579 0.001164 0.002430
2 2 0.071431 0.244643 0.680932 0.001268 0.001726
2 2 0.157319 0.378087 0.460888 0.000868 0.002838
2 2 0.045681 0.185268 0.766386 0.001406 0.001259
2 2 0.040590 0.178660 0.776142 0.002524 0.002084
2 2 0.057532 0.221500 0.716309 0.002184 0.002475
2 2 0.057300 0.205116 0.734566 0.001506 0.001513
2 2 0.044080 0.188748 0.762315 0.002569 0.002288
2 2 0.035330 0.169945 0.786745 0.004560 0.003420
2 2 0.005302 0.048295 0.938722 0.006610 0.001071
2 2 0.007654 0.062851 0.920122 0.007702 0.001671
2 2 0.024036 0.132872 0.835096 0.005192 0.002805
2 2 0.011410 0.087810 0.876058 0.018858 0.005864
2 2 0.004577 0.045404 0.936744 0.011565 0.001710
2 2 0.005894 0.053223 0.929918 0.009307 0.001659
2 2 0.018551 0.114824 0.855463 0.007737 0.003425
2 2 0.010616 0.080265 0.895811 0.010358 0.002950
2 2 0.018837 0.115795 0.854465 0.007532 0.003372
2 2 0.009577 0.076009 0.897935 0.013026 0.003453
2 2 0.003552 0.039576 0.934469 0.019919 0.002483
2 2 0.003975 0.042915 0.929315 0.020941 0.002854
2 2 0.006339 0.056580 0.924120 0.010892 0.002068
2 2 0.012331 0.052668 0.891459 0.038990 0.004553
2 2 0.004265 0.043925 0.935288 0.014476 0.002046
2 2 0.005678 0.051966 0.909970 0.027903 0.004482
2 2 0.007015 0.061455 0.915672 0.013136 0.002723
2 2 0.007505 0.035317 0.895964 0.057161 0.004053
2 2 0.005360 0.037192 0.905228 0.047917 0.004303
2 2 0.003750 0.020069 0.784898 0.184442 0.006841
2 2 0.003684 0.021102 0.784523 0.183246 0.007444
2 2 0.010041 0.049350 0.862689 0.070053 0.007867
2 2 0.000984 0.004134 0.518552 0.473294 0.003035
2 2 0.010257 0.040511 0.830076 0.110350 0.008806
2 2 0.003527 0.013118 0.669320 0.307691 0.006343
2 2 0.003245 0.020625 0.787802 0.180815 0.007513
2 3 0.000768 0.004872 0.647996 0.343793 0.002571
2 3 0.001702 0.011210 0.675749 0.304721 0.006618
2 3 0.000892 0.006485 0.738814 0.251181 0.002629
2 3 0.000709 0.006624 0.777062 0.213157 0.002447
3 3 0.000726 0.002428 0.373157 0.621126 0.002563
2 3 0.003578 0.016218 0.746755 0.227351 0.006099
2 3 0.002123 0.012325 0.663444 0.314747 0.007361
2 3 0.000853 0.006034 0.578268 0.410144 0.004702
2 3 0.000465 0.002648 0.532297 0.462735 0.001856
2 3 0.001087 0.006383 0.590389 0.397762 0.004378
2 3 0.001627 0.008494 0.552542 0.430369 0.006969
2 3 0.003389 0.015494 0.612353 0.357974 0.010790
2 3 0.001138 0.006245 0.559844 0.428046 0.004727
3 3 0.000513 0.002635 0.367974 0.625519 0.003360
3 3 0.001044 0.007157 0.482756 0.500961 0.008083
3 3 0.000631 0.004454 0.381194 0.606832 0.006889
3 3 0.000255 0.001859 0.378853 0.616618 0.002415
3 3 0.000303 0.002739 0.372662 0.619940 0.004356
3 3 0.000281 0.001420 0.274699 0.721147 0.002452
3 3 0.000507 0.002070 0.326063 0.668581 0.002779
3 3 0.000081 0.000532 0.270814 0.727748 0.000825
3 3 0.000130 0.001011 0.376116 0.621557 0.001185
3 3 0.000088 0.000791 0.284169 0.713546 0.001406
3 3 0.000383 0.002189 0.281362 0.711875 0.004191
3 3 0.000271 0.001411 0.270148 0.725713 0.002458
3 3 0.000099 0.000695 0.280394 0.717705 0.001107
3 3 0.000153 0.001299 0.317392 0.679020 0.002136
3 3 0.000113 0.000801 0.212056 0.785128 0.001902
3 3 0.000185 0.001361 0.301619 0.694487 0.002349
3 3 0.000370 0.002756 0.296447 0.694797 0.005629
3 3 0.000117 0.001090 0.299020 0.697828 0.001944
3 3 0.000347 0.001984 0.292010 0.702172 0.003487
3 3 0.000240 0.002494 0.475020 0.519550 0.002697
3 3 0.000264 0.001444 0.270296 0.725354 0.002643
3 3 0.000260 0.001523 0.268066 0.727216 0.002935
3 3 0.000103 0.001185 0.416548 0.580744 0.001420
3 3 0.000368 0.003080 0.442963 0.549866 0.003723
3 3 0.000130 0.001073 0.280083 0.716694 0.002019
3 3 0.000186 0.000908 0.220075 0.776966 0.001864
3 3 0.000482 0.003767 0.448387 0.542934 0.004430
2 3 0.003422 0.021802 0.684574 0.277060 0.013142
2 3 0.000278 0.002805 0.504241 0.489893 0.002783
3 3 0.000253 0.001224 0.226330 0.769609 0.002584
3 3 0.000111 0.000665 0.161090 0.836159 0.001974
3 3 0.019314 0.020667 0.368443 0.569201 0.022375
2 3 0.001722 0.026275 0.875763 0.089111 0.007129
2 2 0.005654 0.059647 0.823457 0.092477 0.018765
2 2 0.003046 0.031144 0.915501 0.046402 0.003907
2 2 0.000822 0.014905 0.946764 0.035984 0.001525
2 2 0.004793 0.050408 0.905252 0.034032 0.005516
2 2 0.002108 0.029078 0.920232 0.044664 0.003917
2 2 0.000886 0.015780 0.943100 0.038500 0.001734
2 2 0.000525 0.008422 0.921924 0.067831 0.001298
2 2 0.005251 0.043410 0.865517 0.076750 0.009072
2 2 0.015962 0.114329 0.821134 0.034048 0.014527
2 2 0.008804 0.076764 0.868487 0.036370 0.009575
2 2 0.012073 0.069799 0.865294 0.044281 0.008553
2 2 0.016190 0.116478 0.809905 0.039941 0.017487
2 2 0.027464 0.163993 0.749523 0.035021 0.024000
2 2 0.007476 0.068559 0.880268 0.035508 0.008189
2 2 0.018447 0.128922 0.773135 0.052856 0.026640
2 2 0.008890 0.058956 0.867469 0.055670 0.009015
2 2 0.021111 0.136957 0.779303 0.040812 0.021817
2 2 0.028166 0.166665 0.745921 0.034836 0.024412
2 2 0.009854 0.082089 0.868091 0.031101 0.008865
2 2 0.011256 0.094456 0.787442 0.079232 0.027614
2 2 0.042403 0.160660 0.626699 0.106712 0.063526
2 2 0.048072 0.237663 0.585598 0.056592 0.072074
2 0 0.040712 0.209370 0.691732 0.029513 0.028673
0 0 0.602304 0.105005 0.113815 0.039902 0.138975
0 0 0.653017 0.164431 0.098107 0.004231 0.080213
0 0 0.662104 0.143447 0.092319 0.010185 0.091946
0 0 0.642308 0.121183 0.118615 0.023087 0.094807
0 0 0.755498 0.010056 0.001627 0.000197 0.232622
0 0 0.878854 0.024611 0.004784 0.000128 0.091623
0 0 0.912076 0.011282 0.001570 0.000036 0.075035
0 0 0.863244 0.022393 0.004242 0.000142 0.109979
0 0 0.794917 0.026138 0.003220 0.000026 0.175698
0 0 0.834437 0.018649 0.004783 0.000779 0.141352
0 0 0.783243 0.007813 0.001050 0.000089 0.207805
0 0 0.875062 0.009336 0.001332 0.000065 0.114205
0 0 0.859952 0.010395 0.000827 0.000005 0.128821
0 0 0.837164 0.020785 0.001732 0.000004 0.140315
0 0 0.797566 0.011799 0.001968 0.000177 0.188490
0 0 0.895065 0.008940 0.000741 0.000005 0.095249
4 0 0.423829 0.008178 0.001520 0.000686 0.565787
0 0 0.747311 0.007961 0.000700 0.000014 0.244014
0 0 0.878706 0.014259 0.001362 0.000007 0.105666
0 0 0.899367 0.011385 0.001404 0.000023 0.087821
4 0 0.397721 0.007635 0.001072 0.000195 0.593378
0 0 0.601722 0.064318 0.004904 0.000003 0.329053
0 0 0.889048 0.011726 0.000858 0.000002 0.098365
0 0 0.789711 0.041862 0.003853 0.000005 0.164569
0 0 0.580698 0.081348 0.007971 0.000007 0.329975
0 0 0.797290 0.054732 0.011103 0.000138 0.136736
4 0 0.438776 0.018509 0.002438 0.000087 0.540190
4 0 0.270024 0.053209 0.011770 0.000483 0.664513
0 0 0.441727 0.157010 0.023110 0.000032 0.378120
0 0 0.527840 0.080756 0.009727 0.000021 0.381657
0 0 0.681265 0.038321 0.005929 0.000085 0.274400
0 0 0.661459 0.056994 0.010483 0.000147 0.270917
0 0 0.895929 0.026080 0.003828 0.000028 0.074136
4 0 0.414867 0.023788 0.002573 0.000031 0.558741
4 0 0.380740 0.109211 0.015197 0.000036 0.494817
0 0 0.723941 0.042814 0.003635 0.000004 0.229607
4 0 0.304903 0.252309 0.031039 0.000009 0.411740
4 0 0.302517 0.206357 0.023447 0.000008 0.467670
1 1 0.238284 0.519440 0.100990 0.000016 0.141270
1 1 0.201121 0.502675 0.159225 0.000136 0.136844
1 1 0.238508 0.513854 0.087421 0.000010 0.160207
1 1 0.145509 0.396806 0.101846 0.000121 0.355717
1 1 0.163260 0.412370 0.082083 0.000038 0.342249
4 1 0.114047 0.346670 0.116665 0.000467 0.422151
1 1 0.131276 0.416448 0.402307 0.002884 0.047086
1 1 0.133943 0.422710 0.359304 0.004858 0.079185
1 1 0.139764 0.424919 0.363564 0.005870 0.065882
2 1 0.086370 0.338002 0.501689 0.011709 0.062230
2 1 0.080568 0.328068 0.540389 0.005608 0.045367
1 1 0.167400 0.466517 0.297350 0.001620 0.067113
1 1 0.168375 0.455348 0.338023 0.001849 0.036405
1 4 0.242993 0.396938 0.223413 0.002435 0.134221
1 4 0.194176 0.340113 0.177831 0.003406 0.284474
1 4 0.145765 0.441673 0.270023 0.002574 0.139964
1 4 0.128630 0.422046 0.340984 0.003457 0.104883
1 4 0.079670 0.315160 0.284438 0.015805 0.304927
1 4 0.167309 0.465531 0.301851 0.001667 0.063641
1 4 0.129809 0.420594 0.383618 0.002778 0.063201
2 4 0.095735 0.364048 0.403719 0.010336 0.126161
1 4 0.163551 0.454849 0.331650 0.002174 0.047775
2 4 0.120342 0.401016 0.417859 0.004445 0.056337
1 4 0.162680 0.455538 0.327204 0.002207 0.052371
1 4 0.130128 0.422051 0.343748 0.004026 0.100047
2 4 0.097955 0.364799 0.478855 0.004872 0.053518
2 4 0.063491 0.290867 0.559485 0.014407 0.071749
2 4 0.067167 0.285502 0.610358 0.008762 0.028210
2 4 0.041200 0.215221 0.681671 0.026614 0.035293
2 4 0.072265 0.297740 0.582276 0.012642 0.035077
2 4 0.059400 0.259439 0.651771 0.009594 0.019796
2 4 0.072075 0.297236 0.589979 0.009665 0.031044
2 4 0.040214 0.216445 0.699407 0.012337 0.031597
2 4 0.084202 0.319488 0.569510 0.004846 0.021953
2 4 0.064349 0.259045 0.658863 0.007125 0.010619
2 4 0.054730 0.226751 0.707948 0.004966 0.005605
2 4 0.059980 0.244420 0.680981 0.006485 0.008134
2 4 0.092454 0.318488 0.571679 0.005180 0.012199
2 4 0.054465 0.252340 0.662117 0.008007 0.023070
2 4 0.039170 0.204792 0.721952 0.013741 0.020344
2 4 0.054436 0.251550 0.663373 0.008175 0.022466
2 4 0.065119 0.264179 0.653602 0.005678 0.011422
1 4 0.119307 0.407956 0.406930 0.002466 0.063341
2 4 0.070704 0.283341 0.609467 0.014147 0.022341
2 4 0.142238 0.402811 0.427900 0.005630 0.021422
2 4 0.038034 0.194053 0.736970 0.016591 0.014352
0 0 0.484605 0.293425 0.088446 0.000242 0.133283
0 0 0.726419 0.076018 0.009065 0.000013 0.188485
0 0 0.607952 0.170585 0.028307 0.000034 0.193121
0 0 0.451897 0.336659 0.111112 0.000248 0.100084
1 0 0.228463 0.528024 0.155410 0.000066 0.088036
1 0 0.321604 0.492329 0.093253 0.000012 0.092802
0 0 0.525327 0.164178 0.044181 0.000406 0.265908
4 0 0.238629 0.019442 0.006486 0.005684 0.729759
0 0 0.665341 0.025925 0.006464 0.001022 0.301248
0 1 0.597592 0.104869 0.015303 0.000035 0.282201
1 1 0.243328 0.535349 0.128674 0.000028 0.092622
1 1 0.177820 0.476546 0.172464 0.000302 0.172869
1 1 0.125773 0.409418 0.297161 0.006237 0.161410
1 1 0.120745 0.400533 0.325199 0.009284 0.144240
0 0 0.677060 0.084952 0.013492 0.000051 0.224446
0 0 0.497446 0.216610 0.023390 0.000005 0.262549
0 0 0.743693 0.089937 0.029481 0.000916 0.135973
0 0 0.765395 0.066925 0.011588 0.000066 0.156025
0 1 0.431503 0.389701 0.070991 0.000015 0.107790
1 1 0.265196 0.547424 0.133111 0.000018 0.054250
2 1 0.048737 0.220460 0.715268 0.006480 0.009055
2 1 0.032712 0.176421 0.769921 0.010229 0.010717
2 1 0.024275 0.148644 0.811137 0.006680 0.009264
2 2 0.015143 0.099790 0.874934 0.007376 0.002757
2 2 0.010691 0.084876 0.892560 0.007431 0.004443
2 2 0.014815 0.106127 0.870056 0.004128 0.004874
2 2 0.003084 0.034093 0.954571 0.007305 0.000946
2 2 0.005075 0.050551 0.938709 0.003825 0.001841
2 2 0.002793 0.033439 0.957114 0.005364 0.001289
2 2 0.012779 0.091736 0.889276 0.003608 0.002601
2 2 0.007591 0.066764 0.918484 0.004471 0.002690
2 2 0.019636 0.134224 0.830329 0.005136 0.010676
2 2 0.004350 0.042866 0.943159 0.008442 0.001184
2 2 0.010544 0.086274 0.890747 0.006875 0.005560
2 2 0.007166 0.063485 0.925600 0.001973 0.001776
2 2 0.015523 0.113017 0.860521 0.004005 0.006933
2 2 0.005243 0.047605 0.940159 0.006028 0.000964
2 2 0.011421 0.084405 0.897311 0.004484 0.002378
2 2 0.006639 0.060831 0.923424 0.006413 0.002694
2 2 0.011429 0.078225 0.905789 0.003535 0.001022
2 2 0.008934 0.072733 0.901212 0.013681 0.003440
2 2 0.008949 0.075857 0.906360 0.005109 0.003725
2 2 0.002138 0.026743 0.960355 0.009881 0.000885
2 2 0.001685 0.022606 0.964224 0.010746 0.000739
2 2 0.004733 0.047261 0.930999 0.014746 0.002261
2 2 0.008907 0.073047 0.908419 0.006753 0.002873
2 2 0.004788 0.046037 0.938731 0.009070 0.001374
2 2 0.002970 0.033121 0.957000 0.006068 0.000841
2 2 0.002662 0.032219 0.945067 0.018236 0.001815
2 2 0.013233 0.097260 0.874560 0.009661 0.005286
2 2 0.002273 0.029288 0.943964 0.022473 0.002003
2 2 0.013136 0.096323 0.866263 0.018012 0.006265
2 2 0.020657 0.134177 0.806491 0.024830 0.013845
2 2 0.002424 0.029682 0.952324 0.014262 0.001307
2 2 0.013057 0.095632 0.873812 0.012253 0.005246
2 2 0.014014 0.097161 0.874301 0.010705 0.003820
2 2 0.010803 0.082667 0.889256 0.013367 0.003907
2 2 0.014758 0.098673 0.875546 0.008061 0.002961
2 2 0.006246 0.058664 0.909564 0.021381 0.004146
2 2 0.013326 0.094832 0.875227 0.012354 0.004261
2 2 0.005497 0.046579 0.903385 0.039334 0.005205
2 2 0.004735 0.048418 0.922621 0.020955 0.003270
2 2 0.005227 0.053448 0.902097 0.033435 0.005792
2 2 0.097035 0.355301 0.458397 0.016569 0.072697
2 2 0.073277 0.302803 0.564689 0.015196 0.044035
2 2 0.019712 0.134155 0.805705 0.022556 0.017872
2 2 0.034938 0.181984 0.757472 0.014291 0.011315
2 2 0.013115 0.095254 0.870809 0.015487 0.005335
2 2 0.024623 0.141146 0.818673 0.009915 0.005643
2 2 0.014271 0.103216 0.862858 0.012876 0.006779
2 2 0.015100 0.108278 0.863260 0.007007 0.006355
2 2 0.002745 0.033445 0.944904 0.016791 0.002115
2 2 0.002926 0.034476 0.941763 0.018818 0.002016
2 2 0.005982 0.055037 0.924349 0.012303 0.002328
2 2 0.013147 0.094776 0.881711 0.006646 0.003719
2 2 0.004440 0.045472 0.931762 0.015984 0.002342
2 2 0.004313 0.046192 0.919749 0.025831 0.003915
2 2 0.021626 0.135051 0.818233 0.015778 0.009312
2 2 0.008292 0.071262 0.893708 0.021519 0.005220
2 2 0.002909 0.034822 0.936597 0.023174 0.002498
2 2 0.019777 0.131581 0.799391 0.032615 0.016635
2 2 0.006378 0.061025 0.894868 0.031397 0.006332
2 2 0.019566 0.134159 0.780454 0.041099 0.024722
2 2 0.009766 0.082978 0.876159 0.022004 0.009093
2 2 0.013108 0.101679 0.824550 0.044271 0.016393
2 2 0.019532 0.130705 0.799258 0.033539 0.016965
2 2 0.013271 0.102008 0.829222 0.040478 0.015021
2 2 0.027553 0.163619 0.767758 0.022391 0.018679
2 2 0.011207 0.094235 0.852969 0.026056 0.015534
2 2 0.019730 0.135831 0.794215 0.027883 0.022340
2 2 0.010629 0.091797 0.845066 0.034001 0.018507
2 2 0.014857 0.110530 0.812850 0.043781 0.017982
2 2 0.018142 0.129292 0.771788 0.050706 0.030072
2 2 0.007183 0.066051 0.879617 0.038686 0.008464
0 2 0.428562 0.196671 0.103349 0.007115 0.264303
0 0 0.677096 0.044676 0.017481 0.005214 0.255533
0 0 0.676931 0.074368 0.033669 0.006382 0.208649
1 0 0.256050 0.374205 0.198569 0.002466 0.168710
2 1 0.088037 0.331912 0.495179 0.024386 0.060487
2 1 0.059213 0.264903 0.596925 0.032345 0.046614
2 1 0.027926 0.157788 0.789168 0.015215 0.009902
2 1 0.008133 0.068900 0.903364 0.015873 0.003731
2 1 0.008381 0.073691 0.906789 0.006620 0.004518
2 2 0.002280 0.027557 0.961930 0.007500 0.000732
2 2 0.005771 0.053536 0.934707 0.004423 0.001563
2 2 0.003930 0.041346 0.939241 0.013673 0.001810
2 2 0.004044 0.039882 0.949036 0.006222 0.000816
2 2 0.003514 0.038757 0.942710 0.013161 0.001858
2 2 0.004716 0.046151 0.936604 0.010886 0.001643
2 2 0.004509 0.043561 0.943391 0.007467 0.001072
2 2 0.009998 0.076412 0.904265 0.007054 0.002271
2 2 0.008458 0.069395 0.912506 0.007236 0.002405
2 2 0.012292 0.093532 0.874637 0.013309 0.006231
0 2 0.340393 0.312433 0.161529 0.003099 0.182546
2 2 0.056955 0.247076 0.666623 0.013030 0.016317
2 2 0.024786 0.147280 0.799664 0.017754 0.010516
2 2 0.022996 0.134637 0.827512 0.009671 0.005184
2 2 0.009326 0.074184 0.904159 0.009486 0.002845
2 2 0.008873 0.070190 0.912782 0.006236 0.001919
2 2 0.013566 0.094801 0.881221 0.007240 0.003172
2 2 0.001746 0.023482 0.960890 0.012960 0.000922
2 2 0.013276 0.095423 0.872377 0.014057 0.004866
2 2 0.002605 0.031852 0.944452 0.019206 0.001885
2 2 0.024900 0.148702 0.794888 0.019707 0.011803
2 2 0.006711 0.060782 0.911554 0.017418 0.003535
2 2 0.008889 0.070820 0.908084 0.009793 0.002415
2 2 0.007939 0.067052 0.908328 0.013575 0.003107
2 2 0.010046 0.081342 0.880425 0.021968 0.006220
2 2 0.008340 0.069263 0.905898 0.013330 0.003169
2 1 0.023485 0.149993 0.783209 0.023207 0.020105
0 2 0.382046 0.289404 0.207868 0.009805 0.110877
2 1 0.086917 0.319997 0.550543 0.014223 0.028320
2 1 0.021958 0.138067 0.804770 0.022820 0.012384
2 1 0.020098 0.126575 0.831358 0.014750 0.007218
2 2 0.014013 0.091918 0.887551 0.004847 0.001671
2 2 0.049115 0.215803 0.721511 0.006669 0.006903
2 2 0.007182 0.062822 0.912674 0.014293 0.003030
2 2 0.001959 0.025350 0.959378 0.012355 0.000957
2 2 0.016326 0.106642 0.864094 0.009232 0.003707
2 2 0.008355 0.068549 0.909156 0.011277 0.002664
2 2 0.009554 0.069534 0.916186 0.003777 0.000949
2 2 0.009175 0.069120 0.915328 0.005117 0.001260
2 2 0.012892 0.087735 0.891976 0.005586 0.001811
2 2 0.007444 0.065165 0.906588 0.017052 0.003751
2 2 0.006866 0.059618 0.920902 0.010495 0.002118
2 2 0.009396 0.076092 0.894285 0.016005 0.004221
2 2 0.013782 0.095611 0.877115 0.009988 0.003505
2 2 0.005317 0.049390 0.935034 0.008813 0.001447
2 2 0.017510 0.113842 0.851409 0.012045 0.005194
2 2 0.004304 0.043945 0.936562 0.013301 0.001887
2 2 0.002500 0.031418 0.939883 0.023902 0.002298
2 2 0.015332 0.101061 0.872797 0.007841 0.002968
2 2 0.010545 0.082667 0.884793 0.017048 0.004948
2 2 0.011561 0.084089 0.892924 0.008771 0.002654
2 2 0.003754 0.039674 0.943154 0.011906 0.001513
2 2 0.007667 0.064697 0.913671 0.011438 0.002527
2 2 0.006142 0.053629 0.932019 0.006947 0.001263
2 2 0.008758 0.069991 0.909351 0.009570 0.002330
2 2 0.006883 0.063026 0.902167 0.023074 0.004850
2 2 0.009404 0.074702 0.900610 0.012126 0.003157
2 2 0.044455 0.201425 0.742141 0.006179 0.005800
2 2 0.021349 0.141732 0.756693 0.051082 0.029145
2 2 0.031812 0.178132 0.741201 0.027670 0.021185
2 2 0.046622 0.222031 0.697000 0.016189 0.018159
2 2 0.030458 0.171520 0.757627 0.023413 0.016982
2 2 0.040724 0.197273 0.741799 0.010668 0.009536
2 2 0.014057 0.101006 0.859668 0.018469 0.006800
2 2 0.014285 0.101097 0.862858 0.015885 0.005876
2 2 0.016925 0.110008 0.858646 0.010186 0.004234
2 2 0.026146 0.148842 0.805576 0.012103 0.007334
2 2 0.044919 0.211139 0.721038 0.011539 0.011365
2 2 0.011436 0.085112 0.888306 0.011616 0.003530
2 2 0.028321 0.156830 0.795048 0.012005 0.007796
2 2 0.012424 0.093026 0.869455 0.018822 0.006272
2 2 0.013695 0.098243 0.866536 0.015860 0.005667
2 2 0.023216 0.140467 0.810336 0.016682 0.009300
2 2 0.018713 0.124106 0.823582 0.022803 0.010796
0 0 0.337018 0.306063 0.291112 0.007918 0.057889
0 0 0.492667 0.215556 0.195137 0.010670 0.085970
0 0 0.714423 0.117926 0.063095 0.005441 0.099115
4 1 0.124111 0.033012 0.012004 0.004733 0.826140
2 1 0.131220 0.406569 0.411160 0.006369 0.044682
2 1 0.097683 0.347704 0.500811 0.013222 0.040579
2 1 0.022476 0.137411 0.814569 0.016566 0.008978
2 1 0.040941 0.208631 0.717739 0.013722 0.018967
2 2 0.007762 0.067319 0.902763 0.018041 0.004114
2 2 0.011351 0.087291 0.882515 0.013771 0.005073
2 2 0.015743 0.107961 0.859947 0.010805 0.005544
2 2 0.006897 0.062857 0.904002 0.021693 0.004551
2 2 0.011242 0.084365 0.888652 0.012105 0.003635
2 2 0.028924 0.161933 0.797557 0.004649 0.006937
2 2 0.011243 0.087777 0.888165 0.008086 0.004729
2 2 0.020948 0.128862 0.831064 0.012728 0.006397
2 2 0.005594 0.053004 0.924184 0.014659 0.002559
2 2 0.010128 0.082806 0.881281 0.019061 0.006725
2 2 0.017957 0.120706 0.828201 0.022740 0.010396
2 2 0.010673 0.082099 0.890098 0.013222 0.003908
2 2 0.012608 0.097552 0.879359 0.004721 0.005759
2 2 0.026861 0.158468 0.776092 0.022993 0.015586
2 2 0.015384 0.116213 0.828440 0.021860 0.018103
2 2 0.062921 0.295515 0.476233 0.016490 0.148842
0 0 0.447007 0.221077 0.099111 0.002856 0.229950
1 0 0.213311 0.420630 0.033642 0.000001 0.332416
1 0 0.256893 0.449157 0.025912 0.000000 0.268037
0 0 0.516284 0.177186 0.017841 0.000004 0.288685
4 0 0.236087 0.030675 0.005203 0.000193 0.727842
0 0 0.482888 0.039097 0.012498 0.003133 0.462385
4 0 0.140925 0.026783 0.005058 0.000281 0.826954
4 0 0.081957 0.009045 0.002072 0.000957 0.905970
4 0 0.194886 0.028301 0.005511 0.000360 0.770943
4 0 0.269791 0.247087 0.040559 0.000036 0.442527
1 1 0.185787 0.475737 0.134463 0.000116 0.203897
1 1 0.125715 0.393454 0.183991 0.001496 0.295344
1 1 0.149947 0.432532 0.167526 0.000560 0.249435
1 1 0.159335 0.446207 0.161939 0.000395 0.232124
1 1 0.187546 0.478257 0.134780 0.000112 0.199305
1 1 0.162112 0.457543 0.189054 0.000592 0.190698
1 1 0.223701 0.523587 0.150602 0.000068 0.102042
1 1 0.154066 0.426504 0.131832 0.000232 0.287366
1 1 0.184630 0.466225 0.116790 0.000076 0.232280
1 1 0.130662 0.407171 0.202150 0.001740 0.258276
1 1 0.127411 0.400130 0.198039 0.001797 0.272623
1 1 0.191977 0.498146 0.224064 0.000427 0.085386
4 1 0.207188 0.103293 0.034006 0.001764 0.653750
0 4 0.412086 0.187646 0.067305 0.001504 0.331459
1 4 0.146023 0.433649 0.198190 0.001054 0.221084
4 4 0.087079 0.067645 0.028994 0.005394 0.810888
4 4 0.097355 0.320566 0.137765 0.001440 0.442874
1 4 0.138414 0.411634 0.164840 0.000727 0.284385
4 4 0.070385 0.251674 0.126935 0.003413 0.547593
1 4 0.114897 0.365496 0.161344 0.001358 0.356906
4 4 0.071301 0.272320 0.123025 0.001931 0.531423
4 4 0.258560 0.219753 0.065741 0.000611 0.455335
1 4 0.147168 0.440608 0.227954 0.001549 0.182720
4 4 0.064135 0.109824 0.045586 0.002845 0.777610
4 4 0.140349 0.053980 0.021215 0.005303 0.779154
4 4 0.081947 0.300184 0.138338 0.001983 0.477548
4 4 0.068853 0.282880 0.150395 0.003665 0.494208
4 4 0.123236 0.152567 0.082401 0.009873 0.631924
4 4 0.074949 0.100971 0.042347 0.003444 0.778289
4 4 0.069582 0.217693 0.145690 0.013632 0.553403
4 4 0.104528 0.354884 0.161729 0.001585 0.377274
4 4 0.094641 0.323959 0.167551 0.003082 0.410767
1 4 0.133742 0.421858 0.265378 0.003560 0.175463
1 4 0.098128 0.364746 0.267934 0.003373 0.265819
1 4 0.095465 0.367094 0.344261 0.005812 0.187367
1 4 0.116270 0.384086 0.227518 0.003933 0.268193
2 4 0.070390 0.311438 0.450420 0.017266 0.150486
2 4 0.129955 0.406034 0.412637 0.005980 0.045393
1 4 0.124300 0.405728 0.276508 0.005391 0.188073
4 4 0.089273 0.170771 0.095407 0.008936 0.635614
1 4 0.106119 0.375326 0.366957 0.015288 0.136310
4 4 0.124557 0.120540 0.056245 0.006296 0.692363
1 4 0.100654 0.349488 0.219738 0.006014 0.324106
1 4 0.146445 0.439458 0.228173 0.001586 0.184338
1 4 0.123398 0.404292 0.280058 0.005753 0.186500
4 4 0.055865 0.261515 0.161301 0.006910 0.514409
1 4 0.147227 0.443795 0.288377 0.002897 0.117704
1 4 0.155596 0.446338 0.339955 0.002995 0.055116
1 4 0.160797 0.459496 0.300899 0.002056 0.076751
1 4 0.135906 0.417715 0.399088 0.003727 0.043564
2 4 0.111453 0.378720 0.438280 0.011628 0.059919
1 4 0.139379 0.428944 0.338164 0.005290 0.088222
1 4 0.166346 0.457023 0.330513 0.001955 0.044163
1 4 0.151276 0.442669 0.338682 0.003483 0.063891
2 4 0.064948 0.284750 0.609446 0.007973 0.032883
1 4 0.132387 0.410266 0.407616 0.005185 0.044547
2 4 0.075388 0.322919 0.516304 0.008824 0.076565
2 4 0.055448 0.262940 0.621455 0.014963 0.045194
2 4 0.118697 0.400180 0.414134 0.004623 0.062366
2 4 0.101297 0.362314 0.488038 0.006384 0.041967
2 4 0.072543 0.300447 0.578440 0.011498 0.037072
2 4 0.076894 0.321790 0.541648 0.006894 0.052773
2 4 0.077739 0.326650 0.518580 0.008265 0.068767
1 4 0.130355 0.417013 0.283260 0.004732 0.164640
1 0 0.207939 0.513035 0.195466 0.000200 0.083361
1 0 0.161187 0.463260 0.257395 0.001436 0.116722
1 0 0.139434 0.429522 0.334236 0.005165 0.091644
1 1 0.130131 0.408393 0.393200 0.008045 0.060230
1 1 0.138477 0.421732 0.382776 0.004796 0.052219
2 1 0.030549 0.169413 0.770989 0.016450 0.012599
2 1 0.022266 0.138691 0.806347 0.021145 0.011551
2 1 0.049690 0.237814 0.679663 0.010272 0.022562
2 1 0.052824 0.245236 0.641501 0.026911 0.033528
2 1 0.051723 0.246412 0.655739 0.014929 0.031196
2 1 0.029687 0.166854 0.770240 0.019552 0.013667
2 1 0.013127 0.099726 0.844627 0.031260 0.011260
2 1 0.046313 0.247545 0.614664 0.014680 0.076798
1 1 0.167908 0.464984 0.306531 0.001675 0.058903
2 1 0.065740 0.289050 0.589781 0.011645 0.043784
2 1 0.043145 0.213287 0.701722 0.020994 0.020852
2 1 0.024434 0.144324 0.807555 0.015003 0.008684
2 2 0.008675 0.072649 0.908601 0.006866 0.003210
2 2 0.008699 0.076719 0.902877 0.006365 0.005340
2 2 0.010553 0.086593 0.892791 0.004922 0.005141
2 2 0.001385 0.020509 0.972576 0.004812 0.000717
2 2 0.005225 0.052326 0.929508 0.009961 0.002980
2 2 0.002116 0.026864 0.964735 0.005475 0.000810
2 2 0.009600 0.083905 0.887755 0.010202 0.008538
2 2 0.009787 0.078533 0.904851 0.004000 0.002829
2 2 0.002411 0.028358 0.960608 0.007917 0.000706
2 2 0.001693 0.021727 0.970246 0.005935 0.000400
2 2 0.004526 0.046129 0.945404 0.002623 0.001317
2 2 0.001186 0.017326 0.973107 0.007966 0.000415
2 2 0.000220 0.005487 0.982751 0.011373 0.000170
2 2 0.003509 0.037623 0.947494 0.010099 0.001275
2 2 0.002534 0.028653 0.962654 0.005644 0.000516
2 2 0.000500 0.009058 0.986142 0.004189 0.000112
2 2 0.006194 0.057980 0.916501 0.015855 0.003470
2 2 0.001164 0.016911 0.974772 0.006805 0.000348
2 2 0.002945 0.031709 0.961635 0.003241 0.000471
2 2 0.000389 0.007776 0.986033 0.005675 0.000127
2 2 0.002711 0.030828 0.960953 0.004838 0.000671
2 2 0.001562 0.021278 0.968903 0.007680 0.000577
2 2 0.005515 0.049259 0.938536 0.005711 0.000978
2 2 0.003571 0.037732 0.947983 0.009556 0.001158
2 2 0.001174 0.017114 0.973930 0.007401 0.000382
2 2 0.014772 0.095587 0.884881 0.003185 0.001575
2 2 0.000275 0.006534 0.978304 0.014626 0.000261
2 2 0.000769 0.013628 0.966009 0.018858 0.000735
2 2 0.002020 0.027522 0.937920 0.030051 0.002487
2 2 0.003807 0.044095 0.893903 0.051067 0.007128
2 2 0.002464 0.032125 0.922530 0.039057 0.003823
2 2 0.000772 0.014347 0.944389 0.038911 0.001581
2 2 0.000743 0.013992 0.943869 0.039821 0.001575
2 3 0.003182 0.038374 0.914051 0.039664 0.004729
2 3 0.003139 0.037680 0.920681 0.034470 0.004030
2 3 0.000734 0.013558 0.956630 0.028003 0.001075
2 3 0.001683 0.024781 0.928281 0.042153 0.003101
2 3 0.002267 0.030319 0.924892 0.038945 0.003577
2 3 0.004318 0.047059 0.907550 0.035718 0.005355
2 3 0.000468 0.010182 0.945799 0.042361 0.001189
2 3 0.000461 0.008571 0.903749 0.085470 0.001750
2 3 0.001210 0.020129 0.915227 0.059911 0.003524
2 3 0.000356 0.005809 0.885384 0.107180 0.001271
2 3 0.000811 0.015166 0.926700 0.054950 0.002373
2 3 0.001891 0.019048 0.864899 0.109288 0.004874
2 3 0.003006 0.033392 0.878340 0.077864 0.007398
2 3 0.002403 0.016210 0.811684 0.164736 0.004966
2 3 0.000675 0.013089 0.936385 0.048094 0.001757
2 3 0.001636 0.019924 0.872433 0.100889 0.005117
2 3 0.000348 0.004819 0.827235 0.166142 0.001456
2 3 0.001419 0.012207 0.896937 0.087388 0.002049
2 3 0.000938 0.007131 0.708071 0.280417 0.003443
2 3 0.001217 0.010508 0.795170 0.189348 0.003757
2 3 0.000928 0.012560 0.859260 0.123585 0.003668
2 3 0.002649 0.016569 0.753178 0.220545 0.007058
2 3 0.000777 0.005868 0.803676 0.188007 0.001673
2 3 0.000473 0.004721 0.671697 0.320348 0.002761
2 3 0.002727 0.014620 0.802998 0.175340 0.004315
2 3 0.001168 0.010781 0.814732 0.169730 0.003588
2 3 0.001334 0.010461 0.840617 0.144941 0.002648
2 3 0.000397 0.009091 0.945203 0.044211 0.001099
2 3 0.001939 0.016574 0.842153 0.134729 0.004605
2 3 0.001119 0.012428 0.801203 0.180405 0.004845
2 3 0.004270 0.018923 0.773470 0.196967 0.006369
2 3 0.002081 0.025154 0.894183 0.073567 0.005015
2 3 0.002046 0.012511 0.757491 0.223174 0.004778
2 3 0.002274 0.014159 0.805236 0.173973 0.004358
2 3 0.001939 0.011940 0.780620 0.201341 0.004161
2 3 0.001087 0.006525 0.617136 0.371055 0.004198
2 3 0.003234 0.018454 0.802360 0.170152 0.005800
2 3 0.002251 0.015445 0.751177 0.224321 0.006806
2 3 0.001346 0.006052 0.540298 0.447782 0.004521
2 3 0.004738 0.015236 0.734657 0.240039 0.005330
2 3 0.002813 0.029719 0.884465 0.076885 0.006117
2 3 0.009692 0.051017 0.845217 0.083895 0.010179
2 3 0.001348 0.006404 0.546498 0.440863 0.004888
2 3 0.002551 0.013851 0.770587 0.208061 0.004950
2 3 0.005046 0.025425 0.817875 0.144531 0.007123
3 3 0.000883 0.004624 0.456486 0.533010 0.004997
2 3 0.001959 0.008301 0.597330 0.387100 0.005310
2 3 0.005988 0.032166 0.792534 0.158470 0.010842
3 3 0.000547 0.002869 0.492324 0.501911 0.002350
3 3 0.000307 0.002275 0.454079 0.540952 0.002387
2 3 0.002374 0.021315 0.789687 0.177742 0.008882
2 3 0.005477 0.026722 0.766681 0.191171 0.009949
2 3 0.001296 0.008382 0.697933 0.288196 0.004192
2 0 0.022313 0.039071 0.675510 0.247733 0.015373
0 0 0.642123 0.112183 0.137026 0.047112 0.061556
0 0 0.523831 0.036010 0.013362 0.006285 0.420512
4 0 0.131857 0.014063 0.004797 0.005933 0.843350
4 0 0.159167 0.018798 0.006383 0.005375 0.810277
4 0 0.279886 0.018990 0.005827 0.004070 0.691227
1 0 0.155189 0.395844 0.077327 0.000037 0.371602
1 1 0.106732 0.365826 0.237474 0.006191 0.283776
1 1 0.112358 0.376698 0.231261 0.004707 0.274976
2 1 0.095576 0.353308 0.357671 0.021774 0.171671
2 1 0.064285 0.292195 0.460063 0.029042 0.154414
1 1 0.148039 0.439817 0.213042 0.001239 0.197863
2 1 0.059391 0.280623 0.541346 0.022585 0.096055
1 1 0.118931 0.396379 0.288749 0.007261 0.188680
1 1 0.116392 0.391714 0.351007 0.012927 0.127960
1 1 0.133826 0.419910 0.243668 0.002786 0.199810
1 1 0.137650 0.428044 0.258848 0.002944 0.172513
1 1 0.123482 0.397677 0.223481 0.002956 0.252403
1 1 0.102187 0.357952 0.251355 0.008663 0.279843
1 1 0.112568 0.378747 0.241556 0.005345 0.261784
1 1 0.126695 0.406939 0.244016 0.003487 0.218862
1 1 0.153260 0.448214 0.213007 0.001071 0.184448
2 1 0.042887 0.218396 0.709135 0.009142 0.020441
2 2 0.051298 0.242425 0.669041 0.012361 0.024875
2 2 0.041002 0.208580 0.727163 0.007982 0.015273
2 2 0.056309 0.257143 0.622759 0.025156 0.038633
2 1 0.069294 0.287086 0.592034 0.017951 0.033637
1 1 0.126863 0.409748 0.407827 0.003812 0.051749
2 1 0.117992 0.385097 0.457675 0.005124 0.034112
2 1 0.064233 0.266034 0.638399 0.012972 0.018361
2 1 0.054215 0.243050 0.665760 0.016676 0.020298
2 1 0.027230 0.157618 0.785278 0.017731 0.012143
2 1 0.008082 0.068395 0.909931 0.010485 0.003107
2 2 0.006224 0.056467 0.928430 0.006935 0.001945
2 2 0.014476 0.103666 0.854526 0.019721 0.007611
2 2 0.003694 0.038239 0.953433 0.003836 0.000798
2 2 0.003084 0.034748 0.952500 0.008468 0.001200
2 2 0.015117 0.109036 0.861523 0.007411 0.006913
2 2 0.005109 0.050040 0.938648 0.004518 0.001685
2 2 0.006148 0.055414 0.926296 0.010166 0.001977
2 2 0.014067 0.099537 0.875660 0.006672 0.004064
2 2 0.027423 0.162731 0.787517 0.009385 0.012944
2 2 0.001935 0.023640 0.968765 0.005268 0.000392
2 2 0.007622 0.065204 0.912941 0.011403 0.002831
2 2 0.007687 0.063441 0.923649 0.003802 0.001420
2 2 0.032626 0.172504 0.776138 0.010195 0.008537
2 2 0.015015 0.105669 0.864709 0.009027 0.005580
2 2 0.006489 0.054167 0.933755 0.004708 0.000881
2 2 0.001122 0.016633 0.974140 0.007720 0.000385
2 2 0.008640 0.070625 0.905258 0.012444 0.003033
2 2 0.008697 0.071911 0.906624 0.009577 0.003191
2 2 0.007636 0.063587 0.920147 0.006802 0.001828
2 2 0.003067 0.033626 0.959350 0.003297 0.000660
2 2 0.008525 0.068055 0.914415 0.007129 0.001876
2 2 0.004875 0.047067 0.936128 0.010327 0.001603
2 2 0.006915 0.062044 0.920968 0.007389 0.002685
2 2 0.001795 0.023059 0.966926 0.007673 0.000546
2 2 0.006726 0.062078 0.921421 0.006683 0.003091
2 2 0.009843 0.078493 0.900608 0.007686 0.003370
2 2 0.004720 0.048409 0.934803 0.009554 0.002514
2 2 0.007657 0.064441 0.920468 0.005517 0.001917
2 2 0.006169 0.056936 0.928475 0.006263 0.002157
2 2 0.005801 0.055582 0.914483 0.020409 0.003725
2 2 0.024705 0.156903 0.795939 0.007199 0.015255
2 2 0.024436 0.155954 0.794948 0.008456 0.016206
2 2 0.023305 0.142588 0.802307 0.020299 0.011502
2 2 0.038901 0.199011 0.724423 0.019865 0.017800
2 2 0.005585 0.052343 0.927485 0.012436 0.002152
2 2 0.013329 0.098924 0.856109 0.023308 0.008332
2 2 0.012746 0.094003 0.870545 0.016968 0.005739
2 2 0.003114 0.035294 0.945846 0.014174 0.001572
2 2 0.010829 0.084726 0.884763 0.014582 0.005100
2 2 0.019069 0.123711 0.830986 0.017805 0.008429
2 2 0.010505 0.083545 0.879106 0.020768 0.006075
2 0 0.118319 0.243271 0.583379 0.027993 0.027038
0 0 0.642922 0.139450 0.071397 0.005329 0.140903
2 1 0.097523 0.347723 0.513106 0.008426 0.033222
2 1 0.061913 0.265077 0.629012 0.018278 0.025719
2 1 0.017972 0.121335 0.824938 0.024493 0.011262
2 1 0.026220 0.151786 0.796290 0.015890 0.009813
2 1 0.025757 0.152676 0.787492 0.021038 0.013038
0 0 0.525416 0.216287 0.112089 0.003935 0.142273
0 0 0.695515 0.110653 0.041910 0.001681 0.150241
0 0 0.589320 0.006288 0.000721 0.000077 0.403595
0 0 0.692379 0.016188 0.001353 0.000009 0.290072
0 0 0.855005 0.048633 0.007778 0.000034 0.088550
0 0 0.730215 0.040141 0.003148 0.000003 0.226492
0 0 0.538000 0.115967 0.008480 0.000002 0.337551
0 0 0.556751 0.088127 0.011392 0.000026 0.343705
0 0 0.401887 0.232194 0.018369 0.000001 0.347549
1 0 0.197723 0.477581 0.104862 0.000040 0.219793
1 1 0.238913 0.498270 0.067635 0.000004 0.195178
1 1 0.169254 0.458949 0.153754 0.000262 0.217782
1 1 0.193368 0.469240 0.100578 0.000038 0.236775
0 0 0.505288 0.110960 0.037760 0.001861 0.344131
0 0 0.671997 0.174825 0.029692 0.000026 0.123460
0 0 0.624989 0.100004 0.012189 0.000015 0.262802
0 0 0.436585 0.325696 0.008370 0.000000 0.229349
0 0 0.481971 0.272393 0.006275 0.000000 0.239361
0 0 0.743426 0.011470 0.002559 0.000829 0.241716
0 0 0.509802 0.010935 0.001908 0.000418 0.476938
0 0 0.563936 0.032711 0.002653 0.000006 0.400694
4 1 0.093433 0.324383 0.179493 0.004057 0.398635
4 1 0.033123 0.173726 0.112841 0.010097 0.670214
4 4 0.062648 0.259723 0.125761 0.002594 0.549274
4 4 0.051882 0.255436 0.173370 0.010287 0.509024
4 4 0.035601 0.194450 0.096828 0.002919 0.670202
4 4 0.093096 0.324413 0.182713 0.004358 0.395419
4 4 0.089476 0.320032 0.185096 0.004899 0.400497
4 4 0.067888 0.280828 0.148558 0.003597 0.499129
4 4 0.144761 0.200002 0.104067 0.006842 0.544328
4 4 0.080871 0.308904 0.191749 0.006664 0.411812
4 4 0.056665 0.103866 0.046471 0.003889 0.789109
4 4 0.069049 0.128251 0.061752 0.005157 0.735792
4 4 0.086567 0.197493 0.081048 0.001957 0.632936
4 4 0.117721 0.125084 0.048479 0.002580 0.706136
4 4 0.085257 0.260836 0.138801 0.004487 0.510618
4 4 0.077626 0.302565 0.180500 0.005737 0.433572
4 4 0.097614 0.334169 0.180799 0.003559 0.383859
4 4 0.053792 0.259617 0.174696 0.009895 0.502000
4 4 0.029145 0.181759 0.109225 0.006387 0.673484
1 4 0.132626 0.429478 0.269002 0.001669 0.167225
4 4 0.099499 0.120406 0.049878 0.003311 0.726906
4 4 0.042175 0.206547 0.124186 0.006965 0.620127
4 4 0.055876 0.111301 0.064083 0.011429 0.757312
2 4 0.060511 0.284844 0.372368 0.015147 0.267130
4 4 0.050049 0.262057 0.263910 0.018692 0.405292
4 4 0.077936 0.308896 0.276221 0.018357 0.318589
4 4 0.087752 0.321192 0.228699 0.011155 0.351201
4 4 0.049611 0.242505 0.133733 0.004386 0.569765
1 4 0.126055 0.408157 0.266125 0.004575 0.195088
1 4 0.141595 0.435416 0.277499 0.003142 0.142348
1 4 0.096883 0.352855 0.257143 0.006433 0.286686
2 4 0.086367 0.335277 0.348998 0.022459 0.206900
1 4 0.084491 0.333081 0.297190 0.009615 0.275624
2 4 0.079683 0.328521 0.366691 0.014865 0.210240
1 4 0.091825 0.347816 0.283488 0.007410 0.269461
1 4 0.098773 0.353972 0.256190 0.007895 0.283170
4 4 0.087652 0.327146 0.231490 0.006599 0.347113
2 4 0.052413 0.263522 0.415373 0.022999 0.245693
2 4 0.063136 0.298903 0.535900 0.008505 0.093555
2 4 0.045444 0.246332 0.567495 0.022313 0.118416
1 4 0.119466 0.392818 0.242471 0.004306 0.240939
1 4 0.087141 0.327534 0.295494 0.025000 0.264831
4 4 0.111757 0.355369 0.135368 0.000758 0.396748
1 4 0.131195 0.408562 0.204012 0.001762 0.254468
1 4 0.122295 0.397794 0.238572 0.003745 0.237594
1 4 0.111383 0.377506 0.250182 0.006189 0.254741
1 4 0.134685 0.385661 0.116403 0.000254 0.362997
1 4 0.137016 0.419054 0.203395 0.001473 0.239063
1 4 0.096616 0.361197 0.328021 0.010157 0.204009
1 4 0.107630 0.362269 0.207442 0.003919 0.318740
4 4 0.062447 0.118027 0.049816 0.002869 0.766840
4 4 0.190966 0.245303 0.085805 0.001037 0.476888
1 4 0.227384 0.377425 0.216257 0.003386 0.175548
1 4 0.122600 0.396556 0.226932 0.003186 0.250726
4 4 0.111801 0.298298 0.115288 0.001047 0.473566
4 4 0.069146 0.107133 0.042023 0.002333 0.779364
1 4 0.127152 0.404310 0.221230 0.002558 0.244750
1 4 0.115194 0.384068 0.241135 0.004871 0.254732
1 4 0.101157 0.359367 0.285045 0.013084 0.241347
1 4 0.106464 0.372875 0.339293 0.017197 0.164171
2 4 0.031517 0.194429 0.692459 0.021827 0.059767
2 4 0.024887 0.163470 0.736681 0.031786 0.043175
2 4 0.024934 0.166678 0.746961 0.019105 0.042321
2 4 0.026207 0.169075 0.727725 0.031620 0.045373
2 4 0.025141 0.168566 0.748590 0.015693 0.042009
2 4 0.022378 0.149763 0.782323 0.020072 0.025464
2 4 0.043715 0.239728 0.642635 0.010641 0.063280
2 4 0.045640 0.235037 0.646787 0.022725 0.049812
2 4 0.055442 0.262941 0.611946 0.018848 0.050822
4 4 0.107445 0.309118 0.264634 0.007107 0.311696
2 4 0.073192 0.313222 0.418609 0.023438 0.171539
2 4 0.047665 0.235526 0.630473 0.037260 0.049076
2 4 0.048935 0.254897 0.574554 0.021338 0.100276
2 4 0.033124 0.205075 0.645031 0.023251 0.093520
2 4 0.026383 0.163246 0.721596 0.051805 0.036969
2 4 0.029233 0.178845 0.736947 0.020753 0.034222
2 4 0.014161 0.111964 0.814333 0.034374 0.025168
2 4 0.015654 0.118755 0.813680 0.028818 0.023093
2 1 0.021797 0.147902 0.782479 0.021021 0.026801
2 1 0.009032 0.077977 0.883759 0.021514 0.007718
2 1 0.101351 0.368131 0.409426 0.014697 0.106395
0 1 0.331973 0.311666 0.141680 0.001954 0.212726
1 1 0.118391 0.409481 0.380204 0.002948 0.088976
1 1 0.121676 0.367552 0.250059 0.007437 0.253275
2 1 0.111044 0.382909 0.396724 0.013442 0.095881
2 1 0.067738 0.295904 0.540763 0.022703 0.072892
2 1 0.065540 0.286643 0.575740 0.019961 0.052116
1 1 0.237318 0.393572 0.216442 0.002416 0.150253
1 1 0.125693 0.409404 0.303719 0.006616 0.154568
4 1 0.223351 0.166662 0.153289 0.019635 0.437063
1 1 0.121629 0.400630 0.354087 0.010888 0.112767
1 1 0.134121 0.420019 0.351443 0.006841 0.087577
1 1 0.115299 0.396982 0.361030 0.007357 0.119331
2 1 0.064006 0.282031 0.575136 0.024173 0.054654
2 1 0.057615 0.266324 0.582169 0.031791 0.062101
2 1 0.065464 0.279962 0.579864 0.028929 0.045781
2 1 0.057297 0.262528 0.582882 0.038347 0.058946
2 1 0.061991 0.281443 0.581752 0.017709 0.057106
2 1 0.103658 0.375888 0.410507 0.009929 0.100018
0 1 0.428311 0.281531 0.139761 0.002552 0.147845
